timestamp,power
1588284000,283
1588284900,229
1588285800,187
1588286700,190
1588287600,155
1588288500,173
1588289400,172
1588290300,171
1588291200,154
1588292100,164
1588293000,182
1588293900,180
1588294800,170
1588295700,153
1588296600,151
1588297500,171
1588298400,157
1588299300,143
1588300200,158
1588301100,158
1588302000,155
1588302900,184
1588303800,146
1588304700,173
1588305600,144
1588306500,171
1588307400,195
1588308300,170
1588309200,170
1588310100,158
1588311000,180
1588311900,174
1588312800,289
1588313700,940
1588314600,740
1588315500,521
1588316400,511
1588317300,744
1588318200,577
1588319100,285
1588320000,244
1588320900,228
1588321800,220
1588322700,222
1588323600,200
1588324500,224
1588325400,190
1588326300,229
1588327200,208
1588328100,589
1588329000,416
1588329900,228
1588330800,243
1588331700,240
1588332600,257
1588333500,237
1588334400,244
1588335300,251
1588336200,230
1588337100,244
1588338000,269
1588338900,249
1588339800,239
1588340700,234
1588341600,227
1588342500,228
1588343400,274
1588344300,292
1588345200,268
1588346100,229
1588347000,246
1588347900,239
1588348800,282
1588349700,284
1588350600,250
1588351500,231
1588352400,208
1588353300,219
1588354200,259
1588355100,220
1588356000,235
1588356900,227
1588357800,353
1588358700,362
1588359600,364
1588360500,376
1588361400,429
1588362300,412
1588363200,406
1588364100,557
1588365000,526
1588365900,272
1588366800,259
1588367700,228
1588368600,221
1588369500,217
1588370400,177
1588371300,150
1588372200,180
1588373100,184
1588374000,162
1588374900,166
1588375800,167
1588376700,156
1588377600,177
1588378500,170
1588379400,169
1588380300,167
1588381200,147
1588382100,188
1588383000,176
1588383900,158
1588384800,153
1588385700,159
1588386600,170
1588387500,150
1588388400,187
1588389300,162
1588390200,158
1588391100,167
1588392000,183
1588392900,176
1588393800,186
1588394700,142
1588395600,159
1588396500,168
1588397400,238
1588398300,159
1588399200,152
1588400100,213
1588401000,177
1588401900,272
1588402800,373
1588403700,411
1588404600,479
1588405500,523
1588406400,518
1588407300,1053
1588408200,781
1588409100,611
1588410000,411
1588410900,433
1588411800,797
1588412700,644
1588413600,449
1588414500,385
1588415400,329
1588416300,302
1588417200,294
1588418100,763
1588419000,344
1588419900,316
1588420800,349
1588421700,376
1588422600,356
1588423500,333
1588424400,322
1588425300,407
1588426200,341
1588427100,297
1588428000,629
1588428900,844
1588429800,323
1588430700,394
1588431600,826
1588432500,396
1588433400,261
1588434300,265
1588435200,251
1588436100,239
1588437000,268
1588437900,264
1588438800,230
1588439700,228
1588440600,241
1588441500,251
1588442400,291
1588443300,280
1588444200,266
1588445100,264
1588446000,248
1588446900,247
1588447800,268
1588448700,230
1588449600,260
1588450500,273
1588451400,264
1588452300,251
1588453200,240
1588454100,223
1588455000,208
1588455900,237
1588456800,200
1588457700,185
1588458600,170
1588459500,163
1588460400,150
1588461300,165
1588462200,146
1588463100,186
1588464000,150
1588464900,158
1588465800,173
1588466700,164
1588467600,176
1588468500,170
1588469400,171
1588470300,154
1588471200,175
1588472100,187
1588473000,171
1588473900,163
1588474800,182
1588475700,164
1588476600,188
1588477500,164
1588478400,170
1588479300,192
1588480200,164
1588481100,166
1588482000,176
1588482900,185
1588483800,175
1588484700,155
1588485600,158
1588486500,260
1588487400,207
1588488300,244
1588489200,272
1588490100,262
1588491000,264
1588491900,491
1588492800,471
1588493700,286
1588494600,295
1588495500,280
1588496400,288
1588497300,291
1588498200,298
1588499100,276
1588500000,293
1588500900,270
1588501800,267
1588502700,449
1588503600,314
1588504500,276
1588505400,266
1588506300,309
1588507200,379
1588508100,306
1588509000,278
1588509900,265
1588510800,288
1588511700,224
1588512600,215
1588513500,195
1588514400,206
1588515300,188
1588516200,222
1588517100,219
1588518000,243
1588518900,231
1588519800,231
1588520700,242
1588521600,274
1588522500,228
1588523400,227
1588524300,233
1588525200,230
1588526100,282
1588527000,302
1588527900,313
1588528800,386
1588529700,415
1588530600,440
1588531500,439
1588532400,464
1588533300,449
1588534200,450
1588535100,381
1588536000,354
1588536900,273
1588537800,266
1588538700,214
1588539600,198
1588540500,183
1588541400,185
1588542300,156
1588543200,162
1588544100,139
1588545000,153
1588545900,152
1588546800,159
1588547700,169
1588548600,158
1588549500,160
1588550400,167
1588551300,150
1588552200,169
1588553100,172
1588554000,171
1588554900,177
1588555800,152
1588556700,187
1588557600,169
1588558500,168
1588559400,165
1588560300,175
1588561200,179
1588562100,171
1588563000,164
1588563900,171
1588564800,190
1588565700,211
1588566600,256
1588567500,238
1588568400,278
1588569300,259
1588570200,285
1588571100,263
1588572000,883
1588572900,544
1588573800,310
1588574700,473
1588575600,317
1588576500,289
1588577400,417
1588578300,313
1588579200,300
1588580100,316
1588581000,595
1588581900,299
1588582800,308
1588583700,401
1588584600,308
1588585500,276
1588586400,290
1588587300,434
1588588200,402
1588589100,352
1588590000,323
1588590900,310
1588591800,311
1588592700,365
1588593600,307
1588594500,360
1588595400,373
1588596300,375
1588597200,357
1588598100,365
1588599000,459
1588599900,478
1588600800,558
1588601700,493
1588602600,368
1588603500,312
1588604400,347
1588605300,354
1588606200,355
1588607100,377
1588608000,379
1588608900,379
1588609800,430
1588610700,432
1588611600,424
1588612500,405
1588613400,470
1588614300,447
1588615200,429
1588616100,420
1588617000,439
1588617900,470
1588618800,440
1588619700,445
1588620600,424
1588621500,443
1588622400,914
1588623300,441
1588624200,291
1588625100,597
1588626000,612
1588626900,159
1588627800,173
1588628700,165
1588629600,161
1588630500,186
1588631400,174
1588632300,179
1588633200,161
1588634100,170
1588635000,182
1588635900,157
1588636800,170
1588637700,175
1588638600,181
1588639500,174
1588640400,159
1588641300,165
1588642200,185
1588643100,152
1588644000,155
1588644900,165
1588645800,162
1588646700,154
1588647600,152
1588648500,167
1588649400,172
1588650300,169
1588651200,221
1588652100,274
1588653000,182
1588653900,244
1588654800,165
1588655700,164
1588656600,193
1588657500,225
1588658400,196
1588659300,190
1588660200,214
1588661100,287
1588662000,248
1588662900,228
1588663800,239
1588664700,219
1588665600,363
1588666500,391
1588667400,312
1588668300,266
1588669200,380
1588670100,382
1588671000,373
1588671900,232
1588672800,326
1588673700,316
1588674600,342
1588675500,197
1588676400,190
1588677300,196
1588678200,214
1588679100,228
1588680000,316
1588680900,288
1588681800,272
1588682700,322
1588683600,411
1588684500,278
1588685400,274
1588686300,263
1588687200,214
1588688100,232
1588689000,219
1588689900,204
1588690800,345
1588691700,357
1588692600,406
1588693500,339
1588694400,380
1588695300,408
1588696200,411
1588697100,417
1588698000,417
1588698900,456
1588699800,433
1588700700,407
1588701600,416
1588702500,494
1588703400,497
1588704300,489
1588705200,479
1588706100,472
1588707000,427
1588707900,412
1588708800,752
1588709700,291
1588710600,271
1588711500,238
1588712400,192
1588713300,215
1588714200,165
1588715100,175
1588716000,155
1588716900,164
1588717800,158
1588718700,158
1588719600,171
1588720500,154
1588721400,159
1588722300,154
1588723200,166
1588724100,167
1588725000,153
1588725900,172
1588726800,162
1588727700,175
1588728600,179
1588729500,163
1588730400,157
1588731300,177
1588732200,186
1588733100,156
1588734000,167
1588734900,178
1588735800,198
1588736700,169
1588737600,208
1588738500,291
1588739400,229
1588740300,304
1588741200,352
1588742100,358
1588743000,338
1588743900,337
1588744800,343
1588745700,670
1588746600,781
1588747500,658
1588748400,530
1588749300,676
1588750200,610
1588751100,400
1588752000,386
1588752900,368
1588753800,336
1588754700,423
1588755600,507
1588756500,356
1588757400,360
1588758300,371
1588759200,533
1588760100,341
1588761000,271
1588761900,262
1588762800,259
1588763700,228
1588764600,204
1588765500,214
1588766400,235
1588767300,216
1588768200,273
1588769100,268
1588770000,256
1588770900,293
1588771800,331
1588772700,285
1588773600,259
1588774500,274
1588775400,321
1588776300,310
1588777200,390
1588778100,618
1588779000,660
1588779900,344
1588780800,335
1588781700,312
1588782600,360
1588783500,380
1588784400,372
1588785300,379
1588786200,401
1588787100,376
1588788000,387
1588788900,333
1588789800,355
1588790700,346
1588791600,412
1588792500,393
1588793400,877
1588794300,571
1588795200,436
1588796100,661
1588797000,847
1588797900,304
1588798800,229
1588799700,238
1588800600,239
1588801500,226
1588802400,178
1588803300,154
1588804200,194
1588805100,180
1588806000,163
1588806900,177
1588807800,179
1588808700,184
1588809600,170
1588810500,166
1588811400,179
1588812300,167
1588813200,168
1588814100,149
1588815000,169
1588815900,151
1588816800,153
1588817700,166
1588818600,150
1588819500,174
1588820400,157
1588821300,165
1588822200,171
1588823100,187
1588824000,185
1588824900,168
1588825800,220
1588826700,248
1588827600,280
1588828500,200
1588829400,173
1588830300,177
1588831200,175
1588832100,172
1588833000,199
1588833900,280
1588834800,366
1588835700,434
1588836600,271
1588837500,253
1588838400,298
1588839300,339
1588840200,307
1588841100,369
1588842000,1227
1588842900,392
1588843800,351
1588844700,317
1588845600,318
1588846500,325
1588847400,533
1588848300,385
1588849200,307
1588850100,278
1588851000,281
1588851900,278
1588852800,320
1588853700,286
1588854600,271
1588855500,273
1588856400,243
1588857300,243
1588858200,225
1588859100,242
1588860000,251
1588860900,249
1588861800,244
1588862700,267
1588863600,223
1588864500,242
1588865400,302
1588866300,316
1588867200,374
1588868100,267
1588869000,264
1588869900,261
1588870800,250
1588871700,240
1588872600,271
1588873500,253
1588874400,253
1588875300,307
1588876200,371
1588877100,366
1588878000,411
1588878900,422
1588879800,428
1588880700,434
1588881600,401
1588882500,398
1588883400,378
1588884300,955
1588885200,976
1588886100,704
1588887000,466
1588887900,790
1588888800,252
1588889700,226
1588890600,181
1588891500,181
1588892400,172
1588893300,170
1588894200,172
1588895100,173
1588896000,156
1588896900,181
1588897800,171
1588898700,184
1588899600,151
1588900500,178
1588901400,174
1588902300,169
1588903200,167
1588904100,170
1588905000,174
1588905900,169
1588906800,166
1588907700,180
1588908600,157
1588909500,168
1588910400,172
1588911300,168
1588912200,217
1588913100,190
1588914000,662
1588914900,755
1588915800,753
1588916700,403
1588917600,197
1588918500,204
1588919400,212
1588920300,273
1588921200,302
1588922100,532
1588923000,379
1588923900,344
1588924800,478
1588925700,493
1588926600,359
1588927500,317
1588928400,240
1588929300,255
1588930200,265
1588931100,261
1588932000,376
1588932900,284
1588933800,297
1588934700,297
1588935600,279
1588936500,277
1588937400,261
1588938300,332
1588939200,288
1588940100,284
1588941000,275
1588941900,284
1588942800,249
1588943700,247
1588944600,189
1588945500,195
1588946400,278
1588947300,351
1588948200,267
1588949100,266
1588950000,276
1588950900,297
1588951800,227
1588952700,240
1588953600,239
1588954500,251
1588955400,223
1588956300,215
1588957200,226
1588958100,593
1588959000,159
1588959900,241
1588960800,217
1588961700,234
1588962600,210
1588963500,216
1588964400,216
1588965300,258
1588966200,235
1588967100,210
1588968000,203
1588968900,203
1588969800,205
1588970700,191
1588971600,181
1588972500,201
1588973400,201
1588974300,202
1588975200,164
1588976100,173
1588977000,157
1588977900,173
1588978800,174
1588979700,173
1588980600,161
1588981500,183
1588982400,190
1588983300,186
1588984200,162
1588985100,181
1588986000,179
1588986900,201
1588987800,161
1588988700,179
1588989600,168
1588990500,175
1588991400,179
1588992300,172
1588993200,171
1588994100,155
1588995000,182
1588995900,166
1588996800,179
1588997700,165
1588998600,178
1588999500,173
1589000400,179
1589001300,166
1589002200,283
1589003100,211
1589004000,229
1589004900,212
1589005800,242
1589006700,195
1589007600,726
1589008500,271
1589009400,266
1589010300,619
1589011200,666
1589012100,243
1589013000,238
1589013900,260
1589014800,236
1589015700,237
1589016600,586
1589017500,422
1589018400,183
1589019300,225
1589020200,291
1589021100,257
1589022000,217
1589022900,189
1589023800,250
1589024700,716
1589025600,309
1589026500,336
1589027400,299
1589028300,393
1589029200,306
1589030100,367
1589031000,296
1589031900,324
1589032800,299
1589033700,298
1589034600,287
1589035500,299
1589036400,301
1589037300,302
1589038200,291
1589039100,505
1589040000,785
1589040900,382
1589041800,265
1589042700,365
1589043600,261
1589044500,255
1589045400,239
1589046300,266
1589047200,299
1589048100,298
1589049000,300
1589049900,327
1589050800,325
1589051700,417
1589052600,350
1589053500,345
1589054400,358
1589055300,365
1589056200,374
1589057100,370
1589058000,265
1589058900,255
1589059800,189
1589060700,213
1589061600,181
1589062500,138
1589063400,153
1589064300,170
1589065200,177
1589066100,174
1589067000,146
1589067900,145
1589068800,141
1589069700,162
1589070600,143
1589071500,148
1589072400,144
1589073300,147
1589074200,166
1589075100,148
1589076000,151
1589076900,144
1589077800,168
1589078700,160
1589079600,181
1589080500,158
1589081400,158
1589082300,170
1589083200,159
1589084100,178
1589085000,175
1589085900,174
1589086800,169
1589087700,132
1589088600,163
1589089500,156
1589090400,173
1589091300,160
1589092200,184
1589093100,171
1589094000,318
1589094900,209
1589095800,166
1589096700,215
1589097600,906
1589098500,763
1589099400,744
1589100300,536
1589101200,893
1589102100,548
1589103000,234
1589103900,206
1589104800,180
1589105700,141
1589106600,183
1589107500,176
1589108400,197
1589109300,212
1589110200,334
1589111100,302
1589112000,756
1589112900,464
1589113800,292
1589114700,349
1589115600,866
1589116500,459
1589117400,296
1589118300,295
1589119200,292
1589120100,318
1589121000,516
1589121900,742
1589122800,335
1589123700,273
1589124600,294
1589125500,307
1589126400,286
1589127300,293
1589128200,282
1589129100,313
1589130000,305
1589130900,290
1589131800,299
1589132700,338
1589133600,373
1589134500,428
1589135400,393
1589136300,379
1589137200,348
1589138100,357
1589139000,349
1589139900,363
1589140800,355
1589141700,271
1589142600,233
1589143500,218
1589144400,134
1589145300,156
1589146200,155
1589147100,148
1589148000,147
1589148900,158
1589149800,150
1589150700,165
1589151600,142
1589152500,176
1589153400,159
1589154300,155
1589155200,152
1589156100,145
1589157000,145
1589157900,153
1589158800,148
1589159700,155
1589160600,147
1589161500,157
1589162400,150
1589163300,178
1589164200,167
1589165100,179
1589166000,146
1589166900,179
1589167800,181
1589168700,159
1589169600,201
1589170500,300
1589171400,242
1589172300,233
1589173200,199
1589174100,302
1589175000,214
1589175900,213
1589176800,247
1589177700,255
1589178600,342
1589179500,279
1589180400,202
1589181300,230
1589182200,244
1589183100,213
1589184000,198
1589184900,195
1589185800,205
1589186700,172
1589187600,173
1589188500,179
1589189400,205
1589190300,216
1589191200,227
1589192100,228
1589193000,269
1589193900,257
1589194800,209
1589195700,341
1589196600,372
1589197500,330
1589198400,292
1589199300,235
1589200200,238
1589201100,189
1589202000,173
1589202900,209
1589203800,258
1589204700,252
1589205600,247
1589206500,262
1589207400,259
1589208300,309
1589209200,331
1589210100,347
1589211000,356
1589211900,379
1589212800,402
1589213700,398
1589214600,358
1589215500,292
1589216400,294
1589217300,300
1589218200,299
1589219100,329
1589220000,359
1589220900,333
1589221800,357
1589222700,328
1589223600,331
1589224500,321
1589225400,291
1589226300,266
1589227200,273
1589228100,252
1589229000,233
1589229900,173
1589230800,162
1589231700,162
1589232600,175
1589233500,167
1589234400,168
1589235300,150
1589236200,170
1589237100,161
1589238000,163
1589238900,147
1589239800,163
1589240700,147
1589241600,160
1589242500,170
1589243400,174
1589244300,169
1589245200,167
1589246100,172
1589247000,172
1589247900,201
1589248800,172
1589249700,162
1589250600,172
1589251500,168
1589252400,169
1589253300,176
1589254200,177
1589255100,177
1589256000,211
1589256900,272
1589257800,208
1589258700,181
1589259600,214
1589260500,219
1589261400,248
1589262300,626
1589263200,713
1589264100,541
1589265000,289
1589265900,390
1589266800,295
1589267700,855
1589268600,1239
1589269500,1038
1589270400,800
1589271300,456
1589272200,248
1589273100,348
1589274000,370
1589274900,259
1589275800,262
1589276700,699
1589277600,323
1589278500,289
1589279400,219
1589280300,251
1589281200,214
1589282100,354
1589283000,308
1589283900,260
1589284800,268
1589285700,253
1589286600,259
1589287500,253
1589288400,253
1589289300,311
1589290200,304
1589291100,292
1589292000,261
1589292900,221
1589293800,230
1589294700,241
1589295600,235
1589296500,249
1589297400,413
1589298300,349
1589299200,398
1589300100,361
1589301000,379
1589301900,366
1589302800,528
1589303700,412
1589304600,351
1589305500,339
1589306400,348
1589307300,322
1589308200,340
1589309100,367
1589310000,380
1589310900,475
1589311800,499
1589312700,474
1589313600,748
1589314500,701
1589315400,315
1589316300,307
1589317200,723
1589318100,278
1589319000,192
1589319900,174
1589320800,168
1589321700,159
1589322600,183
1589323500,183
1589324400,184
1589325300,157
1589326200,165
1589327100,163
1589328000,169
1589328900,151
1589329800,166
1589330700,161
1589331600,183
1589332500,168
1589333400,166
1589334300,162
1589335200,190
1589336100,167
1589337000,169
1589337900,178
1589338800,185
1589339700,167
1589340600,182
1589341500,171
1589342400,216
1589343300,275
1589344200,232
1589345100,218
1589346000,210
1589346900,177
1589347800,175
1589348700,715
1589349600,349
1589350500,715
1589351400,533
1589352300,515
1589353200,345
1589354100,252
1589355000,324
1589355900,211
1589356800,211
1589357700,193
1589358600,344
1589359500,282
1589360400,191
1589361300,152
1589362200,140
1589363100,169
1589364000,155
1589364900,153
1589365800,296
1589366700,335
1589367600,312
1589368500,291
1589369400,186
1589370300,174
1589371200,196
1589372100,175
1589373000,229
1589373900,180
1589374800,157
1589375700,170
1589376600,166
1589377500,166
1589378400,159
1589379300,169
1589380200,167
1589381100,167
1589382000,236
1589382900,276
1589383800,240
1589384700,404
1589385600,430
1589386500,441
1589387400,362
1589388300,317
1589389200,326
1589390100,319
1589391000,358
1589391900,354
1589392800,354
1589393700,363
1589394600,359
1589395500,364
1589396400,362
1589397300,366
1589398200,375
1589399100,348
1589400000,317
1589400900,302
1589401800,321
1589402700,275
1589403600,383
1589404500,599
1589405400,243
1589406300,250
1589407200,204
1589408100,181
1589409000,199
1589409900,200
1589410800,192
1589411700,149
1589412600,162
1589413500,148
1589414400,167
1589415300,156
1589416200,159
1589417100,151
1589418000,156
1589418900,178
1589419800,166
1589420700,161
1589421600,178
1589422500,159
1589423400,188
1589424300,174
1589425200,178
1589426100,147
1589427000,182
1589427900,178
1589428800,187
1589429700,195
1589430600,230
1589431500,189
1589432400,189
1589433300,156
1589434200,175
1589435100,327
1589436000,305
1589436900,262
1589437800,340
1589438700,291
1589439600,252
1589440500,251
1589441400,285
1589442300,263
1589443200,266
1589444100,244
1589445000,312
1589445900,279
1589446800,314
1589447700,316
1589448600,202
1589449500,362
1589450400,383
1589451300,288
1589452200,359
1589453100,257
1589454000,335
1589454900,282
1589455800,254
1589456700,211
1589457600,200
1589458500,216
1589459400,289
1589460300,382
1589461200,373
1589462100,385
1589463000,381
1589463900,379
1589464800,353
1589465700,299
1589466600,289
1589467500,270
1589468400,284
1589469300,268
1589470200,262
1589471100,274
1589472000,388
1589472900,405
1589473800,349
1589474700,387
1589475600,586
1589476500,484
1589477400,476
1589478300,445
1589479200,425
1589480100,450
1589481000,468
1589481900,438
1589482800,468
1589483700,461
1589484600,453
1589485500,404
1589486400,393
1589487300,794
1589488200,494
1589489100,285
1589490000,469
1589490900,754
1589491800,217
1589492700,156
1589493600,179
1589494500,165
1589495400,189
1589496300,170
1589497200,179
1589498100,173
1589499000,155
1589499900,159
1589500800,165
1589501700,161
1589502600,153
1589503500,162
1589504400,153
1589505300,175
1589506200,160
1589507100,156
1589508000,158
1589508900,187
1589509800,183
1589510700,172
1589511600,163
1589512500,185
1589513400,181
1589514300,180
1589515200,182
1589516100,189
1589517000,260
1589517900,176
1589518800,183
1589519700,184
1589520600,183
1589521500,302
1589522400,536
1589523300,190
1589524200,214
1589525100,233
1589526000,300
1589526900,289
1589527800,312
1589528700,308
1589529600,479
1589530500,393
1589531400,301
1589532300,415
1589533200,418
1589534100,880
1589535000,752
1589535900,362
1589536800,339
1589537700,308
1589538600,306
1589539500,303
1589540400,332
1589541300,375
1589542200,288
1589543100,266
1589544000,251
1589544900,248
1589545800,248
1589546700,279
1589547600,272
1589548500,282
1589549400,233
1589550300,253
1589551200,214
1589552100,338
1589553000,296
1589553900,540
1589554800,286
1589555700,291
1589556600,285
1589557500,267
1589558400,308
1589559300,312
1589560200,550
1589561100,515
1589562000,351
1589562900,404
1589563800,385
1589564700,380
1589565600,385
1589566500,389
1589567400,449
1589568300,432
1589569200,444
1589570100,463
1589571000,430
1589571900,388
1589572800,288
1589573700,268
1589574600,267
1589575500,263
1589576400,253
1589577300,239
1589578200,201
1589579100,197
1589580000,210
1589580900,185
1589581800,180
1589582700,146
1589583600,171
1589584500,181
1589585400,170
1589586300,173
1589587200,170
1589588100,189
1589589000,155
1589589900,175
1589590800,165
1589591700,195
1589592600,185
1589593500,157
1589594400,164
1589595300,157
1589596200,178
1589597100,175
1589598000,156
1589598900,175
1589599800,182
1589600700,189
1589601600,162
1589602500,167
1589603400,166
1589604300,150
1589605200,177
1589606100,163
1589607000,164
1589607900,147
1589608800,199
1589609700,197
1589610600,258
1589611500,212
1589612400,185
1589613300,184
1589614200,231
1589615100,188
1589616000,202
1589616900,205
1589617800,298
1589618700,262
1589619600,336
1589620500,345
1589621400,344
1589622300,398
1589623200,556
1589624100,455
1589625000,357
1589625900,797
1589626800,1142
1589627700,1172
1589628600,995
1589629500,954
1589630400,1094
1589631300,521
1589632200,501
1589633100,455
1589634000,926
1589634900,1038
1589635800,828
1589636700,533
1589637600,388
1589638500,805
1589639400,421
1589640300,325
1589641200,852
1589642100,573
1589643000,327
1589643900,344
1589644800,344
1589645700,433
1589646600,347
1589647500,317
1589648400,304
1589649300,273
1589650200,346
1589651100,1037
1589652000,1227
1589652900,560
1589653800,334
1589654700,344
1589655600,447
1589656500,672
1589657400,403
1589658300,373
1589659200,299
1589660100,257
1589661000,260
1589661900,231
1589662800,208
1589663700,227
1589664600,207
1589665500,256
1589666400,220
1589667300,167
1589668200,185
1589669100,164
1589670000,159
1589670900,170
1589671800,149
1589672700,165
1589673600,157
1589674500,162
1589675400,164
1589676300,166
1589677200,148
1589678100,194
1589679000,166
1589679900,183
1589680800,147
1589681700,174
1589682600,187
1589683500,156
1589684400,179
1589685300,184
1589686200,166
1589687100,174
1589688000,167
1589688900,188
1589689800,260
1589690700,657
1589691600,335
1589692500,209
1589693400,185
1589694300,186
1589695200,213
1589696100,293
1589697000,289
1589697900,206
1589698800,174
1589699700,180
1589700600,165
1589701500,185
1589702400,272
1589703300,217
1589704200,266
1589705100,269
1589706000,236
1589706900,237
1589707800,220
1589708700,214
1589709600,229
1589710500,375
1589711400,287
1589712300,237
1589713200,245
1589714100,241
1589715000,202
1589715900,209
1589716800,221
1589717700,252
1589718600,271
1589719500,239
1589720400,281
1589721300,359
1589722200,279
1589723100,276
1589724000,291
1589724900,271
1589725800,287
1589726700,244
1589727600,245
1589728500,251
1589729400,264
1589730300,266
1589731200,272
1589732100,256
1589733000,277
1589733900,268
1589734800,260
1589735700,254
1589736600,267
1589737500,265
1589738400,263
1589739300,281
1589740200,384
1589741100,372
1589742000,380
1589742900,385
1589743800,357
1589744700,363
1589745600,813
1589746500,450
1589747400,247
1589748300,404
1589749200,688
1589750100,154
1589751000,141
1589751900,151
1589752800,162
1589753700,158
1589754600,159
1589755500,140
1589756400,140
1589757300,148
1589758200,141
1589759100,141
1589760000,157
1589760900,138
1589761800,170
1589762700,152
1589763600,151
1589764500,152
1589765400,150
1589766300,169
1589767200,188
1589768100,158
1589769000,167
1589769900,158
1589770800,171
1589771700,157
1589772600,177
1589773500,176
1589774400,223
1589775300,241
1589776200,241
1589777100,198
1589778000,196
1589778900,225
1589779800,717
1589780700,198
1589781600,192
1589782500,429
1589783400,301
1589784300,290
1589785200,250
1589786100,212
1589787000,440
1589787900,247
1589788800,213
1589789700,166
1589790600,169
1589791500,164
1589792400,171
1589793300,158
1589794200,156
1589795100,139
1589796000,213
1589796900,346
1589797800,202
1589798700,239
1589799600,381
1589800500,225
1589801400,202
1589802300,226
1589803200,322
1589804100,243
1589805000,245
1589805900,268
1589806800,259
1589807700,228
1589808600,223
1589809500,278
1589810400,214
1589811300,191
1589812200,169
1589813100,179
1589814000,255
1589814900,541
1589815800,632
1589816700,342
1589817600,373
1589818500,504
1589819400,411
1589820300,525
1589821200,455
1589822100,478
1589823000,426
1589823900,432
1589824800,430
1589825700,433
1589826600,491
1589827500,534
1589828400,521
1589829300,506
1589830200,473
1589831100,384
1589832000,384
1589832900,312
1589833800,220
1589834700,215
1589835600,201
1589836500,166
1589837400,147
1589838300,147
1589839200,157
1589840100,161
1589841000,155
1589841900,172
1589842800,160
1589843700,183
1589844600,179
1589845500,173
1589846400,177
1589847300,164
1589848200,178
1589849100,177
1589850000,159
1589850900,172
1589851800,191
1589852700,171
1589853600,164
1589854500,169
1589855400,168
1589856300,176
1589857200,170
1589858100,153
1589859000,172
1589859900,196
1589860800,232
1589861700,307
1589862600,218
1589863500,206
1589864400,185
1589865300,146
1589866200,168
1589867100,206
1589868000,210
1589868900,194
1589869800,272
1589870700,242
1589871600,203
1589872500,192
1589873400,198
1589874300,204
1589875200,204
1589876100,190
1589877000,221
1589877900,218
1589878800,207
1589879700,192
1589880600,433
1589881500,325
1589882400,319
1589883300,244
1589884200,254
1589885100,230
1589886000,226
1589886900,434
1589887800,307
1589888700,227
1589889600,234
1589890500,221
1589891400,254
1589892300,243
1589893200,274
1589894100,344
1589895000,287
1589895900,242
1589896800,235
1589897700,211
1589898600,214
1589899500,240
1589900400,265
1589901300,283
1589902200,281
1589903100,415
1589904000,332
1589904900,376
1589905800,320
1589906700,391
1589907600,284
1589908500,311
1589909400,317
1589910300,366
1589911200,318
1589912100,346
1589913000,367
1589913900,428
1589914800,439
1589915700,451
1589916600,447
1589917500,422
1589918400,367
1589919300,354
1589920200,268
1589921100,186
1589922000,137
1589922900,142
1589923800,146
1589924700,137
1589925600,127
1589926500,149
1589927400,148
1589928300,168
1589929200,154
1589930100,151
1589931000,161
1589931900,190
1589932800,184
1589933700,180
1589934600,174
1589935500,187
1589936400,185
1589937300,188
1589938200,189
1589939100,183
1589940000,167
1589940900,195
1589941800,180
1589942700,183
1589943600,169
1589944500,182
1589945400,198
1589946300,195
1589947200,250
1589948100,186
1589949000,210
1589949900,181
1589950800,143
1589951700,266
1589952600,285
1589953500,174
1589954400,164
1589955300,208
1589956200,243
1589957100,312
1589958000,314
1589958900,177
1589959800,198
1589960700,251
1589961600,236
1589962500,207
1589963400,213
1589964300,180
1589965200,162
1589966100,176
1589967000,190
1589967900,184
1589968800,184
1589969700,207
1589970600,191
1589971500,224
1589972400,154
1589973300,169
1589974200,303
1589975100,386
1589976000,297
1589976900,271
1589977800,210
1589978700,218
1589979600,286
1589980500,757
1589981400,273
1589982300,253
1589983200,563
1589984100,765
1589985000,229
1589985900,271
1589986800,378
1589987700,287
1589988600,380
1589989500,287
1589990400,283
1589991300,308
1589992200,241
1589993100,267
1589994000,496
1589994900,341
1589995800,221
1589996700,212
1589997600,232
1589998500,287
1589999400,231
1590000300,226
1590001200,252
1590002100,317
1590003000,266
1590003900,268
1590004800,241
1590005700,232
1590006600,244
1590007500,258
1590008400,697
1590009300,874
1590010200,252
1590011100,304
1590012000,780
1590012900,289
1590013800,166
1590014700,145
1590015600,158
1590016500,151
1590017400,143
1590018300,154
1590019200,133
1590020100,121
1590021000,148
1590021900,130
1590022800,135
1590023700,129
1590024600,131
1590025500,158
1590026400,133
1590027300,125
1590028200,142
1590029100,144
1590030000,166
1590030900,163
1590031800,145
1590032700,154
1590033600,169
1590034500,148
1590035400,160
1590036300,136
1590037200,140
1590038100,141
1590039000,218
1590039900,189
1590040800,222
1590041700,205
1590042600,203
1590043500,210
1590044400,757
1590045300,163
1590046200,156
1590047100,149
1590048000,126
1590048900,172
1590049800,159
1590050700,172
1590051600,150
1590052500,182
1590053400,598
1590054300,222
1590055200,233
1590056100,264
1590057000,223
1590057900,396
1590058800,263
1590059700,241
1590060600,258
1590061500,282
1590062400,226
1590063300,268
1590064200,497
1590065100,570
1590066000,266
1590066900,249
1590067800,272
1590068700,271
1590069600,246
1590070500,277
1590071400,262
1590072300,296
1590073200,240
1590074100,213
1590075000,234
1590075900,269
1590076800,209
1590077700,246
1590078600,253
1590079500,388
1590080400,323
1590081300,252
1590082200,292
1590083100,487
1590084000,457
1590084900,500
1590085800,478
1590086700,503
1590087600,488
1590088500,473
1590089400,426
1590090300,464
1590091200,401
1590092100,690
1590093000,496
1590093900,309
1590094800,461
1590095700,820
1590096600,281
1590097500,273
1590098400,304
1590099300,313
1590100200,268
1590101100,201
1590102000,251
1590102900,216
1590103800,229
1590104700,219
1590105600,213
1590106500,211
1590107400,214
1590108300,195
1590109200,205
1590110100,217
1590111000,204
1590111900,201
1590112800,225
1590113700,200
1590114600,223
1590115500,196
1590116400,219
1590117300,237
1590118200,238
1590119100,212
1590120000,235
1590120900,223
1590121800,266
1590122700,207
1590123600,233
1590124500,294
1590125400,261
1590126300,266
1590127200,340
1590128100,263
1590129000,279
1590129900,315
1590130800,372
1590131700,312
1590132600,338
1590133500,557
1590134400,509
1590135300,380
1590136200,278
1590137100,379
1590138000,438
1590138900,389
1590139800,410
1590140700,353
1590141600,551
1590142500,639
1590143400,279
1590144300,301
1590145200,392
1590146100,576
1590147000,443
1590147900,458
1590148800,309
1590149700,299
1590150600,324
1590151500,324
1590152400,789
1590153300,853
1590154200,589
1590155100,611
1590156000,614
1590156900,421
1590157800,676
1590158700,340
1590159600,343
1590160500,314
1590161400,374
1590162300,391
1590163200,525
1590164100,511
1590165000,511
1590165900,420
1590166800,345
1590167700,293
1590168600,278
1590169500,305
1590170400,302
1590171300,312
1590172200,304
1590173100,290
1590174000,310
1590174900,417
1590175800,417
1590176700,426
1590177600,397
1590178500,355
1590179400,392
1590180300,789
1590181200,309
1590182100,281
1590183000,294
1590183900,288
1590184800,276
1590185700,161
1590186600,202
1590187500,212
1590188400,188
1590189300,201
1590190200,200
1590191100,199
1590192000,205
1590192900,145
1590193800,153
1590194700,158
1590195600,160
1590196500,155
1590197400,156
1590198300,146
1590199200,183
1590200100,174
1590201000,160
1590201900,172
1590202800,164
1590203700,185
1590204600,187
1590205500,178
1590206400,169
1590207300,186
1590208200,177
1590209100,164
1590210000,179
1590210900,177
1590211800,180
1590212700,220
1590213600,186
1590214500,223
1590215400,178
1590216300,160
1590217200,189
1590218100,250
1590219000,303
1590219900,255
1590220800,697
1590221700,353
1590222600,369
1590223500,535
1590224400,756
1590225300,212
1590226200,171
1590227100,163
1590228000,305
1590228900,201
1590229800,182
1590230700,442
1590231600,438
1590232500,828
1590233400,888
1590234300,374
1590235200,311
1590236100,299
1590237000,285
1590237900,300
1590238800,292
1590239700,265
1590240600,742
1590241500,797
1590242400,761
1590243300,617
1590244200,239
1590245100,224
1590246000,247
1590246900,570
1590247800,335
1590248700,229
1590249600,277
1590250500,243
1590251400,223
1590252300,184
1590253200,203
1590254100,204
1590255000,188
1590255900,184
1590256800,187
1590257700,206
1590258600,218
1590259500,237
1590260400,280
1590261300,290
1590262200,311
1590263100,331
1590264000,252
1590264900,241
1590265800,196
1590266700,221
1590267600,214
1590268500,226
1590269400,209
1590270300,213
1590271200,208
1590272100,211
1590273000,182
1590273900,163
1590274800,149
1590275700,161
1590276600,147
1590277500,161
1590278400,157
1590279300,156
1590280200,141
1590281100,148
1590282000,142
1590282900,134
1590283800,144
1590284700,138
1590285600,151
1590286500,134
1590287400,158
1590288300,137
1590289200,156
1590290100,153
1590291000,142
1590291900,154
1590292800,165
1590293700,169
1590294600,151
1590295500,164
1590296400,168
1590297300,366
1590298200,643
1590299100,514
1590300000,209
1590300900,274
1590301800,189
1590302700,233
1590303600,171
1590304500,236
1590305400,265
1590306300,285
1590307200,281
1590308100,348
1590309000,607
1590309900,377
1590310800,254
1590311700,302
1590312600,267
1590313500,615
1590314400,409
1590315300,285
1590316200,298
1590317100,246
1590318000,531
1590318900,269
1590319800,286
1590320700,279
1590321600,287
1590322500,296
1590323400,282
1590324300,966
1590325200,416
1590326100,411
1590327000,784
1590327900,702
1590328800,313
1590329700,731
1590330600,539
1590331500,519
1590332400,403
1590333300,334
1590334200,334
1590335100,358
1590336000,345
1590336900,288
1590337800,323
1590338700,291
1590339600,502
1590340500,394
1590341400,292
1590342300,306
1590343200,285
1590344100,293
1590345000,297
1590345900,347
1590346800,353
1590347700,355
1590348600,370
1590349500,303
1590350400,287
1590351300,249
1590352200,269
1590353100,163
1590354000,162
1590354900,147
1590355800,163
1590356700,167
1590357600,139
1590358500,160
1590359400,157
1590360300,164
1590361200,151
1590362100,158
1590363000,159
1590363900,158
1590364800,153
1590365700,146
1590366600,163
1590367500,140
1590368400,146
1590369300,136
1590370200,127
1590371100,151
1590372000,141
1590372900,154
1590373800,142
1590374700,165
1590375600,156
1590376500,150
1590377400,180
1590378300,186
1590379200,176
1590380100,301
1590381000,189
1590381900,174
1590382800,179
1590383700,198
1590384600,200
1590385500,156
1590386400,204
1590387300,155
1590388200,153
1590389100,164
1590390000,245
1590390900,163
1590391800,182
1590392700,175
1590393600,217
1590394500,185
1590395400,196
1590396300,332
1590397200,242
1590398100,193
1590399000,347
1590399900,215
1590400800,189
1590401700,197
1590402600,180
1590403500,197
1590404400,169
1590405300,170
1590406200,186
1590407100,280
1590408000,222
1590408900,229
1590409800,210
1590410700,224
1590411600,180
1590412500,212
1590413400,189
1590414300,174
1590415200,188
1590416100,191
1590417000,209
1590417900,209
1590418800,285
1590419700,257
1590420600,217
1590421500,266
1590422400,249
1590423300,254
1590424200,256
1590425100,238
1590426000,258
1590426900,261
1590427800,285
1590428700,244
1590429600,233
1590430500,264
1590431400,220
1590432300,260
1590433200,298
1590434100,651
1590435000,592
1590435900,326
1590436800,301
1590437700,769
1590438600,413
1590439500,181
1590440400,198
1590441300,144
1590442200,134
1590443100,152
1590444000,156
1590444900,153
1590445800,135
1590446700,152
1590447600,155
1590448500,149
1590449400,129
1590450300,155
1590451200,151
1590452100,153
1590453000,131
1590453900,146
1590454800,133
1590455700,132
1590456600,128
1590457500,129
1590458400,142
1590459300,139
1590460200,130
1590461100,133
1590462000,147
1590462900,125
1590463800,139
1590464700,158
1590465600,192
1590466500,258
1590467400,227
1590468300,189
1590469200,177
1590470100,165
1590471000,172
1590471900,211
1590472800,216
1590473700,194
1590474600,417
1590475500,392
1590476400,187
1590477300,168
1590478200,189
1590479100,214
1590480000,234
1590480900,234
1590481800,290
1590482700,223
1590483600,256
1590484500,180
1590485400,260
1590486300,243
1590487200,292
1590488100,358
1590489000,336
1590489900,316
1590490800,163
1590491700,283
1590492600,384
1590493500,427
1590494400,416
1590495300,473
1590496200,225
1590497100,253
1590498000,212
1590498900,243
1590499800,330
1590500700,325
1590501600,171
1590502500,159
1590503400,255
1590504300,188
1590505200,206
1590506100,216
1590507000,248
1590507900,249
1590508800,251
1590509700,304
1590510600,334
1590511500,337
1590512400,316
1590513300,402
1590514200,390
1590515100,405
1590516000,405
1590516900,368
1590517800,389
1590518700,345
1590519600,330
1590520500,263
1590521400,277
1590522300,296
1590523200,264
1590524100,238
1590525000,227
1590525900,227
1590526800,188
1590527700,157
1590528600,128
1590529500,126
1590530400,128
1590531300,137
1590532200,127
1590533100,156
1590534000,144
1590534900,154
1590535800,131
1590536700,159
1590537600,156
1590538500,164
1590539400,133
1590540300,159
1590541200,146
1590542100,157
1590543000,153
1590543900,155
1590544800,161
1590545700,155
1590546600,166
1590547500,157
1590548400,160
1590549300,167
1590550200,168
1590551100,170
1590552000,205
1590552900,281
1590553800,381
1590554700,211
1590555600,219
1590556500,237
1590557400,199
1590558300,203
1590559200,934
1590560100,701
1590561000,199
1590561900,340
1590562800,799
1590563700,449
1590564600,251
1590565500,301
1590566400,252
1590567300,207
1590568200,223
1590569100,278
1590570000,302
1590570900,444
1590571800,357
1590572700,428
1590573600,207
1590574500,182
1590575400,189
1590576300,465
1590577200,228
1590578100,219
1590579000,205
1590579900,210
1590580800,184
1590581700,506
1590582600,206
1590583500,250
1590584400,199
1590585300,254
1590586200,235
1590587100,234
1590588000,269
1590588900,301
1590589800,282
1590590700,344
1590591600,306
1590592500,259
1590593400,301
1590594300,369
1590595200,386
1590596100,307
1590597000,373
1590597900,336
1590598800,765
1590599700,348
1590600600,312
1590601500,571
1590602400,760
1590603300,312
1590604200,320
1590605100,316
1590606000,287
1590606900,307
1590607800,308
1590608700,320
1590609600,292
1590610500,259
1590611400,276
1590612300,280
1590613200,265
1590614100,292
1590615000,461
1590615900,739
1590616800,581
1590617700,185
1590618600,183
1590619500,207
1590620400,174
1590621300,155
1590622200,153
1590623100,166
1590624000,146
1590624900,155
1590625800,158
1590626700,177
1590627600,172
1590628500,174
1590629400,147
1590630300,171
1590631200,162
1590632100,172
1590633000,161
1590633900,171
1590634800,172
1590635700,158
1590636600,159
1590637500,176
1590638400,163
1590639300,176
1590640200,644
1590641100,660
1590642000,661
1590642900,653
1590643800,239
1590644700,253
1590645600,608
1590646500,190
1590647400,306
1590648300,376
1590649200,414
1590650100,284
1590651000,521
1590651900,650
1590652800,658
1590653700,551
1590654600,370
1590655500,551
1590656400,292
1590657300,264
1590658200,272
1590659100,541
1590660000,1012
1590660900,294
1590661800,372
1590662700,283
1590663600,306
1590664500,620
1590665400,917
1590666300,804
1590667200,770
1590668100,462
1590669000,310
1590669900,310
1590670800,303
1590671700,321
1590672600,303
1590673500,305
1590674400,286
1590675300,399
1590676200,301
1590677100,364
1590678000,354
1590678900,251
1590679800,262
1590680700,284
1590681600,251
1590682500,280
1590683400,289
1590684300,324
1590685200,429
1590686100,366
1590687000,343
1590687900,318
1590688800,349
1590689700,391
1590690600,434
1590691500,413
1590692400,394
1590693300,400
1590694200,397
1590695100,313
1590696000,315
1590696900,296
1590697800,284
1590698700,255
1590699600,245
1590700500,230
1590701400,187
1590702300,156
1590703200,142
1590704100,142
1590705000,165
1590705900,152
1590706800,149
1590707700,153
1590708600,157
1590709500,163
1590710400,150
1590711300,148
1590712200,172
1590713100,165
1590714000,157
1590714900,161
1590715800,172
1590716700,153
1590717600,172
1590718500,170
1590719400,169
1590720300,152
1590721200,174
1590722100,161
1590723000,192
1590723900,154
1590724800,169
1590725700,152
1590726600,163
1590727500,228
1590728400,173
1590729300,153
1590730200,161
1590731100,186
1590732000,197
1590732900,189
1590733800,396
1590734700,474
1590735600,456
1590736500,351
1590737400,427
1590738300,492
1590739200,492
1590740100,310
1590741000,279
1590741900,425
1590742800,678
1590743700,261
1590744600,389
1590745500,1650
1590746400,1032
1590747300,199
1590748200,271
1590749100,190
1590750000,543
1590750900,318
1590751800,413
1590752700,372
1590753600,464
1590754500,654
1590755400,333
1590756300,492
1590757200,397
1590758100,308
1590759000,429
1590759900,804
1590760800,346
1590761700,408
1590762600,456
1590763500,451
1590764400,450
1590765300,606
1590766200,495
1590767100,362
1590768000,319
1590768900,321
1590769800,308
1590770700,358
1590771600,337
1590772500,346
1590773400,345
1590774300,451
1590775200,370
1590776100,438
1590777000,453
1590777900,426
1590778800,397
1590779700,427
1590780600,368
1590781500,309
1590782400,317
1590783300,355
1590784200,335
1590785100,353
1590786000,324
1590786900,267
1590787800,229
1590788700,235
1590789600,217
1590790500,205
1590791400,153
1590792300,171
1590793200,169
1590794100,180
1590795000,151
1590795900,160
1590796800,171
1590797700,174
1590798600,152
1590799500,142
1590800400,153
1590801300,152
1590802200,155
1590803100,150
1590804000,151
1590804900,148
1590805800,173
1590806700,149
1590807600,152
1590808500,166
1590809400,161
1590810300,165
1590811200,163
1590812100,186
1590813000,148
1590813900,190
1590814800,162
1590815700,158
1590816600,182
1590817500,234
1590818400,276
1590819300,237
1590820200,204
1590821100,226
1590822000,219
1590822900,260
1590823800,288
1590824700,302
1590825600,298
1590826500,290
1590827400,270
1590828300,256
1590829200,235
1590830100,360
1590831000,389
1590831900,248
1590832800,828
1590833700,485
1590834600,296
1590835500,223
1590836400,216
1590837300,239
1590838200,250
1590839100,477
1590840000,629
1590840900,451
1590841800,274
1590842700,307
1590843600,409
1590844500,390
1590845400,529
1590846300,1081
1590847200,662
1590848100,542
1590849000,949
1590849900,878
1590850800,362
1590851700,337
1590852600,334
1590853500,313
1590854400,278
1590855300,280
1590856200,383
1590857100,370
1590858000,415
1590858900,407
1590859800,458
1590860700,428
1590861600,458
1590862500,440
1590863400,477
1590864300,951
1590865200,853
1590866100,842
1590867000,1134
1590867900,1188
1590868800,763
1590869700,660
1590870600,641
1590871500,1084
1590872400,729
1590873300,737
1590874200,1039
1590875100,1081
1590876000,617
1590876900,672
1590877800,705
1590878700,608
1590879600,464
1590880500,537
1590881400,609
1590882300,234
1590883200,178
1590884100,696
1590885000,403
1590885900,154
1590886800,150
1590887700,172
1590888600,144
1590889500,153
1590890400,155
1590891300,164
1590892200,166
1590893100,160
1590894000,159
1590894900,164
1590895800,177
1590896700,169
1590897600,163
1590898500,189
1590899400,178
1590900300,149
1590901200,183
1590902100,178
1590903000,179
1590903900,157
1590904800,168
1590905700,180
1590906600,245
1590907500,163
1590908400,212
1590909300,709
1590910200,417
1590911100,333
1590912000,529
1590912900,858
1590913800,330
1590914700,240
1590915600,242
1590916500,235
1590917400,287
1590918300,543
1590919200,761
1590920100,400
1590921000,318
1590921900,313
1590922800,325
1590923700,354
1590924600,308
1590925500,324
1590926400,294
1590927300,304
1590928200,306
1590929100,284
1590930000,315
1590930900,300
1590931800,370
1590932700,301
1590933600,327
1590934500,316
1590935400,305
1590936300,290
1590937200,499
1590938100,636
1590939000,319
1590939900,317
1590940800,334
1590941700,330
1590942600,340
1590943500,924
1590944400,1019
1590945300,788
1590946200,785
1590947100,945
1590948000,341
1590948900,391
1590949800,761
1590950700,695
1590951600,361
1590952500,404
1590953400,422
1590954300,402
1590955200,396
1590956100,366
1590957000,384
1590957900,340
1590958800,307
1590959700,210
1590960600,191
1590961500,191
1590962400,172
1590963300,157
1590964200,148
1590965100,167
1590966000,182
1590966900,154
1590967800,162
1590968700,161
1590969600,176
1590970500,168
1590971400,152
1590972300,161
1590973200,145
1590974100,154
1590975000,152
1590975900,150
1590976800,143
1590977700,152
1590978600,147
1590979500,173
1590980400,145
1590981300,168
1590982200,143
1590983100,186
1590984000,176
1590984900,166
1590985800,152
1590986700,165
1590987600,164
1590988500,184
1590989400,174
1590990300,167
1590991200,173
1590992100,147
1590993000,194
1590993900,217
1590994800,223
1590995700,467
1590996600,642
1590997500,492
1590998400,224
1590999300,225
1591000200,330
1591001100,319
1591002000,283
1591002900,261
1591003800,497
1591004700,352
1591005600,318
1591006500,658
1591007400,894
1591008300,414
1591009200,364
1591010100,236
1591011000,192
1591011900,209
1591012800,207
1591013700,194
1591014600,190
1591015500,202
1591016400,193
1591017300,231
1591018200,234
1591019100,266
1591020000,305
1591020900,273
1591021800,249
1591022700,284
1591023600,223
1591024500,226
1591025400,216
1591026300,214
1591027200,244
1591028100,237
1591029000,247
1591029900,522
1591030800,386
1591031700,264
1591032600,274
1591033500,313
1591034400,342
1591035300,333
1591036200,328
1591037100,318
1591038000,326
1591038900,301
1591039800,349
1591040700,369
1591041600,384
1591042500,277
1591043400,284
1591044300,275
1591045200,226
1591046100,176
1591047000,178
1591047900,156
1591048800,154
1591049700,159
1591050600,177
1591051500,166
1591052400,156
1591053300,176
1591054200,175
1591055100,160
1591056000,162
1591056900,167
1591057800,185
1591058700,163
1591059600,153
1591060500,142
1591061400,153
1591062300,154
1591063200,161
1591064100,143
1591065000,152
1591065900,141
1591066800,178
1591067700,146
1591068600,153
1591069500,185
1591070400,161
1591071300,170
1591072200,169
1591073100,161
1591074000,282
1591074900,215
1591075800,194
1591076700,156
1591077600,191
1591078500,181
1591079400,306
1591080300,209
1591081200,194
1591082100,344
1591083000,254
1591083900,275
1591084800,260
1591085700,292
1591086600,281
1591087500,297
1591088400,490
1591089300,1103
1591090200,820
1591091100,581
1591092000,534
1591092900,320
1591093800,222
1591094700,226
1591095600,220
1591096500,216
1591097400,200
1591098300,272
1591099200,414
1591100100,284
1591101000,270
1591101900,321
1591102800,289
1591103700,262
1591104600,246
1591105500,245
1591106400,285
1591107300,333
1591108200,259
1591109100,286
1591110000,282
1591110900,290
1591111800,426
1591112700,342
1591113600,386
1591114500,382
1591115400,322
1591116300,353
1591117200,401
1591118100,331
1591119000,323
1591119900,308
1591120800,302
1591121700,308
1591122600,330
1591123500,337
1591124400,339
1591125300,384
1591126200,461
1591127100,442
1591128000,823
1591128900,548
1591129800,379
1591130700,342
1591131600,770
1591132500,293
1591133400,169
1591134300,160
1591135200,157
1591136100,169
1591137000,152
1591137900,169
1591138800,169
1591139700,161
1591140600,169
1591141500,170
1591142400,165
1591143300,169
1591144200,148
1591145100,179
1591146000,164
1591146900,150
1591147800,150
1591148700,152
1591149600,172
1591150500,151
1591151400,146
1591152300,148
1591153200,147
1591154100,188
1591155000,158
1591155900,155
1591156800,173
1591157700,217
1591158600,265
1591159500,182
1591160400,166
1591161300,153
1591162200,174
1591163100,271
1591164000,310
1591164900,309
1591165800,223
1591166700,218
1591167600,193
1591168500,160
1591169400,179
1591170300,232
1591171200,261
1591172100,213
1591173000,208
1591173900,508
1591174800,642
1591175700,652
1591176600,309
1591177500,246
1591178400,364
1591179300,295
1591180200,297
1591181100,273
1591182000,205
1591182900,196
1591183800,178
1591184700,259
1591185600,275
1591186500,220
1591187400,226
1591188300,196
1591189200,176
1591190100,174
1591191000,174
1591191900,181
1591192800,143
1591193700,163
1591194600,172
1591195500,211
1591196400,200
1591197300,194
1591198200,197
1591199100,194
1591200000,187
1591200900,199
1591201800,185
1591202700,196
1591203600,193
1591204500,184
1591205400,158
1591206300,146
1591207200,155
1591208100,208
1591209000,217
1591209900,236
1591210800,247
1591211700,272
1591212600,266
1591213500,258
1591214400,205
1591215300,175
1591216200,158
1591217100,139
1591218000,133
1591218900,124
1591219800,153
1591220700,144
1591221600,117
1591222500,141
1591223400,149
1591224300,167
1591225200,140
1591226100,147
1591227000,136
1591227900,153
1591228800,135
1591229700,142
1591230600,127
1591231500,145
1591232400,145
1591233300,142
1591234200,137
1591235100,142
1591236000,155
1591236900,147
1591237800,132
1591238700,145
1591239600,137
1591240500,155
1591241400,135
1591242300,172
1591243200,141
1591244100,142
1591245000,208
1591245900,169
1591246800,147
1591247700,148
1591248600,145
1591249500,171
1591250400,163
1591251300,132
1591252200,146
1591253100,157
1591254000,148
1591254900,162
1591255800,159
1591256700,159
1591257600,172
1591258500,164
1591259400,156
1591260300,312
1591261200,230
1591262100,190
1591263000,220
1591263900,199
1591264800,286
1591265700,181
1591266600,189
1591267500,188
1591268400,275
1591269300,241
1591270200,179
1591271100,187
1591272000,176
1591272900,185
1591273800,198
1591274700,254
1591275600,235
1591276500,188
1591277400,212
1591278300,212
1591279200,293
1591280100,238
1591281000,183
1591281900,233
1591282800,279
1591283700,277
1591284600,259
1591285500,188
1591286400,194
1591287300,183
1591288200,195
1591289100,191
1591290000,207
1591290900,181
1591291800,185
1591292700,194
1591293600,210
1591294500,198
1591295400,199
1591296300,203
1591297200,209
1591298100,246
1591299000,192
1591299900,174
1591300800,190
1591301700,164
1591302600,163
1591303500,176
1591304400,156
1591305300,146
1591306200,139
1591307100,156
1591308000,127
1591308900,124
1591309800,142
1591310700,132
1591311600,151
1591312500,135
1591313400,138
1591314300,140
1591315200,139
1591316100,141
1591317000,140
1591317900,148
1591318800,156
1591319700,146
1591320600,143
1591321500,155
1591322400,139
1591323300,149
1591324200,157
1591325100,163
1591326000,171
1591326900,150
1591327800,151
1591328700,157
1591329600,160
1591330500,201
1591331400,160
1591332300,147
1591333200,141
1591334100,170
1591335000,137
1591335900,167
1591336800,153
1591337700,135
1591338600,147
1591339500,151
1591340400,145
1591341300,144
1591342200,205
1591343100,222
1591344000,320
1591344900,193
1591345800,257
1591346700,219
1591347600,197
1591348500,170
1591349400,296
1591350300,211
1591351200,230
1591352100,261
1591353000,448
1591353900,461
1591354800,290
1591355700,278
1591356600,354
1591357500,287
1591358400,289
1591359300,514
1591360200,614
1591361100,260
1591362000,323
1591362900,796
1591363800,471
1591364700,228
1591365600,230
1591366500,228
1591367400,248
1591368300,237
1591369200,228
1591370100,251
1591371000,595
1591371900,394
1591372800,217
1591373700,206
1591374600,214
1591375500,252
1591376400,271
1591377300,271
1591378200,287
1591379100,298
1591380000,317
1591380900,328
1591381800,316
1591382700,324
1591383600,348
1591384500,342
1591385400,384
1591386300,374
1591387200,264
1591388100,238
1591389000,228
1591389900,189
1591390800,180
1591391700,180
1591392600,162
1591393500,173
1591394400,118
1591395300,127
1591396200,138
1591397100,160
1591398000,149
1591398900,150
1591399800,148
1591400700,135
1591401600,126
1591402500,135
1591403400,132
1591404300,139
1591405200,129
1591406100,134
1591407000,136
1591407900,144
1591408800,132
1591409700,133
1591410600,144
1591411500,152
1591412400,155
1591413300,150
1591414200,140
1591415100,150
1591416000,128
1591416900,157
1591417800,148
1591418700,150
1591419600,142
1591420500,135
1591421400,150
1591422300,148
1591423200,165
1591424100,249
1591425000,176
1591425900,170
1591426800,153
1591427700,187
1591428600,654
1591429500,463
1591430400,415
1591431300,203
1591432200,268
1591433100,207
1591434000,260
1591434900,199
1591435800,241
1591436700,466
1591437600,672
1591438500,218
1591439400,320
1591440300,237
1591441200,262
1591442100,690
1591443000,622
1591443900,317
1591444800,376
1591445700,280
1591446600,311
1591447500,332
1591448400,322
1591449300,309
1591450200,278
1591451100,825
1591452000,339
1591452900,477
1591453800,814
1591454700,396
1591455600,388
1591456500,975
1591457400,1078
1591458300,1064
1591459200,949
1591460100,833
1591461000,757
1591461900,379
1591462800,336
1591463700,220
1591464600,191
1591465500,205
1591466400,220
1591467300,220
1591468200,229
1591469100,218
1591470000,244
1591470900,245
1591471800,237
1591472700,229
1591473600,225
1591474500,241
1591475400,384
1591476300,698
1591477200,243
1591478100,224
1591479000,248
1591479900,244
1591480800,177
1591481700,148
1591482600,133
1591483500,144
1591484400,136
1591485300,138
1591486200,127
1591487100,139
1591488000,145
1591488900,143
1591489800,128
1591490700,155
1591491600,141
1591492500,146
1591493400,149
1591494300,153
1591495200,127
1591496100,152
1591497000,155
1591497900,155
1591498800,128
1591499700,149
1591500600,147
1591501500,157
1591502400,132
1591503300,153
1591504200,153
1591505100,154
1591506000,144
1591506900,157
1591507800,146
1591508700,254
1591509600,446
1591510500,673
1591511400,595
1591512300,224
1591513200,192
1591514100,193
1591515000,191
1591515900,338
1591516800,400
1591517700,302
1591518600,834
1591519500,870
1591520400,755
1591521300,642
1591522200,303
1591523100,634
1591524000,1202
1591524900,794
1591525800,387
1591526700,343
1591527600,427
1591528500,272
1591529400,281
1591530300,305
1591531200,283
1591532100,278
1591533000,269
1591533900,268
1591534800,259
1591535700,262
1591536600,488
1591537500,1005
1591538400,869
1591539300,764
1591540200,638
1591541100,298
1591542000,279
1591542900,288
1591543800,286
1591544700,256
1591545600,282
1591546500,313
1591547400,492
1591548300,282
1591549200,305
1591550100,467
1591551000,522
1591551900,412
1591552800,421
1591553700,458
1591554600,416
1591555500,417
1591556400,403
1591557300,398
1591558200,381
1591559100,369
1591560000,359
1591560900,471
1591561800,294
1591562700,190
1591563600,173
1591564500,169
1591565400,163
1591566300,168
1591567200,164
1591568100,142
1591569000,138
1591569900,145
1591570800,157
1591571700,157
1591572600,144
1591573500,153
1591574400,158
1591575300,167
1591576200,146
1591577100,158
1591578000,167
1591578900,172
1591579800,171
1591580700,156
1591581600,163
1591582500,157
1591583400,158
1591584300,180
1591585200,162
1591586100,171
1591587000,161
1591587900,197
1591588800,180
1591589700,172
1591590600,289
1591591500,193
1591592400,180
1591593300,183
1591594200,161
1591595100,173
1591596000,181
1591596900,322
1591597800,188
1591598700,212
1591599600,305
1591600500,303
1591601400,338
1591602300,258
1591603200,218
1591604100,250
1591605000,232
1591605900,248
1591606800,263
1591607700,270
1591608600,250
1591609500,265
1591610400,249
1591611300,230
1591612200,724
1591613100,654
1591614000,841
1591614900,556
1591615800,465
1591616700,467
1591617600,762
1591618500,248
1591619400,247
1591620300,195
1591621200,166
1591622100,153
1591623000,174
1591623900,334
1591624800,227
1591625700,248
1591626600,246
1591627500,182
1591628400,340
1591629300,298
1591630200,279
1591631100,503
1591632000,220
1591632900,256
1591633800,260
1591634700,286
1591635600,333
1591636500,348
1591637400,453
1591638300,420
1591639200,419
1591640100,430
1591641000,460
1591641900,448
1591642800,413
1591643700,444
1591644600,448
1591645500,448
1591646400,414
1591647300,263
1591648200,226
1591649100,157
1591650000,134
1591650900,136
1591651800,155
1591652700,144
1591653600,148
1591654500,121
1591655400,146
1591656300,159
1591657200,157
1591658100,149
1591659000,152
1591659900,139
1591660800,154
1591661700,149
1591662600,156
1591663500,150
1591664400,160
1591665300,165
1591666200,171
1591667100,163
1591668000,172
1591668900,148
1591669800,181
1591670700,151
1591671600,158
1591672500,163
1591673400,191
1591674300,179
1591675200,194
1591676100,278
1591677000,227
1591677900,188
1591678800,168
1591679700,151
1591680600,171
1591681500,179
1591682400,231
1591683300,315
1591684200,284
1591685100,178
1591686000,192
1591686900,182
1591687800,189
1591688700,185
1591689600,200
1591690500,182
1591691400,203
1591692300,444
1591693200,391
1591694100,438
1591695000,266
1591695900,298
1591696800,368
1591697700,289
1591698600,368
1591699500,229
1591700400,208
1591701300,222
1591702200,225
1591703100,213
1591704000,235
1591704900,210
1591705800,227
1591706700,219
1591707600,237
1591708500,211
1591709400,208
1591710300,202
1591711200,207
1591712100,197
1591713000,216
1591713900,288
1591714800,279
1591715700,200
1591716600,227
1591717500,283
1591718400,288
1591719300,276
1591720200,293
1591721100,319
1591722000,415
1591722900,404
1591723800,550
1591724700,440
1591725600,289
1591726500,298
1591727400,391
1591728300,405
1591729200,373
1591730100,391
1591731000,446
1591731900,414
1591732800,380
1591733700,376
1591734600,192
1591735500,182
1591736400,146
1591737300,160
1591738200,148
1591739100,148
1591740000,122
1591740900,148
1591741800,158
1591742700,145
1591743600,156
1591744500,160
1591745400,162
1591746300,157
1591747200,141
1591748100,154
1591749000,158
1591749900,146
1591750800,158
1591751700,160
1591752600,162
1591753500,148
1591754400,154
1591755300,132
1591756200,142
1591757100,133
1591758000,147
1591758900,165
1591759800,166
1591760700,145
1591761600,184
1591762500,268
1591763400,197
1591764300,173
1591765200,175
1591766100,177
1591767000,197
1591767900,360
1591768800,293
1591769700,227
1591770600,184
1591771500,185
1591772400,180
1591773300,203
1591774200,239
1591775100,250
1591776000,235
1591776900,274
1591777800,230
1591778700,281
1591779600,202
1591780500,221
1591781400,201
1591782300,218
1591783200,318
1591784100,225
1591785000,592
1591785900,499
1591786800,205
1591787700,333
1591788600,347
1591789500,253
1591790400,194
1591791300,178
1591792200,206
1591793100,276
1591794000,331
1591794900,276
1591795800,215
1591796700,279
1591797600,190
1591798500,228
1591799400,281
1591800300,263
1591801200,420
1591802100,236
1591803000,417
1591803900,294
1591804800,244
1591805700,230
1591806600,251
1591807500,275
1591808400,238
1591809300,277
1591810200,267
1591811100,274
1591812000,248
1591812900,261
1591813800,306
1591814700,345
1591815600,326
1591816500,353
1591817400,367
1591818300,352
1591819200,368
1591820100,642
1591821000,512
1591821900,279
1591822800,385
1591823700,750
1591824600,185
1591825500,145
1591826400,151
1591827300,150
1591828200,144
1591829100,155
1591830000,171
1591830900,179
1591831800,150
1591832700,149
1591833600,144
1591834500,145
1591835400,143
1591836300,143
1591837200,133
1591838100,143
1591839000,153
1591839900,147
1591840800,137
1591841700,161
1591842600,141
1591843500,173
1591844400,159
1591845300,171
1591846200,147
1591847100,171
1591848000,174
1591848900,159
1591849800,157
1591850700,179
1591851600,177
1591852500,170
1591853400,152
1591854300,155
1591855200,161
1591856100,165
1591857000,309
1591857900,213
1591858800,179
1591859700,220
1591860600,335
1591861500,261
1591862400,311
1591863300,725
1591864200,952
1591865100,1045
1591866000,896
1591866900,496
1591867800,735
1591868700,787
1591869600,396
1591870500,444
1591871400,359
1591872300,835
1591873200,960
1591874100,876
1591875000,810
1591875900,611
1591876800,300
1591877700,285
1591878600,319
1591879500,319
1591880400,321
1591881300,309
1591882200,392
1591883100,340
1591884000,310
1591884900,299
1591885800,367
1591886700,330
1591887600,338
1591888500,339
1591889400,312
1591890300,311
1591891200,322
1591892100,325
1591893000,288
1591893900,276
1591894800,511
1591895700,665
1591896600,274
1591897500,420
1591898400,763
1591899300,657
1591900200,394
1591901100,324
1591902000,344
1591902900,315
1591903800,277
1591904700,264
1591905600,324
1591906500,344
1591907400,272
1591908300,249
1591909200,232
1591910100,190
1591911000,191
1591911900,202
1591912800,191
1591913700,169
1591914600,150
1591915500,173
1591916400,166
1591917300,182
1591918200,156
1591919100,159
1591920000,163
1591920900,156
1591921800,170
1591922700,170
1591923600,171
1591924500,168
1591925400,154
1591926300,173
1591927200,163
1591928100,152
1591929000,161
1591929900,183
1591930800,162
1591931700,183
1591932600,158
1591933500,174
1591934400,147
1591935300,151
1591936200,143
1591937100,150
1591938000,237
1591938900,213
1591939800,195
1591940700,420
1591941600,671
1591942500,274
1591943400,240
1591944300,588
1591945200,629
1591946100,226
1591947000,308
1591947900,317
1591948800,261
1591949700,249
1591950600,244
1591951500,291
1591952400,319
1591953300,301
1591954200,808
1591955100,782
1591956000,615
1591956900,399
1591957800,429
1591958700,317
1591959600,310
1591960500,288
1591961400,275
1591962300,282
1591963200,220
1591964100,222
1591965000,209
1591965900,329
1591966800,279
1591967700,285
1591968600,212
1591969500,256
1591970400,275
1591971300,227
1591972200,209
1591973100,243
1591974000,255
1591974900,222
1591975800,226
1591976700,233
1591977600,226
1591978500,253
1591979400,224
1591980300,226
1591981200,225
1591982100,238
1591983000,262
1591983900,263
1591984800,264
1591985700,277
1591986600,260
1591987500,265
1591988400,264
1591989300,270
1591990200,317
1591991100,340
1591992000,312
1591992900,275
1591993800,274
1591994700,241
1591995600,233
1591996500,242
1591997400,210
1591998300,189
1591999200,166
1592000100,152
1592001000,147
1592001900,162
1592002800,145
1592003700,156
1592004600,164
1592005500,159
1592006400,138
1592007300,156
1592008200,155
1592009100,161
1592010000,145
1592010900,156
1592011800,167
1592012700,168
1592013600,160
1592014500,166
1592015400,167
1592016300,157
1592017200,159
1592018100,174
1592019000,171
1592019900,159
1592020800,151
1592021700,144
1592022600,180
1592023500,142
1592024400,150
1592025300,142
1592026200,152
1592027100,155
1592028000,174
1592028900,146
1592029800,161
1592030700,163
1592031600,180
1592032500,502
1592033400,726
1592034300,620
1592035200,461
1592036100,583
1592037000,267
1592037900,281
1592038800,864
1592039700,392
1592040600,239
1592041500,238
1592042400,214
1592043300,189
1592044200,465
1592045100,1185
1592046000,234
1592046900,273
1592047800,222
1592048700,232
1592049600,219
1592050500,218
1592051400,202
1592052300,198
1592053200,198
1592054100,216
1592055000,160
1592055900,140
1592056800,134
1592057700,154
1592058600,150
1592059500,236
1592060400,167
1592061300,162
1592062200,172
1592063100,149
1592064000,174
1592064900,173
1592065800,166
1592066700,132
1592067600,150
1592068500,151
1592069400,148
1592070300,154
1592071200,140
1592072100,189
1592073000,236
1592073900,188
1592074800,185
1592075700,209
1592076600,201
1592077500,227
1592078400,206
1592079300,205
1592080200,175
1592081100,181
1592082000,176
1592082900,163
1592083800,122
1592084700,130
1592085600,131
1592086500,153
1592087400,135
1592088300,157
1592089200,148
1592090100,186
1592091000,164
1592091900,161
1592092800,153
1592093700,173
1592094600,158
1592095500,166
1592096400,166
1592097300,168
1592098200,171
1592099100,156
1592100000,168
1592100900,165
1592101800,152
1592102700,166
1592103600,160
1592104500,153
1592105400,162
1592106300,149
1592107200,172
1592108100,153
1592109000,152
1592109900,139
1592110800,142
1592111700,139
1592112600,143
1592113500,153
1592114400,161
1592115300,161
1592116200,156
1592117100,142
1592118000,139
1592118900,186
1592119800,809
1592120700,497
1592121600,163
1592122500,153
1592123400,161
1592124300,138
1592125200,187
1592126100,198
1592127000,200
1592127900,176
1592128800,187
1592129700,177
1592130600,193
1592131500,346
1592132400,189
1592133300,182
1592134200,200
1592135100,224
1592136000,201
1592136900,180
1592137800,197
1592138700,277
1592139600,639
1592140500,219
1592141400,326
1592142300,1128
1592143200,431
1592144100,199
1592145000,180
1592145900,196
1592146800,187
1592147700,191
1592148600,192
1592149500,182
1592150400,190
1592151300,169
1592152200,171
1592153100,170
1592154000,169
1592154900,163
1592155800,173
1592156700,174
1592157600,207
1592158500,229
1592159400,321
1592160300,785
1592161200,587
1592162100,418
1592163000,433
1592163900,405
1592164800,433
1592165700,279
1592166600,241
1592167500,142
1592168400,151
1592169300,140
1592170200,149
1592171100,136
1592172000,150
1592172900,135
1592173800,146
1592174700,154
1592175600,148
1592176500,145
1592177400,132
1592178300,151
1592179200,146
1592180100,124
1592181000,128
1592181900,134
1592182800,129
1592183700,123
1592184600,127
1592185500,126
1592186400,150
1592187300,128
1592188200,135
1592189100,138
1592190000,169
1592190900,152
1592191800,155
1592192700,169
1592193600,193
1592194500,253
1592195400,193
1592196300,162
1592197200,190
1592198100,229
1592199000,192
1592199900,159
1592200800,159
1592201700,128
1592202600,149
1592203500,158
1592204400,201
1592205300,181
1592206200,177
1592207100,298
1592208000,283
1592208900,227
1592209800,244
1592210700,246
1592211600,169
1592212500,181
1592213400,181
1592214300,175
1592215200,192
1592216100,332
1592217000,441
1592217900,232
1592218800,246
1592219700,354
1592220600,254
1592221500,331
1592222400,308
1592223300,335
1592224200,251
1592225100,306
1592226000,222
1592226900,226
1592227800,257
1592228700,297
1592229600,244
1592230500,190
1592231400,204
1592232300,265
1592233200,285
1592234100,403
1592235000,396
1592235900,290
1592236800,266
1592237700,282
1592238600,280
1592239500,291
1592240400,284
1592241300,270
1592242200,280
1592243100,266
1592244000,282
1592244900,306
1592245800,320
1592246700,306
1592247600,315
1592248500,375
1592249400,394
1592250300,383
1592251200,402
1592252100,389
1592253000,618
1592253900,715
1592254800,193
1592255700,185
1592256600,185
1592257500,189
1592258400,154
1592259300,148
1592260200,133
1592261100,155
1592262000,139
1592262900,135
1592263800,141
1592264700,157
1592265600,141
1592266500,137
1592267400,134
1592268300,168
1592269200,151
1592270100,139
1592271000,158
1592271900,160
1592272800,162
1592273700,142
1592274600,157
1592275500,135
1592276400,149
1592277300,134
1592278200,152
1592279100,158
1592280000,192
1592280900,251
1592281800,197
1592282700,149
1592283600,199
1592284500,162
1592285400,169
1592286300,179
1592287200,189
1592288100,412
1592289000,371
1592289900,253
1592290800,318
1592291700,317
1592292600,268
1592293500,302
1592294400,357
1592295300,287
1592296200,228
1592297100,274
1592298000,245
1592298900,496
1592299800,281
1592300700,254
1592301600,202
1592302500,196
1592303400,200
1592304300,187
1592305200,186
1592306100,203
1592307000,254
1592307900,221
1592308800,186
1592309700,181
1592310600,197
1592311500,175
1592312400,235
1592313300,182
1592314200,193
1592315100,189
1592316000,178
1592316900,184
1592317800,187
1592318700,182
1592319600,216
1592320500,298
1592321400,350
1592322300,357
1592323200,289
1592324100,353
1592325000,320
1592325900,294
1592326800,323
1592327700,337
1592328600,328
1592329500,334
1592330400,356
1592331300,391
1592332200,380
1592333100,343
1592334000,347
1592334900,368
1592335800,390
1592336700,384
1592337600,335
1592338500,608
1592339400,981
1592340300,391
1592341200,317
1592342100,756
1592343000,200
1592343900,175
1592344800,174
1592345700,165
1592346600,159
1592347500,151
1592348400,158
1592349300,165
1592350200,146
1592351100,161
1592352000,160
1592352900,172
1592353800,163
1592354700,164
1592355600,165
1592356500,170
1592357400,157
1592358300,164
1592359200,173
1592360100,168
1592361000,174
1592361900,153
1592362800,157
1592363700,154
1592364600,178
1592365500,821
1592366400,751
1592367300,755
1592368200,518
1592369100,195
1592370000,195
1592370900,156
1592371800,154
1592372700,175
1592373600,177
1592374500,174
1592375400,177
1592376300,545
1592377200,800
1592378100,321
1592379000,228
1592379900,427
1592380800,360
1592381700,203
1592382600,175
1592383500,190
1592384400,284
1592385300,338
1592386200,317
1592387100,162
1592388000,176
1592388900,163
1592389800,189
1592390700,249
1592391600,238
1592392500,151
1592393400,158
1592394300,182
1592395200,188
1592396100,179
1592397000,177
1592397900,346
1592398800,257
1592399700,156
1592400600,255
1592401500,294
1592402400,173
1592403300,154
1592404200,142
1592405100,153
1592406000,181
1592406900,240
1592407800,341
1592408700,255
1592409600,332
1592410500,220
1592411400,247
1592412300,260
1592413200,235
1592414100,240
1592415000,246
1592415900,260
1592416800,237
1592417700,229
1592418600,237
1592419500,725
1592420400,365
1592421300,268
1592422200,486
1592423100,755
1592424000,266
1592424900,286
1592425800,277
1592426700,411
1592427600,602
1592428500,269
1592429400,227
1592430300,258
1592431200,206
1592432100,146
1592433000,141
1592433900,150
1592434800,141
1592435700,147
1592436600,147
1592437500,141
1592438400,151
1592439300,130
1592440200,154
1592441100,152
1592442000,149
1592442900,158
1592443800,159
1592444700,152
1592445600,153
1592446500,162
1592447400,160
1592448300,153
1592449200,142
1592450100,143
1592451000,146
1592451900,148
1592452800,143
1592453700,135
1592454600,153
1592455500,133
1592456400,580
1592457300,263
1592458200,173
1592459100,187
1592460000,202
1592460900,221
1592461800,233
1592462700,216
1592463600,258
1592464500,288
1592465400,221
1592466300,243
1592467200,156
1592468100,194
1592469000,205
1592469900,262
1592470800,237
1592471700,270
1592472600,255
1592473500,735
1592474400,344
1592475300,243
1592476200,326
1592477100,214
1592478000,193
1592478900,191
1592479800,184
1592480700,190
1592481600,193
1592482500,202
1592483400,170
1592484300,155
1592485200,211
1592486100,220
1592487000,203
1592487900,215
1592488800,214
1592489700,239
1592490600,219
1592491500,722
1592492400,914
1592493300,791
1592494200,769
1592495100,422
1592496000,356
1592496900,424
1592497800,553
1592498700,603
1592499600,487
1592500500,537
1592501400,494
1592502300,236
1592503200,291
1592504100,283
1592505000,276
1592505900,294
1592506800,268
1592507700,273
1592508600,264
1592509500,342
1592510400,286
1592511300,251
1592512200,249
1592513100,250
1592514000,251
1592514900,222
1592515800,220
1592516700,219
1592517600,228
1592518500,218
1592519400,217
1592520300,188
1592521200,178
1592522100,186
1592523000,167
1592523900,195
1592524800,181
1592525700,187
1592526600,174
1592527500,183
1592528400,179
1592529300,188
1592530200,160
1592531100,200
1592532000,180
1592532900,199
1592533800,178
1592534700,184
1592535600,183
1592536500,165
1592537400,167
1592538300,173
1592539200,169
1592540100,147
1592541000,130
1592541900,135
1592542800,146
1592543700,131
1592544600,222
1592545500,217
1592546400,305
1592547300,180
1592548200,279
1592549100,432
1592550000,266
1592550900,318
1592551800,293
1592552700,245
1592553600,252
1592554500,251
1592555400,236
1592556300,234
1592557200,247
1592558100,258
1592559000,392
1592559900,334
1592560800,283
1592561700,289
1592562600,330
1592563500,300
1592564400,945
1592565300,372
1592566200,303
1592567100,792
1592568000,948
1592568900,401
1592569800,274
1592570700,280
1592571600,315
1592572500,323
1592573400,298
1592574300,284
1592575200,388
1592576100,385
1592577000,304
1592577900,307
1592578800,311
1592579700,289
1592580600,346
1592581500,466
1592582400,395
1592583300,450
1592584200,438
1592585100,390
1592586000,585
1592586900,806
1592587800,736
1592588700,308
1592589600,285
1592590500,284
1592591400,297
1592592300,298
1592593200,323
1592594100,314
1592595000,296
1592595900,279
1592596800,277
1592597700,272
1592598600,264
1592599500,259
1592600400,245
1592601300,240
1592602200,230
1592603100,216
1592604000,196
1592604900,165
1592605800,160
1592606700,154
1592607600,144
1592608500,136
1592609400,154
1592610300,149
1592611200,134
1592612100,139
1592613000,161
1592613900,163
1592614800,152
1592615700,143
1592616600,157
1592617500,167
1592618400,148
1592619300,147
1592620200,164
1592621100,168
1592622000,160
1592622900,137
1592623800,138
1592624700,146
1592625600,143
1592626500,136
1592627400,136
1592628300,142
1592629200,145
1592630100,150
1592631000,141
1592631900,137
1592632800,165
1592633700,143
1592634600,161
1592635500,154
1592636400,241
1592637300,274
1592638200,219
1592639100,204
1592640000,206
1592640900,199
1592641800,199
1592642700,191
1592643600,233
1592644500,246
1592645400,700
1592646300,693
1592647200,460
1592648100,317
1592649000,403
1592649900,257
1592650800,266
1592651700,254
1592652600,262
1592653500,431
1592654400,429
1592655300,388
1592656200,826
1592657100,370
1592658000,484
1592658900,403
1592659800,381
1592660700,725
1592661600,637
1592662500,535
1592663400,545
1592664300,1003
1592665200,624
1592666100,921
1592667000,796
1592667900,499
1592668800,363
1592669700,354
1592670600,463
1592671500,356
1592672400,392
1592673300,369
1592674200,421
1592675100,375
1592676000,372
1592676900,371
1592677800,372
1592678700,356
1592679600,362
1592680500,379
1592681400,333
1592682300,306
1592683200,320
1592684100,318
1592685000,308
1592685900,292
1592686800,242
1592687700,185
1592688600,165
1592689500,139
1592690400,137
1592691300,150
1592692200,147
1592693100,147
1592694000,137
1592694900,153
1592695800,149
1592696700,159
1592697600,153
1592698500,155
1592699400,138
1592700300,150
1592701200,157
1592702100,190
1592703000,151
1592703900,160
1592704800,150
1592705700,172
1592706600,148
1592707500,146
1592708400,151
1592709300,162
1592710200,141
1592711100,145
1592712000,133
1592712900,142
1592713800,132
1592714700,143
1592715600,144
1592716500,143
1592717400,144
1592718300,213
1592719200,144
1592720100,330
1592721000,967
1592721900,475
1592722800,368
1592723700,244
1592724600,275
1592725500,363
1592726400,391
1592727300,266
1592728200,358
1592729100,298
1592730000,428
1592730900,429
1592731800,286
1592732700,306
1592733600,357
1592734500,269
1592735400,233
1592736300,255
1592737200,258
1592738100,283
1592739000,250
1592739900,249
1592740800,242
1592741700,259
1592742600,370
1592743500,364
1592744400,326
1592745300,326
1592746200,347
1592747100,330
1592748000,331
1592748900,516
1592749800,1147
1592750700,972
1592751600,748
1592752500,339
1592753400,312
1592754300,383
1592755200,647
1592756100,1111
1592757000,531
1592757900,476
1592758800,973
1592759700,535
1592760600,368
1592761500,328
1592762400,312
1592763300,332
1592764200,375
1592765100,344
1592766000,358
1592766900,337
1592767800,350
1592768700,345
1592769600,343
1592770500,232
1592771400,204
1592772300,181
1592773200,144
1592774100,132
1592775000,156
1592775900,146
1592776800,145
1592777700,132
1592778600,166
1592779500,157
1592780400,172
1592781300,148
1592782200,149
1592783100,147
1592784000,144
1592784900,149
1592785800,160
1592786700,152
1592787600,158
1592788500,145
1592789400,161
1592790300,161
1592791200,143
1592792100,159
1592793000,163
1592793900,151
1592794800,156
1592795700,135
1592796600,173
1592797500,143
1592798400,157
1592799300,242
1592800200,204
1592801100,173
1592802000,168
1592802900,158
1592803800,180
1592804700,208
1592805600,171
1592806500,355
1592807400,302
1592808300,312
1592809200,233
1592810100,337
1592811000,210
1592811900,227
1592812800,332
1592813700,254
1592814600,230
1592815500,171
1592816400,137
1592817300,162
1592818200,160
1592819100,202
1592820000,314
1592820900,350
1592821800,387
1592822700,354
1592823600,983
1592824500,991
1592825400,786
1592826300,367
1592827200,348
1592828100,363
1592829000,345
1592829900,441
1592830800,415
1592831700,351
1592832600,370
1592833500,388
1592834400,316
1592835300,312
1592836200,338
1592837100,363
1592838000,344
1592838900,320
1592839800,358
1592840700,392
1592841600,457
1592842500,296
1592843400,365
1592844300,476
1592845200,491
1592846100,369
1592847000,374
1592847900,383
1592848800,379
1592849700,375
1592850600,383
1592851500,419
1592852400,426
1592853300,433
1592854200,443
1592855100,446
1592856000,395
1592856900,332
1592857800,191
1592858700,153
1592859600,158
1592860500,148
1592861400,137
1592862300,144
1592863200,153
1592864100,167
1592865000,155
1592865900,159
1592866800,139
1592867700,169
1592868600,151
1592869500,136
1592870400,119
1592871300,136
1592872200,148
1592873100,148
1592874000,129
1592874900,140
1592875800,135
1592876700,159
1592877600,134
1592878500,141
1592879400,170
1592880300,161
1592881200,140
1592882100,155
1592883000,151
1592883900,148
1592884800,184
1592885700,267
1592886600,229
1592887500,240
1592888400,214
1592889300,181
1592890200,188
1592891100,159
1592892000,228
1592892900,187
1592893800,185
1592894700,174
1592895600,201
1592896500,218
1592897400,422
1592898300,198
1592899200,136
1592900100,141
1592901000,142
1592901900,135
1592902800,134
1592903700,138
1592904600,511
1592905500,399
1592906400,273
1592907300,194
1592908200,242
1592909100,246
1592910000,273
1592910900,206
1592911800,201
1592912700,331
1592913600,295
1592914500,238
1592915400,222
1592916300,244
1592917200,282
1592918100,224
1592919000,210
1592919900,220
1592920800,243
1592921700,229
1592922600,230
1592923500,324
1592924400,338
1592925300,361
1592926200,334
1592927100,473
1592928000,385
1592928900,354
1592929800,373
1592930700,435
1592931600,507
1592932500,414
1592933400,448
1592934300,411
1592935200,441
1592936100,405
1592937000,419
1592937900,394
1592938800,420
1592939700,457
1592940600,440
1592941500,433
1592942400,396
1592943300,469
1592944200,777
1592945100,211
1592946000,210
1592946900,642
1592947800,460
1592948700,162
1592949600,180
1592950500,172
1592951400,172
1592952300,174
1592953200,191
1592954100,176
1592955000,179
1592955900,162
1592956800,175
1592957700,153
1592958600,161
1592959500,159
1592960400,169
1592961300,163
1592962200,160
1592963100,155
1592964000,174
1592964900,165
1592965800,193
1592966700,159
1592967600,177
1592968500,176
1592969400,155
1592970300,199
1592971200,187
1592972100,305
1592973000,263
1592973900,279
1592974800,190
1592975700,277
1592976600,185
1592977500,190
1592978400,212
1592979300,183
1592980200,200
1592981100,373
1592982000,368
1592982900,276
1592983800,244
1592984700,235
1592985600,267
1592986500,287
1592987400,237
1592988300,216
1592989200,223
1592990100,226
1592991000,220
1592991900,219
1592992800,230
1592993700,460
1592994600,397
1592995500,433
1592996400,301
1592997300,269
1592998200,356
1592999100,302
1593000000,345
1593000900,285
1593001800,341
1593002700,339
1593003600,315
1593004500,277
1593005400,284
1593006300,282
1593007200,249
1593008100,238
1593009000,237
1593009900,246
1593010800,259
1593011700,321
1593012600,300
1593013500,321
1593014400,576
1593015300,608
1593016200,278
1593017100,282
1593018000,311
1593018900,370
1593019800,293
1593020700,334
1593021600,411
1593022500,428
1593023400,399
1593024300,394
1593025200,387
1593026100,438
1593027000,408
1593027900,358
1593028800,314
1593029700,274
1593030600,212
1593031500,220
1593032400,203
1593033300,211
1593034200,204
1593035100,202
1593036000,202
1593036900,184
1593037800,144
1593038700,185
1593039600,160
1593040500,168
1593041400,149
1593042300,156
1593043200,169
1593044100,179
1593045000,138
1593045900,148
1593046800,140
1593047700,157
1593048600,138
1593049500,146
1593050400,138
1593051300,158
1593052200,168
1593053100,157
1593054000,137
1593054900,161
1593055800,159
1593056700,188
1593057600,163
1593058500,321
1593059400,172
1593060300,231
1593061200,219
1593062100,204
1593063000,202
1593063900,209
1593064800,222
1593065700,214
1593066600,279
1593067500,277
1593068400,248
1593069300,223
1593070200,452
1593071100,298
1593072000,252
1593072900,235
1593073800,241
1593074700,364
1593075600,296
1593076500,273
1593077400,334
1593078300,313
1593079200,514
1593080100,405
1593081000,372
1593081900,320
1593082800,308
1593083700,292
1593084600,301
1593085500,355
1593086400,345
1593087300,300
1593088200,307
1593089100,317
1593090000,258
1593090900,310
1593091800,311
1593092700,366
1593093600,379
1593094500,292
1593095400,479
1593096300,444
1593097200,459
1593098100,345
1593099000,364
1593099900,366
1593100800,336
1593101700,309
1593102600,323
1593103500,327
1593104400,349
1593105300,316
1593106200,320
1593107100,315
1593108000,334
1593108900,300
1593109800,327
1593110700,332
1593111600,332
1593112500,348
1593113400,354
1593114300,374
1593115200,323
1593116100,505
1593117000,1215
1593117900,827
1593118800,475
1593119700,735
1593120600,479
1593121500,174
1593122400,177
1593123300,201
1593124200,197
1593125100,155
1593126000,159
1593126900,164
1593127800,171
1593128700,160
1593129600,173
1593130500,179
1593131400,171
1593132300,164
1593133200,148
1593134100,157
1593135000,148
1593135900,166
1593136800,150
1593137700,167
1593138600,148
1593139500,172
1593140400,152
1593141300,170
1593142200,179
1593143100,153
1593144000,175
1593144900,178
1593145800,404
1593146700,809
1593147600,851
1593148500,681
1593149400,542
1593150300,231
1593151200,809
1593152100,427
1593153000,282
1593153900,466
1593154800,314
1593155700,301
1593156600,235
1593157500,225
1593158400,242
1593159300,258
1593160200,241
1593161100,234
1593162000,250
1593162900,249
1593163800,254
1593164700,568
1593165600,1003
1593166500,828
1593167400,440
1593168300,352
1593169200,313
1593170100,269
1593171000,271
1593171900,277
1593172800,523
1593173700,336
1593174600,319
1593175500,278
1593176400,260
1593177300,250
1593178200,259
1593179100,269
1593180000,258
1593180900,261
1593181800,248
1593182700,231
1593183600,245
1593184500,236
1593185400,263
1593186300,431
1593187200,240
1593188100,233
1593189000,221
1593189900,204
1593190800,981
1593191700,504
1593192600,250
1593193500,258
1593194400,235
1593195300,242
1593196200,244
1593197100,278
1593198000,314
1593198900,316
1593199800,315
1593200700,320
1593201600,332
1593202500,314
1593203400,304
1593204300,219
1593205200,170
1593206100,204
1593207000,187
1593207900,182
1593208800,180
1593209700,180
1593210600,194
1593211500,199
1593212400,173
1593213300,169
1593214200,163
1593215100,159
1593216000,148
1593216900,146
1593217800,167
1593218700,170
1593219600,141
1593220500,133
1593221400,139
1593222300,152
1593223200,134
1593224100,142
1593225000,141
1593225900,148
1593226800,156
1593227700,142
1593228600,144
1593229500,151
1593230400,161
1593231300,155
1593232200,180
1593233100,180
1593234000,155
1593234900,179
1593235800,162
1593236700,182
1593237600,186
1593238500,215
1593239400,197
1593240300,243
1593241200,261
1593242100,299
1593243000,299
1593243900,225
1593244800,253
1593245700,260
1593246600,298
1593247500,267
1593248400,420
1593249300,376
1593250200,442
1593251100,376
1593252000,211
1593252900,268
1593253800,195
1593254700,459
1593255600,533
1593256500,281
1593257400,308
1593258300,690
1593259200,512
1593260100,208
1593261000,183
1593261900,223
1593262800,213
1593263700,220
1593264600,197
1593265500,193
1593266400,170
1593267300,177
1593268200,257
1593269100,197
1593270000,191
1593270900,189
1593271800,200
1593272700,195
1593273600,278
1593274500,219
1593275400,196
1593276300,155
1593277200,159
1593278100,136
1593279000,149
1593279900,136
1593280800,129
1593281700,130
1593282600,134
1593283500,136
1593284400,129
1593285300,160
1593286200,141
1593287100,172
1593288000,185
1593288900,186
1593289800,188
1593290700,168
1593291600,152
1593292500,132
1593293400,144
1593294300,144
1593295200,147
1593296100,157
1593297000,149
1593297900,167
1593298800,148
1593299700,177
1593300600,156
1593301500,155
1593302400,145
1593303300,175
1593304200,153
1593305100,160
1593306000,138
1593306900,155
1593307800,143
1593308700,142
1593309600,132
1593310500,141
1593311400,139
1593312300,147
1593313200,147
1593314100,156
1593315000,137
1593315900,153
1593316800,137
1593317700,160
1593318600,172
1593319500,174
1593320400,160
1593321300,160
1593322200,174
1593323100,153
1593324000,171
1593324900,171
1593325800,171
1593326700,148
1593327600,180
1593328500,797
1593329400,229
1593330300,231
1593331200,229
1593332100,250
1593333000,255
1593333900,227
1593334800,250
1593335700,226
1593336600,223
1593337500,190
1593338400,180
1593339300,177
1593340200,201
1593341100,363
1593342000,792
1593342900,498
1593343800,181
1593344700,151
1593345600,148
1593346500,162
1593347400,218
1593348300,216
1593349200,269
1593350100,279
1593351000,253
1593351900,270
1593352800,267
1593353700,341
1593354600,274
1593355500,253
1593356400,251
1593357300,258
1593358200,248
1593359100,246
1593360000,259
1593360900,252
1593361800,263
1593362700,231
1593363600,340
1593364500,259
1593365400,344
1593366300,240
1593367200,225
1593368100,266
1593369000,291
1593369900,308
1593370800,353
1593371700,361
1593372600,408
1593373500,369
1593374400,380
1593375300,770
1593376200,779
1593377100,274
1593378000,258
1593378900,223
1593379800,209
1593380700,244
1593381600,226
1593382500,229
1593383400,182
1593384300,206
1593385200,195
1593386100,209
1593387000,183
1593387900,209
1593388800,217
1593389700,199
1593390600,193
1593391500,203
1593392400,209
1593393300,207
1593394200,186
1593395100,181
1593396000,197
1593396900,190
1593397800,188
1593398700,184
1593399600,189
1593400500,180
1593401400,239
1593402300,206
1593403200,217
1593404100,325
1593405000,290
1593405900,216
1593406800,507
1593407700,856
1593408600,781
1593409500,651
1593410400,507
1593411300,175
1593412200,192
1593413100,188
1593414000,211
1593414900,166
1593415800,166
1593416700,154
1593417600,149
1593418500,139
1593419400,163
1593420300,156
1593421200,158
1593422100,137
1593423000,155
1593423900,143
1593424800,143
1593425700,133
1593426600,137
1593427500,180
1593428400,203
1593429300,269
1593430200,322
1593431100,260
1593432000,284
1593432900,217
1593433800,278
1593434700,207
1593435600,210
1593436500,205
1593437400,231
1593438300,314
1593439200,279
1593440100,235
1593441000,326
1593441900,367
1593442800,505
1593443700,419
1593444600,300
1593445500,279
1593446400,273
1593447300,400
1593448200,308
1593449100,300
1593450000,288
1593450900,308
1593451800,475
1593452700,348
1593453600,414
1593454500,340
1593455400,369
1593456300,361
1593457200,385
1593458100,398
1593459000,447
1593459900,425
1593460800,863
1593461700,494
1593462600,404
1593463500,557
1593464400,650
1593465300,154
1593466200,152
1593467100,123
1593468000,152
1593468900,152
1593469800,157
1593470700,135
1593471600,145
1593472500,158
1593473400,150
1593474300,124
1593475200,150
1593476100,150
1593477000,155
1593477900,132
1593478800,149
1593479700,165
1593480600,181
1593481500,137
1593482400,144
1593483300,145
1593484200,152
1593485100,135
1593486000,142
1593486900,137
1593487800,168
1593488700,177
1593489600,158
1593490500,266
1593491400,272
1593492300,196
1593493200,301
1593494100,705
1593495000,175
1593495900,168
1593496800,171
1593497700,179
1593498600,169
1593499500,153
1593500400,161
1593501300,430
1593502200,233
1593503100,252
1593504000,226
1593504900,228
1593505800,244
1593506700,510
1593507600,590
1593508500,279
1593509400,184
1593510300,230
1593511200,241
1593512100,220
1593513000,231
1593513900,203
1593514800,180
1593515700,286
1593516600,273
1593517500,246
1593518400,257
1593519300,207
1593520200,219
1593521100,209
1593522000,206
1593522900,226
1593523800,207
1593524700,223
1593525600,206
1593526500,208
1593527400,211
1593528300,281
1593529200,386
1593530100,350
1593531000,284
1593531900,268
1593532800,279
1593533700,329
1593534600,298
1593535500,320
1593536400,427
1593537300,646
1593538200,609
1593539100,287
1593540000,288
1593540900,298
1593541800,274
1593542700,285
1593543600,257
1593544500,286
1593545400,345
1593546300,343
1593547200,422
1593548100,836
1593549000,251
1593549900,240
1593550800,245
1593551700,204
1593552600,177
1593553500,140
1593554400,153
1593555300,134
1593556200,153
1593557100,155
1593558000,180
1593558900,142
1593559800,158
1593560700,153
1593561600,165
1593562500,143
1593563400,166
1593564300,154
1593565200,171
1593566100,140
1593567000,158
1593567900,152
1593568800,151
1593569700,138
1593570600,152
1593571500,134
1593572400,150
1593573300,149
1593574200,157
1593575100,165
1593576000,170
1593576900,305
1593577800,268
1593578700,176
1593579600,168
1593580500,127
1593581400,445
1593582300,798
1593583200,653
1593584100,623
1593585000,213
1593585900,405
1593586800,296
1593587700,194
1593588600,198
1593589500,187
1593590400,256
1593591300,234
1593592200,206
1593593100,271
1593594000,224
1593594900,250
1593595800,226
1593596700,325
1593597600,231
1593598500,200
1593599400,280
1593600300,186
1593601200,188
1593602100,198
1593603000,187
1593603900,185
1593604800,206
1593605700,221
1593606600,207
1593607500,222
1593608400,202
1593609300,220
1593610200,206
1593611100,210
1593612000,148
1593612900,193
1593613800,247
1593614700,223
1593615600,250
1593616500,273
1593617400,290
1593618300,288
1593619200,265
1593620100,294
1593621000,298
1593621900,463
1593622800,388
1593623700,323
1593624600,330
1593625500,340
1593626400,313
1593627300,307
1593628200,308
1593629100,344
1593630000,352
1593630900,314
1593631800,308
1593632700,318
1593633600,343
1593634500,344
1593635400,644
1593636300,285
1593637200,257
1593638100,257
1593639000,234
1593639900,237
1593640800,149
1593641700,149
1593642600,138
1593643500,142
1593644400,151
1593645300,154
1593646200,139
1593647100,134
1593648000,141
1593648900,154
1593649800,130
1593650700,143
1593651600,143
1593652500,166
1593653400,139
1593654300,134
1593655200,136
1593656100,139
1593657000,120
1593657900,129
1593658800,121
1593659700,141
1593660600,132
1593661500,156
1593662400,152
1593663300,235
1593664200,145
1593665100,176
1593666000,191
1593666900,203
1593667800,178
1593668700,166
1593669600,622
1593670500,761
1593671400,644
1593672300,249
1593673200,201
1593674100,212
1593675000,204
1593675900,244
1593676800,255
1593677700,270
1593678600,269
1593679500,278
1593680400,291
1593681300,293
1593682200,261
1593683100,255
1593684000,263
1593684900,536
1593685800,704
1593686700,266
1593687600,368
1593688500,324
1593689400,310
1593690300,293
1593691200,254
1593692100,348
1593693000,369
1593693900,284
1593694800,279
1593695700,262
1593696600,273
1593697500,248
1593698400,241
1593699300,315
1593700200,378
1593701100,289
1593702000,351
1593702900,356
1593703800,301
1593704700,309
1593705600,310
1593706500,318
1593707400,469
1593708300,378
1593709200,340
1593710100,313
1593711000,310
1593711900,381
1593712800,376
1593713700,372
1593714600,390
1593715500,396
1593716400,412
1593717300,446
1593718200,455
1593719100,413
1593720000,385
1593720900,286
1593721800,222
1593722700,213
1593723600,199
1593724500,202
1593725400,197
1593726300,215
1593727200,198
1593728100,146
1593729000,155
1593729900,154
1593730800,144
1593731700,134
1593732600,155
1593733500,161
1593734400,156
1593735300,140
1593736200,166
1593737100,160
1593738000,157
1593738900,146
1593739800,164
1593740700,161
1593741600,160
1593742500,135
1593743400,144
1593744300,144
1593745200,142
1593746100,132
1593747000,152
1593747900,166
1593748800,157
1593749700,209
1593750600,163
1593751500,165
1593752400,221
1593753300,149
1593754200,183
1593755100,182
1593756000,618
1593756900,244
1593757800,180
1593758700,390
1593759600,619
1593760500,148
1593761400,160
1593762300,171
1593763200,295
1593764100,243
1593765000,285
1593765900,249
1593766800,271
1593767700,376
1593768600,358
1593769500,481
1593770400,289
1593771300,254
1593772200,273
1593773100,277
1593774000,246
1593774900,228
1593775800,254
1593776700,365
1593777600,362
1593778500,390
1593779400,338
1593780300,347
1593781200,356
1593782100,324
1593783000,311
1593783900,296
1593784800,292
1593785700,295
1593786600,310
1593787500,317
1593788400,310
1593789300,303
1593790200,333
1593791100,295
1593792000,336
1593792900,259
1593793800,332
1593794700,308
1593795600,236
1593796500,253
1593797400,267
1593798300,250
1593799200,229
1593800100,243
1593801000,286
1593801900,277
1593802800,252
1593803700,271
1593804600,280
1593805500,225
1593806400,222
1593807300,194
1593808200,223
1593809100,188
1593810000,188
1593810900,190
1593811800,200
1593812700,153
1593813600,145
1593814500,132
1593815400,155
1593816300,140
1593817200,147
1593818100,146
1593819000,183
1593819900,176
1593820800,162
1593821700,132
1593822600,162
1593823500,163
1593824400,145
1593825300,170
1593826200,160
1593827100,162
1593828000,150
1593828900,155
1593829800,155
1593830700,156
1593831600,146
1593832500,147
1593833400,154
1593834300,147
1593835200,153
1593836100,160
1593837000,162
1593837900,157
1593838800,176
1593839700,165
1593840600,152
1593841500,139
1593842400,142
1593843300,132
1593844200,125
1593845100,206
1593846000,323
1593846900,182
1593847800,211
1593848700,572
1593849600,673
1593850500,529
1593851400,435
1593852300,357
1593853200,307
1593854100,322
1593855000,721
1593855900,474
1593856800,486
1593857700,524
1593858600,338
1593859500,271
1593860400,669
1593861300,470
1593862200,358
1593863100,428
1593864000,1002
1593864900,355
1593865800,320
1593866700,306
1593867600,287
1593868500,437
1593869400,388
1593870300,314
1593871200,416
1593872100,332
1593873000,284
1593873900,287
1593874800,261
1593875700,274
1593876600,285
1593877500,263
1593878400,285
1593879300,260
1593880200,351
1593881100,326
1593882000,269
1593882900,364
1593883800,364
1593884700,380
1593885600,248
1593886500,251
1593887400,233
1593888300,236
1593889200,256
1593890100,245
1593891000,260
1593891900,240
1593892800,274
1593893700,275
1593894600,329
1593895500,301
1593896400,288
1593897300,244
1593898200,240
1593899100,217
1593900000,230
1593900900,165
1593901800,135
1593902700,137
1593903600,133
1593904500,137
1593905400,141
1593906300,146
1593907200,150
1593908100,143
1593909000,140
1593909900,142
1593910800,170
1593911700,154
1593912600,143
1593913500,150
1593914400,170
1593915300,137
1593916200,156
1593917100,158
1593918000,164
1593918900,151
1593919800,150
1593920700,155
1593921600,160
1593922500,150
1593923400,167
1593924300,165
1593925200,167
1593926100,158
1593927000,139
1593927900,150
1593928800,154
1593929700,137
1593930600,144
1593931500,135
1593932400,246
1593933300,204
1593934200,344
1593935100,510
1593936000,291
1593936900,251
1593937800,236
1593938700,256
1593939600,350
1593940500,313
1593941400,328
1593942300,309
1593943200,325
1593944100,315
1593945000,339
1593945900,320
1593946800,297
1593947700,288
1593948600,504
1593949500,541
1593950400,378
1593951300,345
1593952200,339
1593953100,326
1593954000,328
1593954900,389
1593955800,320
1593956700,301
1593957600,276
1593958500,244
1593959400,222
1593960300,278
1593961200,294
1593962100,269
1593963000,265
1593963900,250
1593964800,298
1593965700,257
1593966600,235
1593967500,243
1593968400,255
1593969300,728
1593970200,519
1593971100,359
1593972000,539
1593972900,879
1593973800,321
1593974700,301
1593975600,315
1593976500,334
1593977400,370
1593978300,359
1593979200,333
1593980100,326
1593981000,247
1593981900,213
1593982800,205
1593983700,173
1593984600,140
1593985500,150
1593986400,139
1593987300,147
1593988200,126
1593989100,137
1593990000,131
1593990900,155
1593991800,136
1593992700,142
1593993600,133
1593994500,169
1593995400,140
1593996300,150
1593997200,134
1593998100,168
1593999000,158
1593999900,159
1594000800,135
1594001700,158
1594002600,160
1594003500,147
1594004400,157
1594005300,158
1594006200,179
1594007100,160
1594008000,210
1594008900,159
1594009800,150
1594010700,134
1594011600,237
1594012500,146
1594013400,199
1594014300,145
1594015200,312
1594016100,344
1594017000,203
1594017900,165
1594018800,196
1594019700,177
1594020600,187
1594021500,334
1594022400,232
1594023300,248
1594024200,319
1594025100,220
1594026000,242
1594026900,270
1594027800,250
1594028700,229
1594029600,290
1594030500,274
1594031400,241
1594032300,248
1594033200,278
1594034100,282
1594035000,276
1594035900,254
1594036800,376
1594037700,306
1594038600,260
1594039500,278
1594040400,279
1594041300,335
1594042200,290
1594043100,303
1594044000,299
1594044900,295
1594045800,265
1594046700,252
1594047600,258
1594048500,271
1594049400,244
1594050300,264
1594051200,398
1594052100,280
1594053000,299
1594053900,301
1594054800,286
1594055700,352
1594056600,348
1594057500,352
1594058400,372
1594059300,357
1594060200,337
1594061100,383
1594062000,390
1594062900,482
1594063800,501
1594064700,491
1594065600,436
1594066500,442
1594067400,370
1594068300,315
1594069200,234
1594070100,204
1594071000,196
1594071900,189
1594072800,200
1594073700,252
1594074600,169
1594075500,129
1594076400,134
1594077300,125
1594078200,142
1594079100,127
1594080000,137
1594080900,129
1594081800,154
1594082700,149
1594083600,146
1594084500,146
1594085400,152
1594086300,171
1594087200,155
1594088100,159
1594089000,139
1594089900,169
1594090800,152
1594091700,146
1594092600,161
1594093500,169
1594094400,172
1594095300,196
1594096200,157
1594097100,153
1594098000,169
1594098900,165
1594099800,257
1594100700,160
1594101600,183
1594102500,164
1594103400,172
1594104300,160
1594105200,177
1594106100,172
1594107000,289
1594107900,330
1594108800,223
1594109700,187
1594110600,215
1594111500,312
1594112400,284
1594113300,467
1594114200,227
1594115100,235
1594116000,811
1594116900,583
1594117800,382
1594118700,317
1594119600,247
1594120500,338
1594121400,325
1594122300,295
1594123200,264
1594124100,256
1594125000,255
1594125900,272
1594126800,249
1594127700,259
1594128600,250
1594129500,258
1594130400,218
1594131300,286
1594132200,259
1594133100,263
1594134000,259
1594134900,248
1594135800,254
1594136700,439
1594137600,404
1594138500,343
1594139400,339
1594140300,477
1594141200,385
1594142100,513
1594143000,431
1594143900,418
1594144800,394
1594145700,387
1594146600,399
1594147500,372
1594148400,383
1594149300,367
1594150200,351
1594151100,367
1594152000,357
1594152900,806
1594153800,350
1594154700,250
1594155600,412
1594156500,797
1594157400,223
1594158300,178
1594159200,149
1594160100,143
1594161000,153
1594161900,128
1594162800,143
1594163700,132
1594164600,131
1594165500,124
1594166400,133
1594167300,132
1594168200,147
1594169100,148
1594170000,158
1594170900,147
1594171800,162
1594172700,142
1594173600,153
1594174500,156
1594175400,168
1594176300,134
1594177200,163
1594178100,152
1594179000,169
1594179900,145
1594180800,166
1594181700,188
1594182600,193
1594183500,137
1594184400,163
1594185300,156
1594186200,162
1594187100,152
1594188000,162
1594188900,153
1594189800,213
1594190700,162
1594191600,158
1594192500,176
1594193400,220
1594194300,232
1594195200,319
1594196100,264
1594197000,277
1594197900,283
1594198800,290
1594199700,238
1594200600,226
1594201500,411
1594202400,452
1594203300,297
1594204200,339
1594205100,340
1594206000,292
1594206900,386
1594207800,274
1594208700,301
1594209600,322
1594210500,335
1594211400,281
1594212300,288
1594213200,306
1594214100,264
1594215000,250
1594215900,238
1594216800,273
1594217700,273
1594218600,264
1594219500,245
1594220400,305
1594221300,308
1594222200,310
1594223100,284
1594224000,296
1594224900,283
1594225800,282
1594226700,259
1594227600,251
1594228500,264
1594229400,265
1594230300,259
1594231200,267
1594232100,270
1594233000,282
1594233900,355
1594234800,403
1594235700,396
1594236600,427
1594237500,419
1594238400,371
1594239300,380
1594240200,306
1594241100,272
1594242000,205
1594242900,185
1594243800,172
1594244700,150
1594245600,150
1594246500,157
1594247400,128
1594248300,154
1594249200,126
1594250100,144
1594251000,123
1594251900,130
1594252800,123
1594253700,133
1594254600,143
1594255500,155
1594256400,135
1594257300,153
1594258200,138
1594259100,168
1594260000,152
1594260900,160
1594261800,133
1594262700,170
1594263600,145
1594264500,151
1594265400,151
1594266300,163
1594267200,181
1594268100,181
1594269000,201
1594269900,164
1594270800,159
1594271700,157
1594272600,161
1594273500,199
1594274400,167
1594275300,143
1594276200,154
1594277100,153
1594278000,153
1594278900,169
1594279800,203
1594280700,237
1594281600,208
1594282500,257
1594283400,240
1594284300,290
1594285200,224
1594286100,284
1594287000,649
1594287900,911
1594288800,325
1594289700,263
1594290600,266
1594291500,293
1594292400,356
1594293300,324
1594294200,342
1594295100,288
1594296000,241
1594296900,245
1594297800,243
1594298700,207
1594299600,196
1594300500,214
1594301400,175
1594302300,157
1594303200,164
1594304100,154
1594305000,173
1594305900,260
1594306800,193
1594307700,194
1594308600,220
1594309500,202
1594310400,203
1594311300,207
1594312200,235
1594313100,203
1594314000,224
1594314900,199
1594315800,229
1594316700,232
1594317600,237
1594318500,279
1594319400,255
1594320300,240
1594321200,296
1594322100,323
1594323000,331
1594323900,355
1594324800,374
1594325700,331
1594326600,537
1594327500,819
1594328400,704
1594329300,208
1594330200,231
1594331100,221
1594332000,217
1594332900,203
1594333800,234
1594334700,192
1594335600,193
1594336500,169
1594337400,161
1594338300,151
1594339200,136
1594340100,143
1594341000,134
1594341900,153
1594342800,146
1594343700,171
1594344600,149
1594345500,158
1594346400,140
1594347300,151
1594348200,159
1594349100,139
1594350000,131
1594350900,138
1594351800,140
1594352700,140
1594353600,135
1594354500,189
1594355400,171
1594356300,160
1594357200,181
1594358100,277
1594359000,339
1594359900,332
1594360800,227
1594361700,239
1594362600,283
1594363500,421
1594364400,402
1594365300,784
1594366200,1094
1594367100,1028
1594368000,862
1594368900,910
1594369800,361
1594370700,267
1594371600,283
1594372500,419
1594373400,667
1594374300,393
1594375200,422
1594376100,373
1594377000,346
1594377900,231
1594378800,402
1594379700,277
1594380600,222
1594381500,287
1594382400,359
1594383300,247
1594384200,272
1594385100,313
1594386000,257
1594386900,249
1594387800,229
1594388700,242
1594389600,264
1594390500,242
1594391400,198
1594392300,252
1594393200,184
1594394100,181
1594395000,202
1594395900,266
1594396800,558
1594397700,406
1594398600,234
1594399500,246
1594400400,203
1594401300,199
1594402200,211
1594403100,226
1594404000,220
1594404900,209
1594405800,247
1594406700,224
1594407600,222
1594408500,241
1594409400,252
1594410300,260
1594411200,223
1594412100,223
1594413000,213
1594413900,205
1594414800,196
1594415700,157
1594416600,161
1594417500,357
1594418400,1079
1594419300,192
1594420200,210
1594421100,696
1594422000,390
1594422900,205
1594423800,145
1594424700,148
1594425600,126
1594426500,159
1594427400,154
1594428300,159
1594429200,134
1594430100,170
1594431000,162
1594431900,159
1594432800,137
1594433700,155
1594434600,153
1594435500,169
1594436400,132
1594437300,142
1594438200,133
1594439100,148
1594440000,138
1594440900,141
1594441800,132
1594442700,141
1594443600,155
1594444500,133
1594445400,132
1594446300,159
1594447200,139
1594448100,245
1594449000,173
1594449900,156
1594450800,206
1594451700,288
1594452600,232
1594453500,233
1594454400,251
1594455300,277
1594456200,742
1594457100,604
1594458000,327
1594458900,226
1594459800,211
1594460700,336
1594461600,725
1594462500,543
1594463400,247
1594464300,234
1594465200,288
1594466100,248
1594467000,286
1594467900,733
1594468800,277
1594469700,271
1594470600,274
1594471500,322
1594472400,297
1594473300,453
1594474200,380
1594475100,589
1594476000,890
1594476900,818
1594477800,793
1594478700,371
1594479600,483
1594480500,401
1594481400,316
1594482300,281
1594483200,278
1594484100,263
1594485000,265
1594485900,258
1594486800,400
1594487700,980
1594488600,302
1594489500,302
1594490400,290
1594491300,321
1594492200,323
1594493100,642
1594494000,596
1594494900,345
1594495800,476
1594496700,893
1594497600,389
1594498500,345
1594499400,282
1594500300,262
1594501200,200
1594502100,166
1594503000,141
1594503900,124
1594504800,129
1594505700,119
1594506600,142
1594507500,126
1594508400,132
1594509300,140
1594510200,128
1594511100,140
1594512000,122
1594512900,148
1594513800,140
1594514700,158
1594515600,146
1594516500,150
1594517400,149
1594518300,140
1594519200,161
1594520100,159
1594521000,150
1594521900,153
1594522800,138
1594523700,169
1594524600,149
1594525500,140
1594526400,150
1594527300,162
1594528200,156
1594529100,153
1594530000,128
1594530900,170
1594531800,138
1594532700,140
1594533600,131
1594534500,138
1594535400,130
1594536300,253
1594537200,225
1594538100,266
1594539000,249
1594539900,277
1594540800,254
1594541700,338
1594542600,267
1594543500,252
1594544400,201
1594545300,259
1594546200,237
1594547100,267
1594548000,253
1594548900,263
1594549800,259
1594550700,382
1594551600,517
1594552500,285
1594553400,261
1594554300,604
1594555200,494
1594556100,361
1594557000,360
1594557900,372
1594558800,343
1594559700,339
1594560600,277
1594561500,357
1594562400,270
1594563300,269
1594564200,271
1594565100,258
1594566000,277
1594566900,259
1594567800,254
1594568700,255
1594569600,243
1594570500,245
1594571400,276
1594572300,446
1594573200,330
1594574100,218
1594575000,187
1594575900,217
1594576800,271
1594577700,277
1594578600,249
1594579500,252
1594580400,261
1594581300,267
1594582200,230
1594583100,258
1594584000,237
1594584900,257
1594585800,218
1594586700,212
1594587600,197
1594588500,206
1594589400,179
1594590300,161
1594591200,119
1594592100,127
1594593000,133
1594593900,130
1594594800,123
1594595700,130
1594596600,134
1594597500,137
1594598400,120
1594599300,147
1594600200,122
1594601100,183
1594602000,151
1594602900,155
1594603800,134
1594604700,154
1594605600,164
1594606500,140
1594607400,146
1594608300,151
1594609200,164
1594610100,152
1594611000,138
1594611900,151
1594612800,213
1594613700,160
1594614600,148
1594615500,200
1594616400,172
1594617300,187
1594618200,168
1594619100,165
1594620000,193
1594620900,169
1594621800,187
1594622700,317
1594623600,262
1594624500,426
1594625400,278
1594626300,218
1594627200,274
1594628100,288
1594629000,305
1594629900,237
1594630800,224
1594631700,266
1594632600,561
1594633500,495
1594634400,380
1594635300,274
1594636200,364
1594637100,319
1594638000,309
1594638900,316
1594639800,220
1594640700,196
1594641600,219
1594642500,219
1594643400,223
1594644300,234
1594645200,235
1594646100,271
1594647000,285
1594647900,266
1594648800,336
1594649700,295
1594650600,269
1594651500,282
1594652400,285
1594653300,263
1594654200,253
1594655100,264
1594656000,239
1594656900,251
1594657800,264
1594658700,258
1594659600,236
1594660500,249
1594661400,234
1594662300,234
1594663200,232
1594664100,228
1594665000,231
1594665900,230
1594666800,250
1594667700,273
1594668600,248
1594669500,229
1594670400,383
1594671300,724
1594672200,284
1594673100,241
1594674000,690
1594674900,432
1594675800,196
1594676700,200
1594677600,199
1594678500,159
1594679400,143
1594680300,146
1594681200,159
1594682100,142
1594683000,137
1594683900,129
1594684800,159
1594685700,120
1594686600,126
1594687500,122
1594688400,145
1594689300,126
1594690200,124
1594691100,124
1594692000,135
1594692900,135
1594693800,126
1594694700,127
1594695600,142
1594696500,154
1594697400,131
1594698300,152
1594699200,164
1594700100,202
1594701000,436
1594701900,664
1594702800,553
1594703700,234
1594704600,200
1594705500,178
1594706400,179
1594707300,178
1594708200,207
1594709100,188
1594710000,239
1594710900,375
1594711800,283
1594712700,273
1594713600,246
1594714500,237
1594715400,251
1594716300,491
1594717200,463
1594718100,309
1594719000,239
1594719900,392
1594720800,357
1594721700,230
1594722600,221
1594723500,397
1594724400,357
1594725300,254
1594726200,244
1594727100,229
1594728000,223
1594728900,216
1594729800,273
1594730700,265
1594731600,258
1594732500,233
1594733400,251
1594734300,277
1594735200,248
1594736100,267
1594737000,225
1594737900,226
1594738800,203
1594739700,207
1594740600,224
1594741500,268
1594742400,234
1594743300,245
1594744200,223
1594745100,245
1594746000,233
1594746900,251
1594747800,278
1594748700,293
1594749600,331
1594750500,336
1594751400,342
1594752300,275
1594753200,313
1594754100,319
1594755000,385
1594755900,385
1594756800,355
1594757700,312
1594758600,719
1594759500,297
1594760400,226
1594761300,461
1594762200,640
1594763100,194
1594764000,190
1594764900,132
1594765800,162
1594766700,144
1594767600,140
1594768500,134
1594769400,157
1594770300,147
1594771200,145
1594772100,120
1594773000,135
1594773900,125
1594774800,137
1594775700,119
1594776600,133
1594777500,124
1594778400,129
1594779300,128
1594780200,134
1594781100,129
1594782000,137
1594782900,128
1594783800,147
1594784700,162
1594785600,149
1594786500,179
1594787400,174
1594788300,161
1594789200,158
1594790100,156
1594791000,174
1594791900,285
1594792800,265
1594793700,128
1594794600,141
1594795500,168
1594796400,186
1594797300,208
1594798200,237
1594799100,210
1594800000,217
1594800900,207
1594801800,229
1594802700,211
1594803600,217
1594804500,200
1594805400,217
1594806300,210
1594807200,217
1594808100,211
1594809000,227
1594809900,257
1594810800,805
1594811700,363
1594812600,243
1594813500,321
1594814400,242
1594815300,235
1594816200,226
1594817100,238
1594818000,241
1594818900,236
1594819800,226
1594820700,220
1594821600,262
1594822500,214
1594823400,231
1594824300,255
1594825200,241
1594826100,252
1594827000,287
1594827900,357
1594828800,495
1594829700,368
1594830600,359
1594831500,351
1594832400,307
1594833300,281
1594834200,271
1594835100,236
1594836000,251
1594836900,287
1594837800,315
1594838700,319
1594839600,309
1594840500,345
1594841400,328
1594842300,364
1594843200,524
1594844100,881
1594845000,856
1594845900,380
1594846800,357
1594847700,251
1594848600,230
1594849500,236
1594850400,228
1594851300,159
1594852200,146
1594853100,128
1594854000,162
1594854900,140
1594855800,128
1594856700,121
1594857600,138
1594858500,118
1594859400,133
1594860300,120
1594861200,139
1594862100,131
1594863000,151
1594863900,135
1594864800,153
1594865700,159
1594866600,153
1594867500,141
1594868400,167
1594869300,148
1594870200,142
1594871100,154
1594872000,174
1594872900,190
1594873800,132
1594874700,160
1594875600,149
1594876500,139
1594877400,131
1594878300,154
1594879200,200
1594880100,155
1594881000,156
1594881900,156
1594882800,202
1594883700,264
1594884600,283
1594885500,255
1594886400,229
1594887300,215
1594888200,222
1594889100,210
1594890000,218
1594890900,328
1594891800,366
1594892700,266
1594893600,276
1594894500,250
1594895400,241
1594896300,224
1594897200,229
1594898100,205
1594899000,187
1594899900,210
1594900800,237
1594901700,202
1594902600,223
1594903500,214
1594904400,327
1594905300,258
1594906200,222
1594907100,277
1594908000,351
1594908900,196
1594909800,157
1594910700,173
1594911600,260
1594912500,159
1594913400,180
1594914300,222
1594915200,278
1594916100,198
1594917000,217
1594917900,213
1594918800,292
1594919700,279
1594920600,321
1594921500,286
1594922400,310
1594923300,332
1594924200,280
1594925100,275
1594926000,294
1594926900,284
1594927800,296
1594928700,284
1594929600,310
1594930500,525
1594931400,568
1594932300,287
1594933200,271
1594934100,256
1594935000,245
1594935900,242
1594936800,191
1594937700,141
1594938600,148
1594939500,149
1594940400,157
1594941300,146
1594942200,144
1594943100,146
1594944000,136
1594944900,148
1594945800,129
1594946700,153
1594947600,142
1594948500,143
1594949400,149
1594950300,135
1594951200,157
1594952100,138
1594953000,129
1594953900,138
1594954800,124
1594955700,128
1594956600,122
1594957500,142
1594958400,189
1594959300,186
1594960200,143
1594961100,180
1594962000,145
1594962900,179
1594963800,232
1594964700,161
1594965600,191
1594966500,199
1594967400,183
1594968300,189
1594969200,229
1594970100,269
1594971000,246
1594971900,247
1594972800,242
1594973700,238
1594974600,221
1594975500,431
1594976400,244
1594977300,562
1594978200,647
1594979100,316
1594980000,284
1594980900,662
1594981800,450
1594982700,252
1594983600,308
1594984500,779
1594985400,385
1594986300,224
1594987200,208
1594988100,219
1594989000,244
1594989900,232
1594990800,238
1594991700,271
1594992600,235
1594993500,277
1594994400,334
1594995300,257
1594996200,263
1594997100,289
1594998000,272
1594998900,255
1594999800,234
1595000700,398
1595001600,246
1595002500,333
1595003400,282
1595004300,313
1595005200,264
1595006100,254
1595007000,268
1595007900,273
1595008800,286
1595009700,329
1595010600,326
1595011500,321
1595012400,321
1595013300,313
1595014200,326
1595015100,315
1595016000,317
1595016900,275
1595017800,280
1595018700,261
1595019600,253
1595020500,244
1595021400,221
1595022300,200
1595023200,156
1595024100,149
1595025000,125
1595025900,135
1595026800,154
1595027700,149
1595028600,123
1595029500,144
1595030400,148
1595031300,127
1595032200,144
1595033100,161
1595034000,158
1595034900,148
1595035800,139
1595036700,164
1595037600,155
1595038500,140
1595039400,148
1595040300,155
1595041200,148
1595042100,145
1595043000,143
1595043900,154
1595044800,147
1595045700,137
1595046600,143
1595047500,153
1595048400,149
1595049300,144
1595050200,145
1595051100,165
1595052000,290
1595052900,172
1595053800,186
1595054700,197
1595055600,273
1595056500,288
1595057400,305
1595058300,840
1595059200,453
1595060100,406
1595061000,434
1595061900,440
1595062800,483
1595063700,493
1595064600,439
1595065500,416
1595066400,607
1595067300,575
1595068200,655
1595069100,418
1595070000,309
1595070900,344
1595071800,379
1595072700,329
1595073600,331
1595074500,369
1595075400,329
1595076300,344
1595077200,447
1595078100,543
1595079000,434
1595079900,365
1595080800,297
1595081700,356
1595082600,281
1595083500,479
1595084400,809
1595085300,469
1595086200,327
1595087100,795
1595088000,631
1595088900,946
1595089800,857
1595090700,725
1595091600,317
1595092500,315
1595093400,305
1595094300,369
1595095200,423
1595096100,431
1595097000,393
1595097900,374
1595098800,398
1595099700,386
1595100600,377
1595101500,371
1595102400,349
1595103300,347
1595104200,285
1595105100,245
1595106000,223
1595106900,219
1595107800,220
1595108700,246
1595109600,227
1595110500,235
1595111400,206
1595112300,249
1595113200,197
1595114100,189
1595115000,164
1595115900,170
1595116800,148
1595117700,142
1595118600,129
1595119500,162
1595120400,145
1595121300,145
1595122200,148
1595123100,161
1595124000,156
1595124900,147
1595125800,140
1595126700,142
1595127600,141
1595128500,140
1595129400,129
1595130300,139
1595131200,139
1595132100,140
1595133000,146
1595133900,139
1595134800,135
1595135700,147
1595136600,148
1595137500,156
1595138400,150
1595139300,155
1595140200,147
1595141100,256
1595142000,230
1595142900,194
1595143800,242
1595144700,480
1595145600,943
1595146500,561
1595147400,394
1595148300,373
1595149200,372
1595150100,338
1595151000,347
1595151900,335
1595152800,578
1595153700,1041
1595154600,840
1595155500,792
1595156400,460
1595157300,265
1595158200,226
1595159100,224
1595160000,240
1595160900,248
1595161800,262
1595162700,249
1595163600,257
1595164500,252
1595165400,270
1595166300,214
1595167200,272
1595168100,446
1595169000,372
1595169900,202
1595170800,214
1595171700,312
1595172600,564
1595173500,248
1595174400,256
1595175300,290
1595176200,342
1595177100,445
1595178000,741
1595178900,341
1595179800,325
1595180700,1081
1595181600,1166
1595182500,781
1595183400,729
1595184300,350
1595185200,330
1595186100,375
1595187000,361
1595187900,373
1595188800,788
1595189700,393
1595190600,313
1595191500,290
1595192400,238
1595193300,246
1595194200,180
1595195100,137
1595196000,131
1595196900,153
1595197800,151
1595198700,131
1595199600,138
1595200500,147
1595201400,143
1595202300,135
1595203200,137
1595204100,146
1595205000,153
1595205900,143
1595206800,152
1595207700,160
1595208600,151
1595209500,149
1595210400,155
1595211300,164
1595212200,154
1595213100,417
1595214000,636
1595214900,477
1595215800,150
1595216700,156
1595217600,148
1595218500,145
1595219400,230
1595220300,161
1595221200,152
1595222100,134
1595223000,183
1595223900,146
1595224800,166
1595225700,149
1595226600,161
1595227500,167
1595228400,243
1595229300,183
1595230200,180
1595231100,199
1595232000,233
1595232900,222
1595233800,214
1595234700,404
1595235600,335
1595236500,435
1595237400,425
1595238300,495
1595239200,331
1595240100,268
1595241000,295
1595241900,247
1595242800,227
1595243700,215
1595244600,210
1595245500,208
1595246400,218
1595247300,224
1595248200,248
1595249100,270
1595250000,249
1595250900,231
1595251800,237
1595252700,263
1595253600,255
1595254500,262
1595255400,269
1595256300,244
1595257200,249
1595258100,249
1595259000,243
1595259900,242
1595260800,274
1595261700,256
1595262600,452
1595263500,276
1595264400,267
1595265300,242
1595266200,278
1595267100,266
1595268000,268
1595268900,252
1595269800,278
1595270700,321
1595271600,363
1595272500,365
1595273400,361
1595274300,336
1595275200,361
1595276100,302
1595277000,253
1595277900,211
1595278800,186
1595279700,184
1595280600,177
1595281500,161
1595282400,140
1595283300,139
1595284200,145
1595285100,149
1595286000,131
1595286900,144
1595287800,155
1595288700,149
1595289600,143
1595290500,126
1595291400,157
1595292300,156
1595293200,138
1595294100,151
1595295000,159
1595295900,162
1595296800,160
1595297700,140
1595298600,153
1595299500,164
1595300400,131
1595301300,136
1595302200,134
1595303100,158
1595304000,136
1595304900,182
1595305800,156
1595306700,154
1595307600,171
1595308500,135
1595309400,143
1595310300,161
1595311200,156
1595312100,121
1595313000,153
1595313900,196
1595314800,196
1595315700,211
1595316600,252
1595317500,196
1595318400,187
1595319300,209
1595320200,218
1595321100,204
1595322000,210
1595322900,813
1595323800,604
1595324700,400
1595325600,452
1595326500,310
1595327400,323
1595328300,297
1595329200,350
1595330100,330
1595331000,318
1595331900,305
1595332800,228
1595333700,201
1595334600,284
1595335500,192
1595336400,232
1595337300,239
1595338200,232
1595339100,234
1595340000,193
1595340900,243
1595341800,253
1595342700,243
1595343600,248
1595344500,282
1595345400,211
1595346300,205
1595347200,353
1595348100,232
1595349000,287
1595349900,241
1595350800,226
1595351700,218
1595352600,238
1595353500,226
1595354400,221
1595355300,260
1595356200,279
1595357100,309
1595358000,291
1595358900,258
1595359800,235
1595360700,249
1595361600,378
1595362500,326
1595363400,323
1595364300,206
1595365200,198
1595366100,204
1595367000,186
1595367900,152
1595368800,157
1595369700,158
1595370600,156
1595371500,151
1595372400,160
1595373300,127
1595374200,153
1595375100,136
1595376000,150
1595376900,141
1595377800,147
1595378700,139
1595379600,146
1595380500,137
1595381400,134
1595382300,137
1595383200,140
1595384100,147
1595385000,127
1595385900,161
1595386800,134
1595387700,155
1595388600,138
1595389500,161
1595390400,175
1595391300,240
1595392200,151
1595393100,157
1595394000,147
1595394900,141
1595395800,132
1595396700,126
1595397600,142
1595398500,121
1595399400,135
1595400300,157
1595401200,257
1595402100,215
1595403000,240
1595403900,247
1595404800,247
1595405700,443
1595406600,344
1595407500,302
1595408400,274
1595409300,353
1595410200,253
1595411100,423
1595412000,649
1595412900,274
1595413800,241
1595414700,199
1595415600,192
1595416500,196
1595417400,208
1595418300,197
1595419200,202
1595420100,206
1595421000,210
1595421900,219
1595422800,225
1595423700,194
1595424600,213
1595425500,235
1595426400,474
1595427300,192
1595428200,189
1595429100,214
1595430000,213
1595430900,288
1595431800,283
1595432700,285
1595433600,264
1595434500,277
1595435400,290
1595436300,314
1595437200,311
1595438100,267
1595439000,314
1595439900,287
1595440800,322
1595441700,317
1595442600,330
1595443500,328
1595444400,317
1595445300,318
1595446200,310
1595447100,301
1595448000,451
1595448900,1021
1595449800,250
1595450700,244
1595451600,694
1595452500,455
1595453400,210
1595454300,207
1595455200,136
1595456100,150
1595457000,161
1595457900,146
1595458800,154
1595459700,134
1595460600,160
1595461500,130
1595462400,136
1595463300,134
1595464200,144
1595465100,126
1595466000,135
1595466900,133
1595467800,154
1595468700,133
1595469600,133
1595470500,143
1595471400,161
1595472300,150
1595473200,143
1595474100,133
1595475000,155
1595475900,147
1595476800,143
1595477700,202
1595478600,158
1595479500,151
1595480400,132
1595481300,148
1595482200,164
1595483100,136
1595484000,147
1595484900,171
1595485800,231
1595486700,251
1595487600,400
1595488500,228
1595489400,260
1595490300,244
1595491200,233
1595492100,231
1595493000,242
1595493900,226
1595494800,385
1595495700,302
1595496600,323
1595497500,328
1595498400,603
1595499300,253
1595500200,239
1595501100,235
1595502000,399
1595502900,284
1595503800,294
1595504700,317
1595505600,244
1595506500,299
1595507400,286
1595508300,264
1595509200,348
1595510100,264
1595511000,305
1595511900,287
1595512800,191
1595513700,160
1595514600,163
1595515500,251
1595516400,250
1595517300,278
1595518200,276
1595519100,268
1595520000,263
1595520900,287
1595521800,292
1595522700,267
1595523600,340
1595524500,326
1595525400,375
1595526300,368
1595527200,396
1595528100,385
1595529000,395
1595529900,405
1595530800,444
1595531700,417
1595532600,379
1595533500,357
1595534400,381
1595535300,815
1595536200,417
1595537100,234
1595538000,194
1595538900,200
1595539800,171
1595540700,158
1595541600,142
1595542500,163
1595543400,139
1595544300,142
1595545200,145
1595546100,165
1595547000,124
1595547900,152
1595548800,147
1595549700,162
1595550600,138
1595551500,137
1595552400,148
1595553300,140
1595554200,127
1595555100,128
1595556000,138
1595556900,145
1595557800,154
1595558700,137
1595559600,159
1595560500,145
1595561400,144
1595562300,133
1595563200,169
1595564100,842
1595565000,815
1595565900,696
1595566800,391
1595567700,188
1595568600,223
1595569500,391
1595570400,818
1595571300,401
1595572200,266
1595573100,468
1595574000,369
1595574900,515
1595575800,345
1595576700,492
1595577600,449
1595578500,408
1595579400,296
1595580300,549
1595581200,376
1595582100,273
1595583000,269
1595583900,258
1595584800,248
1595585700,240
1595586600,231
1595587500,243
1595588400,238
1595589300,245
1595590200,236
1595591100,245
1595592000,272
1595592900,346
1595593800,278
1595594700,346
1595595600,303
1595596500,266
1595597400,295
1595598300,509
1595599200,251
1595600100,180
1595601000,214
1595601900,190
1595602800,185
1595603700,215
1595604600,176
1595605500,189
1595606400,182
1595607300,158
1595608200,176
1595609100,182
1595610000,182
1595610900,174
1595611800,186
1595612700,178
1595613600,160
1595614500,165
1595615400,169
1595616300,200
1595617200,170
1595618100,178
1595619000,170
1595619900,171
1595620800,166
1595621700,168
1595622600,273
1595623500,220
1595624400,264
1595625300,218
1595626200,242
1595627100,232
1595628000,192
1595628900,183
1595629800,206
1595630700,209
1595631600,204
1595632500,177
1595633400,202
1595634300,203
1595635200,194
1595636100,183
1595637000,209
1595637900,211
1595638800,224
1595639700,195
1595640600,194
1595641500,189
1595642400,204
1595643300,186
1595644200,193
1595645100,189
1595646000,204
1595646900,204
1595647800,196
1595648700,197
1595649600,207
1595650500,210
1595651400,208
1595652300,207
1595653200,247
1595654100,224
1595655000,199
1595655900,191
1595656800,178
1595657700,194
1595658600,202
1595659500,226
1595660400,194
1595661300,207
1595662200,197
1595663100,233
1595664000,206
1595664900,224
1595665800,228
1595666700,301
1595667600,285
1595668500,259
1595669400,231
1595670300,256
1595671200,225
1595672100,212
1595673000,196
1595673900,191
1595674800,184
1595675700,222
1595676600,189
1595677500,218
1595678400,265
1595679300,696
1595680200,512
1595681100,505
1595682000,449
1595682900,397
1595683800,667
1595684700,324
1595685600,296
1595686500,801
1595687400,465
1595688300,274
1595689200,250
1595690100,258
1595691000,190
1595691900,184
1595692800,140
1595693700,150
1595694600,140
1595695500,165
1595696400,264
1595697300,304
1595698200,152
1595699100,198
1595700000,206
1595700900,217
1595701800,200
1595702700,202
1595703600,192
1595704500,196
1595705400,222
1595706300,229
1595707200,214
1595708100,205
1595709000,201
1595709900,182
1595710800,170
1595711700,164
1595712600,125
1595713500,159
1595714400,147
1595715300,132
1595716200,144
1595717100,158
1595718000,153
1595718900,148
1595719800,134
1595720700,145
1595721600,140
1595722500,122
1595723400,131
1595724300,125
1595725200,155
1595726100,134
1595727000,141
1595727900,145
1595728800,154
1595729700,139
1595730600,141
1595731500,152
1595732400,163
1595733300,161
1595734200,142
1595735100,151
1595736000,156
1595736900,189
1595737800,271
1595738700,159
1595739600,179
1595740500,176
1595741400,141
1595742300,145
1595743200,147
1595744100,153
1595745000,155
1595745900,151
1595746800,161
1595747700,164
1595748600,142
1595749500,154
1595750400,168
1595751300,149
1595752200,152
1595753100,129
1595754000,140
1595754900,148
1595755800,150
1595756700,131
1595757600,142
1595758500,139
1595759400,155
1595760300,135
1595761200,160
1595762100,151
1595763000,151
1595763900,153
1595764800,159
1595765700,133
1595766600,161
1595767500,165
1595768400,160
1595769300,138
1595770200,156
1595771100,181
1595772000,200
1595772900,149
1595773800,240
1595774700,422
1595775600,503
1595776500,241
1595777400,260
1595778300,254
1595779200,269
1595780100,481
1595781000,693
1595781900,432
1595782800,459
1595783700,277
1595784600,303
1595785500,306
1595786400,338
1595787300,392
1595788200,731
1595789100,819
1595790000,630
1595790900,350
1595791800,350
1595792700,319
1595793600,273
1595794500,252
1595795400,210
1595796300,221
1595797200,199
1595798100,204
1595799000,140
1595799900,133
1595800800,143
1595801700,160
1595802600,149
1595803500,132
1595804400,147
1595805300,160
1595806200,135
1595807100,148
1595808000,141
1595808900,149
1595809800,152
1595810700,149
1595811600,153
1595812500,161
1595813400,134
1595814300,184
1595815200,152
1595816100,161
1595817000,148
1595817900,152
1595818800,142
1595819700,143
1595820600,133
1595821500,145
1595822400,154
1595823300,144
1595824200,135
1595825100,256
1595826000,203
1595826900,156
1595827800,142
1595828700,245
1595829600,276
1595830500,307
1595831400,363
1595832300,279
1595833200,193
1595834100,176
1595835000,172
1595835900,196
1595836800,201
1595837700,203
1595838600,171
1595839500,213
1595840400,303
1595841300,221
1595842200,257
1595843100,276
1595844000,250
1595844900,251
1595845800,208
1595846700,190
1595847600,150
1595848500,141
1595849400,148
1595850300,147
1595851200,177
1595852100,224
1595853000,180
1595853900,248
1595854800,212
1595855700,231
1595856600,211
1595857500,235
1595858400,226
1595859300,234
1595860200,198
1595861100,212
1595862000,216
1595862900,227
1595863800,234
1595864700,267
1595865600,252
1595866500,237
1595867400,267
1595868300,230
1595869200,198
1595870100,183
1595871000,179
1595871900,202
1595872800,192
1595873700,181
1595874600,192
1595875500,199
1595876400,189
1595877300,186
1595878200,190
1595879100,205
1595880000,211
1595880900,200
1595881800,208
1595882700,184
1595883600,226
1595884500,225
1595885400,207
1595886300,201
1595887200,157
1595888100,127
1595889000,146
1595889900,126
1595890800,153
1595891700,133
1595892600,133
1595893500,144
1595894400,135
1595895300,142
1595896200,147
1595897100,133
1595898000,151
1595898900,152
1595899800,152
1595900700,130
1595901600,157
1595902500,165
1595903400,132
1595904300,141
1595905200,147
1595906100,154
1595907000,156
1595907900,144
1595908800,163
1595909700,169
1595910600,251
1595911500,189
1595912400,156
1595913300,168
1595914200,548
1595915100,354
1595916000,194
1595916900,506
1595917800,736
1595918700,259
1595919600,324
1595920500,281
1595921400,309
1595922300,272
1595923200,277
1595924100,257
1595925000,269
1595925900,295
1595926800,284
1595927700,250
1595928600,243
1595929500,442
1595930400,539
1595931300,267
1595932200,203
1595933100,240
1595934000,205
1595934900,205
1595935800,192
1595936700,238
1595937600,220
1595938500,366
1595939400,200
1595940300,245
1595941200,239
1595942100,252
1595943000,208
1595943900,191
1595944800,211
1595945700,163
1595946600,283
1595947500,369
1595948400,261
1595949300,211
1595950200,218
1595951100,216
1595952000,223
1595952900,212
1595953800,202
1595954700,210
1595955600,232
1595956500,226
1595957400,218
1595958300,260
1595959200,275
1595960100,267
1595961000,269
1595961900,275
1595962800,357
1595963700,327
1595964600,343
1595965500,327
1595966400,342
1595967300,322
1595968200,388
1595969100,590
1595970000,216
1595970900,214
1595971800,193
1595972700,161
1595973600,180
1595974500,142
1595975400,145
1595976300,137
1595977200,164
1595978100,147
1595979000,127
1595979900,148
1595980800,154
1595981700,148
1595982600,131
1595983500,163
1595984400,165
1595985300,176
1595986200,141
1595987100,168
1595988000,158
1595988900,188
1595989800,144
1595990700,162
1595991600,152
1595992500,169
1595993400,138
1595994300,147
1595995200,149
1595996100,211
1595997000,195
1595997900,148
1595998800,141
1595999700,173
1596000600,407
1596001500,278
1596002400,267
1596003300,285
1596004200,182
1596005100,192
1596006000,766
1596006900,359
1596007800,199
1596008700,201
1596009600,218
1596010500,277
1596011400,296
1596012300,242
1596013200,434
1596014100,623
1596015000,274
1596015900,238
1596016800,241
1596017700,218
1596018600,245
1596019500,231
1596020400,198
1596021300,206
1596022200,194
1596023100,180
1596024000,174
1596024900,191
1596025800,191
1596026700,198
1596027600,186
1596028500,246
1596029400,223
1596030300,214
1596031200,204
1596032100,198
1596033000,245
1596033900,337
1596034800,249
1596035700,201
1596036600,218
1596037500,352
1596038400,257
1596039300,250
1596040200,217
1596041100,220
1596042000,217
1596042900,186
1596043800,216
1596044700,218
1596045600,221
1596046500,210
1596047400,264
1596048300,302
1596049200,316
1596050100,357
1596051000,330
1596051900,308
1596052800,286
1596053700,289
1596054600,240
1596055500,254
1596056400,198
1596057300,200
1596058200,206
1596059100,204
1596060000,173
1596060900,165
1596061800,148
1596062700,156
1596063600,148
1596064500,138
1596065400,149
1596066300,124
1596067200,164
1596068100,140
1596069000,150
1596069900,148
1596070800,160
1596071700,162
1596072600,165
1596073500,138
1596074400,164
1596075300,175
1596076200,163
1596077100,148
1596078000,146
1596078900,165
1596079800,163
1596080700,150
1596081600,142
1596082500,144
1596083400,209
1596084300,146
1596085200,128
1596086100,136
1596087000,141
1596087900,149
1596088800,128
1596089700,134
1596090600,170
1596091500,187
1596092400,184
1596093300,190
1596094200,270
1596095100,243
1596096000,232
1596096900,364
1596097800,347
1596098700,299
1596099600,346
1596100500,285
1596101400,276
1596102300,270
1596103200,602
1596104100,318
1596105000,289
1596105900,265
1596106800,286
1596107700,305
1596108600,351
1596109500,303
1596110400,286
1596111300,283
1596112200,298
1596113100,289
1596114000,341
1596114900,290
1596115800,254
1596116700,261
1596117600,698
1596118500,390
1596119400,289
1596120300,489
1596121200,696
1596122100,215
1596123000,208
1596123900,212
1596124800,275
1596125700,321
1596126600,292
1596127500,288
1596128400,282
1596129300,321
1596130200,272
1596131100,299
1596132000,316
1596132900,351
1596133800,341
1596134700,357
1596135600,387
1596136500,420
1596137400,375
1596138300,374
1596139200,351
1596140100,246
1596141000,246
1596141900,225
1596142800,206
1596143700,183
1596144600,136
1596145500,144
1596146400,137
1596147300,146
1596148200,133
1596149100,153
1596150000,145
1596150900,164
1596151800,137
1596152700,145
1596153600,145
1596154500,142
1596155400,155
1596156300,161
1596157200,162
1596158100,155
1596159000,164
1596159900,157
1596160800,164
1596161700,149
1596162600,178
1596163500,156
1596164400,166
1596165300,148
1596166200,163
1596167100,158
1596168000,150
1596168900,143
1596169800,230
1596170700,152
1596171600,220
1596172500,707
1596173400,808
1596174300,406
1596175200,267
1596176100,227
1596177000,243
1596177900,248
1596178800,250
1596179700,234
1596180600,249
1596181500,253
1596182400,392
1596183300,1019
1596184200,944
1596185100,858
1596186000,559
1596186900,404
1596187800,307
1596188700,275
1596189600,594
1596190500,522
1596191400,342
1596192300,363
1596193200,327
1596194100,322
1596195000,289
1596195900,262
1596196800,255
1596197700,229
1596198600,196
1596199500,205
1596200400,244
1596201300,209
1596202200,211
1596203100,243
1596204000,325
1596204900,227
1596205800,198
1596206700,239
1596207600,254
1596208500,247
1596209400,213
1596210300,409
1596211200,233
1596212100,280
1596213000,287
1596213900,264
1596214800,207
1596215700,221
1596216600,245
1596217500,290
1596218400,275
1596219300,272
1596220200,283
1596221100,311
1596222000,322
1596222900,352
1596223800,372
1596224700,395
1596225600,386
1596226500,353
1596227400,321
1596228300,217
1596229200,188
1596230100,156
1596231000,156
1596231900,137
1596232800,131
1596233700,133
1596234600,137
1596235500,136
1596236400,151
1596237300,129
1596238200,144
1596239100,150
1596240000,155
1596240900,122
1596241800,150
1596242700,158
1596243600,166
1596244500,141
1596245400,162
1596246300,155
1596247200,173
1596248100,135
1596249000,172
1596249900,153
1596250800,168
1596251700,142
1596252600,162
1596253500,152
1596254400,171
1596255300,139
1596256200,142
1596257100,133
1596258000,135
1596258900,137
1596259800,130
1596260700,126
1596261600,132
1596262500,148
1596263400,136
1596264300,253
1596265200,284
1596266100,242
1596267000,228
1596267900,233
1596268800,277
1596269700,209
1596270600,222
1596271500,343
1596272400,269
1596273300,750
1596274200,632
1596275100,612
1596276000,464
1596276900,680
1596277800,174
1596278700,236
1596279600,267
1596280500,918
1596281400,946
1596282300,631
1596283200,701
1596284100,916
1596285000,330
1596285900,333
1596286800,220
1596287700,198
1596288600,206
1596289500,248
1596290400,243
1596291300,226
1596292200,238
1596293100,198
1596294000,193
1596294900,269
1596295800,230
1596296700,266
1596297600,279
1596298500,266
1596299400,268
1596300300,261
1596301200,228
1596302100,211
1596303000,198
1596303900,211
1596304800,212
1596305700,213
1596306600,194
1596307500,223
1596308400,224
1596309300,204
1596310200,220
1596311100,219
1596312000,230
1596312900,186
1596313800,194
1596314700,174
1596315600,159
1596316500,181
1596317400,213
1596318300,227
1596319200,179
1596320100,131
1596321000,146
1596321900,139
1596322800,130
1596323700,125
1596324600,147
1596325500,150
1596326400,131
1596327300,125
1596328200,153
1596329100,133
1596330000,135
1596330900,122
1596331800,157
1596332700,149
1596333600,154
1596334500,124
1596335400,156
1596336300,139
1596337200,139
1596338100,143
1596339000,159
1596339900,144
1596340800,138
1596341700,136
1596342600,161
1596343500,134
1596344400,131
1596345300,133
1596346200,149
1596347100,134
1596348000,139
1596348900,189
1596349800,153
1596350700,606
1596351600,195
1596352500,214
1596353400,335
1596354300,247
1596355200,836
1596356100,645
1596357000,632
1596357900,561
1596358800,346
1596359700,319
1596360600,319
1596361500,401
1596362400,426
1596363300,259
1596364200,260
1596365100,260
1596366000,192
1596366900,209
1596367800,207
1596368700,207
1596369600,184
1596370500,627
1596371400,736
1596372300,596
1596373200,655
1596374100,312
1596375000,177
1596375900,197
1596376800,205
1596377700,217
1596378600,288
1596379500,271
1596380400,296
1596381300,379
1596382200,744
1596383100,332
1596384000,289
1596384900,556
1596385800,704
1596386700,315
1596387600,293
1596388500,307
1596389400,300
1596390300,309
1596391200,326
1596392100,368
1596393000,364
1596393900,352
1596394800,341
1596395700,330
1596396600,330
1596397500,250
1596398400,248
1596399300,224
1596400200,203
1596401100,199
1596402000,210
1596402900,193
1596403800,137
1596404700,147
1596405600,117
1596406500,129
1596407400,119
1596408300,129
1596409200,99
1596410100,140
1596411000,122
1596411900,122
1596412800,108
1596413700,135
1596414600,124
1596415500,135
1596416400,117
1596417300,149
1596418200,135
1596419100,140
1596420000,125
1596420900,142
1596421800,140
1596422700,130
1596423600,123
1596424500,120
1596425400,121
1596426300,119
1596427200,126
1596428100,193
1596429000,127
1596429900,115
1596430800,141
1596431700,137
1596432600,596
1596433500,775
1596434400,232
1596435300,204
1596436200,221
1596437100,225
1596438000,232
1596438900,191
1596439800,176
1596440700,129
1596441600,130
1596442500,135
1596443400,138
1596444300,138
1596445200,115
1596446100,136
1596447000,524
1596447900,886
1596448800,576
1596449700,275
1596450600,285
1596451500,355
1596452400,254
1596453300,265
1596454200,248
1596455100,259
1596456000,242
1596456900,234
1596457800,220
1596458700,217
1596459600,271
1596460500,259
1596461400,217
1596462300,226
1596463200,228
1596464100,279
1596465000,271
1596465900,234
1596466800,321
1596467700,319
1596468600,321
1596469500,312
1596470400,330
1596471300,340
1596472200,347
1596473100,430
1596474000,450
1596474900,461
1596475800,385
1596476700,364
1596477600,420
1596478500,428
1596479400,415
1596480300,392
1596481200,464
1596482100,425
1596483000,378
1596483900,325
1596484800,315
1596485700,297
1596486600,239
1596487500,196
1596488400,193
1596489300,191
1596490200,175
1596491100,138
1596492000,140
1596492900,134
1596493800,133
1596494700,113
1596495600,126
1596496500,124
1596497400,119
1596498300,130
1596499200,119
1596500100,132
1596501000,117
1596501900,136
1596502800,133
1596503700,131
1596504600,136
1596505500,141
1596506400,132
1596507300,145
1596508200,138
1596509100,138
1596510000,132
1596510900,121
1596511800,124
1596512700,132
1596513600,124
1596514500,193
1596515400,149
1596516300,192
1596517200,174
1596518100,180
1596519000,202
1596519900,167
1596520800,181
1596521700,173
1596522600,166
1596523500,738
1596524400,529
1596525300,272
1596526200,240
1596527100,345
1596528000,256
1596528900,259
1596529800,246
1596530700,250
1596531600,302
1596532500,302
1596533400,451
1596534300,472
1596535200,322
1596536100,274
1596537000,317
1596537900,267
1596538800,239
1596539700,232
1596540600,273
1596541500,321
1596542400,274
1596543300,278
1596544200,258
1596545100,249
1596546000,309
1596546900,253
1596547800,260
1596548700,263
1596549600,294
1596550500,433
1596551400,319
1596552300,299
1596553200,320
1596554100,501
1596555000,320
1596555900,325
1596556800,316
1596557700,297
1596558600,329
1596559500,344
1596560400,379
1596561300,429
1596562200,394
1596563100,434
1596564000,439
1596564900,398
1596565800,388
1596566700,398
1596567600,400
1596568500,445
1596569400,397
1596570300,392
1596571200,392
1596572100,299
1596573000,210
1596573900,201
1596574800,179
1596575700,196
1596576600,177
1596577500,166
1596578400,164
1596579300,147
1596580200,155
1596581100,174
1596582000,154
1596582900,142
1596583800,150
1596584700,166
1596585600,132
1596586500,157
1596587400,150
1596588300,175
1596589200,161
1596590100,154
1596591000,160
1596591900,171
1596592800,150
1596593700,168
1596594600,172
1596595500,168
1596596400,166
1596597300,154
1596598200,140
1596599100,164
1596600000,159
1596600900,168
1596601800,202
1596602700,152
1596603600,182
1596604500,165
1596605400,215
1596606300,585
1596607200,274
1596608100,238
1596609000,432
1596609900,615
1596610800,287
1596611700,183
1596612600,192
1596613500,306
1596614400,277
1596615300,307
1596616200,352
1596617100,265
1596618000,260
1596618900,290
1596619800,1292
1596620700,503
1596621600,262
1596622500,253
1596623400,279
1596624300,367
1596625200,323
1596626100,274
1596627000,286
1596627900,239
1596628800,224
1596629700,200
1596630600,225
1596631500,194
1596632400,163
1596633300,153
1596634200,180
1596635100,247
1596636000,254
1596636900,212
1596637800,232
1596638700,227
1596639600,242
1596640500,277
1596641400,275
1596642300,293
1596643200,270
1596644100,256
1596645000,246
1596645900,243
1596646800,238
1596647700,246
1596648600,236
1596649500,253
1596650400,264
1596651300,364
1596652200,329
1596653100,354
1596654000,296
1596654900,315
1596655800,291
1596656700,275
1596657600,285
1596658500,212
1596659400,194
1596660300,215
1596661200,177
1596662100,147
1596663000,140
1596663900,157
1596664800,129
1596665700,125
1596666600,130
1596667500,141
1596668400,140
1596669300,131
1596670200,130
1596671100,140
1596672000,142
1596672900,140
1596673800,149
1596674700,162
1596675600,142
1596676500,151
1596677400,151
1596678300,152
1596679200,161
1596680100,160
1596681000,160
1596681900,145
1596682800,158
1596683700,150
1596684600,149
1596685500,163
1596686400,167
1596687300,210
1596688200,159
1596689100,178
1596690000,158
1596690900,127
1596691800,140
1596692700,203
1596693600,247
1596694500,387
1596695400,501
1596696300,437
1596697200,306
1596698100,294
1596699000,297
1596699900,308
1596700800,414
1596701700,492
1596702600,394
1596703500,565
1596704400,446
1596705300,570
1596706200,557
1596707100,434
1596708000,376
1596708900,399
1596709800,368
1596710700,268
1596711600,271
1596712500,277
1596713400,373
1596714300,342
1596715200,290
1596716100,282
1596717000,267
1596717900,336
1596718800,339
1596719700,296
1596720600,273
1596721500,291
1596722400,292
1596723300,250
1596724200,345
1596725100,358
1596726000,265
1596726900,370
1596727800,228
1596728700,240
1596729600,263
1596730500,209
1596731400,234
1596732300,228
1596733200,304
1596734100,313
1596735000,462
1596735900,665
1596736800,326
1596737700,286
1596738600,619
1596739500,592
1596740400,289
1596741300,344
1596742200,340
1596743100,343
1596744000,328
1596744900,241
1596745800,222
1596746700,218
1596747600,179
1596748500,138
1596749400,165
1596750300,140
1596751200,145
1596752100,140
1596753000,149
1596753900,158
1596754800,129
1596755700,150
1596756600,120
1596757500,136
1596758400,128
1596759300,129
1596760200,121
1596761100,134
1596762000,140
1596762900,147
1596763800,138
1596764700,139
1596765600,148
1596766500,158
1596767400,157
1596768300,148
1596769200,157
1596770100,143
1596771000,153
1596771900,135
1596772800,170
1596773700,174
1596774600,244
1596775500,150
1596776400,201
1596777300,204
1596778200,681
1596779100,722
1596780000,404
1596780900,315
1596781800,288
1596782700,293
1596783600,302
1596784500,349
1596785400,408
1596786300,302
1596787200,249
1596788100,269
1596789000,270
1596789900,283
1596790800,236
1596791700,229
1596792600,462
1596793500,252
1596794400,349
1596795300,225
1596796200,234
1596797100,276
1596798000,644
1596798900,577
1596799800,615
1596800700,431
1596801600,291
1596802500,298
1596803400,239
1596804300,217
1596805200,206
1596806100,241
1596807000,195
1596807900,205
1596808800,225
1596809700,173
1596810600,193
1596811500,257
1596812400,287
1596813300,299
1596814200,522
1596815100,313
1596816000,391
1596816900,234
1596817800,223
1596818700,226
1596819600,232
1596820500,324
1596821400,214
1596822300,246
1596823200,269
1596824100,232
1596825000,222
1596825900,239
1596826800,258
1596827700,256
1596828600,270
1596829500,274
1596830400,290
1596831300,256
1596832200,227
1596833100,222
1596834000,262
1596834900,208
1596835800,185
1596836700,177
1596837600,195
1596838500,181
1596839400,186
1596840300,145
1596841200,142
1596842100,142
1596843000,137
1596843900,144
1596844800,142
1596845700,133
1596846600,128
1596847500,148
1596848400,140
1596849300,160
1596850200,139
1596851100,138
1596852000,140
1596852900,158
1596853800,154
1596854700,141
1596855600,150
1596856500,150
1596857400,149
1596858300,130
1596859200,148
1596860100,146
1596861000,154
1596861900,140
1596862800,149
1596863700,140
1596864600,139
1596865500,213
1596866400,162
1596867300,209
1596868200,214
1596869100,162
1596870000,245
1596870900,355
1596871800,286
1596872700,665
1596873600,303
1596874500,292
1596875400,279
1596876300,285
1596877200,568
1596878100,345
1596879000,306
1596879900,400
1596880800,918
1596881700,292
1596882600,314
1596883500,246
1596884400,212
1596885300,353
1596886200,718
1596887100,266
1596888000,274
1596888900,740
1596889800,450
1596890700,249
1596891600,345
1596892500,268
1596893400,244
1596894300,195
1596895200,225
1596896100,229
1596897000,503
1596897900,255
1596898800,207
1596899700,248
1596900600,233
1596901500,207
1596902400,213
1596903300,259
1596904200,225
1596905100,203
1596906000,194
1596906900,188
1596907800,177
1596908700,215
1596909600,187
1596910500,185
1596911400,191
1596912300,224
1596913200,216
1596914100,225
1596915000,215
1596915900,293
1596916800,277
1596917700,183
1596918600,164
1596919500,145
1596920400,173
1596921300,153
1596922200,163
1596923100,121
1596924000,163
1596924900,139
1596925800,145
1596926700,129
1596927600,163
1596928500,150
1596929400,141
1596930300,127
1596931200,126
1596932100,135
1596933000,118
1596933900,127
1596934800,118
1596935700,141
1596936600,120
1596937500,139
1596938400,124
1596939300,135
1596940200,137
1596941100,132
1596942000,146
1596942900,141
1596943800,158
1596944700,117
1596945600,150
1596946500,130
1596947400,155
1596948300,142
1596949200,152
1596950100,141
1596951000,139
1596951900,151
1596952800,139
1596953700,206
1596954600,209
1596955500,154
1596956400,143
1596957300,159
1596958200,762
1596959100,454
1596960000,387
1596960900,234
1596961800,266
1596962700,289
1596963600,263
1596964500,432
1596965400,300
1596966300,274
1596967200,443
1596968100,273
1596969000,258
1596969900,212
1596970800,222
1596971700,209
1596972600,202
1596973500,196
1596974400,223
1596975300,204
1596976200,224
1596977100,210
1596978000,215
1596978900,199
1596979800,185
1596980700,224
1596981600,215
1596982500,228
1596983400,298
1596984300,256
1596985200,271
1596986100,260
1596987000,208
1596987900,220
1596988800,250
1596989700,797
1596990600,231
1596991500,232
1596992400,230
1596993300,224
1596994200,250
1596995100,785
1596996000,339
1596996900,346
1596997800,695
1596998700,620
1596999600,339
1597000500,340
1597001400,312
1597002300,302
1597003200,273
1597004100,216
1597005000,192
1597005900,178
1597006800,187
1597007700,144
1597008600,128
1597009500,144
1597010400,155
1597011300,129
1597012200,143
1597013100,151
1597014000,154
1597014900,139
1597015800,133
1597016700,150
1597017600,149
1597018500,130
1597019400,139
1597020300,150
1597021200,160
1597022100,130
1597023000,147
1597023900,159
1597024800,164
1597025700,135
1597026600,138
1597027500,137
1597028400,147
1597029300,130
1597030200,139
1597031100,138
1597032000,155
1597032900,197
1597033800,151
1597034700,146
1597035600,181
1597036500,131
1597037400,141
1597038300,155
1597039200,202
1597040100,188
1597041000,261
1597041900,236
1597042800,309
1597043700,242
1597044600,205
1597045500,197
1597046400,162
1597047300,154
1597048200,157
1597049100,216
1597050000,225
1597050900,227
1597051800,779
1597052700,263
1597053600,227
1597054500,285
1597055400,279
1597056300,306
1597057200,205
1597058100,220
1597059000,217
1597059900,204
1597060800,211
1597061700,227
1597062600,245
1597063500,300
1597064400,332
1597065300,249
1597066200,241
1597067100,222
1597068000,293
1597068900,265
1597069800,308
1597070700,199
1597071600,233
1597072500,258
1597073400,239
1597074300,280
1597075200,263
1597076100,272
1597077000,295
1597077900,303
1597078800,332
1597079700,343
1597080600,363
1597081500,354
1597082400,381
1597083300,379
1597084200,429
1597085100,444
1597086000,438
1597086900,426
1597087800,407
1597088700,407
1597089600,381
1597090500,381
1597091400,304
1597092300,231
1597093200,175
1597094100,182
1597095000,164
1597095900,168
1597096800,125
1597097700,130
1597098600,136
1597099500,146
1597100400,128
1597101300,137
1597102200,128
1597103100,154
1597104000,142
1597104900,141
1597105800,127
1597106700,157
1597107600,163
1597108500,133
1597109400,162
1597110300,161
1597111200,160
1597112100,147
1597113000,151
1597113900,147
1597114800,147
1597115700,140
1597116600,158
1597117500,140
1597118400,150
1597119300,207
1597120200,198
1597121100,147
1597122000,160
1597122900,145
1597123800,146
1597124700,141
1597125600,147
1597126500,141
1597127400,152
1597128300,302
1597129200,234
1597130100,259
1597131000,295
1597131900,219
1597132800,274
1597133700,246
1597134600,220
1597135500,225
1597136400,339
1597137300,241
1597138200,221
1597139100,497
1597140000,597
1597140900,324
1597141800,226
1597142700,243
1597143600,248
1597144500,233
1597145400,359
1597146300,247
1597147200,293
1597148100,349
1597149000,273
1597149900,253
1597150800,256
1597151700,294
1597152600,214
1597153500,231
1597154400,230
1597155300,440
1597156200,230
1597157100,272
1597158000,255
1597158900,281
1597159800,282
1597160700,262
1597161600,243
1597162500,242
1597163400,247
1597164300,323
1597165200,284
1597166100,289
1597167000,340
1597167900,383
1597168800,400
1597169700,379
1597170600,417
1597171500,402
1597172400,417
1597173300,379
1597174200,391
1597175100,407
1597176000,319
1597176900,292
1597177800,191
1597178700,199
1597179600,190
1597180500,180
1597181400,139
1597182300,158
1597183200,153
1597184100,147
1597185000,144
1597185900,148
1597186800,140
1597187700,141
1597188600,129
1597189500,152
1597190400,146
1597191300,146
1597192200,141
1597193100,150
1597194000,146
1597194900,131
1597195800,134
1597196700,146
1597197600,148
1597198500,146
1597199400,146
1597200300,148
1597201200,161
1597202100,127
1597203000,138
1597203900,145
1597204800,146
1597205700,127
1597206600,141
1597207500,138
1597208400,465
1597209300,164
1597210200,160
1597211100,173
1597212000,483
1597212900,697
1597213800,433
1597214700,186
1597215600,226
1597216500,230
1597217400,254
1597218300,252
1597219200,325
1597220100,326
1597221000,388
1597221900,436
1597222800,356
1597223700,337
1597224600,383
1597225500,858
1597226400,724
1597227300,709
1597228200,246
1597229100,335
1597230000,244
1597230900,226
1597231800,527
1597232700,379
1597233600,363
1597234500,298
1597235400,257
1597236300,290
1597237200,240
1597238100,253
1597239000,224
1597239900,337
1597240800,289
1597241700,246
1597242600,340
1597243500,338
1597244400,276
1597245300,662
1597246200,448
1597247100,266
1597248000,472
1597248900,701
1597249800,274
1597250700,278
1597251600,313
1597252500,348
1597253400,367
1597254300,340
1597255200,333
1597256100,312
1597257000,337
1597257900,373
1597258800,397
1597259700,362
1597260600,323
1597261500,344
1597262400,315
1597263300,290
1597264200,270
1597265100,255
1597266000,223
1597266900,237
1597267800,204
1597268700,189
1597269600,194
1597270500,175
1597271400,199
1597272300,205
1597273200,199
1597274100,174
1597275000,199
1597275900,200
1597276800,183
1597277700,188
1597278600,200
1597279500,208
1597280400,211
1597281300,169
1597282200,197
1597283100,198
1597284000,181
1597284900,182
1597285800,197
1597286700,197
1597287600,194
1597288500,168
1597289400,175
1597290300,185
1597291200,184
1597292100,190
1597293000,230
1597293900,216
1597294800,191
1597295700,191
1597296600,192
1597297500,182
1597298400,181
1597299300,161
1597300200,184
1597301100,212
1597302000,240
1597302900,229
1597303800,251
1597304700,205
1597305600,210
1597306500,253
1597307400,241
1597308300,314
1597309200,494
1597310100,291
1597311000,208
1597311900,620
1597312800,304
1597313700,236
1597314600,255
1597315500,243
1597316400,196
1597317300,207
1597318200,182
1597319100,326
1597320000,341
1597320900,302
1597321800,252
1597322700,304
1597323600,306
1597324500,241
1597325400,399
1597326300,377
1597327200,477
1597328100,385
1597329000,375
1597329900,352
1597330800,447
1597331700,538
1597332600,673
1597333500,509
1597334400,606
1597335300,533
1597336200,458
1597337100,269
1597338000,257
1597338900,280
1597339800,277
1597340700,283
1597341600,338
1597342500,369
1597343400,445
1597344300,398
1597345200,413
1597346100,416
1597347000,390
1597347900,401
1597348800,365
1597349700,262
1597350600,230
1597351500,228
1597352400,178
1597353300,200
1597354200,189
1597355100,163
1597356000,123
1597356900,142
1597357800,127
1597358700,139
1597359600,132
1597360500,141
1597361400,134
1597362300,131
1597363200,135
1597364100,134
1597365000,141
1597365900,155
1597366800,155
1597367700,158
1597368600,157
1597369500,137
1597370400,170
1597371300,159
1597372200,161
1597373100,147
1597374000,153
1597374900,153
1597375800,157
1597376700,133
1597377600,156
1597378500,171
1597379400,174
1597380300,191
1597381200,172
1597382100,153
1597383000,236
1597383900,160
1597384800,277
1597385700,213
1597386600,264
1597387500,379
1597388400,407
1597389300,410
1597390200,436
1597391100,423
1597392000,591
1597392900,510
1597393800,682
1597394700,803
1597395600,806
1597396500,661
1597397400,667
1597398300,376
1597399200,379
1597400100,458
1597401000,405
1597401900,371
1597402800,382
1597403700,383
1597404600,400
1597405500,428
1597406400,419
1597407300,573
1597408200,416
1597409100,418
1597410000,494
1597410900,570
1597411800,622
1597412700,646
1597413600,573
1597414500,663
1597415400,900
1597416300,1272
1597417200,1000
1597418100,409
1597419000,556
1597419900,889
1597420800,431
1597421700,255
1597422600,248
1597423500,207
1597424400,194
1597425300,213
1597426200,303
1597427100,234
1597428000,233
1597428900,369
1597429800,472
1597430700,467
1597431600,485
1597432500,446
1597433400,274
1597434300,217
1597435200,213
1597436100,216
1597437000,243
1597437900,236
1597438800,237
1597439700,225
1597440600,200
1597441500,186
1597442400,196
1597443300,124
1597444200,152
1597445100,142
1597446000,146
1597446900,138
1597447800,149
1597448700,172
1597449600,155
1597450500,135
1597451400,142
1597452300,138
1597453200,150
1597454100,138
1597455000,142
1597455900,136
1597456800,142
1597457700,150
1597458600,143
1597459500,148
1597460400,141
1597461300,155
1597462200,162
1597463100,151
1597464000,161
1597464900,145
1597465800,160
1597466700,145
1597467600,145
1597468500,160
1597469400,143
1597470300,148
1597471200,124
1597472100,147
1597473000,151
1597473900,157
1597474800,666
1597475700,320
1597476600,228
1597477500,258
1597478400,315
1597479300,393
1597480200,284
1597481100,158
1597482000,276
1597482900,163
1597483800,168
1597484700,196
1597485600,261
1597486500,238
1597487400,289
1597488300,426
1597489200,417
1597490100,219
1597491000,227
1597491900,218
1597492800,218
1597493700,220
1597494600,232
1597495500,167
1597496400,149
1597497300,181
1597498200,232
1597499100,224
1597500000,235
1597500900,233
1597501800,268
1597502700,225
1597503600,210
1597504500,222
1597505400,220
1597506300,212
1597507200,212
1597508100,237
1597509000,218
1597509900,231
1597510800,211
1597511700,283
1597512600,202
1597513500,213
1597514400,206
1597515300,199
1597516200,207
1597517100,215
1597518000,220
1597518900,217
1597519800,223
1597520700,217
1597521600,208
1597522500,211
1597523400,186
1597524300,181
1597525200,190
1597526100,173
1597527000,172
1597527900,165
1597528800,132
1597529700,141
1597530600,153
1597531500,157
1597532400,126
1597533300,153
1597534200,151
1597535100,147
1597536000,129
1597536900,147
1597537800,157
1597538700,146
1597539600,128
1597540500,141
1597541400,160
1597542300,137
1597543200,146
1597544100,151
1597545000,172
1597545900,152
1597546800,140
1597547700,132
1597548600,157
1597549500,136
1597550400,146
1597551300,137
1597552200,153
1597553100,133
1597554000,138
1597554900,129
1597555800,137
1597556700,145
1597557600,129
1597558500,149
1597559400,150
1597560300,231
1597561200,164
1597562100,212
1597563000,240
1597563900,688
1597564800,441
1597565700,300
1597566600,249
1597567500,296
1597568400,289
1597569300,284
1597570200,268
1597571100,249
1597572000,261
1597572900,261
1597573800,403
1597574700,742
1597575600,285
1597576500,241
1597577400,727
1597578300,471
1597579200,206
1597580100,205
1597581000,214
1597581900,217
1597582800,185
1597583700,162
1597584600,197
1597585500,207
1597586400,508
1597587300,473
1597588200,275
1597589100,261
1597590000,222
1597590900,228
1597591800,249
1597592700,237
1597593600,710
1597594500,788
1597595400,699
1597596300,1001
1597597200,524
1597598100,183
1597599000,183
1597599900,193
1597600800,215
1597601700,177
1597602600,185
1597603500,261
1597604400,274
1597605300,248
1597606200,232
1597607100,277
1597608000,296
1597608900,269
1597609800,198
1597610700,184
1597611600,185
1597612500,190
1597613400,178
1597614300,181
1597615200,149
1597616100,165
1597617000,145
1597617900,156
1597618800,135
1597619700,152
1597620600,130
1597621500,144
1597622400,150
1597623300,149
1597624200,138
1597625100,135
1597626000,149
1597626900,147
1597627800,127
1597628700,140
1597629600,151
1597630500,158
1597631400,149
1597632300,144
1597633200,161
1597634100,156
1597635000,133
1597635900,140
1597636800,156
1597637700,185
1597638600,140
1597639500,150
1597640400,647
1597641300,202
1597642200,137
1597643100,135
1597644000,144
1597644900,160
1597645800,187
1597646700,164
1597647600,192
1597648500,368
1597649400,306
1597650300,391
1597651200,359
1597652100,297
1597653000,335
1597653900,244
1597654800,258
1597655700,284
1597656600,387
1597657500,386
1597658400,276
1597659300,527
1597660200,236
1597661100,394
1597662000,271
1597662900,330
1597663800,276
1597664700,214
1597665600,206
1597666500,227
1597667400,231
1597668300,243
1597669200,301
1597670100,250
1597671000,247
1597671900,237
1597672800,184
1597673700,222
1597674600,200
1597675500,201
1597676400,244
1597677300,267
1597678200,311
1597679100,850
1597680000,334
1597680900,575
1597681800,311
1597682700,434
1597683600,304
1597684500,348
1597685400,284
1597686300,386
1597687200,471
1597688100,602
1597689000,658
1597689900,681
1597690800,758
1597691700,776
1597692600,735
1597693500,711
1597694400,767
1597695300,864
1597696200,410
1597697100,381
1597698000,368
1597698900,338
1597699800,394
1597700700,727
1597701600,306
1597702500,188
1597703400,600
1597704300,341
1597705200,156
1597706100,151
1597707000,119
1597707900,149
1597708800,151
1597709700,129
1597710600,138
1597711500,148
1597712400,151
1597713300,143
1597714200,124
1597715100,149
1597716000,160
1597716900,130
1597717800,138
1597718700,151
1597719600,148
1597720500,140
1597721400,125
1597722300,137
1597723200,134
1597724100,135
1597725000,268
1597725900,589
1597726800,551
1597727700,531
1597728600,542
1597729500,548
1597730400,532
1597731300,553
1597732200,498
1597733100,479
1597734000,478
1597734900,449
1597735800,333
1597736700,318
1597737600,255
1597738500,150
1597739400,177
1597740300,160
1597741200,171
1597742100,153
1597743000,206
1597743900,165
1597744800,166
1597745700,214
1597746600,209
1597747500,204
1597748400,213
1597749300,206
1597750200,206
1597751100,201
1597752000,214
1597752900,215
1597753800,205
1597754700,173
1597755600,179
1597756500,206
1597757400,213
1597758300,204
1597759200,205
1597760100,196
1597761000,225
1597761900,243
1597762800,275
1597763700,755
1597764600,601
1597765500,248
1597766400,252
1597767300,267
1597768200,289
1597769100,263
1597770000,236
1597770900,237
1597771800,267
1597772700,273
1597773600,268
1597774500,276
1597775400,287
1597776300,291
1597777200,300
1597778100,289
1597779000,287
1597779900,257
1597780800,218
1597781700,202
1597782600,213
1597783500,214
1597784400,207
1597785300,194
1597786200,204
1597787100,198
1597788000,177
1597788900,133
1597789800,142
1597790700,132
1597791600,128
1597792500,135
1597793400,131
1597794300,129
1597795200,126
1597796100,142
1597797000,132
1597797900,128
1597798800,146
1597799700,152
1597800600,141
1597801500,129
1597802400,147
1597803300,143
1597804200,149
1597805100,136
1597806000,146
1597806900,147
1597807800,131
1597808700,146
1597809600,145
1597810500,142
1597811400,134
1597812300,171
1597813200,178
1597814100,186
1597815000,144
1597815900,154
1597816800,159
1597817700,175
1597818600,161
1597819500,580
1597820400,347
1597821300,256
1597822200,261
1597823100,242
1597824000,470
1597824900,270
1597825800,305
1597826700,281
1597827600,308
1597828500,262
1597829400,267
1597830300,222
1597831200,504
1597832100,661
1597833000,516
1597833900,672
1597834800,910
1597835700,1108
1597836600,700
1597837500,274
1597838400,467
1597839300,565
1597840200,247
1597841100,237
1597842000,213
1597842900,175
1597843800,177
1597844700,177
1597845600,213
1597846500,184
1597847400,298
1597848300,233
1597849200,209
1597850100,243
1597851000,260
1597851900,293
1597852800,277
1597853700,306
1597854600,405
1597855500,357
1597856400,398
1597857300,361
1597858200,273
1597859100,286
1597860000,292
1597860900,310
1597861800,290
1597862700,310
1597863600,336
1597864500,334
1597865400,339
1597866300,341
1597867200,336
1597868100,202
1597869000,205
1597869900,179
1597870800,198
1597871700,191
1597872600,177
1597873500,194
1597874400,195
1597875300,156
1597876200,150
1597877100,164
1597878000,151
1597878900,133
1597879800,145
1597880700,157
1597881600,138
1597882500,147
1597883400,129
1597884300,153
1597885200,148
1597886100,133
1597887000,148
1597887900,148
1597888800,138
1597889700,149
1597890600,133
1597891500,127
1597892400,125
1597893300,134
1597894200,127
1597895100,137
1597896000,135
1597896900,187
1597897800,140
1597898700,139
1597899600,131
1597900500,149
1597901400,138
1597902300,141
1597903200,161
1597904100,175
1597905000,155
1597905900,164
1597906800,183
1597907700,153
1597908600,200
1597909500,237
1597910400,290
1597911300,372
1597912200,294
1597913100,240
1597914000,229
1597914900,239
1597915800,342
1597916700,881
1597917600,581
1597918500,239
1597919400,479
1597920300,526
1597921200,335
1597922100,288
1597923000,282
1597923900,320
1597924800,327
1597925700,303
1597926600,376
1597927500,337
1597928400,259
1597929300,263
1597930200,265
1597931100,260
1597932000,357
1597932900,307
1597933800,291
1597934700,312
1597935600,292
1597936500,537
1597937400,354
1597938300,276
1597939200,236
1597940100,253
1597941000,247
1597941900,275
1597942800,272
1597943700,277
1597944600,264
1597945500,319
1597946400,292
1597947300,296
1597948200,315
1597949100,291
1597950000,287
1597950900,279
1597951800,257
1597952700,293
1597953600,305
1597954500,282
1597955400,222
1597956300,197
1597957200,202
1597958100,194
1597959000,185
1597959900,147
1597960800,138
1597961700,131
1597962600,141
1597963500,124
1597964400,134
1597965300,141
1597966200,137
1597967100,132
1597968000,126
1597968900,161
1597969800,138
1597970700,131
1597971600,146
1597972500,164
1597973400,121
1597974300,147
1597975200,154
1597976100,146
1597977000,128
1597977900,138
1597978800,160
1597979700,139
1597980600,130
1597981500,131
1597982400,154
1597983300,160
1597984200,206
1597985100,170
1597986000,197
1597986900,173
1597987800,209
1597988700,225
1597989600,235
1597990500,265
1597991400,246
1597992300,394
1597993200,423
1597994100,372
1597995000,341
1597995900,311
1597996800,486
1597997700,304
1597998600,265
1597999500,350
1598000400,311
1598001300,285
1598002200,276
1598003100,250
1598004000,320
1598004900,322
1598005800,285
1598006700,348
1598007600,365
1598008500,447
1598009400,325
1598010300,346
1598011200,258
1598012100,282
1598013000,264
1598013900,254
1598014800,439
1598015700,419
1598016600,426
1598017500,400
1598018400,510
1598019300,443
1598020200,518
1598021100,495
1598022000,639
1598022900,527
1598023800,584
1598024700,556
1598025600,536
1598026500,581
1598027400,432
1598028300,318
1598029200,909
1598030100,673
1598031000,511
1598031900,476
1598032800,446
1598033700,587
1598034600,678
1598035500,746
1598036400,639
1598037300,612
1598038200,678
1598039100,668
1598040000,708
1598040900,668
1598041800,694
1598042700,701
1598043600,714
1598044500,585
1598045400,252
1598046300,200
1598047200,192
1598048100,149
1598049000,129
1598049900,130
1598050800,135
1598051700,129
1598052600,117
1598053500,127
1598054400,143
1598055300,130
1598056200,120
1598057100,130
1598058000,145
1598058900,147
1598059800,150
1598060700,142
1598061600,130
1598062500,147
1598063400,131
1598064300,133
1598065200,149
1598066100,147
1598067000,145
1598067900,121
1598068800,142
1598069700,148
1598070600,134
1598071500,150
1598072400,393
1598073300,504
1598074200,452
1598075100,503
1598076000,501
1598076900,470
1598077800,801
1598078700,1064
1598079600,766
1598080500,1045
1598081400,732
1598082300,782
1598083200,546
1598084100,472
1598085000,392
1598085900,458
1598086800,877
1598087700,779
1598088600,1152
1598089500,799
1598090400,501
1598091300,611
1598092200,479
1598093100,518
1598094000,501
1598094900,455
1598095800,298
1598096700,206
1598097600,219
1598098500,230
1598099400,320
1598100300,413
1598101200,413
1598102100,469
1598103000,320
1598103900,342
1598104800,235
1598105700,197
1598106600,194
1598107500,232
1598108400,224
1598109300,255
1598110200,178
1598111100,319
1598112000,221
1598112900,348
1598113800,267
1598114700,305
1598115600,244
1598116500,292
1598117400,291
1598118300,289
1598119200,222
1598120100,463
1598121000,322
1598121900,308
1598122800,324
1598123700,384
1598124600,301
1598125500,308
1598126400,300
1598127300,269
1598128200,285
1598129100,274
1598130000,272
1598130900,251
1598131800,207
1598132700,193
1598133600,203
1598134500,186
1598135400,191
1598136300,177
1598137200,189
1598138100,190
1598139000,186
1598139900,176
1598140800,188
1598141700,200
1598142600,132
1598143500,128
1598144400,156
1598145300,157
1598146200,144
1598147100,147
1598148000,157
1598148900,138
1598149800,165
1598150700,147
1598151600,156
1598152500,140
1598153400,158
1598154300,147
1598155200,157
1598156100,136
1598157000,162
1598157900,148
1598158800,153
1598159700,135
1598160600,160
1598161500,146
1598162400,153
1598163300,130
1598164200,148
1598165100,201
1598166000,167
1598166900,207
1598167800,216
1598168700,165
1598169600,310
1598170500,446
1598171400,336
1598172300,358
1598173200,200
1598174100,371
1598175000,313
1598175900,191
1598176800,340
1598177700,412
1598178600,629
1598179500,962
1598180400,526
1598181300,286
1598182200,234
1598183100,215
1598184000,177
1598184900,170
1598185800,166
1598186700,156
1598187600,137
1598188500,182
1598189400,154
1598190300,160
1598191200,216
1598192100,307
1598193000,173
1598193900,156
1598194800,203
1598195700,184
1598196600,227
1598197500,146
1598198400,148
1598199300,167
1598200200,209
1598201100,246
1598202000,325
1598202900,356
1598203800,725
1598204700,293
1598205600,343
1598206500,335
1598207400,421
1598208300,556
1598209200,398
1598210100,383
1598211000,397
1598211900,323
1598212800,241
1598213700,208
1598214600,220
1598215500,217
1598216400,209
1598217300,189
1598218200,169
1598219100,153
1598220000,142
1598220900,130
1598221800,136
1598222700,129
1598223600,139
1598224500,122
1598225400,131
1598226300,122
1598227200,138
1598228100,135
1598229000,131
1598229900,126
1598230800,138
1598231700,138
1598232600,145
1598233500,137
1598234400,148
1598235300,128
1598236200,146
1598237100,119
1598238000,159
1598238900,135
1598239800,145
1598240700,150
1598241600,145
1598242500,141
1598243400,223
1598244300,133
1598245200,830
1598246100,794
1598247000,704
1598247900,362
1598248800,159
1598249700,145
1598250600,154
1598251500,222
1598252400,238
1598253300,168
1598254200,284
1598255100,345
1598256000,385
1598256900,277
1598257800,194
1598258700,554
1598259600,297
1598260500,338
1598261400,550
1598262300,197
1598263200,173
1598264100,193
1598265000,174
1598265900,270
1598266800,216
1598267700,203
1598268600,218
1598269500,234
1598270400,246
1598271300,253
1598272200,234
1598273100,308
1598274000,291
1598274900,290
1598275800,304
1598276700,267
1598277600,245
1598278500,237
1598279400,218
1598280300,265
1598281200,390
1598282100,241
1598283000,319
1598283900,352
1598284800,216
1598285700,210
1598286600,230
1598287500,263
1598288400,240
1598289300,245
1598290200,661
1598291100,579
1598292000,494
1598292900,280
1598293800,350
1598294700,412
1598295600,397
1598296500,391
1598297400,391
1598298300,369
1598299200,358
1598300100,350
1598301000,355
1598301900,354
1598302800,360
1598303700,332
1598304600,217
1598305500,179
1598306400,190
1598307300,185
1598308200,141
1598309100,120
1598310000,129
1598310900,128
1598311800,130
1598312700,118
1598313600,127
1598314500,131
1598315400,138
1598316300,121
1598317200,140
1598318100,150
1598319000,129
1598319900,134
1598320800,146
1598321700,152
1598322600,127
1598323500,138
1598324400,143
1598325300,142
1598326200,133
1598327100,142
1598328000,152
1598328900,159
1598329800,174
1598330700,134
1598331600,221
1598332500,196
1598333400,198
1598334300,540
1598335200,506
1598336100,265
1598337000,192
1598337900,190
1598338800,188
1598339700,216
1598340600,199
1598341500,374
1598342400,210
1598343300,350
1598344200,271
1598345100,337
1598346000,230
1598346900,224
1598347800,277
1598348700,452
1598349600,510
1598350500,306
1598351400,291
1598352300,309
1598353200,211
1598354100,213
1598355000,353
1598355900,197
1598356800,235
1598357700,248
1598358600,304
1598359500,459
1598360400,232
1598361300,215
1598362200,250
1598363100,247
1598364000,243
1598364900,225
1598365800,218
1598366700,207
1598367600,194
1598368500,191
1598369400,216
1598370300,225
1598371200,210
1598372100,204
1598373000,211
1598373900,201
1598374800,246
1598375700,238
1598376600,228
1598377500,262
1598378400,485
1598379300,319
1598380200,206
1598381100,166
1598382000,826
1598382900,847
1598383800,460
1598384700,393
1598385600,366
1598386500,268
1598387400,186
1598388300,197
1598389200,189
1598390100,171
1598391000,200
1598391900,182
1598392800,158
1598393700,140
1598394600,141
1598395500,147
1598396400,121
1598397300,127
1598398200,127
1598399100,124
1598400000,115
1598400900,130
1598401800,122
1598402700,136
1598403600,127
1598404500,133
1598405400,123
1598406300,142
1598407200,133
1598408100,138
1598409000,134
1598409900,143
1598410800,115
1598411700,151
1598412600,138
1598413500,148
1598414400,140
1598415300,149
1598416200,203
1598417100,174
1598418000,136
1598418900,152
1598419800,143
1598420700,138
1598421600,139
1598422500,148
1598423400,182
1598424300,193
1598425200,232
1598426100,232
1598427000,224
1598427900,286
1598428800,365
1598429700,269
1598430600,307
1598431500,221
1598432400,297
1598433300,315
1598434200,241
1598435100,251
1598436000,669
1598436900,272
1598437800,252
1598438700,249
1598439600,241
1598440500,196
1598441400,183
1598442300,167
1598443200,185
1598444100,187
1598445000,195
1598445900,199
1598446800,192
1598447700,201
1598448600,193
1598449500,207
1598450400,271
1598451300,225
1598452200,223
1598453100,228
1598454000,204
1598454900,205
1598455800,235
1598456700,321
1598457600,307
1598458500,343
1598459400,302
1598460300,280
1598461200,281
1598462100,428
1598463000,436
1598463900,422
1598464800,378
1598465700,491
1598466600,464
1598467500,423
1598468400,364
1598469300,356
1598470200,368
1598471100,332
1598472000,351
1598472900,349
1598473800,257
1598474700,178
1598475600,203
1598476500,202
1598477400,182
1598478300,184
1598479200,196
1598480100,152
1598481000,147
1598481900,131
1598482800,155
1598483700,133
1598484600,128
1598485500,118
1598486400,132
1598487300,129
1598488200,127
1598489100,119
1598490000,155
1598490900,136
1598491800,125
1598492700,130
1598493600,148
1598494500,152
1598495400,126
1598496300,141
1598497200,147
1598498100,133
1598499000,138
1598499900,151
1598500800,168
1598501700,159
1598502600,476
1598503500,295
1598504400,215
1598505300,156
1598506200,162
1598507100,204
1598508000,202
1598508900,177
1598509800,161
1598510700,183
1598511600,178
1598512500,181
1598513400,171
1598514300,191
1598515200,226
1598516100,190
1598517000,154
1598517900,216
1598518800,195
1598519700,213
1598520600,206
1598521500,213
1598522400,221
1598523300,351
1598524200,418
1598525100,258
1598526000,232
1598526900,221
1598527800,427
1598528700,360
1598529600,241
1598530500,262
1598531400,277
1598532300,311
1598533200,258
1598534100,235
1598535000,235
1598535900,216
1598536800,180
1598537700,167
1598538600,177
1598539500,159
1598540400,295
1598541300,198
1598542200,187
1598543100,128
1598544000,153
1598544900,173
1598545800,277
1598546700,363
1598547600,184
1598548500,188
1598549400,237
1598550300,179
1598551200,162
1598552100,167
1598553000,284
1598553900,315
1598554800,306
1598555700,284
1598556600,311
1598557500,309
1598558400,272
1598559300,291
1598560200,225
1598561100,214
1598562000,180
1598562900,182
1598563800,195
1598564700,226
1598565600,215
1598566500,227
1598567400,201
1598568300,168
1598569200,136
1598570100,142
1598571000,132
1598571900,132
1598572800,123
1598573700,129
1598574600,132
1598575500,132
1598576400,133
1598577300,140
1598578200,133
1598579100,135
1598580000,118
1598580900,148
1598581800,149
1598582700,147
1598583600,130
1598584500,137
1598585400,148
1598586300,129
1598587200,140
1598588100,155
1598589000,206
1598589900,152
1598590800,165
1598591700,160
1598592600,139
1598593500,144
1598594400,150
1598595300,377
1598596200,238
1598597100,280
1598598000,217
1598598900,323
1598599800,292
1598600700,337
1598601600,282
1598602500,303
1598603400,312
1598604300,341
1598605200,377
1598606100,294
1598607000,310
1598607900,311
1598608800,261
1598609700,254
1598610600,284
1598611500,208
1598612400,192
1598613300,180
1598614200,253
1598615100,214
1598616000,238
1598616900,448
1598617800,945
1598618700,618
1598619600,598
1598620500,274
1598621400,296
1598622300,310
1598623200,283
1598624100,247
1598625000,317
1598625900,301
1598626800,252
1598627700,243
1598628600,214
1598629500,160
1598630400,155
1598631300,174
1598632200,154
1598633100,159
1598634000,291
1598634900,281
1598635800,180
1598636700,212
1598637600,250
1598638500,345
1598639400,337
1598640300,316
1598641200,294
1598642100,269
1598643000,279
1598643900,186
1598644800,256
1598645700,225
1598646600,236
1598647500,210
1598648400,224
1598649300,216
1598650200,239
1598651100,219
1598652000,186
1598652900,140
1598653800,173
1598654700,129
1598655600,118
1598656500,132
1598657400,130
1598658300,100
1598659200,130
1598660100,131
1598661000,125
1598661900,111
1598662800,139
1598663700,151
1598664600,136
1598665500,115
1598666400,131
1598667300,133
1598668200,125
1598669100,122
1598670000,137
1598670900,125
1598671800,120
1598672700,120
1598673600,140
1598674500,121
1598675400,128
1598676300,120
1598677200,175
1598678100,222
1598679000,149
1598679900,237
1598680800,186
1598681700,201
1598682600,329
1598683500,448
1598684400,337
1598685300,211
1598686200,231
1598687100,226
1598688000,231
1598688900,222
1598689800,207
1598690700,213
1598691600,338
1598692500,223
1598693400,227
1598694300,722
1598695200,1130
1598696100,278
1598697000,276
1598697900,285
1598698800,272
1598699700,286
1598700600,378
1598701500,279
1598702400,270
1598703300,287
1598704200,246
1598705100,250
1598706000,242
1598706900,242
1598707800,237
1598708700,294
1598709600,311
1598710500,252
1598711400,380
1598712300,777
1598713200,407
1598714100,271
1598715000,340
1598715900,275
1598716800,298
1598717700,273
1598718600,309
1598719500,288
1598720400,257
1598721300,248
1598722200,282
1598723100,282
1598724000,318
1598724900,366
1598725800,357
1598726700,363
1598727600,361
1598728500,375
1598729400,364
1598730300,353
1598731200,308
1598732100,259
1598733000,218
1598733900,221
1598734800,235
1598735700,201
1598736600,178
1598737500,179
1598738400,151
1598739300,129
1598740200,143
1598741100,156
1598742000,155
1598742900,151
1598743800,140
1598744700,153
1598745600,144
1598746500,131
1598747400,143
1598748300,154
1598749200,139
1598750100,153
1598751000,158
1598751900,164
1598752800,154
1598753700,138
1598754600,140
1598755500,143
1598756400,141
1598757300,132
1598758200,139
1598759100,141
1598760000,142
1598760900,143
1598761800,142
1598762700,142
1598763600,142
1598764500,146
1598765400,158
1598766300,156
1598767200,160
1598768100,137
1598769000,165
1598769900,272
1598770800,204
1598771700,178
1598772600,540
1598773500,532
1598774400,391
1598775300,417
1598776200,507
1598777100,303
1598778000,332
1598778900,331
1598779800,356
1598780700,822
1598781600,537
1598782500,706
1598783400,501
1598784300,361
1598785200,244
1598786100,254
1598787000,276
1598787900,245
1598788800,224
1598789700,224
1598790600,231
1598791500,201
1598792400,192
1598793300,200
1598794200,216
1598795100,202
1598796000,198
1598796900,203
1598797800,248
1598798700,235
1598799600,285
1598800500,479
1598801400,464
1598802300,256
1598803200,267
1598804100,226
1598805000,227
1598805900,212
1598806800,209
1598807700,218
1598808600,224
1598809500,209
1598810400,226
1598811300,239
1598812200,225
1598813100,225
1598814000,319
1598814900,336
1598815800,326
1598816700,320
1598817600,308
1598818500,324
1598819400,253
1598820300,195
1598821200,186
1598822100,209
1598823000,200
1598823900,196
1598824800,196
1598825700,204
1598826600,155
1598827500,170
1598828400,155
1598829300,161
1598830200,131
1598831100,164
1598832000,138
1598832900,146
1598833800,133
1598834700,179
1598835600,151
1598836500,154
1598837400,134
1598838300,166
1598839200,153
1598840100,155
1598841000,132
1598841900,144
1598842800,136
1598843700,135
1598844600,133
1598845500,138
1598846400,144
1598847300,138
1598848200,219
1598849100,147
1598850000,164
1598850900,155
1598851800,141
1598852700,329
1598853600,681
1598854500,461
1598855400,188
1598856300,211
1598857200,286
1598858100,176
1598859000,264
1598859900,454
1598860800,344
1598861700,266
1598862600,268
1598863500,263
1598864400,552
1598865300,749
1598866200,426
1598867100,522
1598868000,557
1598868900,398
1598869800,423
1598870700,275
1598871600,551
1598872500,569
1598873400,262
1598874300,358
1598875200,344
1598876100,323
1598877000,340
1598877900,288
1598878800,311
1598879700,253
1598880600,282
1598881500,254
1598882400,235
1598883300,209
1598884200,204
1598885100,196
1598886000,548
1598886900,651
1598887800,231
1598888700,195
1598889600,221
1598890500,200
1598891400,206
1598892300,197
1598893200,210
1598894100,239
1598895000,245
1598895900,238
1598896800,262
1598897700,256
1598898600,249
1598899500,228
1598900400,236
1598901300,216
1598902200,230
1598903100,234
1598904000,256
1598904900,238
1598905800,244
1598906700,256
1598907600,282
1598908500,244
1598909400,223
1598910300,206
1598911200,201
1598912100,185
1598913000,154
1598913900,143
1598914800,163
1598915700,165
1598916600,148
1598917500,150
1598918400,129
1598919300,152
1598920200,140
1598921100,142
1598922000,160
1598922900,168
1598923800,150
1598924700,154
1598925600,134
1598926500,171
1598927400,149
1598928300,139
1598929200,137
1598930100,150
1598931000,130
1598931900,139
1598932800,131
1598933700,165
1598934600,206
1598935500,170
1598936400,136
1598937300,208
1598938200,153
1598939100,236
1598940000,485
1598940900,207
1598941800,281
1598942700,220
1598943600,239
1598944500,233
1598945400,246
1598946300,190
1598947200,244
1598948100,204
1598949000,191
1598949900,350
1598950800,407
1598951700,453
1598952600,198
1598953500,196
1598954400,207
1598955300,211
1598956200,415
1598957100,650
1598958000,320
1598958900,289
1598959800,290
1598960700,223
1598961600,243
1598962500,557
1598963400,393
1598964300,340
1598965200,385
1598966100,343
1598967000,317
1598967900,257
1598968800,382
1598969700,235
1598970600,224
1598971500,193
1598972400,207
1598973300,206
1598974200,203
1598975100,377
1598976000,230
1598976900,230
1598977800,354
1598978700,258
1598979600,252
1598980500,269
1598981400,260
1598982300,265
1598983200,347
1598984100,365
1598985000,367
1598985900,380
1598986800,373
1598987700,333
1598988600,310
1598989500,313
1598990400,270
1598991300,237
1598992200,221
1598993100,249
1598994000,217
1598994900,187
1598995800,181
1598996700,210
1598997600,189
1598998500,198
1598999400,194
1599000300,150
1599001200,149
1599002100,144
1599003000,134
1599003900,158
1599004800,145
1599005700,147
1599006600,131
1599007500,151
1599008400,149
1599009300,148
1599010200,134
1599011100,154
1599012000,149
1599012900,144
1599013800,133
1599014700,144
1599015600,134
1599016500,122
1599017400,129
1599018300,127
1599019200,136
1599020100,212
1599021000,163
1599021900,173
1599022800,177
1599023700,189
1599024600,157
1599025500,182
1599026400,179
1599027300,167
1599028200,167
1599029100,174
1599030000,296
1599030900,289
1599031800,257
1599032700,283
1599033600,228
1599034500,230
1599035400,319
1599036300,234
1599037200,219
1599038100,205
1599039000,240
1599039900,191
1599040800,199
1599041700,190
1599042600,214
1599043500,195
1599044400,194
1599045300,244
1599046200,312
1599047100,317
1599048000,205
1599048900,224
1599049800,243
1599050700,240
1599051600,276
1599052500,264
1599053400,252
1599054300,234
1599055200,263
1599056100,214
1599057000,200
1599057900,212
1599058800,188
1599059700,218
1599060600,212
1599061500,236
1599062400,215
1599063300,238
1599064200,242
1599065100,224
1599066000,278
1599066900,590
1599067800,528
1599068700,295
1599069600,245
1599070500,238
1599071400,250
1599072300,254
1599073200,255
1599074100,393
1599075000,265
1599075900,265
1599076800,253
1599077700,261
1599078600,244
1599079500,235
1599080400,232
1599081300,232
1599082200,218
1599083100,237
1599084000,223
1599084900,193
1599085800,196
1599086700,181
1599087600,165
1599088500,191
1599089400,182
1599090300,158
1599091200,129
1599092100,144
1599093000,144
1599093900,143
1599094800,146
1599095700,146
1599096600,157
1599097500,138
1599098400,153
1599099300,152
1599100200,144
1599101100,136
1599102000,142
1599102900,167
1599103800,150
1599104700,158
1599105600,143
1599106500,160
1599107400,150
1599108300,158
1599109200,134
1599110100,154
1599111000,134
1599111900,143
1599112800,130
1599113700,153
1599114600,132
1599115500,274
1599116400,238
1599117300,174
1599118200,160
1599119100,192
1599120000,213
1599120900,209
1599121800,257
1599122700,224
1599123600,225
1599124500,250
1599125400,248
1599126300,250
1599127200,249
1599128100,269
1599129000,267
1599129900,261
1599130800,247
1599131700,232
1599132600,294
1599133500,254
1599134400,225
1599135300,270
1599136200,238
1599137100,220
1599138000,235
1599138900,224
1599139800,248
1599140700,224
1599141600,218
1599142500,250
1599143400,239
1599144300,273
1599145200,451
1599146100,260
1599147000,806
1599147900,598
1599148800,462
1599149700,293
1599150600,235
1599151500,399
1599152400,529
1599153300,256
1599154200,238
1599155100,250
1599156000,265
1599156900,250
1599157800,266
1599158700,327
1599159600,270
1599160500,252
1599161400,245
1599162300,252
1599163200,268
1599164100,273
1599165000,246
1599165900,249
1599166800,236
1599167700,207
1599168600,205
1599169500,220
1599170400,184
1599171300,175
1599172200,194
1599173100,205
1599174000,186
1599174900,185
1599175800,151
1599176700,132
1599177600,123
1599178500,120
1599179400,133
1599180300,134
1599181200,138
1599182100,137
1599183000,157
1599183900,134
1599184800,141
1599185700,137
1599186600,156
1599187500,162
1599188400,154
1599189300,157
1599190200,134
1599191100,165
1599192000,141
1599192900,147
1599193800,150
1599194700,167
1599195600,152
1599196500,146
1599197400,146
1599198300,162
1599199200,139
1599200100,200
1599201000,706
1599201900,192
1599202800,194
1599203700,153
1599204600,180
1599205500,201
1599206400,176
1599207300,165
1599208200,165
1599209100,174
1599210000,183
1599210900,220
1599211800,231
1599212700,231
1599213600,213
1599214500,236
1599215400,233
1599216300,216
1599217200,203
1599218100,187
1599219000,184
1599219900,173
1599220800,174
1599221700,187
1599222600,174
1599223500,221
1599224400,215
1599225300,205
1599226200,207
1599227100,218
1599228000,256
1599228900,254
1599229800,205
1599230700,227
1599231600,186
1599232500,223
1599233400,543
1599234300,388
1599235200,164
1599236100,179
1599237000,209
1599237900,210
1599238800,188
1599239700,208
1599240600,228
1599241500,205
1599242400,202
1599243300,214
1599244200,205
1599245100,198
1599246000,212
1599246900,199
1599247800,223
1599248700,181
1599249600,210
1599250500,184
1599251400,231
1599252300,239
1599253200,227
1599254100,193
1599255000,197
1599255900,150
1599256800,162
1599257700,135
1599258600,146
1599259500,132
1599260400,173
1599261300,148
1599262200,156
1599263100,129
1599264000,141
1599264900,141
1599265800,143
1599266700,146
1599267600,157
1599268500,152
1599269400,162
1599270300,136
1599271200,157
1599272100,140
1599273000,155
1599273900,135
1599274800,149
1599275700,139
1599276600,149
1599277500,150
1599278400,148
1599279300,139
1599280200,145
1599281100,139
1599282000,156
1599282900,139
1599283800,150
1599284700,141
1599285600,161
1599286500,145
1599287400,155
1599288300,170
1599289200,185
1599290100,175
1599291000,170
1599291900,242
1599292800,200
1599293700,241
1599294600,249
1599295500,264
1599296400,248
1599297300,262
1599298200,241
1599299100,219
1599300000,242
1599300900,275
1599301800,247
1599302700,213
1599303600,223
1599304500,275
1599305400,228
1599306300,225
1599307200,230
1599308100,428
1599309000,292
1599309900,328
1599310800,382
1599311700,233
1599312600,224
1599313500,195
1599314400,177
1599315300,241
1599316200,203
1599317100,234
1599318000,203
1599318900,205
1599319800,185
1599320700,175
1599321600,182
1599322500,174
1599323400,150
1599324300,636
1599325200,436
1599326100,211
1599327000,268
1599327900,201
1599328800,217
1599329700,229
1599330600,200
1599331500,197
1599332400,205
1599333300,174
1599334200,171
1599335100,173
1599336000,253
1599336900,191
1599337800,198
1599338700,188
1599339600,186
1599340500,226
1599341400,192
1599342300,166
1599343200,150
1599344100,156
1599345000,146
1599345900,160
1599346800,148
1599347700,157
1599348600,128
1599349500,168
1599350400,146
1599351300,150
1599352200,117
1599353100,138
1599354000,147
1599354900,145
1599355800,137
1599356700,147
1599357600,144
1599358500,146
1599359400,139
1599360300,150
1599361200,140
1599362100,154
1599363000,144
1599363900,146
1599364800,140
1599365700,137
1599366600,150
1599367500,147
1599368400,144
1599369300,140
1599370200,143
1599371100,153
1599372000,148
1599372900,132
1599373800,147
1599374700,140
1599375600,159
1599376500,186
1599377400,890
1599378300,206
1599379200,225
1599380100,205
1599381000,240
1599381900,250
1599382800,260
1599383700,235
1599384600,247
1599385500,531
1599386400,365
1599387300,264
1599388200,266
1599389100,253
1599390000,265
1599390900,235
1599391800,275
1599392700,847
1599393600,460
1599394500,256
1599395400,227
1599396300,251
1599397200,277
1599398100,272
1599399000,284
1599399900,246
1599400800,263
1599401700,274
1599402600,255
1599403500,221
1599404400,218
1599405300,615
1599406200,346
1599407100,196
1599408000,212
1599408900,191
1599409800,212
1599410700,207
1599411600,249
1599412500,246
1599413400,253
1599414300,245
1599415200,257
1599416100,244
1599417000,272
1599417900,229
1599418800,240
1599419700,304
1599420600,237
1599421500,231
1599422400,233
1599423300,224
1599424200,234
1599425100,246
1599426000,226
1599426900,193
1599427800,172
1599428700,169
1599429600,160
1599430500,152
1599431400,151
1599432300,139
1599433200,163
1599434100,152
1599435000,132
1599435900,150
1599436800,136
1599437700,161
1599438600,138
1599439500,145
1599440400,148
1599441300,152
1599442200,142
1599443100,141
1599444000,133
1599444900,145
1599445800,151
1599446700,144
1599447600,145
1599448500,138
1599449400,146
1599450300,146
1599451200,145
1599452100,139
1599453000,147
1599453900,141
1599454800,160
1599455700,139
1599456600,149
1599457500,140
1599458400,142
1599459300,152
1599460200,164
1599461100,193
1599462000,221
1599462900,294
1599463800,169
1599464700,168
1599465600,188
1599466500,188
1599467400,210
1599468300,205
1599469200,171
1599470100,169
1599471000,154
1599471900,185
1599472800,245
1599473700,214
1599474600,214
1599475500,634
1599476400,394
1599477300,219
1599478200,216
1599479100,218
1599480000,206
1599480900,188
1599481800,159
1599482700,167
1599483600,173
1599484500,158
1599485400,316
1599486300,169
1599487200,203
1599488100,189
1599489000,205
1599489900,185
1599490800,156
1599491700,215
1599492600,160
1599493500,199
1599494400,194
1599495300,183
1599496200,182
1599497100,186
1599498000,192
1599498900,180
1599499800,182
1599500700,216
1599501600,215
1599502500,195
1599503400,196
1599504300,186
1599505200,219
1599506100,176
1599507000,187
1599507900,176
1599508800,238
1599509700,181
1599510600,188
1599511500,188
1599512400,221
1599513300,200
1599514200,202
1599515100,203
1599516000,273
1599516900,262
1599517800,249
1599518700,174
1599519600,168
1599520500,146
1599521400,149
1599522300,145
1599523200,143
1599524100,154
1599525000,139
1599525900,154
1599526800,164
1599527700,139
1599528600,146
1599529500,145
1599530400,141
1599531300,147
1599532200,145
1599533100,154
1599534000,138
1599534900,145
1599535800,134
1599536700,157
1599537600,141
1599538500,150
1599539400,144
1599540300,152
1599541200,157
1599542100,147
1599543000,135
1599543900,169
1599544800,190
1599545700,257
1599546600,227
1599547500,189
1599548400,210
1599549300,194
1599550200,178
1599551100,241
1599552000,782
1599552900,580
1599553800,485
1599554700,550
1599555600,355
1599556500,259
1599557400,231
1599558300,230
1599559200,255
1599560100,519
1599561000,496
1599561900,500
1599562800,279
1599563700,246
1599564600,251
1599565500,244
1599566400,213
1599567300,208
1599568200,229
1599569100,244
1599570000,221
1599570900,208
1599571800,194
1599572700,201
1599573600,208
1599574500,185
1599575400,195
1599576300,251
1599577200,322
1599578100,230
1599579000,218
1599579900,254
1599580800,219
1599581700,213
1599582600,240
1599583500,222
1599584400,234
1599585300,236
1599586200,257
1599587100,251
1599588000,298
1599588900,324
1599589800,334
1599590700,309
1599591600,385
1599592500,424
1599593400,366
1599594300,333
1599595200,287
1599596100,236
1599597000,197
1599597900,179
1599598800,191
1599599700,183
1599600600,190
1599601500,179
1599602400,212
1599603300,177
1599604200,164
1599605100,144
1599606000,155
1599606900,162
1599607800,159
1599608700,143
1599609600,127
1599610500,148
1599611400,158
1599612300,137
1599613200,162
1599614100,161
1599615000,169
1599615900,138
1599616800,151
1599617700,141
1599618600,156
1599619500,147
1599620400,144
1599621300,136
1599622200,147
1599623100,152
1599624000,150
1599624900,140
1599625800,150
1599626700,143
1599627600,156
1599628500,527
1599629400,259
1599630300,232
1599631200,195
1599632100,210
1599633000,276
1599633900,250
1599634800,183
1599635700,266
1599636600,262
1599637500,290
1599638400,290
1599639300,279
1599640200,298
1599641100,330
1599642000,276
1599642900,363
1599643800,708
1599644700,416
1599645600,547
1599646500,416
1599647400,697
1599648300,324
1599649200,331
1599650100,264
1599651000,918
1599651900,920
1599652800,780
1599653700,745
1599654600,408
1599655500,227
1599656400,211
1599657300,240
1599658200,236
1599659100,276
1599660000,218
1599660900,354
1599661800,540
1599662700,258
1599663600,261
1599664500,278
1599665400,231
1599666300,253
1599667200,215
1599668100,224
1599669000,234
1599669900,244
1599670800,351
1599671700,493
1599672600,495
1599673500,689
1599674400,676
1599675300,707
1599676200,651
1599677100,570
1599678000,524
1599678900,513
1599679800,419
1599680700,320
1599681600,295
1599682500,337
1599683400,295
1599684300,230
1599685200,206
1599686100,220
1599687000,207
1599687900,220
1599688800,232
1599689700,215
1599690600,183
1599691500,187
1599692400,175
1599693300,173
1599694200,146
1599695100,139
1599696000,139
1599696900,156
1599697800,131
1599698700,161
1599699600,159
1599700500,164
1599701400,170
1599702300,147
1599703200,153
1599704100,161
1599705000,136
1599705900,152
1599706800,133
1599707700,143
1599708600,133
1599709500,150
1599710400,136
1599711300,143
1599712200,146
1599713100,145
1599714000,151
1599714900,162
1599715800,153
1599716700,226
1599717600,228
1599718500,213
1599719400,157
1599720300,162
1599721200,170
1599722100,165
1599723000,210
1599723900,176
1599724800,177
1599725700,194
1599726600,188
1599727500,228
1599728400,255
1599729300,290
1599730200,242
1599731100,255
1599732000,277
1599732900,574
1599733800,814
1599734700,1070
1599735600,707
1599736500,504
1599737400,461
1599738300,307
1599739200,294
1599740100,432
1599741000,288
1599741900,259
1599742800,273
1599743700,274
1599744600,247
1599745500,249
1599746400,290
1599747300,287
1599748200,249
1599749100,302
1599750000,315
1599750900,267
1599751800,289
1599752700,296
1599753600,271
1599754500,248
1599755400,539
1599756300,371
1599757200,256
1599758100,235
1599759000,338
1599759900,544
1599760800,372
1599761700,339
1599762600,329
1599763500,373
1599764400,396
1599765300,355
1599766200,353
1599767100,340
1599768000,294
1599768900,227
1599769800,255
1599770700,224
1599771600,219
1599772500,216
1599773400,200
1599774300,206
1599775200,207
1599776100,186
1599777000,162
1599777900,167
1599778800,140
1599779700,136
1599780600,149
1599781500,140
1599782400,159
1599783300,122
1599784200,149
1599785100,140
1599786000,144
1599786900,140
1599787800,174
1599788700,154
1599789600,167
1599790500,146
1599791400,163
1599792300,135
1599793200,142
1599794100,141
1599795000,150
1599795900,134
1599796800,142
1599797700,136
1599798600,167
1599799500,137
1599800400,151
1599801300,135
1599802200,169
1599803100,165
1599804000,160
1599804900,140
1599805800,287
1599806700,186
1599807600,187
1599808500,242
1599809400,231
1599810300,241
1599811200,233
1599812100,243
1599813000,251
1599813900,225
1599814800,238
1599815700,246
1599816600,257
1599817500,355
1599818400,432
1599819300,741
1599820200,1255
1599821100,883
1599822000,375
1599822900,373
1599823800,677
1599824700,874
1599825600,670
1599826500,438
1599827400,312
1599828300,314
1599829200,335
1599830100,377
1599831000,530
1599831900,397
1599832800,886
1599833700,795
1599834600,830
1599835500,519
1599836400,561
1599837300,575
1599838200,575
1599839100,575
1599840000,669
1599840900,519
1599841800,777
1599842700,848
1599843600,551
1599844500,379
1599845400,428
1599846300,586
1599847200,484
1599848100,422
1599849000,418
1599849900,460
1599850800,441
1599851700,428
1599852600,425
1599853500,410
1599854400,377
1599855300,323
1599856200,286
1599857100,274
1599858000,293
1599858900,283
1599859800,276
1599860700,255
1599861600,245
1599862500,243
1599863400,255
1599864300,245
1599865200,221
1599866100,244
1599867000,213
1599867900,148
1599868800,126
1599869700,151
1599870600,153
1599871500,164
1599872400,133
1599873300,173
1599874200,165
1599875100,156
1599876000,143
1599876900,167
1599877800,163
1599878700,176
1599879600,143
1599880500,151
1599881400,135
1599882300,151
1599883200,140
1599884100,137
1599885000,147
1599885900,144
1599886800,161
1599887700,138
1599888600,167
1599889500,180
1599890400,196
1599891300,251
1599892200,679
1599893100,754
1599894000,747
1599894900,295
1599895800,317
1599896700,388
1599897600,400
1599898500,424
1599899400,424
1599900300,449
1599901200,299
1599902100,290
1599903000,298
1599903900,865
1599904800,973
1599905700,1104
1599906600,879
1599907500,532
1599908400,409
1599909300,435
1599910200,688
1599911100,415
1599912000,520
1599912900,409
1599913800,850
1599914700,956
1599915600,513
1599916500,556
1599917400,473
1599918300,481
1599919200,316
1599920100,335
1599921000,295
1599921900,317
1599922800,748
1599923700,740
1599924600,584
1599925500,291
1599926400,287
1599927300,674
1599928200,616
1599929100,370
1599930000,334
1599930900,380
1599931800,447
1599932700,428
1599933600,421
1599934500,402
1599935400,394
1599936300,430
1599937200,368
1599938100,389
1599939000,362
1599939900,380
1599940800,338
1599941700,371
1599942600,314
1599943500,262
1599944400,242
1599945300,240
1599946200,228
1599947100,216
1599948000,188
1599948900,190
1599949800,192
1599950700,156
1599951600,158
1599952500,158
1599953400,156
1599954300,143
1599955200,163
1599956100,156
1599957000,152
1599957900,131
1599958800,152
1599959700,159
1599960600,154
1599961500,146
1599962400,159
1599963300,161
1599964200,172
1599965100,157
1599966000,159
1599966900,164
1599967800,136
1599968700,156
1599969600,133
1599970500,144
1599971400,135
1599972300,154
1599973200,145
1599974100,151
1599975000,140
1599975900,148
1599976800,146
1599977700,174
1599978600,266
1599979500,240
1599980400,240
1599981300,232
1599982200,193
1599983100,264
1599984000,266
1599984900,272
1599985800,270
1599986700,292
1599987600,341
1599988500,506
1599989400,784
1599990300,490
1599991200,350
1599992100,318
1599993000,295
1599993900,339
1599994800,298
1599995700,302
1599996600,379
1599997500,287
1599998400,262
1599999300,273
1600000200,253
1600001100,268
1600002000,276
1600002900,290
1600003800,314
1600004700,400
1600005600,291
1600006500,313
1600007400,290
1600008300,275
1600009200,254
1600010100,261
1600011000,260
1600011900,260
1600012800,288
1600013700,286
1600014600,304
1600015500,606
1600016400,308
1600017300,356
1600018200,313
1600019100,406
1600020000,423
1600020900,422
1600021800,433
1600022700,796
1600023600,419
1600024500,372
1600025400,344
1600026300,738
1600027200,545
1600028100,336
1600029000,273
1600029900,225
1600030800,208
1600031700,211
1600032600,210
1600033500,204
1600034400,204
1600035300,212
1600036200,181
1600037100,157
1600038000,162
1600038900,166
1600039800,142
1600040700,145
1600041600,149
1600042500,130
1600043400,165
1600044300,153
1600045200,161
1600046100,157
1600047000,147
1600047900,152
1600048800,148
1600049700,152
1600050600,145
1600051500,161
1600052400,147
1600053300,157
1600054200,146
1600055100,170
1600056000,180
1600056900,161
1600057800,159
1600058700,154
1600059600,159
1600060500,168
1600061400,169
1600062300,262
1600063200,216
1600064100,240
1600065000,221
1600065900,215
1600066800,319
1600067700,288
1600068600,346
1600069500,341
1600070400,290
1600071300,301
1600072200,295
1600073100,346
1600074000,312
1600074900,223
1600075800,518
1600076700,354
1600077600,237
1600078500,227
1600079400,369
1600080300,231
1600081200,262
1600082100,221
1600083000,174
1600083900,179
1600084800,170
1600085700,178
1600086600,139
1600087500,278
1600088400,244
1600089300,318
1600090200,312
1600091100,278
1600092000,263
1600092900,245
1600093800,308
1600094700,317
1600095600,452
1600096500,321
1600097400,303
1600098300,404
1600099200,335
1600100100,451
1600101000,425
1600101900,456
1600102800,397
1600103700,379
1600104600,370
1600105500,429
1600106400,358
1600107300,424
1600108200,395
1600109100,403
1600110000,388
1600110900,360
1600111800,344
1600112700,339
1600113600,268
1600114500,251
1600115400,241
1600116300,198
1600117200,206
1600118100,202
1600119000,215
1600119900,188
1600120800,184
1600121700,159
1600122600,146
1600123500,166
1600124400,153
1600125300,163
1600126200,151
1600127100,137
1600128000,144
1600128900,145
1600129800,140
1600130700,149
1600131600,141
1600132500,134
1600133400,162
1600134300,145
1600135200,142
1600136100,138
1600137000,144
1600137900,144
1600138800,138
1600139700,157
1600140600,148
1600141500,176
1600142400,175
1600143300,186
1600144200,155
1600145100,173
1600146000,166
1600146900,176
1600147800,168
1600148700,164
1600149600,262
1600150500,200
1600151400,205
1600152300,179
1600153200,193
1600154100,197
1600155000,228
1600155900,716
1600156800,922
1600157700,362
1600158600,320
1600159500,387
1600160400,441
1600161300,429
1600162200,418
1600163100,615
1600164000,344
1600164900,267
1600165800,701
1600166700,920
1600167600,444
1600168500,643
1600169400,266
1600170300,281
1600171200,313
1600172100,638
1600173000,581
1600173900,299
1600174800,240
1600175700,222
1600176600,231
1600177500,230
1600178400,254
1600179300,218
1600180200,296
1600181100,255
1600182000,285
1600182900,404
1600183800,403
1600184700,416
1600185600,392
1600186500,331
1600187400,303
1600188300,279
1600189200,266
1600190100,284
1600191000,357
1600191900,297
1600192800,364
1600193700,451
1600194600,429
1600195500,363
1600196400,379
1600197300,371
1600198200,381
1600199100,355
1600200000,380
1600200900,351
1600201800,309
1600202700,217
1600203600,209
1600204500,197
1600205400,188
1600206300,195
1600207200,191
1600208100,187
1600209000,150
1600209900,126
1600210800,117
1600211700,111
1600212600,172
1600213500,172
1600214400,179
1600215300,168
1600216200,171
1600217100,176
1600218000,189
1600218900,188
1600219800,165
1600220700,159
1600221600,168
1600222500,168
1600223400,175
1600224300,164
1600225200,153
1600226100,165
1600227000,176
1600227900,179
1600228800,174
1600229700,189
1600230600,173
1600231500,195
1600232400,195
1600233300,285
1600234200,181
1600235100,282
1600236000,403
1600236900,355
1600237800,336
1600238700,271
1600239600,362
1600240500,459
1600241400,568
1600242300,440
1600243200,275
1600244100,302
1600245000,279
1600245900,280
1600246800,301
1600247700,288
1600248600,515
1600249500,790
1600250400,751
1600251300,559
1600252200,676
1600253100,399
1600254000,412
1600254900,519
1600255800,292
1600256700,368
1600257600,270
1600258500,843
1600259400,349
1600260300,259
1600261200,310
1600262100,299
1600263000,291
1600263900,477
1600264800,269
1600265700,269
1600266600,262
1600267500,318
1600268400,310
1600269300,368
1600270200,392
1600271100,457
1600272000,587
1600272900,827
1600273800,455
1600274700,443
1600275600,415
1600276500,358
1600277400,429
1600278300,404
1600279200,411
1600280100,399
1600281000,406
1600281900,377
1600282800,381
1600283700,356
1600284600,363
1600285500,339
1600286400,305
1600287300,232
1600288200,181
1600289100,204
1600290000,175
1600290900,210
1600291800,191
1600292700,200
1600293600,167
1600294500,167
1600295400,171
1600296300,151
1600297200,136
1600298100,143
1600299000,144
1600299900,147
1600300800,129
1600301700,137
1600302600,146
1600303500,132
1600304400,143
1600305300,148
1600306200,146
1600307100,137
1600308000,137
1600308900,123
1600309800,129
1600310700,119
1600311600,128
1600312500,130
1600313400,125
1600314300,142
1600315200,159
1600316100,143
1600317000,152
1600317900,146
1600318800,792
1600319700,852
1600320600,896
1600321500,522
1600322400,361
1600323300,483
1600324200,447
1600325100,398
1600326000,367
1600326900,394
1600327800,391
1600328700,366
1600329600,780
1600330500,646
1600331400,554
1600332300,814
1600333200,940
1600334100,686
1600335000,664
1600335900,460
1600336800,632
1600337700,395
1600338600,411
1600339500,534
1600340400,423
1600341300,286
1600342200,284
1600343100,266
1600344000,257
1600344900,254
1600345800,351
1600346700,293
1600347600,384
1600348500,487
1600349400,475
1600350300,402
1600351200,408
1600352100,432
1600353000,434
1600353900,385
1600354800,655
1600355700,757
1600356600,1018
1600357500,974
1600358400,919
1600359300,1379
1600360200,1214
1600361100,667
1600362000,491
1600362900,471
1600363800,428
1600364700,493
1600365600,366
1600366500,351
1600367400,362
1600368300,358
1600369200,356
1600370100,365
1600371000,349
1600371900,333
1600372800,305
1600373700,235
1600374600,232
1600375500,227
1600376400,232
1600377300,224
1600378200,173
1600379100,200
1600380000,188
1600380900,176
1600381800,193
1600382700,163
1600383600,149
1600384500,136
1600385400,132
1600386300,139
1600387200,157
1600388100,120
1600389000,147
1600389900,139
1600390800,150
1600391700,139
1600392600,138
1600393500,139
1600394400,147
1600395300,129
1600396200,132
1600397100,120
1600398000,129
1600398900,120
1600399800,138
1600400700,121
1600401600,124
1600402500,135
1600403400,131
1600404300,142
1600405200,277
1600406100,668
1600407000,322
1600407900,434
1600408800,320
1600409700,323
1600410600,726
1600411500,803
1600412400,509
1600413300,253
1600414200,277
1600415100,259
1600416000,232
1600416900,248
1600417800,291
1600418700,272
1600419600,286
1600420500,257
1600421400,392
1600422300,411
1600423200,408
1600424100,261
1600425000,250
1600425900,273
1600426800,346
1600427700,497
1600428600,478
1600429500,431
1600430400,440
1600431300,910
1600432200,502
1600433100,494
1600434000,563
1600434900,568
1600435800,611
1600436700,592
1600437600,882
1600438500,925
1600439400,1002
1600440300,584
1600441200,283
1600442100,318
1600443000,454
1600443900,315
1600444800,321
1600445700,350
1600446600,333
1600447500,232
1600448400,256
1600449300,312
1600450200,366
1600451100,294
1600452000,270
1600452900,241
1600453800,330
1600454700,227
1600455600,240
1600456500,237
1600457400,223
1600458300,219
1600459200,235
1600460100,229
1600461000,196
1600461900,176
1600462800,179
1600463700,187
1600464600,180
1600465500,179
1600466400,209
1600467300,174
1600468200,177
1600469100,131
1600470000,118
1600470900,143
1600471800,122
1600472700,127
1600473600,99
1600474500,127
1600475400,125
1600476300,113
1600477200,110
1600478100,126
1600479000,133
1600479900,133
1600480800,102
1600481700,119
1600482600,105
1600483500,108
1600484400,104
1600485300,98
1600486200,107
1600487100,107
1600488000,106
1600488900,110
1600489800,108
1600490700,102
1600491600,186
1600492500,140
1600493400,186
1600494300,169
1600495200,137
1600496100,141
1600497000,197
1600497900,694
1600498800,491
1600499700,355
1600500600,749
1600501500,476
1600502400,328
1600503300,311
1600504200,699
1600505100,660
1600506000,412
1600506900,622
1600507800,839
1600508700,420
1600509600,363
1600510500,510
1600511400,369
1600512300,494
1600513200,904
1600514100,841
1600515000,649
1600515900,568
1600516800,532
1600517700,458
1600518600,362
1600519500,457
1600520400,338
1600521300,326
1600522200,362
1600523100,375
1600524000,404
1600524900,483
1600525800,625
1600526700,271
1600527600,251
1600528500,548
1600529400,793
1600530300,517
1600531200,258
1600532100,273
1600533000,220
1600533900,474
1600534800,403
1600535700,841
1600536600,550
1600537500,909
1600538400,875
1600539300,778
1600540200,360
1600541100,327
1600542000,307
1600542900,320
1600543800,301
1600544700,304
1600545600,241
1600546500,243
1600547400,199
1600548300,137
1600549200,133
1600550100,148
1600551000,126
1600551900,142
1600552800,147
1600553700,130
1600554600,110
1600555500,145
1600556400,147
1600557300,136
1600558200,121
1600559100,139
1600560000,144
1600560900,139
1600561800,117
1600562700,137
1600563600,141
1600564500,135
1600565400,124
1600566300,138
1600567200,140
1600568100,144
1600569000,121
1600569900,114
1600570800,122
1600571700,125
1600572600,127
1600573500,112
1600574400,123
1600575300,120
1600576200,142
1600577100,114
1600578000,124
1600578900,124
1600579800,147
1600580700,132
1600581600,142
1600582500,133
1600583400,130
1600584300,429
1600585200,583
1600586100,951
1600587000,354
1600587900,248
1600588800,291
1600589700,330
1600590600,416
1600591500,389
1600592400,443
1600593300,359
1600594200,183
1600595100,168
1600596000,162
1600596900,171
1600597800,173
1600598700,155
1600599600,142
1600600500,153
1600601400,145
1600602300,163
1600603200,142
1600604100,156
1600605000,224
1600605900,263
1600606800,234
1600607700,256
1600608600,251
1600609500,255
1600610400,238
1600611300,222
1600612200,193
1600613100,188
1600614000,216
1600614900,225
1600615800,209
1600616700,243
1600617600,244
1600618500,359
1600619400,230
1600620300,236
1600621200,245
1600622100,257
1600623000,328
1600623900,434
1600624800,325
1600625700,298
1600626600,316
1600627500,368
1600628400,329
1600629300,356
1600630200,373
1600631100,272
1600632000,236
1600632900,229
1600633800,212
1600634700,213
1600635600,188
1600636500,157
1600637400,149
1600638300,159
1600639200,181
1600640100,156
1600641000,153
1600641900,143
1600642800,158
1600643700,152
1600644600,160
1600645500,152
1600646400,161
1600647300,150
1600648200,155
1600649100,156
1600650000,153
1600650900,150
1600651800,169
1600652700,153
1600653600,155
1600654500,146
1600655400,149
1600656300,168
1600657200,133
1600658100,141
1600659000,142
1600659900,177
1600660800,163
1600661700,171
1600662600,154
1600663500,172
1600664400,168
1600665300,148
1600666200,167
1600667100,186
1600668000,248
1600668900,167
1600669800,176
1600670700,179
1600671600,176
1600672500,165
1600673400,161
1600674300,149
1600675200,156
1600676100,205
1600677000,237
1600677900,219
1600678800,212
1600679700,239
1600680600,496
1600681500,284
1600682400,438
1600683300,298
1600684200,310
1600685100,447
1600686000,437
1600686900,293
1600687800,350
1600688700,332
1600689600,246
1600690500,265
1600691400,259
1600692300,257
1600693200,251
1600694100,266
1600695000,263
1600695900,286
1600696800,255
1600697700,248
1600698600,265
1600699500,260
1600700400,270
1600701300,291
1600702200,286
1600703100,410
1600704000,318
1600704900,387
1600705800,347
1600706700,500
1600707600,533
1600708500,552
1600709400,423
1600710300,463
1600711200,931
1600712100,494
1600713000,411
1600713900,415
1600714800,402
1600715700,396
1600716600,401
1600717500,379
1600718400,364
1600719300,226
1600720200,200
1600721100,196
1600722000,198
1600722900,212
1600723800,182
1600724700,180
1600725600,150
1600726500,158
1600727400,153
1600728300,159
1600729200,156
1600730100,155
1600731000,166
1600731900,136
1600732800,158
1600733700,140
1600734600,159
1600735500,156
1600736400,158
1600737300,161
1600738200,142
1600739100,160
1600740000,164
1600740900,140
1600741800,156
1600742700,160
1600743600,167
1600744500,151
1600745400,159
1600746300,173
1600747200,179
1600748100,148
1600749000,161
1600749900,148
1600750800,167
1600751700,157
1600752600,164
1600753500,234
1600754400,156
1600755300,147
1600756200,150
1600757100,175
1600758000,208
1600758900,322
1600759800,326
1600760700,336
1600761600,423
1600762500,321
1600763400,312
1600764300,291
1600765200,292
1600766100,548
1600767000,623
1600767900,238
1600768800,601
1600769700,453
1600770600,375
1600771500,269
1600772400,265
1600773300,232
1600774200,232
1600775100,331
1600776000,315
1600776900,294
1600777800,324
1600778700,204
1600779600,218
1600780500,234
1600781400,231
1600782300,233
1600783200,230
1600784100,227
1600785000,343
1600785900,409
1600786800,354
1600787700,286
1600788600,275
1600789500,326
1600790400,317
1600791300,279
1600792200,383
1600793100,389
1600794000,423
1600794900,418
1600795800,431
1600796700,444
1600797600,461
1600798500,446
1600799400,431
1600800300,398
1600801200,392
1600802100,392
1600803000,367
1600803900,376
1600804800,374
1600805700,291
1600806600,220
1600807500,216
1600808400,210
1600809300,218
1600810200,199
1600811100,204
1600812000,193
1600812900,184
1600813800,140
1600814700,135
1600815600,145
1600816500,151
1600817400,136
1600818300,149
1600819200,139
1600820100,131
1600821000,153
1600821900,166
1600822800,152
1600823700,142
1600824600,158
1600825500,170
1600826400,153
1600827300,143
1600828200,143
1600829100,157
1600830000,149
1600830900,150
1600831800,140
1600832700,169
1600833600,166
1600834500,157
1600835400,150
1600836300,153
1600837200,194
1600838100,600
1600839000,305
1600839900,206
1600840800,208
1600841700,548
1600842600,487
1600843500,375
1600844400,224
1600845300,334
1600846200,676
1600847100,184
1600848000,174
1600848900,198
1600849800,224
1600850700,404
1600851600,228
1600852500,211
1600853400,207
1600854300,198
1600855200,204
1600856100,256
1600857000,209
1600857900,167
1600858800,141
1600859700,155
1600860600,155
1600861500,148
1600862400,170
1600863300,180
1600864200,202
1600865100,211
1600866000,281
1600866900,239
1600867800,257
1600868700,241
1600869600,249
1600870500,239
1600871400,239
1600872300,264
1600873200,262
1600874100,396
1600875000,425
1600875900,397
1600876800,382
1600877700,373
1600878600,336
1600879500,497
1600880400,354
1600881300,403
1600882200,412
1600883100,416
1600884000,422
1600884900,470
1600885800,495
1600886700,478
1600887600,445
1600888500,442
1600889400,424
1600890300,429
1600891200,394
1600892100,402
1600893000,391
1600893900,350
1600894800,327
1600895700,329
1600896600,259
1600897500,245
1600898400,193
1600899300,191
1600900200,177
1600901100,170
1600902000,165
1600902900,189
1600903800,143
1600904700,161
1600905600,148
1600906500,153
1600907400,144
1600908300,156
1600909200,152
1600910100,157
1600911000,162
1600911900,155
1600912800,158
1600913700,174
1600914600,165
1600915500,157
1600916400,167
1600917300,181
1600918200,145
1600919100,200
1600920000,191
1600920900,200
1600921800,174
1600922700,183
1600923600,182
1600924500,190
1600925400,241
1600926300,165
1600927200,159
1600928100,209
1600929000,217
1600929900,229
1600930800,352
1600931700,444
1600932600,405
1600933500,352
1600934400,368
1600935300,529
1600936200,444
1600937100,345
1600938000,293
1600938900,322
1600939800,505
1600940700,641
1600941600,508
1600942500,350
1600943400,293
1600944300,305
1600945200,224
1600946100,337
1600947000,302
1600947900,296
1600948800,319
1600949700,283
1600950600,386
1600951500,311
1600952400,364
1600953300,274
1600954200,273
1600955100,283
1600956000,249
1600956900,250
1600957800,370
1600958700,311
1600959600,257
1600960500,297
1600961400,437
1600962300,354
1600963200,259
1600964100,294
1600965000,376
1600965900,474
1600966800,439
1600967700,601
1600968600,567
1600969500,845
1600970400,491
1600971300,496
1600972200,484
1600973100,904
1600974000,668
1600974900,524
1600975800,527
1600976700,473
1600977600,528
1600978500,334
1600979400,247
1600980300,286
1600981200,275
1600982100,270
1600983000,262
1600983900,299
1600984800,289
1600985700,222
1600986600,186
1600987500,197
1600988400,165
1600989300,166
1600990200,206
1600991100,216
1600992000,183
1600992900,184
1600993800,215
1600994700,197
1600995600,181
1600996500,165
1600997400,182
1600998300,179
1600999200,182
1601000100,194
1601001000,216
1601001900,186
1601002800,167
1601003700,172
1601004600,156
1601005500,181
1601006400,215
1601007300,193
1601008200,168
1601009100,170
1601010000,167
1601010900,204
1601011800,298
1601012700,183
1601013600,256
1601014500,257
1601015400,277
1601016300,324
1601017200,278
1601018100,266
1601019000,232
1601019900,263
1601020800,303
1601021700,335
1601022600,232
1601023500,221
1601024400,236
1601025300,313
1601026200,257
1601027100,247
1601028000,452
1601028900,351
1601029800,271
1601030700,418
1601031600,504
1601032500,562
1601033400,432
1601034300,352
1601035200,260
1601036100,283
1601037000,252
1601037900,233
1601038800,223
1601039700,262
1601040600,273
1601041500,259
1601042400,451
1601043300,451
1601044200,372
1601045100,358
1601046000,387
1601046900,384
1601047800,469
1601048700,325
1601049600,241
1601050500,394
1601051400,382
1601052300,292
1601053200,303
1601054100,443
1601055000,488
1601055900,492
1601056800,453
1601057700,432
1601058600,460
1601059500,478
1601060400,437
1601061300,427
1601062200,421
1601063100,450
1601064000,431
1601064900,393
1601065800,301
1601066700,300
1601067600,285
1601068500,243
1601069400,214
1601070300,230
1601071200,229
1601072100,232
1601073000,188
1601073900,168
1601074800,181
1601075700,237
1601076600,199
1601077500,184
1601078400,208
1601079300,218
1601080200,178
1601081100,176
1601082000,228
1601082900,211
1601083800,174
1601084700,207
1601085600,215
1601086500,218
1601087400,167
1601088300,165
1601089200,235
1601090100,204
1601091000,179
1601091900,192
1601092800,225
1601093700,169
1601094600,166
1601095500,222
1601096400,207
1601097300,190
1601098200,218
1601099100,187
1601100000,164
1601100900,193
1601101800,229
1601102700,300
1601103600,239
1601104500,255
1601105400,187
1601106300,338
1601107200,778
1601108100,857
1601109000,338
1601109900,547
1601110800,519
1601111700,547
1601112600,484
1601113500,408
1601114400,387
1601115300,484
1601116200,947
1601117100,944
1601118000,472
1601118900,327
1601119800,412
1601120700,492
1601121600,346
1601122500,279
1601123400,320
1601124300,592
1601125200,903
1601126100,758
1601127000,516
1601127900,624
1601128800,408
1601129700,389
1601130600,391
1601131500,448
1601132400,724
1601133300,316
1601134200,331
1601135100,295
1601136000,273
1601136900,350
1601137800,358
1601138700,364
1601139600,362
1601140500,361
1601141400,405
1601142300,400
1601143200,408
1601144100,355
1601145000,407
1601145900,386
1601146800,356
1601147700,323
1601148600,364
1601149500,371
1601150400,329
1601151300,332
1601152200,308
1601153100,301
1601154000,220
1601154900,191
1601155800,194
1601156700,260
1601157600,279
1601158500,256
1601159400,251
1601160300,183
1601161200,237
1601162100,250
1601163000,205
1601163900,184
1601164800,224
1601165700,247
1601166600,183
1601167500,205
1601168400,234
1601169300,222
1601170200,180
1601171100,220
1601172000,225
1601172900,186
1601173800,202
1601174700,223
1601175600,224
1601176500,162
1601177400,190
1601178300,211
1601179200,182
1601180100,191
1601181000,220
1601181900,219
1601182800,165
1601183700,202
1601184600,240
1601185500,162
1601186400,224
1601187300,369
1601188200,250
1601189100,209
1601190000,264
1601190900,277
1601191800,540
1601192700,262
1601193600,253
1601194500,327
1601195400,354
1601196300,296
1601197200,349
1601198100,350
1601199000,314
1601199900,256
1601200800,332
1601201700,372
1601202600,329
1601203500,283
1601204400,268
1601205300,305
1601206200,359
1601207100,252
1601208000,237
1601208900,275
1601209800,283
1601210700,262
1601211600,229
1601212500,274
1601213400,283
1601214300,310
1601215200,244
1601216100,294
1601217000,320
1601217900,759
1601218800,977
1601219700,272
1601220600,323
1601221500,354
1601222400,335
1601223300,277
1601224200,320
1601225100,382
1601226000,400
1601226900,432
1601227800,483
1601228700,474
1601229600,404
1601230500,440
1601231400,492
1601232300,479
1601233200,419
1601234100,389
1601235000,404
1601235900,349
1601236800,267
1601237700,249
1601238600,273
1601239500,240
1601240400,217
1601241300,218
1601242200,205
1601243100,250
1601244000,244
1601244900,254
1601245800,250
1601246700,197
1601247600,168
1601248500,238
1601249400,194
1601250300,178
1601251200,207
1601252100,229
1601253000,197
1601253900,162
1601254800,236
1601255700,228
1601256600,182
1601257500,152
1601258400,221
1601259300,218
1601260200,184
1601261100,155
1601262000,217
1601262900,216
1601263800,189
1601264700,169
1601265600,250
1601266500,347
1601267400,245
1601268300,208
1601269200,258
1601270100,235
1601271000,202
1601271900,219
1601272800,242
1601273700,252
1601274600,250
1601275500,222
1601276400,265
1601277300,262
1601278200,217
1601279100,216
1601280000,259
1601280900,265
1601281800,214
1601282700,360
1601283600,379
1601284500,356
1601285400,940
1601286300,605
1601287200,833
1601288100,311
1601289000,264
1601289900,290
1601290800,356
1601291700,291
1601292600,262
1601293500,237
1601294400,307
1601295300,313
1601296200,272
1601297100,254
1601298000,329
1601298900,344
1601299800,303
1601300700,267
1601301600,241
1601302500,288
1601303400,329
1601304300,291
1601305200,327
1601306100,300
1601307000,312
1601307900,267
1601308800,285
1601309700,391
1601310600,422
1601311500,415
1601312400,560
1601313300,612
1601314200,520
1601315100,269
1601316000,303
1601316900,375
1601317800,348
1601318700,322
1601319600,379
1601320500,386
1601321400,360
1601322300,287
1601323200,316
1601324100,317
1601325000,272
1601325900,265
1601326800,303
1601327700,260
1601328600,249
1601329500,241
1601330400,255
1601331300,236
1601332200,213
1601333100,163
1601334000,209
1601334900,228
1601335800,175
1601336700,182
1601337600,227
1601338500,206
1601339400,167
1601340300,212
1601341200,216
1601342100,207
1601343000,174
1601343900,203
1601344800,217
1601345700,166
1601346600,159
1601347500,215
1601348400,198
1601349300,166
1601350200,162
1601351100,243
1601352000,204
1601352900,185
1601353800,316
1601354700,252
1601355600,200
1601356500,500
1601357400,482
1601358300,661
1601359200,273
1601360100,238
1601361000,406
1601361900,493
1601362800,585
1601363700,187
1601364600,289
1601365500,296
1601366400,279
1601367300,308
1601368200,373
1601369100,352
1601370000,313
1601370900,344
1601371800,445
1601372700,729
1601373600,356
1601374500,310
1601375400,305
1601376300,399
1601377200,306
1601378100,273
1601379000,276
1601379900,417
1601380800,467
1601381700,491
1601382600,304
1601383500,215
1601384400,182
1601385300,270
1601386200,305
1601387100,242
1601388000,411
1601388900,334
1601389800,340
1601390700,412
1601391600,476
1601392500,450
1601393400,393
1601394300,411
1601395200,491
1601396100,565
1601397000,413
1601397900,407
1601398800,533
1601399700,457
1601400600,432
1601401500,465
1601402400,427
1601403300,431
1601404200,472
1601405100,494
1601406000,426
1601406900,398
1601407800,408
1601408700,456
1601409600,422
1601410500,373
1601411400,305
1601412300,297
1601413200,236
1601414100,212
1601415000,232
1601415900,272
1601416800,286
1601417700,234
1601418600,210
1601419500,157
1601420400,194
1601421300,205
1601422200,170
1601423100,156
1601424000,215
1601424900,200
1601425800,165
1601426700,173
1601427600,223
1601428500,204
1601429400,162
1601430300,205
1601431200,232
1601432100,206
1601433000,157
1601433900,219
1601434800,213
1601435700,223
1601436600,172
1601437500,219
1601438400,254
1601439300,283
1601440200,253
1601441100,249
1601442000,264
1601442900,215
1601443800,200
1601444700,219
1601445600,238
1601446500,182
1601447400,214
1601448300,242
1601449200,239
1601450100,180
1601451000,180
1601451900,255
1601452800,275
1601453700,538
1601454600,763
1601455500,549
1601456400,483
1601457300,383
1601458200,282
1601459100,414
1601460000,503
1601460900,653
1601461800,292
1601462700,362
1601463600,275
1601464500,215
1601465400,213
1601466300,277
1601467200,265
1601468100,201
1601469000,212
1601469900,266
1601470800,230
1601471700,259
1601472600,214
1601473500,262
1601474400,253
1601475300,312
1601476200,278
1601477100,617
1601478000,612
1601478900,339
1601479800,390
1601480700,374
1601481600,774
1601482500,369
1601483400,235
1601484300,270
1601485200,337
1601486100,311
1601487000,355
1601487900,415
1601488800,379
1601489700,388
1601490600,433
1601491500,396
1601492400,358
1601493300,341
1601494200,377
1601495100,368
1601496000,298
1601496900,294
1601497800,370
1601498700,256
1601499600,193
1601500500,198
1601501400,203
1601502300,234
1601503200,233
1601504100,226
1601505000,206
1601505900,183
1601506800,197
1601507700,225
1601508600,184
1601509500,172
1601510400,221
1601511300,203
1601512200,177
1601513100,177
1601514000,245
1601514900,201
1601515800,167
1601516700,196
1601517600,236
1601518500,199
1601519400,148
1601520300,174
1601521200,221
1601522100,203
1601523000,148
1601523900,228
1601524800,236
1601525700,279
1601526600,185
1601527500,238
1601528400,268
1601529300,233
1601530200,227
1601531100,220
1601532000,228
1601532900,185
1601533800,202
1601534700,225
1601535600,238
1601536500,178
1601537400,157
1601538300,270
1601539200,469
1601540100,305
1601541000,272
1601541900,309
1601542800,276
1601543700,216
1601544600,238
1601545500,290
1601546400,456
1601547300,563
1601548200,434
1601549100,366
1601550000,279
1601550900,262
1601551800,452
1601552700,349
1601553600,282
1601554500,278
1601555400,305
1601556300,309
1601557200,319
1601558100,264
1601559000,308
1601559900,308
1601560800,248
1601561700,245
1601562600,282
1601563500,259
1601564400,225
1601565300,323
1601566200,343
1601567100,413
1601568000,515
1601568900,362
1601569800,399
1601570700,343
1601571600,395
1601572500,501
1601573400,497
1601574300,461
1601575200,448
1601576100,491
1601577000,463
1601577900,417
1601578800,436
1601579700,529
1601580600,484
1601581500,385
1601582400,297
1601583300,335
1601584200,339
1601585100,270
1601586000,284
1601586900,289
1601587800,227
1601588700,244
1601589600,235
1601590500,236
1601591400,224
1601592300,183
1601593200,191
1601594100,231
1601595000,186
1601595900,178
1601596800,223
1601597700,229
1601598600,165
1601599500,181
1601600400,225
1601601300,224
1601602200,165
1601603100,203
1601604000,235
1601604900,209
1601605800,166
1601606700,191
1601607600,240
1601608500,199
1601609400,176
1601610300,195
1601611200,234
1601612100,299
1601613000,224
1601613900,213
1601614800,347
1601615700,293
1601616600,227
1601617500,295
1601618400,335
1601619300,319
1601620200,325
1601621100,369
1601622000,420
1601622900,414
1601623800,416
1601624700,539
1601625600,552
1601626500,472
1601627400,467
1601628300,541
1601629200,533
1601630100,1031
1601631000,1208
1601631900,862
1601632800,718
1601633700,729
1601634600,502
1601635500,656
1601636400,406
1601637300,320
1601638200,384
1601639100,764
1601640000,887
1601640900,559
1601641800,560
1601642700,671
1601643600,530
1601644500,577
1601645400,558
1601646300,587
1601647200,635
1601648100,1223
1601649000,1101
1601649900,643
1601650800,479
1601651700,339
1601652600,405
1601653500,396
1601654400,308
1601655300,279
1601656200,305
1601657100,410
1601658000,412
1601658900,372
1601659800,406
1601660700,469
1601661600,374
1601662500,472
1601663400,438
1601664300,409
1601665200,374
1601666100,393
1601667000,511
1601667900,503
1601668800,316
1601669700,361
1601670600,457
1601671500,328
1601672400,250
1601673300,212
1601674200,200
1601675100,251
1601676000,250
1601676900,248
1601677800,201
1601678700,164
1601679600,171
1601680500,208
1601681400,164
1601682300,150
1601683200,207
1601684100,212
1601685000,148
1601685900,165
1601686800,201
1601687700,204
1601688600,147
1601689500,156
1601690400,190
1601691300,195
1601692200,134
1601693100,145
1601694000,194
1601694900,171
1601695800,148
1601696700,171
1601697600,197
1601698500,151
1601699400,166
1601700300,194
1601701200,204
1601702100,152
1601703000,156
1601703900,198
1601704800,641
1601705700,699
1601706600,271
1601707500,342
1601708400,476
1601709300,474
1601710200,302
1601711100,288
1601712000,294
1601712900,265
1601713800,659
1601714700,378
1601715600,301
1601716500,261
1601717400,287
1601718300,699
1601719200,611
1601720100,367
1601721000,346
1601721900,331
1601722800,504
1601723700,369
1601724600,269
1601725500,320
1601726400,387
1601727300,776
1601728200,317
1601729100,293
1601730000,316
1601730900,317
1601731800,268
1601732700,284
1601733600,315
1601734500,319
1601735400,256
1601736300,248
1601737200,321
1601738100,299
1601739000,400
1601739900,528
1601740800,320
1601741700,646
1601742600,621
1601743500,609
1601744400,490
1601745300,298
1601746200,267
1601747100,326
1601748000,391
1601748900,299
1601749800,288
1601750700,341
1601751600,336
1601752500,289
1601753400,380
1601754300,370
1601755200,316
1601756100,270
1601757000,312
1601757900,334
1601758800,338
1601759700,236
1601760600,230
1601761500,271
1601762400,214
1601763300,194
1601764200,152
1601765100,159
1601766000,181
1601766900,212
1601767800,151
1601768700,164
1601769600,195
1601770500,205
1601771400,144
1601772300,163
1601773200,203
1601774100,212
1601775000,145
1601775900,173
1601776800,190
1601777700,179
1601778600,161
1601779500,186
1601780400,202
1601781300,174
1601782200,153
1601783100,198
1601784000,193
1601784900,136
1601785800,142
1601786700,190
1601787600,198
1601788500,127
1601789400,140
1601790300,313
1601791200,267
1601792100,190
1601793000,238
1601793900,388
1601794800,439
1601795700,348
1601796600,336
1601797500,399
1601798400,594
1601799300,1334
1601800200,898
1601801100,468
1601802000,500
1601802900,337
1601803800,376
1601804700,469
1601805600,354
1601806500,300
1601807400,377
1601808300,322
1601809200,216
1601810100,213
1601811000,222
1601811900,290
1601812800,254
1601813700,220
1601814600,225
1601815500,266
1601816400,263
1601817300,219
1601818200,232
1601819100,210
1601820000,225
1601820900,175
1601821800,159
1601822700,180
1601823600,232
1601824500,198
1601825400,172
1601826300,212
1601827200,256
1601828100,235
1601829000,206
1601829900,472
1601830800,346
1601831700,337
1601832600,532
1601833500,482
1601834400,411
1601835300,387
1601836200,410
1601837100,404
1601838000,350
1601838900,335
1601839800,382
1601840700,309
1601841600,209
1601842500,193
1601843400,208
1601844300,202
1601845200,161
1601846100,143
1601847000,153
1601847900,196
1601848800,221
1601849700,212
1601850600,175
1601851500,144
1601852400,184
1601853300,199
1601854200,160
1601855100,157
1601856000,211
1601856900,186
1601857800,161
1601858700,169
1601859600,200
1601860500,193
1601861400,149
1601862300,186
1601863200,204
1601864100,184
1601865000,146
1601865900,178
1601866800,207
1601867700,180
1601868600,143
1601869500,207
1601870400,236
1601871300,253
1601872200,249
1601873100,222
1601874000,321
1601874900,246
1601875800,185
1601876700,440
1601877600,386
1601878500,214
1601879400,187
1601880300,309
1601881200,712
1601882100,183
1601883000,173
1601883900,230
1601884800,219
1601885700,202
1601886600,154
1601887500,193
1601888400,219
1601889300,226
1601890200,203
1601891100,188
1601892000,366
1601892900,277
1601893800,210
1601894700,252
1601895600,280
1601896500,215
1601897400,221
1601898300,326
1601899200,301
1601900100,230
1601901000,272
1601901900,299
1601902800,293
1601903700,206
1601904600,358
1601905500,400
1601906400,373
1601907300,245
1601908200,274
1601909100,221
1601910000,199
1601910900,184
1601911800,291
1601912700,279
1601913600,366
1601914500,329
1601915400,409
1601916300,452
1601917200,522
1601918100,414
1601919000,459
1601919900,443
1601920800,390
1601921700,373
1601922600,391
1601923500,432
1601924400,398
1601925300,405
1601926200,378
1601927100,372
1601928000,341
1601928900,306
1601929800,272
1601930700,235
1601931600,201
1601932500,154
1601933400,176
1601934300,207
1601935200,227
1601936100,213
1601937000,184
1601937900,166
1601938800,194
1601939700,212
1601940600,165
1601941500,198
1601942400,226
1601943300,207
1601944200,153
1601945100,198
1601946000,233
1601946900,198
1601947800,150
1601948700,179
1601949600,223
1601950500,179
1601951400,154
1601952300,178
1601953200,220
1601954100,189
1601955000,157
1601955900,202
1601956800,257
1601957700,321
1601958600,249
1601959500,327
1601960400,327
1601961300,255
1601962200,508
1601963100,690
1601964000,282
1601964900,267
1601965800,222
1601966700,253
1601967600,270
1601968500,227
1601969400,342
1601970300,333
1601971200,246
1601972100,215
1601973000,200
1601973900,237
1601974800,369
1601975700,965
1601976600,701
1601977500,652
1601978400,470
1601979300,208
1601980200,203
1601981100,227
1601982000,209
1601982900,242
1601983800,321
1601984700,203
1601985600,184
1601986500,298
1601987400,226
1601988300,260
1601989200,208
1601990100,264
1601991000,263
1601991900,263
1601992800,249
1601993700,821
1601994600,353
1601995500,474
1601996400,329
1601997300,255
1601998200,228
1601999100,233
1602000000,285
1602000900,211
1602001800,201
1602002700,203
1602003600,242
1602004500,193
1602005400,181
1602006300,193
1602007200,166
1602008100,188
1602009000,169
1602009900,184
1602010800,158
1602011700,188
1602012600,206
1602013500,169
1602014400,196
1602015300,230
1602016200,193
1602017100,197
1602018000,153
1602018900,181
1602019800,156
1602020700,202
1602021600,225
1602022500,186
1602023400,146
1602024300,133
1602025200,136
1602026100,132
1602027000,159
1602027900,138
1602028800,185
1602029700,187
1602030600,149
1602031500,143
1602032400,132
1602033300,172
1602034200,148
1602035100,183
1602036000,205
1602036900,189
1602037800,146
1602038700,160
1602039600,139
1602040500,152
1602041400,145
1602042300,217
1602043200,237
1602044100,271
1602045000,274
1602045900,250
1602046800,261
1602047700,206
1602048600,167
1602049500,176
1602050400,160
1602051300,150
1602052200,151
1602053100,188
1602054000,245
1602054900,176
1602055800,171
1602056700,141
1602057600,163
1602058500,131
1602059400,167
1602060300,235
1602061200,218
1602062100,149
1602063000,155
1602063900,138
1602064800,176
1602065700,165
1602066600,167
1602067500,185
1602068400,244
1602069300,202
1602070200,192
1602071100,184
1602072000,429
1602072900,218
1602073800,194
1602074700,203
1602075600,195
1602076500,213
1602077400,225
1602078300,172
1602079200,160
1602080100,221
1602081000,194
1602081900,185
1602082800,182
1602083700,198
1602084600,216
1602085500,200
1602086400,207
1602087300,218
1602088200,280
1602089100,449
1602090000,369
1602090900,340
1602091800,336
1602092700,326
1602093600,310
1602094500,317
1602095400,330
1602096300,313
1602097200,308
1602098100,334
1602099000,310
1602099900,312
1602100800,306
1602101700,207
1602102600,157
1602103500,129
1602104400,140
1602105300,132
1602106200,150
1602107100,142
1602108000,154
1602108900,134
1602109800,151
1602110700,144
1602111600,151
1602112500,147
1602113400,144
1602114300,142
1602115200,145
1602116100,134
1602117000,142
1602117900,145
1602118800,145
1602119700,137
1602120600,163
1602121500,145
1602122400,149
1602123300,148
1602124200,148
1602125100,177
1602126000,192
1602126900,175
1602127800,150
1602128700,174
1602129600,256
1602130500,195
1602131400,223
1602132300,200
1602133200,194
1602134100,233
1602135000,180
1602135900,184
1602136800,190
1602137700,593
1602138600,200
1602139500,194
1602140400,205
1602141300,193
1602142200,167
1602143100,179
1602144000,168
1602144900,205
1602145800,323
1602146700,275
1602147600,292
1602148500,249
1602149400,327
1602150300,231
1602151200,196
1602152100,180
1602153000,179
1602153900,196
1602154800,192
1602155700,234
1602156600,305
1602157500,258
1602158400,182
1602159300,183
1602160200,208
1602161100,187
1602162000,198
1602162900,210
1602163800,192
1602164700,193
1602165600,168
1602166500,136
1602167400,154
1602168300,154
1602169200,160
1602170100,126
1602171000,171
1602171900,260
1602172800,278
1602173700,503
1602174600,320
1602175500,317
1602176400,331
1602177300,321
1602178200,433
1602179100,413
1602180000,419
1602180900,407
1602181800,397
1602182700,412
1602183600,414
1602184500,380
1602185400,374
1602186300,365
1602187200,360
1602188100,304
1602189000,255
1602189900,263
1602190800,218
1602191700,213
1602192600,205
1602193500,218
1602194400,212
1602195300,207
1602196200,195
1602197100,201
1602198000,210
1602198900,213
1602199800,187
1602200700,159
1602201600,172
1602202500,158
1602203400,155
1602204300,151
1602205200,181
1602206100,164
1602207000,163
1602207900,155
1602208800,175
1602209700,155
1602210600,159
1602211500,150
1602212400,171
1602213300,157
1602214200,163
1602215100,153
1602216000,178
1602216900,325
1602217800,212
1602218700,196
1602219600,244
1602220500,349
1602221400,489
1602222300,210
1602223200,528
1602224100,272
1602225000,666
1602225900,428
1602226800,276
1602227700,233
1602228600,240
1602229500,232
1602230400,231
1602231300,257
1602232200,297
1602233100,446
1602234000,553
1602234900,308
1602235800,520
1602236700,442
1602237600,577
1602238500,506
1602239400,452
1602240300,340
1602241200,394
1602242100,334
1602243000,450
1602243900,961
1602244800,566
1602245700,313
1602246600,358
1602247500,303
1602248400,325
1602249300,430
1602250200,345
1602251100,478
1602252000,555
1602252900,436
1602253800,464
1602254700,468
1602255600,399
1602256500,378
1602257400,281
1602258300,278
1602259200,198
1602260100,190
1602261000,148
1602261900,128
1602262800,142
1602263700,125
1602264600,133
1602265500,126
1602266400,158
1602267300,177
1602268200,184
1602269100,210
1602270000,176
1602270900,180
1602271800,184
1602272700,208
1602273600,306
1602274500,261
1602275400,242
1602276300,201
1602277200,194
1602278100,209
1602279000,153
1602279900,143
1602280800,145
1602281700,184
1602282600,130
1602283500,118
1602284400,129
1602285300,145
1602286200,120
1602287100,129
1602288000,136
1602288900,193
1602289800,136
1602290700,116
1602291600,107
1602292500,116
1602293400,124
1602294300,117
1602295200,107
1602296100,116
1602297000,113
1602297900,139
1602298800,112
1602299700,120
1602300600,116
1602301500,139
1602302400,125
1602303300,134
1602304200,126
1602305100,124
1602306000,133
1602306900,130
1602307800,118
1602308700,134
1602309600,146
1602310500,136
1602311400,262
1602312300,242
1602313200,387
1602314100,249
1602315000,242
1602315900,284
1602316800,276
1602317700,624
1602318600,469
1602319500,506
1602320400,306
1602321300,296
1602322200,277
1602323100,579
1602324000,880
1602324900,700
1602325800,426
1602326700,327
1602327600,300
1602328500,253
1602329400,266
1602330300,274
1602331200,257
1602332100,437
1602333000,398
1602333900,295
1602334800,406
1602335700,346
1602336600,369
1602337500,370
1602338400,426
1602339300,331
1602340200,327
1602341100,340
1602342000,582
1602342900,533
1602343800,413
1602344700,407
1602345600,462
1602346500,915
1602347400,503
1602348300,442
1602349200,1009
1602350100,763
1602351000,352
1602351900,315
1602352800,334
1602353700,371
1602354600,321
1602355500,328
1602356400,317
1602357300,296
1602358200,302
1602359100,308
1602360000,301
1602360900,262
1602361800,286
1602362700,290
1602363600,282
1602364500,247
1602365400,249
1602366300,215
1602367200,154
1602368100,135
1602369000,146
1602369900,162
1602370800,154
1602371700,134
1602372600,150
1602373500,165
1602374400,147
1602375300,144
1602376200,137
1602377100,161
1602378000,152
1602378900,135
1602379800,126
1602380700,134
1602381600,140
1602382500,136
1602383400,129
1602384300,135
1602385200,134
1602386100,154
1602387000,128
1602387900,131
1602388800,137
1602389700,147
1602390600,160
1602391500,171
1602392400,134
1602393300,127
1602394200,148
1602395100,207
1602396000,160
1602396900,241
1602397800,257
1602398700,705
1602399600,609
1602400500,423
1602401400,437
1602402300,476
1602403200,354
1602404100,940
1602405000,943
1602405900,787
1602406800,747
1602407700,565
1602408600,257
1602409500,214
1602410400,197
1602411300,253
1602412200,203
1602413100,238
1602414000,446
1602414900,297
1602415800,168
1602416700,207
1602417600,232
1602418500,271
1602419400,230
1602420300,252
1602421200,309
1602422100,265
1602423000,263
1602423900,244
1602424800,222
1602425700,257
1602426600,202
1602427500,219
1602428400,209
1602429300,198
1602430200,230
1602431100,238
1602432000,243
1602432900,213
1602433800,525
1602434700,270
1602435600,255
1602436500,205
1602437400,198
1602438300,183
1602439200,265
1602440100,222
1602441000,230
1602441900,179
1602442800,187
1602443700,194
1602444600,202
1602445500,222
1602446400,222
1602447300,230
1602448200,273
1602449100,228
1602450000,242
1602450900,218
1602451800,167
1602452700,133
1602453600,149
1602454500,139
1602455400,145
1602456300,153
1602457200,137
1602458100,144
1602459000,157
1602459900,141
1602460800,150
1602461700,143
1602462600,153
1602463500,144
1602464400,149
1602465300,148
1602466200,135
1602467100,124
1602468000,140
1602468900,130
1602469800,133
1602470700,125
1602471600,135
1602472500,146
1602473400,208
1602474300,213
1602475200,271
1602476100,358
1602477000,245
1602477900,320
1602478800,345
1602479700,301
1602480600,302
1602481500,253
1602482400,250
1602483300,209
1602484200,221
1602485100,213
1602486000,209
1602486900,194
1602487800,160
1602488700,142
1602489600,186
1602490500,172
1602491400,188
1602492300,178
1602493200,185
1602494100,341
1602495000,238
1602495900,261
1602496800,211
1602497700,275
1602498600,244
1602499500,293
1602500400,245
1602501300,282
1602502200,169
1602503100,222
1602504000,228
1602504900,197
1602505800,211
1602506700,183
1602507600,255
1602508500,221
1602509400,201
1602510300,193
1602511200,203
1602512100,232
1602513000,198
1602513900,209
1602514800,239
1602515700,232
1602516600,241
1602517500,248
1602518400,302
1602519300,333
1602520200,354
1602521100,425
1602522000,392
1602522900,364
1602523800,411
1602524700,389
1602525600,347
1602526500,347
1602527400,356
1602528300,358
1602529200,374
1602530100,354
1602531000,370
1602531900,301
1602532800,219
1602533700,194
1602534600,200
1602535500,155
1602536400,150
1602537300,149
1602538200,135
1602539100,168
1602540000,151
1602540900,198
1602541800,154
1602542700,159
1602543600,157
1602544500,153
1602545400,127
1602546300,152
1602547200,158
1602548100,150
1602549000,138
1602549900,146
1602550800,155
1602551700,160
1602552600,138
1602553500,126
1602554400,135
1602555300,128
1602556200,141
1602557100,131
1602558000,136
1602558900,141
1602559800,196
1602560700,167
1602561600,167
1602562500,244
1602563400,233
1602564300,237
1602565200,233
1602566100,236
1602567000,534
1602567900,318
1602568800,254
1602569700,257
1602570600,368
1602571500,717
1602572400,327
1602573300,324
1602574200,302
1602575100,308
1602576000,349
1602576900,440
1602577800,506
1602578700,392
1602579600,381
1602580500,346
1602581400,274
1602582300,339
1602583200,259
1602584100,181
1602585000,203
1602585900,280
1602586800,238
1602587700,149
1602588600,318
1602589500,374
1602590400,215
1602591300,221
1602592200,226
1602593100,227
1602594000,230
1602594900,250
1602595800,600
1602596700,224
1602597600,327
1602598500,287
1602599400,233
1602600300,254
1602601200,276
1602602100,301
1602603000,270
1602603900,330
1602604800,417
1602605700,334
1602606600,305
1602607500,377
1602608400,395
1602609300,398
1602610200,372
1602611100,385
1602612000,408
1602612900,399
1602613800,402
1602614700,376
1602615600,404
1602616500,441
1602617400,384
1602618300,244
1602619200,208
1602620100,201
1602621000,166
1602621900,138
1602622800,154
1602623700,164
1602624600,129
1602625500,138
1602626400,134
1602627300,141
1602628200,141
1602629100,148
1602630000,187
1602630900,158
1602631800,139
1602632700,148
1602633600,143
1602634500,154
1602635400,160
1602636300,133
1602637200,166
1602638100,161
1602639000,142
1602639900,148
1602640800,157
1602641700,152
1602642600,200
1602643500,189
1602644400,154
1602645300,153
1602646200,129
1602647100,181
1602648000,170
1602648900,255
1602649800,199
1602650700,215
1602651600,227
1602652500,672
1602653400,568
1602654300,417
1602655200,209
1602656100,162
1602657000,166
1602657900,164
1602658800,183
1602659700,174
1602660600,166
1602661500,164
1602662400,192
1602663300,355
1602664200,244
1602665100,144
1602666000,143
1602666900,145
1602667800,146
1602668700,161
1602669600,167
1602670500,159
1602671400,213
1602672300,204
1602673200,255
1602674100,225
1602675000,311
1602675900,447
1602676800,215
1602677700,290
1602678600,236
1602679500,312
1602680400,243
1602681300,254
1602682200,241
1602683100,211
1602684000,254
1602684900,508
1602685800,302
1602686700,289
1602687600,302
1602688500,246
1602689400,418
1602690300,416
1602691200,412
1602692100,617
1602693000,483
1602693900,460
1602694800,477
1602695700,379
1602696600,350
1602697500,379
1602698400,389
1602699300,426
1602700200,366
1602701100,416
1602702000,373
1602702900,383
1602703800,381
1602704700,383
1602705600,337
1602706500,199
1602707400,166
1602708300,138
1602709200,157
1602710100,129
1602711000,153
1602711900,157
1602712800,156
1602713700,194
1602714600,182
1602715500,153
1602716400,134
1602717300,148
1602718200,128
1602719100,135
1602720000,132
1602720900,135
1602721800,186
1602722700,190
1602723600,148
1602724500,138
1602725400,135
1602726300,145
1602727200,164
1602728100,144
1602729000,171
1602729900,199
1602730800,160
1602731700,140
1602732600,151
1602733500,193
1602734400,240
1602735300,264
1602736200,174
1602737100,312
1602738000,250
1602738900,266
1602739800,235
1602740700,587
1602741600,184
1602742500,172
1602743400,272
1602744300,235
1602745200,185
1602746100,176
1602747000,175
1602747900,183
1602748800,210
1602749700,228
1602750600,275
1602751500,476
1602752400,187
1602753300,178
1602754200,173
1602755100,673
1602756000,592
1602756900,446
1602757800,554
1602758700,596
1602759600,549
1602760500,615
1602761400,554
1602762300,497
1602763200,375
1602764100,391
1602765000,385
1602765900,586
1602766800,468
1602767700,424
1602768600,418
1602769500,423
1602770400,473
1602771300,879
1602772200,739
1602773100,763
1602774000,663
1602774900,502
1602775800,353
1602776700,388
1602777600,473
1602778500,527
1602779400,481
1602780300,477
1602781200,488
1602782100,497
1602783000,536
1602783900,500
1602784800,457
1602785700,452
1602786600,461
1602787500,532
1602788400,523
1602789300,501
1602790200,419
1602791100,418
1602792000,436
1602792900,304
1602793800,270
1602794700,251
1602795600,263
1602796500,260
1602797400,222
1602798300,210
1602799200,243
1602800100,203
1602801000,150
1602801900,157
1602802800,130
1602803700,139
1602804600,129
1602805500,150
1602806400,170
1602807300,202
1602808200,151
1602809100,140
1602810000,149
1602810900,159
1602811800,156
1602812700,144
1602813600,152
1602814500,198
1602815400,187
1602816300,138
1602817200,153
1602818100,158
1602819000,151
1602819900,127
1602820800,185
1602821700,283
1602822600,199
1602823500,210
1602824400,268
1602825300,183
1602826200,214
1602827100,197
1602828000,273
1602828900,201
1602829800,358
1602830700,370
1602831600,330
1602832500,320
1602833400,348
1602834300,343
1602835200,414
1602836100,372
1602837000,385
1602837900,361
1602838800,391
1602839700,315
1602840600,236
1602841500,301
1602842400,334
1602843300,549
1602844200,275
1602845100,254
1602846000,242
1602846900,293
1602847800,977
1602848700,672
1602849600,396
1602850500,432
1602851400,380
1602852300,294
1602853200,330
1602854100,449
1602855000,694
1602855900,660
1602856800,445
1602857700,403
1602858600,618
1602859500,478
1602860400,343
1602861300,303
1602862200,335
1602863100,969
1602864000,1171
1602864900,797
1602865800,331
1602866700,444
1602867600,467
1602868500,425
1602869400,411
1602870300,407
1602871200,392
1602872100,433
1602873000,385
1602873900,367
1602874800,410
1602875700,328
1602876600,308
1602877500,310
1602878400,280
1602879300,310
1602880200,370
1602881100,249
1602882000,220
1602882900,201
1602883800,209
1602884700,173
1602885600,179
1602886500,156
1602887400,143
1602888300,142
1602889200,157
1602890100,162
1602891000,224
1602891900,161
1602892800,158
1602893700,146
1602894600,141
1602895500,151
1602896400,154
1602897300,153
1602898200,154
1602899100,128
1602900000,131
1602900900,195
1602901800,171
1602902700,142
1602903600,126
1602904500,133
1602905400,132
1602906300,148
1602907200,136
1602908100,191
1602909000,170
1602909900,136
1602910800,157
1602911700,146
1602912600,149
1602913500,183
1602914400,178
1602915300,141
1602916200,218
1602917100,193
1602918000,219
1602918900,314
1602919800,436
1602920700,773
1602921600,949
1602922500,470
1602923400,499
1602924300,637
1602925200,578
1602926100,533
1602927000,536
1602927900,429
1602928800,437
1602929700,441
1602930600,278
1602931500,552
1602932400,1186
1602933300,1636
1602934200,1443
1602935100,1352
1602936000,1046
1602936900,899
1602937800,303
1602938700,398
1602939600,440
1602940500,542
1602941400,572
1602942300,533
1602943200,511
1602944100,552
1602945000,1000
1602945900,415
1602946800,392
1602947700,480
1602948600,411
1602949500,462
1602950400,287
1602951300,301
1602952200,286
1602953100,337
1602954000,795
1602954900,969
1602955800,636
1602956700,443
1602957600,442
1602958500,492
1602959400,928
1602960300,635
1602961200,441
1602962100,397
1602963000,390
1602963900,374
1602964800,362
1602965700,309
1602966600,309
1602967500,228
1602968400,199
1602969300,195
1602970200,171
1602971100,157
1602972000,182
1602972900,163
1602973800,177
1602974700,141
1602975600,150
1602976500,204
1602977400,192
1602978300,162
1602979200,151
1602980100,143
1602981000,140
1602981900,159
1602982800,147
1602983700,164
1602984600,132
1602985500,182
1602986400,211
1602987300,159
1602988200,211
1602989100,152
1602990000,158
1602990900,146
1602991800,137
1602992700,158
1602993600,165
1602994500,131
1602995400,188
1602996300,161
1602997200,129
1602998100,137
1602999000,138
1602999900,139
1603000800,198
1603001700,286
1603002600,187
1603003500,186
1603004400,176
1603005300,280
1603006200,497
1603007100,300
1603008000,214
1603008900,171
1603009800,382
1603010700,550
1603011600,437
1603012500,435
1603013400,303
1603014300,294
1603015200,380
1603016100,423
1603017000,412
1603017900,436
1603018800,402
1603019700,339
1603020600,395
1603021500,415
1603022400,388
1603023300,412
1603024200,351
1603025100,511
1603026000,444
1603026900,603
1603027800,560
1603028700,377
1603029600,444
1603030500,410
1603031400,974
1603032300,591
1603033200,467
1603034100,427
1603035000,433
1603035900,505
1603036800,508
1603037700,413
1603038600,372
1603039500,363
1603040400,356
1603041300,353
1603042200,368
1603043100,457
1603044000,389
1603044900,309
1603045800,341
1603046700,428
1603047600,443
1603048500,441
1603049400,391
1603050300,360
1603051200,353
1603052100,274
1603053000,215
1603053900,192
1603054800,158
1603055700,130
1603056600,141
1603057500,187
1603058400,200
1603059300,165
1603060200,142
1603061100,134
1603062000,152
1603062900,149
1603063800,149
1603064700,157
1603065600,149
1603066500,138
1603067400,169
1603068300,206
1603069200,206
1603070100,153
1603071000,151
1603071900,150
1603072800,152
1603073700,142
1603074600,155
1603075500,149
1603076400,205
1603077300,198
1603078200,159
1603079100,170
1603080000,201
1603080900,383
1603081800,267
1603082700,203
1603083600,255
1603084500,409
1603085400,286
1603086300,191
1603087200,185
1603088100,198
1603089000,234
1603089900,250
1603090800,241
1603091700,301
1603092600,201
1603093500,201
1603094400,219
1603095300,345
1603096200,264
1603097100,259
1603098000,233
1603098900,259
1603099800,246
1603100700,278
1603101600,256
1603102500,227
1603103400,281
1603104300,170
1603105200,170
1603106100,159
1603107000,162
1603107900,176
1603108800,209
1603109700,226
1603110600,260
1603111500,202
1603112400,215
1603113300,195
1603114200,207
1603115100,231
1603116000,199
1603116900,225
1603117800,247
1603118700,255
1603119600,341
1603120500,304
1603121400,252
1603122300,256
1603123200,265
1603124100,351
1603125000,433
1603125900,561
1603126800,575
1603127700,388
1603128600,382
1603129500,407
1603130400,429
1603131300,520
1603132200,481
1603133100,415
1603134000,382
1603134900,344
1603135800,341
1603136700,367
1603137600,297
1603138500,207
1603139400,150
1603140300,140
1603141200,139
1603142100,127
1603143000,137
1603143900,179
1603144800,200
1603145700,150
1603146600,145
1603147500,136
1603148400,135
1603149300,156
1603150200,156
1603151100,154
1603152000,206
1603152900,192
1603153800,128
1603154700,156
1603155600,159
1603156500,164
1603157400,134
1603158300,185
1603159200,199
1603160100,163
1603161000,145
1603161900,138
1603162800,145
1603163700,177
1603164600,194
1603165500,180
1603166400,192
1603167300,303
1603168200,277
1603169100,222
1603170000,317
1603170900,253
1603171800,292
1603172700,632
1603173600,288
1603174500,293
1603175400,301
1603176300,344
1603177200,305
1603178100,282
1603179000,275
1603179900,330
1603180800,264
1603181700,312
1603182600,336
1603183500,331
1603184400,542
1603185300,386
1603186200,370
1603187100,310
1603188000,321
1603188900,336
1603189800,342
1603190700,328
1603191600,296
1603192500,186
1603193400,310
1603194300,325
1603195200,221
1603196100,212
1603197000,191
1603197900,180
1603198800,195
1603199700,178
1603200600,159
1603201500,153
1603202400,178
1603203300,218
1603204200,236
1603205100,206
1603206000,201
1603206900,212
1603207800,198
1603208700,253
1603209600,299
1603210500,348
1603211400,392
1603212300,594
1603213200,604
1603214100,527
1603215000,399
1603215900,374
1603216800,344
1603217700,324
1603218600,489
1603219500,628
1603220400,411
1603221300,362
1603222200,384
1603223100,787
1603224000,440
1603224900,158
1603225800,148
1603226700,123
1603227600,115
1603228500,131
1603229400,122
1603230300,124
1603231200,122
1603232100,124
1603233000,116
1603233900,142
1603234800,123
1603235700,140
1603236600,194
1603237500,136
1603238400,129
1603239300,142
1603240200,146
1603241100,123
1603242000,150
1603242900,143
1603243800,138
1603244700,125
1603245600,151
1603246500,134
1603247400,154
1603248300,115
1603249200,135
1603250100,181
1603251000,162
1603251900,155
1603252800,157
1603253700,255
1603254600,235
1603255500,191
1603256400,164
1603257300,191
1603258200,171
1603259100,194
1603260000,185
1603260900,165
1603261800,150
1603262700,165
1603263600,163
1603264500,199
1603265400,682
1603266300,368
1603267200,390
1603268100,517
1603269000,280
1603269900,261
1603270800,308
1603271700,267
1603272600,173
1603273500,413
1603274400,294
1603275300,326
1603276200,208
1603277100,186
1603278000,310
1603278900,256
1603279800,255
1603280700,269
1603281600,216
1603282500,194
1603283400,223
1603284300,228
1603285200,294
1603286100,233
1603287000,129
1603287900,154
1603288800,155
1603289700,139
1603290600,318
1603291500,161
1603292400,213
1603293300,254
1603294200,237
1603295100,508
1603296000,483
1603296900,594
1603297800,979
1603298700,602
1603299600,612
1603300500,722
1603301400,815
1603302300,816
1603303200,750
1603304100,743
1603305000,760
1603305900,666
1603306800,566
1603307700,565
1603308600,508
1603309500,451
1603310400,341
1603311300,320
1603312200,294
1603313100,306
1603314000,298
1603314900,221
1603315800,197
1603316700,178
1603317600,136
1603318500,167
1603319400,140
1603320300,149
1603321200,168
1603322100,179
1603323000,121
1603323900,125
1603324800,122
1603325700,121
1603326600,133
1603327500,120
1603328400,130
1603329300,136
1603330200,126
1603331100,125
1603332000,139
1603332900,131
1603333800,143
1603334700,156
1603335600,202
1603336500,144
1603337400,148
1603338300,161
1603339200,205
1603340100,209
1603341000,259
1603341900,240
1603342800,198
1603343700,217
1603344600,349
1603345500,726
1603346400,721
1603347300,244
1603348200,191
1603349100,203
1603350000,199
1603350900,194
1603351800,211
1603352700,248
1603353600,197
1603354500,249
1603355400,217
1603356300,204
1603357200,234
1603358100,194
1603359000,226
1603359900,334
1603360800,768
1603361700,212
1603362600,675
1603363500,839
1603364400,901
1603365300,731
1603366200,257
1603367100,606
1603368000,222
1603368900,209
1603369800,232
1603370700,197
1603371600,205
1603372500,198
1603373400,247
1603374300,260
1603375200,312
1603376100,262
1603377000,280
1603377900,477
1603378800,778
1603379700,294
1603380600,300
1603381500,451
1603382400,518
1603383300,779
1603384200,452
1603385100,468
1603386000,442
1603386900,839
1603387800,870
1603388700,498
1603389600,491
1603390500,450
1603391400,423
1603392300,449
1603393200,460
1603394100,478
1603395000,489
1603395900,486
1603396800,362
1603397700,366
1603398600,325
1603399500,269
1603400400,241
1603401300,222
1603402200,213
1603403100,189
1603404000,178
1603404900,178
1603405800,195
1603406700,191
1603407600,190
1603408500,179
1603409400,234
1603410300,200
1603411200,205
1603412100,136
1603413000,144
1603413900,131
1603414800,144
1603415700,136
1603416600,152
1603417500,117
1603418400,144
1603419300,137
1603420200,152
1603421100,172
1603422000,170
1603422900,154
1603423800,134
1603424700,126
1603425600,128
1603426500,206
1603427400,174
1603428300,233
1603429200,215
1603430100,224
1603431000,247
1603431900,277
1603432800,216
1603433700,232
1603434600,306
1603435500,264
1603436400,308
1603437300,322
1603438200,406
1603439100,321
1603440000,355
1603440900,378
1603441800,400
1603442700,483
1603443600,881
1603444500,677
1603445400,540
1603446300,842
1603447200,442
1603448100,377
1603449000,513
1603449900,465
1603450800,475
1603451700,548
1603452600,403
1603453500,368
1603454400,405
1603455300,403
1603456200,356
1603457100,386
1603458000,412
1603458900,370
1603459800,356
1603460700,501
1603461600,375
1603462500,302
1603463400,296
1603464300,412
1603465200,469
1603466100,499
1603467000,493
1603467900,496
1603468800,645
1603469700,413
1603470600,960
1603471500,399
1603472400,308
1603473300,455
1603474200,460
1603475100,380
1603476000,352
1603476900,376
1603477800,420
1603478700,446
1603479600,330
1603480500,322
1603481400,322
1603482300,313
1603483200,243
1603484100,231
1603485000,153
1603485900,140
1603486800,190
1603487700,157
1603488600,136
1603489500,189
1603490400,197
1603491300,158
1603492200,167
1603493100,129
1603494000,155
1603494900,146
1603495800,197
1603496700,190
1603497600,164
1603498500,180
1603499400,198
1603500300,148
1603501200,154
1603502100,158
1603503000,158
1603503900,132
1603504800,196
1603505700,185
1603506600,149
1603507500,146
1603508400,135
1603509300,157
1603510200,195
1603511100,195
1603512000,158
1603512900,144
1603513800,137
1603514700,192
1603515600,182
1603516500,161
1603517400,139
1603518300,227
1603519200,179
1603520100,256
1603521000,380
1603521900,298
1603522800,484
1603523700,683
1603524600,681
1603525500,542
1603526400,512
1603527300,608
1603528200,1028
1603529100,663
1603530000,590
1603530900,1148
1603531800,869
1603532700,650
1603533600,604
1603534500,369
1603535400,394
1603536300,383
1603537200,523
1603538100,381
1603539000,319
1603539900,296
1603540800,542
1603541700,677
1603542600,570
1603543500,640
1603544400,525
1603545300,305
1603546200,337
1603547100,408
1603548000,359
1603548900,481
1603549800,345
1603550700,290
1603551600,331
1603552500,521
1603553400,547
1603554300,590
1603555200,710
1603556100,454
1603557000,457
1603557900,549
1603558800,502
1603559700,493
1603560600,403
1603561500,405
1603562400,378
1603563300,428
1603564200,417
1603565100,508
1603566000,447
1603566900,396
1603567800,356
1603568700,356
1603569600,355
1603570500,421
1603571400,384
1603572300,351
1603573200,337
1603574100,270
1603575000,205
1603575900,231
1603576800,220
1603577700,180
1603578600,151
1603579500,133
1603580400,155
1603581300,146
1603582200,192
1603583100,199
1603584000,177
1603584900,146
1603585800,152
1603586700,139
1603587600,161
1603588500,159
1603589400,213
1603590300,178
1603591200,145
1603592100,159
1603593000,131
1603593900,133
1603594800,140
1603595700,195
1603596600,178
1603597500,139
1603598400,131
1603599300,145
1603600200,135
1603601100,160
1603602000,193
1603602900,200
1603603800,147
1603604700,150
1603605600,134
1603606500,164
1603607400,192
1603608300,192
1603609200,304
1603610100,236
1603611000,178
1603611900,171
1603612800,367
1603613700,304
1603614600,212
1603615500,256
1603616400,275
1603617300,314
1603618200,435
1603619100,373
1603620000,345
1603620900,489
1603621800,1016
1603622700,744
1603623600,694
1603624500,410
1603625400,426
1603626300,456
1603627200,589
1603628100,303
1603629000,322
1603629900,295
1603630800,720
1603631700,567
1603632600,224
1603633500,208
1603634400,233
1603635300,252
1603636200,226
1603637100,263
1603638000,272
1603638900,363
1603639800,275
1603640700,240
1603641600,262
1603642500,395
1603643400,422
1603644300,390
1603645200,786
1603646100,453
1603647000,428
1603647900,434
1603648800,431
1603649700,463
1603650600,433
1603651500,446
1603652400,423
1603653300,423
1603654200,445
1603655100,423
1603656000,423
1603656900,472
1603657800,505
1603658700,460
1603659600,384
1603660500,330
1603661400,271
1603662300,221
1603663200,156
1603664100,138
1603665000,127
1603665900,202
1603666800,208
1603667700,206
1603668600,203
1603669500,145
1603670400,144
1603671300,168
1603672200,153
1603673100,137
1603674000,148
1603674900,152
1603675800,175
1603676700,201
1603677600,168
1603678500,148
1603679400,155
1603680300,139
1603681200,148
1603682100,136
1603683000,197
1603683900,178
1603684800,154
1603685700,130
1603686600,142
1603687500,135
1603688400,172
1603689300,197
1603690200,176
1603691100,142
1603692000,255
1603692900,168
1603693800,215
1603694700,318
1603695600,347
1603696500,332
1603697400,428
1603698300,599
1603699200,579
1603700100,625
1603701000,584
1603701900,334
1603702800,440
1603703700,360
1603704600,327
1603705500,295
1603706400,253
1603707300,288
1603708200,165
1603709100,176
1603710000,154
1603710900,195
1603711800,202
1603712700,150
1603713600,219
1603714500,264
1603715400,279
1603716300,285
1603717200,280
1603718100,299
1603719000,268
1603719900,203
1603720800,188
1603721700,217
1603722600,282
1603723500,335
1603724400,650
1603725300,663
1603726200,683
1603727100,546
1603728000,594
1603728900,615
1603729800,596
1603730700,317
1603731600,397
1603732500,362
1603733400,348
1603734300,362
1603735200,384
1603736100,370
1603737000,368
1603737900,709
1603738800,735
1603739700,592
1603740600,401
1603741500,317
1603742400,323
1603743300,316
1603744200,370
1603745100,392
1603746000,314
1603746900,315
1603747800,301
1603748700,216
1603749600,192
1603750500,205
1603751400,198
1603752300,227
1603753200,192
1603754100,198
1603755000,150
1603755900,152
1603756800,138
1603757700,149
1603758600,139
1603759500,149
1603760400,145
1603761300,181
1603762200,197
1603763100,150
1603764000,143
1603764900,149
1603765800,150
1603766700,138
1603767600,144
1603768500,143
1603769400,204
1603770300,187
1603771200,145
1603772100,135
1603773000,160
1603773900,191
1603774800,179
1603775700,137
1603776600,144
1603777500,149
1603778400,644
1603779300,531
1603780200,237
1603781100,262
1603782000,345
1603782900,584
1603783800,225
1603784700,212
1603785600,247
1603786500,659
1603787400,411
1603788300,242
1603789200,201
1603790100,177
1603791000,198
1603791900,285
1603792800,224
1603793700,162
1603794600,291
1603795500,822
1603796400,687
1603797300,702
1603798200,495
1603799100,196
1603800000,554
1603800900,586
1603801800,328
1603802700,415
1603803600,433
1603804500,439
1603805400,497
1603806300,436
1603807200,414
1603808100,339
1603809000,292
1603809900,269
1603810800,185
1603811700,205
1603812600,214
1603813500,378
1603814400,445
1603815300,440
1603816200,483
1603817100,391
1603818000,386
1603818900,423
1603819800,406
1603820700,444
1603821600,423
1603822500,341
1603823400,332
1603824300,336
1603825200,335
1603826100,329
1603827000,380
1603827900,372
1603828800,346
1603829700,332
1603830600,302
1603831500,311
1603832400,228
1603833300,222
1603834200,259
1603835100,200
1603836000,167
1603836900,171
1603837800,145
1603838700,154
1603839600,141
1603840500,160
1603841400,204
1603842300,182
1603843200,135
1603844100,159
1603845000,147
1603845900,145
1603846800,140
1603847700,176
1603848600,224
1603849500,180
1603850400,133
1603851300,138
1603852200,131
1603853100,143
1603854000,130
1603854900,132
1603855800,183
1603856700,183
1603857600,154
1603858500,139
1603859400,128
1603860300,142
1603861200,135
1603862100,160
1603863000,212
1603863900,223
1603864800,226
1603865700,180
1603866600,205
1603867500,185
1603868400,187
1603869300,300
1603870200,399
1603871100,254
1603872000,655
1603872900,275
1603873800,341
1603874700,244
1603875600,350
1603876500,346
1603877400,13
1603878300,195
1603879200,162
1603880100,206
1603881000,213
1603881900,214
1603882800,577
1603883700,241
1603884600,603
1603885500,469
1603886400,380
1603887300,319
1603888200,234
1603889100,581
1603890000,345
1603890900,335
1603891800,304
1603892700,529
1603893600,573
1603894500,285
1603895400,226
1603896300,253
1603897200,357
1603898100,290
1603899000,425
1603899900,351
1603900800,426
1603901700,548
1603902600,376
1603903500,401
1603904400,345
1603905300,301
1603906200,326
1603907100,287
1603908000,261
1603908900,275
1603909800,289
1603910700,300
1603911600,310
1603912500,347
1603913400,319
1603914300,336
1603915200,403
1603916100,355
1603917000,343
1603917900,337
1603918800,397
1603919700,288
1603920600,237
1603921500,215
1603922400,237
1603923300,184
1603924200,161
1603925100,160
1603926000,218
1603926900,178
1603927800,160
1603928700,149
1603929600,166
1603930500,135
1603931400,148
1603932300,150
1603933200,179
1603934100,221
1603935000,151
1603935900,155
1603936800,151
1603937700,147
1603938600,151
1603939500,154
1603940400,183
1603941300,190
1603942200,152
1603943100,157
1603944000,157
1603944900,136
1603945800,134
1603946700,179
1603947600,181
1603948500,134
1603949400,149
1603950300,323
1603951200,161
1603952100,180
1603953000,189
1603953900,157
1603954800,252
1603955700,205
1603956600,211
1603957500,243
1603958400,475
1603959300,207
1603960200,396
1603961100,172
1603962000,179
1603962900,214
1603963800,264
1603964700,291
1603965600,296
1603966500,271
1603967400,246
1603968300,218
1603969200,225
1603970100,220
1603971000,277
1603971900,460
1603972800,263
1603973700,192
1603974600,184
1603975500,256
1603976400,227
1603977300,306
1603978200,312
1603979100,267
1603980000,247
1603980900,214
1603981800,245
1603982700,282
1603983600,252
1603984500,279
1603985400,255
1603986300,348
1603987200,445
1603988100,448
1603989000,474
1603989900,472
1603990800,402
1603991700,414
1603992600,383
1603993500,393
1603994400,378
1603995300,419
1603996200,445
1603997100,429
1603998000,398
1603998900,370
1603999800,349
1604000700,320
1604001600,298
1604002500,322
1604003400,278
1604004300,210
1604005200,189
1604006100,193
1604007000,182
1604007900,154
1604008800,147
1604009700,151
1604010600,161
1604011500,188
1604012400,198
1604013300,167
1604014200,148
1604015100,129
1604016000,139
1604016900,129
1604017800,146
1604018700,140
1604019600,147
1604020500,128
1604021400,203
1604022300,194
1604023200,154
1604024100,150
1604025000,148
1604025900,143
1604026800,143
1604027700,154
1604028600,188
1604029500,211
1604030400,149
1604031300,152
1604032200,144
1604033100,144
1604034000,147
1604034900,140
1604035800,158
1604036700,193
1604037600,176
1604038500,149
1604039400,666
1604040300,257
1604041200,259
1604042100,246
1604043000,241
1604043900,216
1604044800,293
1604045700,379
1604046600,282
1604047500,482
1604048400,801
1604049300,316
1604050200,372
1604051100,383
1604052000,321
1604052900,397
1604053800,394
1604054700,289
1604055600,269
1604056500,309
1604057400,654
1604058300,722
1604059200,1061
1604060100,548
1604061000,310
1604061900,197
1604062800,492
1604063700,556
1604064600,196
1604065500,182
1604066400,261
1604067300,329
1604068200,215
1604069100,247
1604070000,243
1604070900,234
1604071800,288
1604072700,234
1604073600,240
1604074500,285
1604075400,350
1604076300,465
1604077200,634
1604078100,484
1604079000,417
1604079900,400
1604080800,342
1604081700,319
1604082600,464
1604083500,441
1604084400,381
1604085300,358
1604086200,347
1604087100,352
1604088000,370
1604088900,376
1604089800,340
1604090700,362
1604091600,313
1604092500,308
1604093400,218
1604094300,203
1604095200,239
1604096100,169
1604097000,193
1604097900,207
1604098800,210
1604099700,137
1604100600,149
1604101500,161
1604102400,135
1604103300,148
1604104200,145
1604105100,155
1604106000,174
1604106900,196
1604107800,162
1604108700,154
1604109600,133
1604110500,149
1604111400,161
1604112300,154
1604113200,200
1604114100,173
1604115000,128
1604115900,138
1604116800,139
1604117700,127
1604118600,147
1604119500,162
1604120400,191
1604121300,165
1604122200,143
1604123100,136
1604124000,139
1604124900,142
1604125800,149
1604126700,213
1604127600,266
1604128500,154
1604129400,196
1604130300,203
1604131200,230
1604132100,410
1604133000,293
1604133900,255
1604134800,207
1604135700,266
1604136600,262
1604137500,287
1604138400,279
1604139300,625
1604140200,497
1604141100,513
1604142000,323
1604142900,295
1604143800,430
1604144700,384
1604145600,311
1604146500,266
1604147400,284
1604148300,273
1604149200,286
1604150100,386
1604151000,277
1604151900,527
1604152800,290
1604153700,297
1604154600,269
1604155500,378
1604156400,367
1604157300,408
1604158200,437
1604159100,408
1604160000,390
1604160900,487
1604161800,937
1604162700,628
1604163600,552
1604164500,542
1604165400,494
1604166300,829
1604167200,652
1604168100,465
1604169000,480
1604169900,891
1604170800,1098
1604171700,1025
1604172600,927
1604173500,697
1604174400,902
1604175300,415
1604176200,463
1604177100,444
1604178000,393
1604178900,318
1604179800,266
1604180700,247
1604181600,226
1604182500,175
1604183400,189
1604184300,218
1604185200,219
1604186100,197
1604187000,173
1604187900,134
1604188800,153
1604189700,149
1604190600,163
1604191500,145
1604192400,138
1604193300,153
1604194200,212
1604195100,158
1604196000,152
1604196900,145
1604197800,156
1604198700,147
1604199600,197
1604200500,193
1604201400,154
1604202300,127
1604203200,139
1604204100,127
1604205000,157
1604205900,129
1604206800,174
1604207700,183
1604208600,155
1604209500,146
1604210400,141
1604211300,135
1604212200,145
1604213100,174
1604214000,270
1604214900,185
1604215800,148
1604216700,160
1604217600,269
1604218500,310
1604219400,268
1604220300,234
1604221200,220
1604222100,232
1604223000,267
1604223900,257
1604224800,284
1604225700,288
1604226600,525
1604227500,730
1604228400,413
1604229300,263
1604230200,351
1604231100,253
1604232000,297
1604232900,284
1604233800,297
1604234700,289
1604235600,279
1604236500,225
1604237400,458
1604238300,550
1604239200,299
1604240100,241
1604241000,335
1604241900,413
1604242800,239
1604243700,197
1604244600,189
1604245500,251
1604246400,325
1604247300,293
1604248200,284
1604249100,349
1604250000,349
1604250900,485
1604251800,360
1604252700,365
1604253600,626
1604254500,998
1604255400,849
1604256300,855
1604257200,747
1604258100,424
1604259000,360
1604259900,357
1604260800,363
1604261700,324
1604262600,375
1604263500,373
1604264400,312
1604265300,235
1604266200,192
1604267100,155
1604268000,153
1604268900,140
1604269800,164
1604270700,179
1604271600,223
1604272500,173
1604273400,163
1604274300,145
1604275200,171
1604276100,160
1604277000,139
1604277900,162
1604278800,207
1604279700,210
1604280600,137
1604281500,149
1604282400,150
1604283300,154
1604284200,156
1604285100,220
1604286000,171
1604286900,152
1604287800,139
1604288700,141
1604289600,145
1604290500,130
1604291400,137
1604292300,171
1604293200,192
1604294100,167
1604295000,242
1604295900,226
1604296800,190
1604297700,380
1604298600,262
1604299500,477
1604300400,683
1604301300,754
1604302200,610
1604303100,578
1604304000,865
1604304900,649
1604305800,456
1604306700,411
1604307600,365
1604308500,365
1604309400,377
1604310300,610
1604311200,784
1604312100,623
1604313000,637
1604313900,473
1604314800,490
1604315700,400
1604316600,431
1604317500,522
1604318400,365
1604319300,307
1604320200,413
1604321100,486
1604322000,436
1604322900,491
1604323800,403
1604324700,400
1604325600,263
1604326500,288
1604327400,338
1604328300,425
1604329200,324
1604330100,269
1604331000,216
1604331900,175
1604332800,205
1604333700,256
1604334600,243
1604335500,301
1604336400,377
1604337300,1077
1604338200,623
1604339100,353
1604340000,397
1604340900,411
1604341800,397
1604342700,395
1604343600,405
1604344500,420
1604345400,395
1604346300,362
1604347200,337
1604348100,349
1604349000,321
1604349900,329
1604350800,327
1604351700,316
1604352600,294
1604353500,210
1604354400,201
1604355300,150
1604356200,140
1604357100,156
1604358000,152
1604358900,136
1604359800,197
1604360700,199
1604361600,157
1604362500,156
1604363400,148
1604364300,194
1604365200,175
1604366100,157
1604367000,153
1604367900,156
1604368800,130
1604369700,170
1604370600,203
1604371500,191
1604372400,140
1604373300,149
1604374200,151
1604375100,158
1604376000,138
1604376900,138
1604377800,135
1604378700,149
1604379600,189
1604380500,148
1604381400,165
1604382300,302
1604383200,229
1604384100,174
1604385000,143
1604385900,254
1604386800,168
1604387700,377
1604388600,423
1604389500,481
1604390400,458
1604391300,474
1604392200,451
1604393100,412
1604394000,498
1604394900,511
1604395800,531
1604396700,494
1604397600,602
1604398500,607
1604399400,693
1604400300,391
1604401200,332
1604402100,239
1604403000,341
1604403900,803
1604404800,294
1604405700,296
1604406600,400
1604407500,789
1604408400,775
1604409300,393
1604410200,404
1604411100,474
1604412000,496
1604412900,542
1604413800,586
1604414700,432
1604415600,371
1604416500,364
1604417400,419
1604418300,367
1604419200,388
1604420100,567
1604421000,580
1604421900,548
1604422800,360
1604423700,375
1604424600,423
1604425500,489
1604426400,462
1604427300,415
1604428200,410
1604429100,422
1604430000,397
1604430900,421
1604431800,502
1604432700,377
1604433600,375
1604434500,378
1604435400,351
1604436300,390
1604437200,376
1604438100,336
1604439000,312
1604439900,198
1604440800,196
1604441700,142
1604442600,138
1604443500,155
1604444400,217
1604445300,161
1604446200,146
1604447100,135
1604448000,145
1604448900,151
1604449800,139
1604450700,167
1604451600,203
1604452500,178
1604453400,141
1604454300,157
1604455200,147
1604456100,140
1604457000,144
1604457900,166
1604458800,222
1604459700,163
1604460600,148
1604461500,144
1604462400,154
1604463300,129
1604464200,138
1604465100,173
1604466000,180
1604466900,216
1604467800,197
1604468700,185
1604469600,215
1604470500,493
1604471400,458
1604472300,690
1604473200,927
1604474100,869
1604475000,635
1604475900,534
1604476800,662
1604477700,514
1604478600,612
1604479500,601
1604480400,494
1604481300,499
1604482200,546
1604483100,481
1604484000,728
1604484900,674
1604485800,1130
1604486700,855
1604487600,277
1604488500,277
1604489400,328
1604490300,316
1604491200,480
1604492100,493
1604493000,399
1604493900,366
1604494800,361
1604495700,433
1604496600,420
1604497500,449
1604498400,521
1604499300,453
1604500200,434
1604501100,419
1604502000,421
1604502900,536
1604503800,531
1604504700,491
1604505600,494
1604506500,487
1604507400,566
1604508300,669
1604509200,666
1604510100,822
1604511000,688
1604511900,599
1604512800,418
1604513700,364
1604514600,528
1604515500,598
1604516400,471
1604517300,617
1604518200,524
1604519100,463
1604520000,439
1604520900,451
1604521800,389
1604522700,395
1604523600,392
1604524500,405
1604525400,346
1604526300,231
1604527200,221
1604528100,205
1604529000,202
1604529900,237
1604530800,218
1604531700,137
1604532600,148
1604533500,152
1604534400,157
1604535300,136
1604536200,145
1604537100,198
1604538000,180
1604538900,155
1604539800,157
1604540700,147
1604541600,155
1604542500,137
1604543400,155
1604544300,185
1604545200,199
1604546100,150
1604547000,166
1604547900,148
1604548800,181
1604549700,200
1604550600,128
1604551500,133
1604552400,126
1604553300,136
1604554200,222
1604555100,228
1604556000,228
1604556900,186
1604557800,199
1604558700,640
1604559600,667
1604560500,241
1604561400,353
1604562300,407
1604563200,213
1604564100,218
1604565000,470
1604565900,430
1604566800,229
1604567700,256
1604568600,288
1604569500,827
1604570400,333
1604571300,367
1604572200,504
1604573100,387
1604574000,316
1604574900,300
1604575800,383
1604576700,576
1604577600,494
1604578500,545
1604579400,583
1604580300,736
1604581200,726
1604582100,327
1604583000,251
1604583900,250
1604584800,451
1604585700,418
1604586600,332
1604587500,335
1604588400,285
1604589300,302
1604590200,370
1604591100,458
1604592000,525
1604592900,513
1604593800,577
1604594700,406
1604595600,376
1604596500,418
1604597400,467
1604598300,449
1604599200,502
1604600100,533
1604601000,508
1604601900,458
1604602800,464
1604603700,532
1604604600,425
1604605500,417
1604606400,424
1604607300,433
1604608200,433
1604609100,477
1604610000,359
1604610900,620
1604611800,514
1604612700,286
1604613600,242
1604614500,250
1604615400,257
1604616300,270
1604617200,229
1604618100,217
1604619000,155
1604619900,136
1604620800,160
1604621700,145
1604622600,136
1604623500,146
1604624400,187
1604625300,217
1604626200,148
1604627100,151
1604628000,145
1604628900,161
1604629800,165
1604630700,207
1604631600,160
1604632500,150
1604633400,133
1604634300,146
1604635200,161
1604636100,144
1604637000,150
1604637900,182
1604638800,180
1604639700,151
1604640600,227
1604641500,192
1604642400,224
1604643300,733
1604644200,194
1604645100,182
1604646000,211
1604646900,276
1604647800,281
1604648700,258
1604649600,212
1604650500,255
1604651400,232
1604652300,220
1604653200,330
1604654100,227
1604655000,312
1604655900,357
1604656800,328
1604657700,366
1604658600,594
1604659500,734
1604660400,448
1604661300,306
1604662200,331
1604663100,248
1604664000,386
1604664900,543
1604665800,417
1604666700,302
1604667600,332
1604668500,419
1604669400,820
1604670300,439
1604671200,270
1604672100,297
1604673000,312
1604673900,392
1604674800,501
1604675700,493
1604676600,508
1604677500,504
1604678400,518
1604679300,669
1604680200,538
1604681100,688
1604682000,723
1604682900,662
1604683800,590
1604684700,588
1604685600,550
1604686500,543
1604687400,490
1604688300,484
1604689200,480
1604690100,489
1604691000,506
1604691900,504
1604692800,505
1604693700,443
1604694600,449
1604695500,421
1604696400,397
1604697300,410
1604698200,395
1604699100,360
1604700000,349
1604700900,319
1604701800,285
1604702700,267
1604703600,264
1604704500,180
1604705400,185
1604706300,179
1604707200,173
1604708100,135
1604709000,130
1604709900,144
1604710800,122
1604711700,147
1604712600,148
1604713500,143
1604714400,133
1604715300,126
1604716200,148
1604717100,145
1604718000,134
1604718900,136
1604719800,147
1604720700,137
1604721600,132
1604722500,157
1604723400,196
1604724300,166
1604725200,118
1604726100,127
1604727000,118
1604727900,133
1604728800,124
1604729700,119
1604730600,137
1604731500,122
1604732400,132
1604733300,236
1604734200,165
1604735100,204
1604736000,249
1604736900,361
1604737800,764
1604738700,278
1604739600,328
1604740500,385
1604741400,360
1604742300,420
1604743200,344
1604744100,721
1604745000,482
1604745900,598
1604746800,632
1604747700,672
1604748600,607
1604749500,274
1604750400,316
1604751300,273
1604752200,390
1604753100,335
1604754000,271
1604754900,296
1604755800,290
1604756700,306
1604757600,282
1604758500,410
1604759400,241
1604760300,311
1604761200,297
1604762100,327
1604763000,326
1604763900,501
1604764800,704
1604765700,521
1604766600,476
1604767500,448
1604768400,502
1604769300,465
1604770200,575
1604771100,476
1604772000,397
1604772900,390
1604773800,385
1604774700,410
1604775600,383
1604776500,403
1604777400,369
1604778300,364
1604779200,438
1604780100,400
1604781000,398
1604781900,429
1604782800,358
1604783700,281
1604784600,231
1604785500,171
1604786400,179
1604787300,169
1604788200,169
1604789100,161
1604790000,212
1604790900,157
1604791800,134
1604792700,158
1604793600,134
1604794500,170
1604795400,153
1604796300,159
1604797200,137
1604798100,212
1604799000,201
1604799900,153
1604800800,153
1604801700,149
1604802600,191
1604803500,200
1604804400,153
1604805300,163
1604806200,155
1604807100,135
1604808000,150
1604808900,159
1604809800,149
1604810700,165
1604811600,138
1604812500,195
1604813400,182
1604814300,132
1604815200,339
1604816100,440
1604817000,163
1604817900,153
1604818800,174
1604819700,494
1604820600,614
1604821500,286
1604822400,592
1604823300,388
1604824200,225
1604825100,285
1604826000,391
1604826900,428
1604827800,289
1604828700,209
1604829600,207
1604830500,190
1604831400,199
1604832300,173
1604833200,262
1604834100,294
1604835000,245
1604835900,336
1604836800,312
1604837700,281
1604838600,222
1604839500,238
1604840400,292
1604841300,211
1604842200,217
1604843100,208
1604844000,266
1604844900,253
1604845800,225
1604846700,258
1604847600,240
1604848500,223
1604849400,284
1604850300,589
1604851200,720
1604852100,387
1604853000,431
1604853900,492
1604854800,432
1604855700,360
1604856600,487
1604857500,502
1604858400,442
1604859300,414
1604860200,396
1604861100,814
1604862000,900
1604862900,860
1604863800,840
1604864700,408
1604865600,399
1604866500,358
1604867400,364
1604868300,405
1604869200,421
1604870100,429
1604871000,336
1604871900,289
1604872800,327
1604873700,294
1604874600,258
1604875500,218
1604876400,204
1604877300,157
1604878200,144
1604879100,131
1604880000,170
1604880900,153
1604881800,150
1604882700,138
1604883600,157
1604884500,141
1604885400,219
1604886300,187
1604887200,176
1604888100,215
1604889000,148
1604889900,159
1604890800,159
1604891700,141
1604892600,139
1604893500,141
1604894400,147
1604895300,139
1604896200,198
1604897100,189
1604898000,166
1604898900,137
1604899800,236
1604900700,399
1604901600,393
1604902500,642
1604903400,160
1604904300,168
1604905200,194
1604906100,547
1604907000,632
1604907900,183
1604908800,182
1604909700,168
1604910600,199
1604911500,281
1604912400,279
1604913300,217
1604914200,173
1604915100,178
1604916000,152
1604916900,204
1604917800,201
1604918700,160
1604919600,155
1604920500,446
1604921400,484
1604922300,225
1604923200,227
1604924100,200
1604925000,203
1604925900,203
1604926800,233
1604927700,292
1604928600,298
1604929500,362
1604930400,364
1604931300,340
1604932200,374
1604933100,374
1604934000,294
1604934900,194
1604935800,203
1604936700,315
1604937600,356
1604938500,413
1604939400,468
1604940300,426
1604941200,508
1604942100,594
1604943000,480
1604943900,455
1604944800,365
1604945700,429
1604946600,501
1604947500,503
1604948400,514
1604949300,597
1604950200,563
1604951100,443
1604952000,441
1604952900,432
1604953800,473
1604954700,425
1604955600,419
1604956500,400
1604957400,311
1604958300,230
1604959200,177
1604960100,188
1604961000,175
1604961900,180
1604962800,197
1604963700,196
1604964600,159
1604965500,149
1604966400,155
1604967300,133
1604968200,158
1604969100,147
1604970000,176
1604970900,207
1604971800,182
1604972700,156
1604973600,133
1604974500,173
1604975400,141
1604976300,146
1604977200,139
1604978100,134
1604979000,148
1604979900,150
1604980800,195
1604981700,191
1604982600,170
1604983500,137
1604984400,140
1604985300,228
1604986200,177
1604987100,268
1604988000,213
1604988900,266
1604989800,249
1604990700,205
1604991600,163
1604992500,169
1604993400,369
1604994300,306
1604995200,314
1604996100,332
1604997000,326
1604997900,326
1604998800,290
1604999700,253
1605000600,266
1605001500,355
1605002400,237
1605003300,386
1605004200,537
1605005100,511
1605006000,306
1605006900,235
1605007800,241
1605008700,243
1605009600,245
1605010500,311
1605011400,380
1605012300,227
1605013200,194
1605014100,257
1605015000,212
1605015900,263
1605016800,278
1605017700,301
1605018600,370
1605019500,416
1605020400,480
1605021300,380
1605022200,376
1605023100,384
1605024000,598
1605024900,530
1605025800,364
1605026700,349
1605027600,502
1605028500,399
1605029400,482
1605030300,399
1605031200,359
1605032100,344
1605033000,383
1605033900,401
1605034800,396
1605035700,407
1605036600,381
1605037500,427
1605038400,411
1605039300,415
1605040200,385
1605041100,335
1605042000,330
1605042900,266
1605043800,164
1605044700,156
1605045600,141
1605046500,161
1605047400,142
1605048300,139
1605049200,178
1605050100,189
1605051000,157
1605051900,150
1605052800,141
1605053700,150
1605054600,141
1605055500,202
1605056400,197
1605057300,176
1605058200,204
1605059100,193
1605060000,162
1605060900,161
1605061800,208
1605062700,185
1605063600,130
1605064500,140
1605065400,143
1605066300,139
1605067200,129
1605068100,190
1605069000,188
1605069900,168
1605070800,189
1605071700,287
1605072600,242
1605073500,219
1605074400,219
1605075300,233
1605076200,551
1605077100,441
1605078000,555
1605078900,433
1605079800,233
1605080700,237
1605081600,245
1605082500,233
1605083400,262
1605084300,281
1605085200,208
1605086100,171
1605087000,362
1605087900,260
1605088800,210
1605089700,220
1605090600,300
1605091500,458
1605092400,442
1605093300,262
1605094200,384
1605095100,217
1605096000,711
1605096900,330
1605097800,241
1605098700,228
1605099600,225
1605100500,224
1605101400,193
1605102300,211
1605103200,278
1605104100,272
1605105000,239
1605105900,241
1605106800,232
1605107700,240
1605108600,272
1605109500,377
1605110400,342
1605111300,365
1605112200,318
1605113100,358
1605114000,421
1605114900,469
1605115800,322
1605116700,287
1605117600,318
1605118500,316
1605119400,285
1605120300,238
1605121200,299
1605122100,302
1605123000,312
1605123900,339
1605124800,382
1605125700,341
1605126600,311
1605127500,351
1605128400,296
1605129300,282
1605130200,240
1605131100,247
1605132000,234
1605132900,223
1605133800,219
1605134700,299
1605135600,285
1605136500,212
1605137400,133
1605138300,140
1605139200,150
1605140100,141
1605141000,158
1605141900,142
1605142800,146
1605143700,148
1605144600,196
1605145500,184
1605146400,166
1605147300,150
1605148200,152
1605149100,141
1605150000,133
1605150900,162
1605151800,153
1605152700,200
1605153600,195
1605154500,150
1605155400,149
1605156300,164
1605157200,176
1605158100,303
1605159000,416
1605159900,702
1605160800,313
1605161700,288
1605162600,275
1605163500,258
1605164400,319
1605165300,252
1605166200,221
1605167100,180
1605168000,136
1605168900,252
1605169800,234
1605170700,662
1605171600,752
1605172500,531
1605173400,374
1605174300,312
1605175200,299
1605176100,541
1605177000,336
1605177900,276
1605178800,324
1605179700,306
1605180600,328
1605181500,354
1605182400,377
1605183300,281
1605184200,357
1605185100,292
1605186000,268
1605186900,307
1605187800,292
1605188700,292
1605189600,375
1605190500,480
1605191400,454
1605192300,387
1605193200,409
1605194100,307
1605195000,512
1605195900,334
1605196800,315
1605197700,379
1605198600,369
1605199500,434
1605200400,377
1605201300,839
1605202200,1115
1605203100,893
1605204000,797
1605204900,440
1605205800,437
1605206700,428
1605207600,392
1605208500,391
1605209400,432
1605210300,470
1605211200,393
1605212100,357
1605213000,392
1605213900,345
1605214800,327
1605215700,321
1605216600,290
1605217500,244
1605218400,236
1605219300,271
1605220200,229
1605221100,280
1605222000,239
1605222900,191
1605223800,137
1605224700,149
1605225600,139
1605226500,132
1605227400,151
1605228300,131
1605229200,139
1605230100,134
1605231000,131
1605231900,188
1605232800,201
1605233700,152
1605234600,130
1605235500,153
1605236400,156
1605237300,148
1605238200,154
1605239100,158
1605240000,155
1605240900,195
1605241800,194
1605242700,156
1605243600,159
1605244500,176
1605245400,280
1605246300,220
1605247200,298
1605248100,667
1605249000,733
1605249900,485
1605250800,219
1605251700,278
1605252600,266
1605253500,268
1605254400,214
1605255300,254
1605256200,253
1605257100,249
1605258000,203
1605258900,326
1605259800,890
1605260700,795
1605261600,741
1605262500,560
1605263400,687
1605264300,505
1605265200,426
1605266100,209
1605267000,197
1605267900,185
1605268800,169
1605269700,172
1605270600,166
1605271500,165
1605272400,173
1605273300,209
1605274200,185
1605275100,234
1605276000,226
1605276900,245
1605277800,325
1605278700,321
1605279600,325
1605280500,271
1605281400,382
1605282300,451
1605283200,352
1605284100,299
1605285000,301
1605285900,342
1605286800,365
1605287700,391
1605288600,470
1605289500,649
1605290400,665
1605291300,660
1605292200,654
1605293100,644
1605294000,712
1605294900,1156
1605295800,701
1605296700,469
1605297600,379
1605298500,424
1605299400,451
1605300300,356
1605301200,333
1605302100,270
1605303000,307
1605303900,335
1605304800,382
1605305700,305
1605306600,311
1605307500,300
1605308400,308
1605309300,221
1605310200,188
1605311100,165
1605312000,191
1605312900,206
1605313800,186
1605314700,154
1605315600,155
1605316500,133
1605317400,214
1605318300,213
1605319200,167
1605320100,133
1605321000,143
1605321900,165
1605322800,192
1605323700,183
1605324600,140
1605325500,142
1605326400,131
1605327300,175
1605328200,201
1605329100,175
1605330000,169
1605330900,138
1605331800,204
1605332700,225
1605333600,208
1605334500,155
1605335400,191
1605336300,307
1605337200,240
1605338100,326
1605339000,300
1605339900,251
1605340800,325
1605341700,438
1605342600,313
1605343500,317
1605344400,305
1605345300,267
1605346200,629
1605347100,601
1605348000,506
1605348900,388
1605349800,249
1605350700,276
1605351600,468
1605352500,503
1605353400,273
1605354300,279
1605355200,487
1605356100,422
1605357000,411
1605357900,346
1605358800,374
1605359700,349
1605360600,313
1605361500,420
1605362400,513
1605363300,454
1605364200,339
1605365100,311
1605366000,333
1605366900,355
1605367800,393
1605368700,406
1605369600,500
1605370500,531
1605371400,449
1605372300,463
1605373200,463
1605374100,569
1605375000,1055
1605375900,1074
1605376800,1073
1605377700,972
1605378600,637
1605379500,545
1605380400,381
1605381300,388
1605382200,404
1605383100,665
1605384000,448
1605384900,358
1605385800,341
1605386700,483
1605387600,1145
1605388500,400
1605389400,436
1605390300,395
1605391200,259
1605392100,251
1605393000,259
1605393900,319
1605394800,279
1605395700,249
1605396600,254
1605397500,250
1605398400,268
1605399300,228
1605400200,254
1605401100,255
1605402000,252
1605402900,318
1605403800,240
1605404700,194
1605405600,519
1605406500,159
1605407400,185
1605408300,166
1605409200,466
1605410100,504
1605411000,165
1605411900,135
1605412800,138
1605413700,140
1605414600,133
1605415500,146
1605416400,172
1605417300,209
1605418200,153
1605419100,155
1605420000,163
1605420900,144
1605421800,157
1605422700,158
1605423600,167
1605424500,207
1605425400,183
1605426300,165
1605427200,251
1605428100,156
1605429000,246
1605429900,247
1605430800,231
1605431700,210
1605432600,442
1605433500,828
1605434400,393
1605435300,330
1605436200,751
1605437100,457
1605438000,355
1605438900,333
1605439800,352
1605440700,297
1605441600,280
1605442500,318
1605443400,331
1605444300,298
1605445200,338
1605446100,287
1605447000,298
1605447900,305
1605448800,337
1605449700,522
1605450600,339
1605451500,340
1605452400,359
1605453300,371
1605454200,407
1605455100,438
1605456000,519
1605456900,499
1605457800,434
1605458700,432
1605459600,466
1605460500,460
1605461400,398
1605462300,311
1605463200,321
1605464100,381
1605465000,310
1605465900,302
1605466800,310
1605467700,333
1605468600,442
1605469500,435
1605470400,507
1605471300,415
1605472200,394
1605473100,386
1605474000,335
1605474900,232
1605475800,241
1605476700,252
1605477600,174
1605478500,157
1605479400,147
1605480300,162
1605481200,154
1605482100,146
1605483000,168
1605483900,187
1605484800,196
1605485700,157
1605486600,154
1605487500,144
1605488400,155
1605489300,210
1605490200,169
1605491100,154
1605492000,149
1605492900,163
1605493800,168
1605494700,214
1605495600,169
1605496500,128
1605497400,138
1605498300,141
1605499200,147
1605500100,134
1605501000,146
1605501900,208
1605502800,254
1605503700,229
1605504600,220
1605505500,255
1605506400,213
1605507300,575
1605508200,404
1605509100,294
1605510000,276
1605510900,241
1605511800,243
1605512700,337
1605513600,229
1605514500,327
1605515400,276
1605516300,277
1605517200,266
1605518100,286
1605519000,227
1605519900,247
1605520800,310
1605521700,694
1605522600,808
1605523500,361
1605524400,377
1605525300,386
1605526200,318
1605527100,315
1605528000,552
1605528900,561
1605529800,362
1605530700,388
1605531600,407
1605532500,959
1605533400,497
1605534300,362
1605535200,425
1605536100,392
1605537000,460
1605537900,345
1605538800,432
1605539700,411
1605540600,431
1605541500,510
1605542400,517
1605543300,526
1605544200,656
1605545100,587
1605546000,468
1605546900,462
1605547800,451
1605548700,462
1605549600,452
1605550500,459
1605551400,455
1605552300,513
1605553200,485
1605554100,396
1605555000,461
1605555900,436
1605556800,395
1605557700,354
1605558600,351
1605559500,348
1605560400,331
1605561300,318
1605562200,250
1605563100,217
1605564000,208
1605564900,170
1605565800,153
1605566700,145
1605567600,205
1605568500,164
1605569400,161
1605570300,159
1605571200,156
1605572100,141
1605573000,142
1605573900,159
1605574800,161
1605575700,150
1605576600,207
1605577500,172
1605578400,149
1605579300,180
1605580200,202
1605581100,156
1605582000,159
1605582900,131
1605583800,145
1605584700,136
1605585600,145
1605586500,132
1605587400,132
1605588300,209
1605589200,213
1605590100,178
1605591000,175
1605591900,274
1605592800,205
1605593700,253
1605594600,227
1605595500,265
1605596400,325
1605597300,315
1605598200,311
1605599100,359
1605600000,289
1605600900,211
1605601800,234
1605602700,251
1605603600,288
1605604500,325
1605605400,355
1605606300,520
1605607200,276
1605608100,657
1605609000,631
1605609900,323
1605610800,258
1605611700,294
1605612600,224
1605613500,203
1605614400,177
1605615300,165
1605616200,162
1605617100,182
1605618000,135
1605618900,137
1605619800,133
1605620700,126
1605621600,139
1605622500,158
1605623400,155
1605624300,151
1605625200,138
1605626100,168
1605627000,213
1605627900,196
1605628800,304
1605629700,745
1605630600,470
1605631500,477
1605632400,419
1605633300,347
1605634200,371
1605635100,325
1605636000,339
1605636900,331
1605637800,366
1605638700,373
1605639600,363
1605640500,351
1605641400,348
1605642300,404
1605643200,397
1605644100,361
1605645000,346
1605645900,348
1605646800,332
1605647700,312
1605648600,220
1605649500,166
1605650400,150
1605651300,163
1605652200,145
1605653100,160
1605654000,143
1605654900,155
1605655800,161
1605656700,154
1605657600,225
1605658500,189
1605659400,167
1605660300,205
1605661200,192
1605662100,169
1605663000,163
1605663900,160
1605664800,187
1605665700,217
1605666600,169
1605667500,159
1605668400,154
1605669300,165
1605670200,157
1605671100,175
1605672000,170
1605672900,159
1605673800,162
1605674700,222
1605675600,251
1605676500,192
1605677400,246
1605678300,330
1605679200,274
1605680100,268
1605681000,207
1605681900,623
1605682800,739
1605683700,741
1605684600,480
1605685500,327
1605686400,320
1605687300,295
1605688200,364
1605689100,345
1605690000,323
1605690900,341
1605691800,414
1605692700,448
1605693600,346
1605694500,368
1605695400,1141
1605696300,951
1605697200,827
1605698100,379
1605699000,339
1605699900,356
1605700800,328
1605701700,298
1605702600,484
1605703500,344
1605704400,438
1605705300,333
1605706200,273
1605707100,266
1605708000,299
1605708900,271
1605709800,339
1605710700,335
1605711600,380
1605712500,331
1605713400,328
1605714300,475
1605715200,463
1605716100,518
1605717000,435
1605717900,438
1605718800,433
1605719700,405
1605720600,467
1605721500,451
1605722400,421
1605723300,495
1605724200,576
1605725100,482
1605726000,408
1605726900,375
1605727800,357
1605728700,382
1605729600,365
1605730500,356
1605731400,362
1605732300,339
1605733200,359
1605734100,367
1605735000,290
1605735900,221
1605736800,208
1605737700,195
1605738600,206
1605739500,200
1605740400,211
1605741300,198
1605742200,240
1605743100,256
1605744000,194
1605744900,186
1605745800,247
1605746700,208
1605747600,189
1605748500,183
1605749400,187
1605750300,197
1605751200,198
1605752100,195
1605753000,183
1605753900,222
1605754800,256
1605755700,229
1605756600,182
1605757500,221
1605758400,186
1605759300,200
1605760200,207
1605761100,233
1605762000,300
1605762900,317
1605763800,183
1605764700,196
1605765600,266
1605766500,247
1605767400,203
1605768300,194
1605769200,555
1605770100,259
1605771000,216
1605771900,173
1605772800,361
1605773700,578
1605774600,180
1605775500,214
1605776400,174
1605777300,168
1605778200,153
1605779100,199
1605780000,176
1605780900,178
1605781800,178
1605782700,222
1605783600,205
1605784500,205
1605785400,191
1605786300,207
1605787200,189
1605788100,206
1605789000,201
1605789900,201
1605790800,206
1605791700,208
1605792600,256
1605793500,229
1605794400,341
1605795300,320
1605796200,290
1605797100,221
1605798000,182
1605798900,187
1605799800,228
1605800700,310
1605801600,524
1605802500,1108
1605803400,426
1605804300,451
1605805200,471
1605806100,399
1605807000,403
1605807900,391
1605808800,399
1605809700,385
1605810600,411
1605811500,360
1605812400,340
1605813300,340
1605814200,385
1605815100,322
1605816000,336
1605816900,343
1605817800,321
1605818700,332
1605819600,312
1605820500,322
1605821400,307
1605822300,305
1605823200,286
1605824100,223
1605825000,142
1605825900,188
1605826800,171
1605827700,143
1605828600,145
1605829500,132
1605830400,141
1605831300,124
1605832200,144
1605833100,143
1605834000,142
1605834900,133
1605835800,142
1605836700,134
1605837600,147
1605838500,137
1605839400,140
1605840300,134
1605841200,139
1605842100,137
1605843000,161
1605843900,187
1605844800,178
1605845700,133
1605846600,132
1605847500,150
1605848400,139
1605849300,148
1605850200,239
1605851100,180
1605852000,259
1605852900,213
1605853800,245
1605854700,258
1605855600,276
1605856500,227
1605857400,166
1605858300,159
1605859200,166
1605860100,149
1605861000,186
1605861900,187
1605862800,202
1605863700,164
1605864600,183
1605865500,205
1605866400,169
1605867300,284
1605868200,677
1605869100,526
1605870000,265
1605870900,240
1605871800,303
1605872700,315
1605873600,318
1605874500,580
1605875400,253
1605876300,376
1605877200,323
1605878100,586
1605879000,417
1605879900,268
1605880800,252
1605881700,240
1605882600,246
1605883500,289
1605884400,221
1605885300,283
1605886200,374
1605887100,473
1605888000,486
1605888900,464
1605889800,710
1605890700,1307
1605891600,1072
1605892500,667
1605893400,667
1605894300,612
1605895200,527
1605896100,526
1605897000,522
1605897900,476
1605898800,457
1605899700,397
1605900600,400
1605901500,396
1605902400,404
1605903300,376
1605904200,345
1605905100,340
1605906000,344
1605906900,305
1605907800,291
1605908700,204
1605909600,181
1605910500,182
1605911400,190
1605912300,152
1605913200,145
1605914100,156
1605915000,151
1605915900,141
1605916800,132
1605917700,148
1605918600,155
1605919500,142
1605920400,135
1605921300,143
1605922200,146
1605923100,158
1605924000,124
1605924900,135
1605925800,144
1605926700,187
1605927600,150
1605928500,136
1605929400,122
1605930300,132
1605931200,133
1605932100,136
1605933000,139
1605933900,149
1605934800,143
1605935700,146
1605936600,141
1605937500,151
1605938400,135
1605939300,147
1605940200,149
1605941100,140
1605942000,166
1605942900,858
1605943800,521
1605944700,497
1605945600,247
1605946500,275
1605947400,639
1605948300,289
1605949200,371
1605950100,273
1605951000,742
1605951900,499
1605952800,264
1605953700,276
1605954600,332
1605955500,330
1605956400,1164
1605957300,733
1605958200,904
1605959100,529
1605960000,533
1605960900,759
1605961800,322
1605962700,317
1605963600,297
1605964500,385
1605965400,560
1605966300,319
1605967200,352
1605968100,432
1605969000,370
1605969900,290
1605970800,349
1605971700,393
1605972600,486
1605973500,565
1605974400,614
1605975300,484
1605976200,474
1605977100,435
1605978000,377
1605978900,348
1605979800,365
1605980700,392
1605981600,324
1605982500,389
1605983400,368
1605984300,358
1605985200,308
1605986100,329
1605987000,325
1605987900,328
1605988800,326
1605989700,341
1605990600,350
1605991500,324
1605992400,320
1605993300,297
1605994200,277
1605995100,295
1605996000,231
1605996900,299
1605997800,263
1605998700,235
1605999600,172
1606000500,175
1606001400,190
1606002300,162
1606003200,156
1606004100,150
1606005000,166
1606005900,153
1606006800,175
1606007700,163
1606008600,169
1606009500,153
1606010400,167
1606011300,169
1606012200,222
1606013100,171
1606014000,162
1606014900,169
1606015800,167
1606016700,160
1606017600,146
1606018500,167
1606019400,139
1606020300,159
1606021200,150
1606022100,148
1606023000,138
1606023900,147
1606024800,143
1606025700,167
1606026600,150
1606027500,206
1606028400,194
1606029300,195
1606030200,734
1606031100,631
1606032000,285
1606032900,340
1606033800,235
1606034700,236
1606035600,281
1606036500,307
1606037400,424
1606038300,257
1606039200,276
1606040100,259
1606041000,255
1606041900,308
1606042800,302
1606043700,281
1606044600,280
1606045500,240
1606046400,246
1606047300,252
1606048200,718
1606049100,840
1606050000,709
1606050900,956
1606051800,541
1606052700,218
1606053600,224
1606054500,198
1606055400,200
1606056300,309
1606057200,414
1606058100,407
1606059000,614
1606059900,651
1606060800,480
1606061700,453
1606062600,425
1606063500,1531
1606064400,930
1606065300,446
1606066200,385
1606067100,383
1606068000,389
1606068900,391
1606069800,259
1606070700,279
1606071600,314
1606072500,405
1606073400,333
1606074300,276
1606075200,313
1606076100,296
1606077000,243
1606077900,321
1606078800,310
1606079700,286
1606080600,226
1606081500,231
1606082400,226
1606083300,217
1606084200,221
1606085100,143
1606086000,134
1606086900,167
1606087800,132
1606088700,158
1606089600,148
1606090500,156
1606091400,133
1606092300,164
1606093200,152
1606094100,152
1606095000,207
1606095900,174
1606096800,163
1606097700,161
1606098600,137
1606099500,150
1606100400,154
1606101300,130
1606102200,167
1606103100,146
1606104000,158
1606104900,155
1606105800,139
1606106700,158
1606107600,235
1606108500,186
1606109400,265
1606110300,259
1606111200,187
1606112100,167
1606113000,168
1606113900,136
1606114800,142
1606115700,136
1606116600,166
1606117500,157
1606118400,206
1606119300,262
1606120200,262
1606121100,224
1606122000,198
1606122900,215
1606123800,208
1606124700,214
1606125600,212
1606126500,199
1606127400,199
1606128300,287
1606129200,421
1606130100,225
1606131000,182
1606131900,169
1606132800,160
1606133700,153
1606134600,383
1606135500,254
1606136400,251
1606137300,310
1606138200,230
1606139100,214
1606140000,216
1606140900,206
1606141800,202
1606142700,170
1606143600,141
1606144500,158
1606145400,714
1606146300,751
1606147200,678
1606148100,285
1606149000,382
1606149900,445
1606150800,424
1606151700,399
1606152600,499
1606153500,419
1606154400,370
1606155300,417
1606156200,356
1606157100,341
1606158000,289
1606158900,294
1606159800,449
1606160700,346
1606161600,371
1606162500,375
1606163400,321
1606164300,322
1606165200,298
1606166100,295
1606167000,226
1606167900,161
1606168800,138
1606169700,150
1606170600,132
1606171500,167
1606172400,140
1606173300,149
1606174200,148
1606175100,157
1606176000,150
1606176900,149
1606177800,146
1606178700,137
1606179600,129
1606180500,161
1606181400,194
1606182300,163
1606183200,129
1606184100,145
1606185000,141
1606185900,148
1606186800,135
1606187700,138
1606188600,147
1606189500,158
1606190400,149
1606191300,155
1606192200,143
1606193100,178
1606194000,232
1606194900,237
1606195800,271
1606196700,199
1606197600,191
1606198500,206
1606199400,197
1606200300,184
1606201200,177
1606202100,306
1606203000,249
1606203900,244
1606204800,146
1606205700,177
1606206600,280
1606207500,302
1606208400,213
1606209300,165
1606210200,204
1606211100,183
1606212000,260
1606212900,173
1606213800,183
1606214700,190
1606215600,184
1606216500,229
1606217400,230
1606218300,224
1606219200,247
1606220100,218
1606221000,223
1606221900,407
1606222800,278
1606223700,287
1606224600,295
1606225500,286
1606226400,269
1606227300,314
1606228200,260
1606229100,218
1606230000,212
1606230900,311
1606231800,237
1606232700,368
1606233600,394
1606234500,448
1606235400,838
1606236300,642
1606237200,477
1606238100,573
1606239000,763
1606239900,400
1606240800,369
1606241700,314
1606242600,249
1606243500,372
1606244400,320
1606245300,311
1606246200,365
1606247100,381
1606248000,363
1606248900,361
1606249800,313
1606250700,320
1606251600,318
1606252500,285
1606253400,289
1606254300,232
1606255200,226
1606256100,233
1606257000,235
1606257900,152
1606258800,165
1606259700,151
1606260600,165
1606261500,159
1606262400,200
1606263300,184
1606264200,136
1606265100,138
1606266000,144
1606266900,140
1606267800,132
1606268700,141
1606269600,144
1606270500,163
1606271400,136
1606272300,147
1606273200,149
1606274100,160
1606275000,152
1606275900,171
1606276800,146
1606277700,157
1606278600,143
1606279500,180
1606280400,269
1606281300,251
1606282200,336
1606283100,223
1606284000,260
1606284900,221
1606285800,257
1606286700,267
1606287600,218
1606288500,182
1606289400,177
1606290300,228
1606291200,177
1606292100,167
1606293000,218
1606293900,250
1606294800,263
1606295700,194
1606296600,197
1606297500,202
1606298400,204
1606299300,227
1606300200,304
1606301100,325
1606302000,288
1606302900,215
1606303800,369
1606304700,278
1606305600,234
1606306500,252
1606307400,274
1606308300,325
1606309200,186
1606310100,241
1606311000,205
1606311900,180
1606312800,171
1606313700,166
1606314600,164
1606315500,164
1606316400,173
1606317300,196
1606318200,253
1606319100,613
1606320000,316
1606320900,320
1606321800,349
1606322700,652
1606323600,745
1606324500,296
1606325400,336
1606326300,329
1606327200,533
1606328100,296
1606329000,288
1606329900,326
1606330800,328
1606331700,347
1606332600,388
1606333500,438
1606334400,351
1606335300,370
1606336200,376
1606337100,432
1606338000,384
1606338900,279
1606339800,219
1606340700,245
1606341600,245
1606342500,232
1606343400,238
1606344300,237
1606345200,211
1606346100,197
1606347000,138
1606347900,143
1606348800,147
1606349700,156
1606350600,146
1606351500,151
1606352400,147
1606353300,155
1606354200,171
1606355100,192
1606356000,160
1606356900,145
1606357800,129
1606358700,134
1606359600,134
1606360500,154
1606361400,193
1606362300,192
1606363200,136
1606364100,133
1606365000,149
1606365900,170
1606366800,209
1606367700,161
1606368600,175
1606369500,162
1606370400,218
1606371300,200
1606372200,200
1606373100,672
1606374000,767
1606374900,367
1606375800,290
1606376700,223
1606377600,214
1606378500,204
1606379400,222
1606380300,302
1606381200,218
1606382100,203
1606383000,180
1606383900,176
1606384800,175
1606385700,262
1606386600,874
1606387500,863
1606388400,868
1606389300,646
1606390200,290
1606391100,247
1606392000,227
1606392900,242
1606393800,255
1606394700,237
1606395600,267
1606396500,263
1606397400,201
1606398300,228
1606399200,250
1606400100,284
1606401000,279
1606401900,249
1606402800,236
1606403700,254
1606404600,240
1606405500,235
1606406400,232
1606407300,327
1606408200,383
1606409100,483
1606410000,422
1606410900,358
1606411800,385
1606412700,370
1606413600,299
1606414500,226
1606415400,195
1606416300,222
1606417200,208
1606418100,204
1606419000,369
1606419900,336
1606420800,615
1606421700,697
1606422600,618
1606423500,350
1606424400,405
1606425300,353
1606426200,712
1606427100,530
1606428000,309
1606428900,300
1606429800,294
1606430700,243
1606431600,231
1606432500,246
1606433400,184
1606434300,170
1606435200,146
1606436100,146
1606437000,148
1606437900,146
1606438800,145
1606439700,171
1606440600,149
1606441500,158
1606442400,133
1606443300,161
1606444200,163
1606445100,200
1606446000,196
1606446900,147
1606447800,148
1606448700,140
1606449600,166
1606450500,144
1606451400,148
1606452300,134
1606453200,142
1606454100,148
1606455000,156
1606455900,155
1606456800,146
1606457700,212
1606458600,197
1606459500,401
1606460400,585
1606461300,372
1606462200,206
1606463100,246
1606464000,623
1606464900,607
1606465800,610
1606466700,481
1606467600,453
1606468500,397
1606469400,356
1606470300,366
1606471200,385
1606472100,378
1606473000,400
1606473900,461
1606474800,380
1606475700,339
1606476600,345
1606477500,423
1606478400,396
1606479300,348
1606480200,709
1606481100,487
1606482000,668
1606482900,305
1606483800,627
1606484700,554
1606485600,318
1606486500,422
1606487400,380
1606488300,498
1606489200,1003
1606490100,883
1606491000,1028
1606491900,909
1606492800,705
1606493700,686
1606494600,647
1606495500,661
1606496400,597
1606497300,567
1606498200,451
1606499100,446
1606500000,386
1606500900,327
1606501800,371
1606502700,395
1606503600,633
1606504500,795
1606505400,665
1606506300,571
1606507200,518
1606508100,491
1606509000,462
1606509900,475
1606510800,398
1606511700,352
1606512600,261
1606513500,235
1606514400,186
1606515300,185
1606516200,179
1606517100,191
1606518000,186
1606518900,165
1606519800,149
1606520700,142
1606521600,137
1606522500,174
1606523400,161
1606524300,144
1606525200,160
1606526100,150
1606527000,150
1606527900,161
1606528800,172
1606529700,161
1606530600,145
1606531500,155
1606532400,170
1606533300,152
1606534200,185
1606535100,217
1606536000,193
1606536900,172
1606537800,194
1606538700,173
1606539600,153
1606540500,174
1606541400,153
1606542300,166
1606543200,134
1606544100,160
1606545000,209
1606545900,207
1606546800,258
1606547700,348
1606548600,665
1606549500,221
1606550400,343
1606551300,695
1606552200,337
1606553100,402
1606554000,820
1606554900,554
1606555800,500
1606556700,321
1606557600,677
1606558500,831
1606559400,790
1606560300,588
1606561200,478
1606562100,1140
1606563000,483
1606563900,278
1606564800,369
1606565700,314
1606566600,289
1606567500,542
1606568400,482
1606569300,297
1606570200,320
1606571100,323
1606572000,406
1606572900,290
1606573800,295
1606574700,684
1606575600,330
1606576500,473
1606577400,394
1606578300,708
1606579200,838
1606580100,436
1606581000,458
1606581900,858
1606582800,834
1606583700,529
1606584600,511
1606585500,453
1606586400,361
1606587300,347
1606588200,405
1606589100,357
1606590000,365
1606590900,434
1606591800,370
1606592700,340
1606593600,321
1606594500,440
1606595400,329
1606596300,315
1606597200,315
1606598100,300
1606599000,259
1606599900,220
1606600800,214
1606601700,144
1606602600,140
1606603500,133
1606604400,165
1606605300,191
1606606200,206
1606607100,141
1606608000,135
1606608900,153
1606609800,150
1606610700,160
1606611600,146
1606612500,168
1606613400,170
1606614300,162
1606615200,151
1606616100,154
1606617000,155
1606617900,151
1606618800,159
1606619700,160
1606620600,163
1606621500,132
1606622400,204
1606623300,229
1606624200,195
1606625100,148
1606626000,151
1606626900,183
1606627800,164
1606628700,140
1606629600,132
1606630500,196
1606631400,182
1606632300,170
1606633200,150
1606634100,144
1606635000,189
1606635900,654
1606636800,343
1606637700,237
1606638600,500
1606639500,976
1606640400,910
1606641300,512
1606642200,471
1606643100,527
1606644000,871
1606644900,416
1606645800,308
1606646700,253
1606647600,226
1606648500,820
1606649400,1226
1606650300,1021
1606651200,848
1606652100,397
1606653000,350
1606653900,356
1606654800,374
1606655700,331
1606656600,317
1606657500,319
1606658400,304
1606659300,301
1606660200,282
1606661100,270
1606662000,352
1606662900,254
1606663800,243
1606664700,243
1606665600,300
1606666500,659
1606667400,631
1606668300,609
1606669200,631
1606670100,718
1606671000,581
1606671900,440
1606672800,464
1606673700,493
1606674600,720
1606675500,561
1606676400,492
1606677300,480
1606678200,457
1606679100,468
1606680000,385
1606680900,532
1606681800,358
1606682700,352
1606683600,305
1606684500,200
1606685400,159
1606686300,152
1606687200,147
1606688100,157
1606689000,135
1606689900,142
1606690800,132
1606691700,151
1606692600,134
1606693500,160
1606694400,145
1606695300,147
1606696200,140
1606697100,164
1606698000,151
1606698900,159
1606699800,141
1606700700,218
1606701600,212
1606702500,147
1606703400,154
1606704300,153
1606705200,162
1606706100,153
1606707000,155
1606707900,161
1606708800,188
1606709700,200
1606710600,199
1606711500,243
1606712400,522
1606713300,192
1606714200,163
1606715100,169
1606716000,146
1606716900,241
1606717800,166
1606718700,228
1606719600,221
1606720500,166
1606721400,147
1606722300,149
1606723200,182
1606724100,207
1606725000,193
1606725900,220
1606726800,263
1606727700,326
1606728600,222
1606729500,231
1606730400,244
1606731300,434
1606732200,426
1606733100,235
1606734000,205
1606734900,278
1606735800,731
1606736700,310
1606737600,163
1606738500,273
1606739400,343
1606740300,185
1606741200,250
1606742100,225
1606743000,248
1606743900,249
1606744800,252
1606745700,195
1606746600,218
1606747500,272
1606748400,259
1606749300,352
1606750200,269
1606751100,307
1606752000,345
1606752900,600
1606753800,824
1606754700,545
1606755600,441
1606756500,378
1606757400,405
1606758300,417
1606759200,347
1606760100,405
1606761000,416
1606761900,458
1606762800,423
1606763700,348
1606764600,343
1606765500,326
1606766400,320
1606767300,353
1606768200,366
1606769100,321
1606770000,239
1606770900,223
1606771800,198
1606772700,169
1606773600,129
1606774500,141
1606775400,140
1606776300,150
1606777200,140
1606778100,137
1606779000,131
1606779900,202
1606780800,182
1606781700,141
1606782600,133
1606783500,160
1606784400,156
1606785300,151
1606786200,154
1606787100,147
1606788000,143
1606788900,161
1606789800,161
1606790700,142
1606791600,163
1606792500,171
1606793400,217
1606794300,198
1606795200,141
1606796100,152
1606797000,171
1606797900,255
1606798800,271
1606799700,312
1606800600,227
1606801500,277
1606802400,194
1606803300,199
1606804200,168
1606805100,180
1606806000,137
1606806900,145
1606807800,136
1606808700,132
1606809600,148
1606810500,134
1606811400,147
1606812300,148
1606813200,174
1606814100,203
1606815000,215
1606815900,168
1606816800,152
1606817700,160
1606818600,163
1606819500,171
1606820400,246
1606821300,308
1606822200,253
1606823100,218
1606824000,320
1606824900,182
1606825800,249
1606826700,265
1606827600,243
1606828500,338
1606829400,229
1606830300,229
1606831200,263
1606832100,221
1606833000,215
1606833900,285
1606834800,302
1606835700,282
1606836600,270
1606837500,262
1606838400,219
1606839300,653
1606840200,642
1606841100,526
1606842000,406
1606842900,425
1606843800,326
1606844700,323
1606845600,360
1606846500,348
1606847400,283
1606848300,256
1606849200,259
1606850100,260
1606851000,272
1606851900,301
1606852800,309
1606853700,261
1606854600,241
1606855500,288
1606856400,315
1606857300,250
1606858200,239
1606859100,174
1606860000,150
1606860900,147
1606861800,160
1606862700,144
1606863600,152
1606864500,140
1606865400,148
1606866300,149
1606867200,195
1606868100,200
1606869000,169
1606869900,151
1606870800,153
1606871700,170
1606872600,137
1606873500,139
1606874400,144
1606875300,152
1606876200,145
1606877100,140
1606878000,139
1606878900,180
1606879800,193
1606880700,181
1606881600,158
1606882500,207
1606883400,217
1606884300,266
1606885200,216
1606886100,234
1606887000,181
1606887900,210
1606888800,245
1606889700,247
1606890600,238
1606891500,222
1606892400,198
1606893300,179
1606894200,158
1606895100,188
1606896000,173
1606896900,170
1606897800,173
1606898700,371
1606899600,237
1606900500,175
1606901400,210
1606902300,303
1606903200,245
1606904100,286
1606905000,150
1606905900,149
1606906800,155
1606907700,157
1606908600,165
1606909500,157
1606910400,151
1606911300,594
1606912200,513
1606913100,561
1606914000,540
1606914900,184
1606915800,388
1606916700,392
1606917600,360
1606918500,370
1606919400,342
1606920300,315
1606921200,337
1606922100,242
1606923000,258
1606923900,207
1606924800,227
1606925700,330
1606926600,387
1606927500,902
1606928400,559
1606929300,512
1606930200,467
1606931100,332
1606932000,773
1606932900,379
1606933800,359
1606934700,445
1606935600,474
1606936500,574
1606937400,782
1606938300,343
1606939200,329
1606940100,334
1606941000,397
1606941900,359
1606942800,318
1606943700,252
1606944600,185
1606945500,147
1606946400,217
1606947300,158
1606948200,138
1606949100,133
1606950000,149
1606950900,151
1606951800,139
1606952700,182
1606953600,180
1606954500,148
1606955400,134
1606956300,155
1606957200,140
1606958100,164
1606959000,148
1606959900,150
1606960800,146
1606961700,163
1606962600,137
1606963500,154
1606964400,178
1606965300,208
1606966200,217
1606967100,150
1606968000,168
1606968900,194
1606969800,194
1606970700,253
1606971600,210
1606972500,323
1606973400,219
1606974300,191
1606975200,254
1606976100,272
1606977000,218
1606977900,215
1606978800,159
1606979700,163
1606980600,168
1606981500,163
1606982400,226
1606983300,210
1606984200,206
1606985100,172
1606986000,353
1606986900,245
1606987800,222
1606988700,186
1606989600,260
1606990500,192
1606991400,273
1606992300,274
1606993200,301
1606994100,227
1606995000,246
1606995900,221
1606996800,303
1606997700,237
1606998600,328
1606999500,342
1607000400,294
1607001300,242
1607002200,224
1607003100,233
1607004000,231
1607004900,234
1607005800,356
1607006700,319
1607007600,255
1607008500,739
1607009400,526
1607010300,634
1607011200,748
1607012100,628
1607013000,444
1607013900,378
1607014800,472
1607015700,505
1607016600,550
1607017500,630
1607018400,990
1607019300,510
1607020200,511
1607021100,454
1607022000,730
1607022900,1407
1607023800,946
1607024700,589
1607025600,419
1607026500,404
1607027400,491
1607028300,478
1607029200,434
1607030100,338
1607031000,323
1607031900,292
1607032800,235
1607033700,263
1607034600,251
1607035500,253
1607036400,229
1607037300,182
1607038200,171
1607039100,149
1607040000,140
1607040900,156
1607041800,168
1607042700,167
1607043600,154
1607044500,134
1607045400,156
1607046300,134
1607047200,138
1607048100,183
1607049000,193
1607049900,185
1607050800,131
1607051700,139
1607052600,168
1607053500,138
1607054400,167
1607055300,208
1607056200,216
1607057100,220
1607058000,210
1607058900,209
1607059800,199
1607060700,509
1607061600,504
1607062500,304
1607063400,273
1607064300,278
1607065200,215
1607066100,257
1607067000,240
1607067900,329
1607068800,390
1607069700,403
1607070600,328
1607071500,269
1607072400,255
1607073300,289
1607074200,364
1607075100,174
1607076000,162
1607076900,204
1607077800,191
1607078700,192
1607079600,182
1607080500,181
1607081400,178
1607082300,495
1607083200,712
1607084100,650
1607085000,221
1607085900,191
1607086800,174
1607087700,222
1607088600,306
1607089500,281
1607090400,306
1607091300,250
1607092200,218
1607093100,227
1607094000,382
1607094900,903
1607095800,788
1607096700,718
1607097600,629
1607098500,391
1607099400,354
1607100300,300
1607101200,570
1607102100,625
1607103000,344
1607103900,332
1607104800,339
1607105700,352
1607106600,201
1607107500,204
1607108400,282
1607109300,368
1607110200,333
1607111100,246
1607112000,222
1607112900,289
1607113800,286
1607114700,181
1607115600,174
1607116500,179
1607117400,192
1607118300,180
1607119200,182
1607120100,173
1607121000,175
1607121900,212
1607122800,234
1607123700,194
1607124600,166
1607125500,149
1607126400,152
1607127300,164
1607128200,156
1607129100,177
1607130000,204
1607130900,173
1607131800,163
1607132700,144
1607133600,144
1607134500,130
1607135400,147
1607136300,130
1607137200,139
1607138100,195
1607139000,193
1607139900,153
1607140800,136
1607141700,138
1607142600,151
1607143500,169
1607144400,212
1607145300,213
1607146200,181
1607147100,160
1607148000,162
1607148900,209
1607149800,217
1607150700,219
1607151600,481
1607152500,427
1607153400,208
1607154300,305
1607155200,282
1607156100,235
1607157000,363
1607157900,487
1607158800,250
1607159700,733
1607160600,417
1607161500,280
1607162400,230
1607163300,222
1607164200,226
1607165100,410
1607166000,825
1607166900,996
1607167800,876
1607168700,796
1607169600,718
1607170500,564
1607171400,269
1607172300,270
1607173200,305
1607174100,331
1607175000,324
1607175900,316
1607176800,275
1607177700,235
1607178600,259
1607179500,305
1607180400,388
1607181300,507
1607182200,535
1607183100,503
1607184000,429
1607184900,344
1607185800,620
1607186700,520
1607187600,731
1607188500,512
1607189400,862
1607190300,892
1607191200,501
1607192100,270
1607193000,255
1607193900,239
1607194800,289
1607195700,388
1607196600,413
1607197500,515
1607198400,444
1607199300,411
1607200200,377
1607201100,408
1607202000,394
1607202900,348
1607203800,312
1607204700,331
1607205600,357
1607206500,306
1607207400,256
1607208300,253
1607209200,282
1607210100,183
1607211000,163
1607211900,150
1607212800,136
1607213700,159
1607214600,157
1607215500,163
1607216400,158
1607217300,159
1607218200,152
1607219100,168
1607220000,136
1607220900,134
1607221800,162
1607222700,193
1607223600,169
1607224500,141
1607225400,142
1607226300,130
1607227200,152
1607228100,138
1607229000,146
1607229900,179
1607230800,202
1607231700,208
1607232600,172
1607233500,164
1607234400,141
1607235300,174
1607236200,228
1607237100,220
1607238000,199
1607238900,213
1607239800,262
1607240700,333
1607241600,714
1607242500,813
1607243400,833
1607244300,652
1607245200,665
1607246100,508
1607247000,358
1607247900,1103
1607248800,952
1607249700,1257
1607250600,662
1607251500,820
1607252400,745
1607253300,386
1607254200,827
1607255100,458
1607256000,340
1607256900,311
1607257800,294
1607258700,298
1607259600,316
1607260500,361
1607261400,368
1607262300,420
1607263200,420
1607264100,486
1607265000,404
1607265900,342
1607266800,252
1607267700,312
1607268600,304
1607269500,281
1607270400,299
1607271300,517
1607272200,471
1607273100,406
1607274000,425
1607274900,432
1607275800,440
1607276700,559
1607277600,524
1607278500,473
1607279400,511
1607280300,488
1607281200,741
1607282100,478
1607283000,407
1607283900,424
1607284800,433
1607285700,475
1607286600,528
1607287500,424
1607288400,359
1607289300,327
1607290200,318
1607291100,284
1607292000,262
1607292900,263
1607293800,276
1607294700,189
1607295600,173
1607296500,153
1607297400,177
1607298300,228
1607299200,232
1607300100,156
1607301000,175
1607301900,167
1607302800,172
1607303700,167
1607304600,159
1607305500,173
1607306400,173
1607307300,164
1607308200,163
1607309100,150
1607310000,148
1607310900,148
1607311800,162
1607312700,207
1607313600,207
1607314500,183
1607315400,168
1607316300,206
1607317200,299
1607318100,324
1607319000,671
1607319900,577
1607320800,228
1607321700,207
1607322600,235
1607323500,209
1607324400,157
1607325300,166
1607326200,196
1607327100,225
1607328000,217
1607328900,210
1607329800,214
1607330700,179
1607331600,234
1607332500,190
1607333400,174
1607334300,164
1607335200,174
1607336100,164
1607337000,170
1607337900,154
1607338800,166
1607339700,158
1607340600,176
1607341500,159
1607342400,162
1607343300,168
1607344200,175
1607345100,273
1607346000,358
1607346900,525
1607347800,191
1607348700,196
1607349600,198
1607350500,184
1607351400,197
1607352300,217
1607353200,211
1607354100,230
1607355000,229
1607355900,179
1607356800,298
1607357700,292
1607358600,266
1607359500,339
1607360400,325
1607361300,353
1607362200,341
1607363100,339
1607364000,466
1607364900,357
1607365800,319
1607366700,373
1607367600,350
1607368500,294
1607369400,346
1607370300,449
1607371200,329
1607372100,324
1607373000,328
1607373900,382
1607374800,399
1607375700,304
1607376600,274
1607377500,191
1607378400,152
1607379300,156
1607380200,165
1607381100,142
1607382000,175
1607382900,162
1607383800,167
1607384700,181
1607385600,197
1607386500,157
1607387400,155
1607388300,146
1607389200,164
1607390100,178
1607391000,154
1607391900,159
1607392800,146
1607393700,157
1607394600,143
1607395500,192
1607396400,201
1607397300,143
1607398200,144
1607399100,134
1607400000,163
1607400900,152
1607401800,172
1607402700,236
1607403600,245
1607404500,293
1607405400,281
1607406300,204
1607407200,222
1607408100,278
1607409000,211
1607409900,327
1607410800,290
1607411700,314
1607412600,295
1607413500,251
1607414400,265
1607415300,229
1607416200,229
1607417100,253
1607418000,276
1607418900,242
1607419800,223
1607420700,200
1607421600,172
1607422500,164
1607423400,136
1607424300,145
1607425200,149
1607426100,291
1607427000,231
1607427900,258
1607428800,456
1607429700,328
1607430600,252
1607431500,273
1607432400,240
1607433300,276
1607434200,219
1607435100,184
1607436000,189
1607436900,208
1607437800,186
1607438700,269
1607439600,269
1607440500,257
1607441400,237
1607442300,254
1607443200,662
1607444100,588
1607445000,378
1607445900,367
1607446800,344
1607447700,337
1607448600,355
1607449500,310
1607450400,230
1607451300,288
1607452200,333
1607453100,317
1607454000,328
1607454900,399
1607455800,260
1607456700,292
1607457600,330
1607458500,592
1607459400,359
1607460300,342
1607461200,332
1607462100,230
1607463000,236
1607463900,194
1607464800,151
1607465700,152
1607466600,148
1607467500,194
1607468400,185
1607469300,166
1607470200,136
1607471100,147
1607472000,152
1607472900,160
1607473800,172
1607474700,171
1607475600,218
1607476500,241
1607477400,223
1607478300,155
1607479200,167
1607480100,174
1607481000,158
1607481900,161
1607482800,148
1607483700,158
1607484600,193
1607485500,220
1607486400,151
1607487300,166
1607488200,170
1607489100,207
1607490000,178
1607490900,240
1607491800,221
1607492700,240
1607493600,253
1607494500,610
1607495400,710
1607496300,521
1607497200,176
1607498100,339
1607499000,396
1607499900,262
1607500800,202
1607501700,248
1607502600,185
1607503500,190
1607504400,293
1607505300,254
1607506200,282
1607507100,218
1607508000,261
1607508900,210
1607509800,233
1607510700,250
1607511600,240
1607512500,276
1607513400,669
1607514300,849
1607515200,743
1607516100,710
1607517000,562
1607517900,300
1607518800,249
1607519700,225
1607520600,184
1607521500,293
1607522400,302
1607523300,240
1607524200,248
1607525100,258
1607526000,384
1607526900,295
1607527800,267
1607528700,407
1607529600,364
1607530500,370
1607531400,425
1607532300,435
1607533200,398
1607534100,387
1607535000,719
1607535900,459
1607536800,493
1607537700,495
1607538600,490
1607539500,451
1607540400,650
1607541300,834
1607542200,507
1607543100,510
1607544000,470
1607544900,759
1607545800,750
1607546700,427
1607547600,415
1607548500,354
1607549400,301
1607550300,293
1607551200,326
1607552100,243
1607553000,236
1607553900,222
1607554800,217
1607555700,146
1607556600,163
1607557500,152
1607558400,137
1607559300,144
1607560200,152
1607561100,172
1607562000,145
1607562900,154
1607563800,160
1607564700,146
1607565600,159
1607566500,166
1607567400,219
1607568300,178
1607569200,146
1607570100,155
1607571000,193
1607571900,141
1607572800,150
1607573700,161
1607574600,151
1607575500,217
1607576400,245
1607577300,299
1607578200,202
1607579100,180
1607580000,164
1607580900,234
1607581800,185
1607582700,169
1607583600,204
1607584500,268
1607585400,296
1607586300,276
1607587200,256
1607588100,265
1607589000,257
1607589900,217
1607590800,222
1607591700,274
1607592600,392
1607593500,282
1607594400,743
1607595300,596
1607596200,484
1607597100,583
1607598000,385
1607598900,327
1607599800,286
1607600700,352
1607601600,398
1607602500,374
1607603400,280
1607604300,248
1607605200,261
1607606100,324
1607607000,313
1607607900,284
1607608800,395
1607609700,414
1607610600,367
1607611500,326
1607612400,369
1607613300,343
1607614200,377
1607615100,623
1607616000,737
1607616900,450
1607617800,430
1607618700,349
1607619600,379
1607620500,470
1607621400,492
1607622300,388
1607623200,382
1607624100,404
1607625000,355
1607625900,356
1607626800,370
1607627700,398
1607628600,407
1607629500,322
1607630400,318
1607631300,366
1607632200,363
1607633100,308
1607634000,387
1607634900,361
1607635800,220
1607636700,155
1607637600,133
1607638500,140
1607639400,142
1607640300,130
1607641200,147
1607642100,141
1607643000,154
1607643900,152
1607644800,139
1607645700,135
1607646600,141
1607647500,148
1607648400,156
1607649300,178
1607650200,155
1607651100,136
1607652000,181
1607652900,206
1607653800,168
1607654700,156
1607655600,160
1607656500,160
1607657400,172
1607658300,144
1607659200,159
1607660100,176
1607661000,195
1607661900,233
1607662800,192
1607663700,239
1607664600,233
1607665500,168
1607666400,264
1607667300,164
1607668200,175
1607669100,177
1607670000,185
1607670900,197
1607671800,252
1607672700,235
1607673600,213
1607674500,401
1607675400,295
1607676300,285
1607677200,283
1607678100,244
1607679000,256
1607679900,270
1607680800,225
1607681700,188
1607682600,195
1607683500,205
1607684400,213
1607685300,194
1607686200,431
1607687100,319
1607688000,273
1607688900,440
1607689800,381
1607690700,331
1607691600,270
1607692500,222
1607693400,228
1607694300,235
1607695200,199
1607696100,295
1607697000,260
1607697900,233
1607698800,177
1607699700,509
1607700600,438
1607701500,382
1607702400,420
1607703300,689
1607704200,724
1607705100,609
1607706000,401
1607706900,341
1607707800,301
1607708700,324
1607709600,290
1607710500,283
1607711400,379
1607712300,427
1607713200,415
1607714100,384
1607715000,406
1607715900,380
1607716800,365
1607717700,368
1607718600,384
1607719500,361
1607720400,342
1607721300,281
1607722200,318
1607723100,317
1607724000,313
1607724900,244
1607725800,218
1607726700,225
1607727600,243
1607728500,206
1607729400,188
1607730300,144
1607731200,157
1607732100,142
1607733000,149
1607733900,176
1607734800,158
1607735700,141
1607736600,147
1607737500,157
1607738400,179
1607739300,205
1607740200,170
1607741100,158
1607742000,147
1607742900,142
1607743800,157
1607744700,160
1607745600,131
1607746500,168
1607747400,214
1607748300,211
1607749200,148
1607750100,153
1607751000,160
1607751900,154
1607752800,200
1607753700,191
1607754600,169
1607755500,158
1607756400,135
1607757300,248
1607758200,215
1607759100,243
1607760000,265
1607760900,228
1607761800,655
1607762700,367
1607763600,321
1607764500,282
1607765400,326
1607766300,369
1607767200,383
1607768100,378
1607769000,1053
1607769900,1070
1607770800,870
1607771700,412
1607772600,710
1607773500,564
1607774400,351
1607775300,395
1607776200,340
1607777100,910
1607778000,947
1607778900,826
1607779800,833
1607780700,726
1607781600,814
1607782500,299
1607783400,344
1607784300,333
1607785200,399
1607786100,388
1607787000,320
1607787900,285
1607788800,362
1607789700,309
1607790600,292
1607791500,288
1607792400,330
1607793300,633
1607794200,1315
1607795100,1168
1607796000,1314
1607796900,525
1607797800,429
1607798700,438
1607799600,509
1607800500,806
1607801400,666
1607802300,607
1607803200,527
1607804100,547
1607805000,927
1607805900,512
1607806800,433
1607807700,429
1607808600,405
1607809500,465
1607810400,324
1607811300,209
1607812200,138
1607813100,142
1607814000,146
1607814900,134
1607815800,141
1607816700,141
1607817600,155
1607818500,203
1607819400,201
1607820300,156
1607821200,160
1607822100,162
1607823000,137
1607823900,183
1607824800,157
1607825700,136
1607826600,153
1607827500,149
1607828400,157
1607829300,203
1607830200,214
1607831100,166
1607832000,156
1607832900,139
1607833800,148
1607834700,167
1607835600,157
1607836500,153
1607837400,213
1607838300,213
1607839200,174
1607840100,150
1607841000,152
1607841900,139
1607842800,193
1607843700,194
1607844600,181
1607845500,181
1607846400,332
1607847300,343
1607848200,278
1607849100,252
1607850000,285
1607850900,360
1607851800,373
1607852700,389
1607853600,350
1607854500,279
1607855400,280
1607856300,214
1607857200,176
1607858100,223
1607859000,206
1607859900,185
1607860800,164
1607861700,149
1607862600,169
1607863500,213
1607864400,207
1607865300,175
1607866200,174
1607867100,164
1607868000,161
1607868900,147
1607869800,299
1607870700,247
1607871600,185
1607872500,177
1607873400,202
1607874300,304
1607875200,385
1607876100,409
1607877000,415
1607877900,429
1607878800,466
1607879700,414
1607880600,470
1607881500,580
1607882400,425
1607883300,422
1607884200,476
1607885100,453
1607886000,397
1607886900,395
1607887800,436
1607888700,596
1607889600,693
1607890500,428
1607891400,394
1607892300,402
1607893200,834
1607894100,448
1607895000,328
1607895900,374
1607896800,345
1607897700,265
1607898600,203
1607899500,154
1607900400,145
1607901300,149
1607902200,129
1607903100,140
1607904000,183
1607904900,198
1607905800,137
1607906700,138
1607907600,148
1607908500,156
1607909400,163
1607910300,146
1607911200,178
1607912100,207
1607913000,185
1607913900,140
1607914800,147
1607915700,155
1607916600,158
1607917500,148
1607918400,162
1607919300,203
1607920200,206
1607921100,180
1607922000,214
1607922900,226
1607923800,212
1607924700,171
1607925600,149
1607926500,172
1607927400,133
1607928300,138
1607929200,169
1607930100,211
1607931000,223
1607931900,192
1607932800,225
1607933700,202
1607934600,234
1607935500,213
1607936400,174
1607937300,168
1607938200,170
1607939100,172
1607940000,229
1607940900,220
1607941800,187
1607942700,161
1607943600,167
1607944500,149
1607945400,146
1607946300,140
1607947200,190
1607948100,223
1607949000,151
1607949900,153
1607950800,157
1607951700,160
1607952600,230
1607953500,233
1607954400,253
1607955300,197
1607956200,211
1607957100,621
1607958000,606
1607958900,585
1607959800,369
1607960700,540
1607961600,614
1607962500,495
1607963400,565
1607964300,531
1607965200,531
1607966100,403
1607967000,753
1607967900,433
1607968800,362
1607969700,381
1607970600,346
1607971500,402
1607972400,415
1607973300,370
1607974200,396
1607975100,323
1607976000,338
1607976900,365
1607977800,389
1607978700,367
1607979600,309
1607980500,289
1607981400,173
1607982300,165
1607983200,218
1607984100,155
1607985000,140
1607985900,200
1607986800,195
1607987700,155
1607988600,128
1607989500,132
1607990400,135
1607991300,159
1607992200,216
1607993100,157
1607994000,145
1607994900,160
1607995800,128
1607996700,182
1607997600,210
1607998500,170
1607999400,132
1608000300,146
1608001200,160
1608002100,185
1608003000,212
1608003900,182
1608004800,165
1608005700,213
1608006600,201
1608007500,197
1608008400,201
1608009300,235
1608010200,275
1608011100,302
1608012000,257
1608012900,209
1608013800,181
1608014700,176
1608015600,446
1608016500,521
1608017400,222
1608018300,204
1608019200,185
1608020100,174
1608021000,205
1608021900,190
1608022800,145
1608023700,150
1608024600,143
1608025500,221
1608026400,222
1608027300,210
1608028200,183
1608029100,191
1608030000,459
1608030900,443
1608031800,235
1608032700,249
1608033600,256
1608034500,330
1608035400,276
1608036300,260
1608037200,219
1608038100,171
1608039000,260
1608039900,275
1608040800,229
1608041700,248
1608042600,208
1608043500,269
1608044400,275
1608045300,265
1608046200,231
1608047100,252
1608048000,760
1608048900,488
1608049800,511
1608050700,445
1608051600,550
1608052500,581
1608053400,437
1608054300,420
1608055200,414
1608056100,458
1608057000,616
1608057900,707
1608058800,386
1608059700,506
1608060600,517
1608061500,709
1608062400,633
1608063300,299
1608064200,362
1608065100,365
1608066000,283
1608066900,205
1608067800,182
1608068700,161
1608069600,204
1608070500,172
1608071400,143
1608072300,199
1608073200,208
1608074100,142
1608075000,132
1608075900,147
1608076800,136
1608077700,144
1608078600,131
1608079500,152
1608080400,204
1608081300,155
1608082200,140
1608083100,140
1608084000,179
1608084900,162
1608085800,139
1608086700,145
1608087600,179
1608088500,199
1608089400,191
1608090300,157
1608091200,151
1608092100,181
1608093000,220
1608093900,226
1608094800,243
1608095700,322
1608096600,199
1608097500,243
1608098400,228
1608099300,212
1608100200,287
1608101100,320
1608102000,292
1608102900,334
1608103800,352
1608104700,263
1608105600,376
1608106500,380
1608107400,373
1608108300,241
1608109200,228
1608110100,191
1608111000,185
1608111900,234
1608112800,198
1608113700,163
1608114600,156
1608115500,181
1608116400,357
1608117300,308
1608118200,258
1608119100,252
1608120000,253
1608120900,283
1608121800,312
1608122700,362
1608123600,321
1608124500,286
1608125400,281
1608126300,250
1608127200,345
1608128100,284
1608129000,301
1608129900,280
1608130800,277
1608131700,222
1608132600,213
1608133500,459
1608134400,407
1608135300,672
1608136200,377
1608137100,575
1608138000,399
1608138900,523
1608139800,382
1608140700,415
1608141600,479
1608142500,441
1608143400,416
1608144300,400
1608145200,441
1608146100,385
1608147000,347
1608147900,359
1608148800,452
1608149700,407
1608150600,343
1608151500,296
1608152400,282
1608153300,247
1608154200,184
1608155100,156
1608156000,164
1608156900,161
1608157800,157
1608158700,212
1608159600,221
1608160500,201
1608161400,159
1608162300,138
1608163200,137
1608164100,144
1608165000,140
1608165900,141
1608166800,182
1608167700,182
1608168600,151
1608169500,146
1608170400,156
1608171300,146
1608172200,193
1608173100,197
1608174000,158
1608174900,140
1608175800,157
1608176700,193
1608177600,202
1608178500,171
1608179400,144
1608180300,188
1608181200,281
1608182100,311
1608183000,187
1608183900,195
1608184800,241
1608185700,267
1608186600,217
1608187500,190
1608188400,184
1608189300,202
1608190200,210
1608191100,214
1608192000,441
1608192900,364
1608193800,185
1608194700,155
1608195600,215
1608196500,183
1608197400,296
1608198300,217
1608199200,213
1608200100,226
1608201000,250
1608201900,231
1608202800,856
1608203700,656
1608204600,215
1608205500,309
1608206400,249
1608207300,317
1608208200,288
1608209100,373
1608210000,315
1608210900,289
1608211800,260
1608212700,285
1608213600,356
1608214500,400
1608215400,306
1608216300,280
1608217200,337
1608218100,360
1608219000,430
1608219900,492
1608220800,455
1608221700,517
1608222600,517
1608223500,550
1608224400,510
1608225300,545
1608226200,505
1608227100,442
1608228000,293
1608228900,263
1608229800,292
1608230700,392
1608231600,310
1608232500,264
1608233400,217
1608234300,215
1608235200,262
1608236100,324
1608237000,311
1608237900,232
1608238800,259
1608239700,286
1608240600,190
1608241500,191
1608242400,167
1608243300,157
1608244200,166
1608245100,222
1608246000,208
1608246900,209
1608247800,163
1608248700,165
1608249600,134
1608250500,152
1608251400,172
1608252300,200
1608253200,191
1608254100,146
1608255000,157
1608255900,163
1608256800,155
1608257700,195
1608258600,194
1608259500,144
1608260400,138
1608261300,128
1608262200,153
1608263100,189
1608264000,199
1608264900,159
1608265800,145
1608266700,173
1608267600,242
1608268500,232
1608269400,200
1608270300,176
1608271200,259
1608272100,209
1608273000,203
1608273900,162
1608274800,199
1608275700,243
1608276600,307
1608277500,204
1608278400,193
1608279300,196
1608280200,328
1608281100,273
1608282000,260
1608282900,213
1608283800,335
1608284700,231
1608285600,276
1608286500,283
1608287400,218
1608288300,259
1608289200,313
1608290100,330
1608291000,206
1608291900,208
1608292800,170
1608293700,178
1608294600,263
1608295500,238
1608296400,196
1608297300,299
1608298200,234
1608299100,257
1608300000,298
1608300900,286
1608301800,209
1608302700,185
1608303600,231
1608304500,245
1608305400,339
1608306300,287
1608307200,309
1608308100,334
1608309000,716
1608309900,930
1608310800,1134
1608311700,645
1608312600,437
1608313500,368
1608314400,428
1608315300,432
1608316200,434
1608317100,588
1608318000,490
1608318900,534
1608319800,454
1608320700,423
1608321600,443
1608322500,472
1608323400,388
1608324300,450
1608325200,383
1608326100,406
1608327000,394
1608327900,332
1608328800,255
1608329700,233
1608330600,230
1608331500,234
1608332400,267
1608333300,287
1608334200,202
1608335100,138
1608336000,128
1608336900,135
1608337800,129
1608338700,137
1608339600,139
1608340500,197
1608341400,204
1608342300,166
1608343200,143
1608344100,145
1608345000,148
1608345900,154
1608346800,162
1608347700,221
1608348600,191
1608349500,177
1608350400,147
1608351300,141
1608352200,157
1608353100,165
1608354000,211
1608354900,197
1608355800,194
1608356700,161
1608357600,168
1608358500,149
1608359400,163
1608360300,168
1608361200,211
1608362100,207
1608363000,185
1608363900,601
1608364800,631
1608365700,302
1608366600,210
1608367500,237
1608368400,236
1608369300,229
1608370200,258
1608371100,318
1608372000,287
1608372900,276
1608373800,297
1608374700,354
1608375600,841
1608376500,1112
1608377400,813
1608378300,505
1608379200,337
1608380100,308
1608381000,317
1608381900,297
1608382800,328
1608383700,520
1608384600,635
1608385500,361
1608386400,291
1608387300,310
1608388200,459
1608389100,346
1608390000,311
1608390900,298
1608391800,354
1608392700,406
1608393600,510
1608394500,744
1608395400,543
1608396300,789
1608397200,1218
1608398100,1859
1608399000,1541
1608399900,1123
1608400800,694
1608401700,457
1608402600,442
1608403500,501
1608404400,410
1608405300,394
1608406200,523
1608407100,1276
1608408000,830
1608408900,516
1608409800,513
1608410700,750
1608411600,760
1608412500,346
1608413400,357
1608414300,387
1608415200,352
1608416100,275
1608417000,212
1608417900,210
1608418800,197
1608419700,214
1608420600,194
1608421500,134
1608422400,147
1608423300,133
1608424200,139
1608425100,128
1608426000,144
1608426900,144
1608427800,166
1608428700,230
1608429600,169
1608430500,137
1608431400,151
1608432300,138
1608433200,162
1608434100,147
1608435000,204
1608435900,193
1608436800,178
1608437700,153
1608438600,140
1608439500,153
1608440400,154
1608441300,201
1608442200,216
1608443100,177
1608444000,171
1608444900,160
1608445800,173
1608446700,209
1608447600,215
1608448500,184
1608449400,156
1608450300,230
1608451200,506
1608452100,696
1608453000,337
1608453900,241
1608454800,276
1608455700,553
1608456600,824
1608457500,660
1608458400,651
1608459300,774
1608460200,854
1608461100,695
1608462000,614
1608462900,458
1608463800,327
1608464700,573
1608465600,608
1608466500,223
1608467400,244
1608468300,283
1608469200,321
1608470100,225
1608471000,238
1608471900,285
1608472800,351
1608473700,358
1608474600,523
1608475500,365
1608476400,322
1608477300,319
1608478200,372
1608479100,426
1608480000,394
1608480900,449
1608481800,549
1608482700,345
1608483600,346
1608484500,766
1608485400,385
1608486300,508
1608487200,512
1608488100,529
1608489000,787
1608489900,492
1608490800,494
1608491700,447
1608492600,500
1608493500,557
1608494400,386
1608495300,439
1608496200,523
1608497100,488
1608498000,460
1608498900,407
1608499800,318
1608500700,313
1608501600,223
1608502500,183
1608503400,159
1608504300,214
1608505200,200
1608506100,206
1608507000,195
1608507900,156
1608508800,148
1608509700,136
1608510600,141
1608511500,129
1608512400,128
1608513300,191
1608514200,181
1608515100,146
1608516000,163
1608516900,149
1608517800,134
1608518700,151
1608519600,139
1608520500,205
1608521400,209
1608522300,195
1608523200,141
1608524100,163
1608525000,150
1608525900,195
1608526800,578
1608527700,483
1608528600,350
1608529500,472
1608530400,601
1608531300,274
1608532200,222
1608533100,211
1608534000,686
1608534900,431
1608535800,229
1608536700,282
1608537600,365
1608538500,401
1608539400,362
1608540300,325
1608541200,512
1608542100,576
1608543000,630
1608543900,440
1608544800,430
1608545700,501
1608546600,891
1608547500,1288
1608548400,695
1608549300,275
1608550200,372
1608551100,356
1608552000,520
1608552900,774
1608553800,301
1608554700,354
1608555600,295
1608556500,297
1608557400,383
1608558300,290
1608559200,355
1608560100,295
1608561000,291
1608561900,238
1608562800,319
1608563700,309
1608564600,347
1608565500,294
1608566400,361
1608567300,361
1608568200,352
1608569100,372
1608570000,466
1608570900,730
1608571800,1133
1608572700,620
1608573600,671
1608574500,607
1608575400,493
1608576300,503
1608577200,417
1608578100,383
1608579000,351
1608579900,371
1608580800,388
1608581700,380
1608582600,328
1608583500,321
1608584400,310
1608585300,307
1608586200,233
1608587100,217
1608588000,214
1608588900,162
1608589800,142
1608590700,202
1608591600,218
1608592500,191
1608593400,160
1608594300,158
1608595200,151
1608596100,139
1608597000,132
1608597900,144
1608598800,132
1608599700,143
1608600600,133
1608601500,141
1608602400,206
1608603300,188
1608604200,172
1608605100,130
1608606000,160
1608606900,155
1608607800,138
1608608700,159
1608609600,156
1608610500,193
1608611400,208
1608612300,169
1608613200,162
1608614100,147
1608615000,164
1608615900,238
1608616800,439
1608617700,315
1608618600,312
1608619500,282
1608620400,345
1608621300,300
1608622200,364
1608623100,395
1608624000,402
1608624900,309
1608625800,316
1608626700,360
1608627600,315
1608628500,387
1608629400,491
1608630300,393
1608631200,483
1608632100,523
1608633000,721
1608633900,465
1608634800,466
1608635700,437
1608636600,418
1608637500,298
1608638400,267
1608639300,217
1608640200,264
1608641100,340
1608642000,320
1608642900,394
1608643800,384
1608644700,502
1608645600,258
1608646500,210
1608647400,284
1608648300,279
1608649200,362
1608650100,458
1608651000,920
1608651900,552
1608652800,498
1608653700,668
1608654600,773
1608655500,462
1608656400,448
1608657300,879
1608658200,557
1608659100,501
1608660000,501
1608660900,826
1608661800,986
1608662700,644
1608663600,505
1608664500,463
1608665400,554
1608666300,447
1608667200,477
1608668100,388
1608669000,404
1608669900,467
1608670800,400
1608671700,346
1608672600,257
1608673500,243
1608674400,245
1608675300,224
1608676200,260
1608677100,204
1608678000,156
1608678900,150
1608679800,153
1608680700,150
1608681600,159
1608682500,137
1608683400,130
1608684300,139
1608685200,140
1608686100,146
1608687000,159
1608687900,148
1608688800,204
1608689700,196
1608690600,143
1608691500,131
1608692400,157
1608693300,154
1608694200,166
1608695100,163
1608696000,161
1608696900,209
1608697800,206
1608698700,159
1608699600,145
1608700500,240
1608701400,241
1608702300,214
1608703200,248
1608704100,259
1608705000,244
1608705900,198
1608706800,153
1608707700,161
1608708600,192
1608709500,297
1608710400,1029
1608711300,909
1608712200,907
1608713100,699
1608714000,674
1608714900,608
1608715800,513
1608716700,543
1608717600,554
1608718500,1161
1608719400,876
1608720300,1285
1608721200,969
1608722100,784
1608723000,707
1608723900,610
1608724800,244
1608725700,226
1608726600,243
1608727500,705
1608728400,661
1608729300,256
1608730200,215
1608731100,155
1608732000,158
1608732900,600
1608733800,716
1608734700,695
1608735600,714
1608736500,505
1608737400,373
1608738300,423
1608739200,351
1608740100,316
1608741000,286
1608741900,421
1608742800,336
1608743700,336
1608744600,321
1608745500,352
1608746400,349
1608747300,337
1608748200,326
1608749100,314
1608750000,334
1608750900,320
1608751800,364
1608752700,384
1608753600,400
1608754500,433
1608755400,537
1608756300,506
1608757200,521
1608758100,363
1608759000,345
1608759900,382
1608760800,318
1608761700,214
1608762600,155
1608763500,176
1608764400,176
1608765300,175
1608766200,159
1608767100,165
1608768000,167
1608768900,154
1608769800,186
1608770700,187
1608771600,172
1608772500,132
1608773400,127
1608774300,137
1608775200,139
1608776100,152
1608777000,159
1608777900,136
1608778800,134
1608779700,148
1608780600,161
1608781500,149
1608782400,189
1608783300,212
1608784200,187
1608785100,162
1608786000,153
1608786900,162
1608787800,141
1608788700,160
1608789600,156
1608790500,191
1608791400,196
1608792300,221
1608793200,196
1608794100,258
1608795000,221
1608795900,687
1608796800,325
1608797700,287
1608798600,498
1608799500,766
1608800400,566
1608801300,455
1608802200,346
1608803100,526
1608804000,284
1608804900,317
1608805800,489
1608806700,371
1608807600,382
1608808500,353
1608809400,347
1608810300,275
1608811200,263
1608812100,347
1608813000,275
1608813900,279
1608814800,330
1608815700,330
1608816600,228
1608817500,282
1608818400,288
1608819300,221
1608820200,207
1608821100,249
1608822000,267
1608822900,257
1608823800,253
1608824700,284
1608825600,329
1608826500,350
1608827400,1109
1608828300,450
1608829200,199
1608830100,203
1608831000,237
1608831900,324
1608832800,324
1608833700,301
1608834600,277
1608835500,249
1608836400,263
1608837300,252
1608838200,264
1608839100,293
1608840000,280
1608840900,260
1608841800,331
1608842700,332
1608843600,315
1608844500,314
1608845400,339
1608846300,336
1608847200,419
1608848100,252
1608849000,419
1608849900,309
1608850800,305
1608851700,295
1608852600,269
1608853500,269
1608854400,272
1608855300,198
1608856200,178
1608857100,138
1608858000,137
1608858900,128
1608859800,136
1608860700,126
1608861600,131
1608862500,146
1608863400,149
1608864300,148
1608865200,129
1608866100,135
1608867000,150
1608867900,207
1608868800,214
1608869700,181
1608870600,155
1608871500,137
1608872400,170
1608873300,156
1608874200,160
1608875100,154
1608876000,136
1608876900,164
1608877800,210
1608878700,196
1608879600,212
1608880500,226
1608881400,191
1608882300,262
1608883200,227
1608884100,258
1608885000,276
1608885900,435
1608886800,500
1608887700,1339
1608888600,757
1608889500,791
1608890400,612
1608891300,834
1608892200,1199
1608893100,469
1608894000,291
1608894900,330
1608895800,276
1608896700,306
1608897600,354
1608898500,327
1608899400,349
1608900300,321
1608901200,476
1608902100,524
1608903000,425
1608903900,477
1608904800,423
1608905700,360
1608906600,310
1608907500,329
1608908400,311
1608909300,322
1608910200,378
1608911100,384
1608912000,367
1608912900,903
1608913800,726
1608914700,735
1608915600,668
1608916500,652
1608917400,439
1608918300,524
1608919200,486
1608920100,484
1608921000,463
1608921900,481
1608922800,425
1608923700,459
1608924600,434
1608925500,482
1608926400,457
1608927300,394
1608928200,358
1608929100,377
1608930000,378
1608930900,382
1608931800,387
1608932700,387
1608933600,386
1608934500,314
1608935400,261
1608936300,236
1608937200,246
1608938100,200
1608939000,220
1608939900,205
1608940800,173
1608941700,202
1608942600,178
1608943500,151
1608944400,134
1608945300,138
1608946200,155
1608947100,138
1608948000,137
1608948900,135
1608949800,127
1608950700,144
1608951600,147
1608952500,140
1608953400,131
1608954300,158
1608955200,231
1608956100,205
1608957000,158
1608957900,168
1608958800,143
1608959700,157
1608960600,152
1608961500,159
1608962400,173
1608963300,215
1608964200,229
1608965100,183
1608966000,144
1608966900,178
1608967800,215
1608968700,316
1608969600,183
1608970500,210
1608971400,427
1608972300,438
1608973200,984
1608974100,372
1608975000,276
1608975900,735
1608976800,1317
1608977700,1191
1608978600,846
1608979500,382
1608980400,875
1608981300,479
1608982200,271
1608983100,300
1608984000,526
1608984900,296
1608985800,309
1608986700,335
1608987600,287
1608988500,280
1608989400,267
1608990300,292
1608991200,408
1608992100,309
1608993000,285
1608993900,322
1608994800,247
1608995700,263
1608996600,271
1608997500,268
1608998400,258
1608999300,330
1609000200,452
1609001100,487
1609002000,832
1609002900,477
1609003800,446
1609004700,450
1609005600,811
1609006500,1492
1609007400,529
1609008300,328
1609009200,374
1609010100,333
1609011000,422
1609011900,402
1609012800,482
1609013700,734
1609014600,646
1609015500,486
1609016400,486
1609017300,320
1609018200,291
1609019100,243
1609020000,250
1609020900,261
1609021800,271
1609022700,253
1609023600,213
1609024500,182
1609025400,173
1609026300,156
1609027200,142
1609028100,152
1609029000,165
1609029900,156
1609030800,159
1609031700,133
1609032600,137
1609033500,141
1609034400,131
1609035300,138
1609036200,148
1609037100,153
1609038000,160
1609038900,136
1609039800,191
1609040700,187
1609041600,182
1609042500,161
1609043400,150
1609044300,159
1609045200,155
1609046100,209
1609047000,209
1609047900,189
1609048800,157
1609049700,155
1609050600,155
1609051500,147
1609052400,168
1609053300,230
1609054200,204
1609055100,198
1609056000,173
1609056900,813
1609057800,404
1609058700,504
1609059600,280
1609060500,229
1609061400,555
1609062300,462
1609063200,266
1609064100,336
1609065000,439
1609065900,257
1609066800,378
1609067700,572
1609068600,338
1609069500,218
1609070400,234
1609071300,264
1609072200,350
1609073100,286
1609074000,305
1609074900,230
1609075800,219
1609076700,359
1609077600,228
1609078500,251
1609079400,240
1609080300,368
1609081200,294
1609082100,378
1609083000,415
1609083900,409
1609084800,422
1609085700,481
1609086600,680
1609087500,361
1609088400,383
1609089300,379
1609090200,381
1609091100,414
1609092000,551
1609092900,631
1609093800,904
1609094700,869
1609095600,553
1609096500,520
1609097400,424
1609098300,448
1609099200,405
1609100100,367
1609101000,368
1609101900,389
1609102800,445
1609103700,390
1609104600,350
1609105500,297
1609106400,214
1609107300,176
1609108200,165
1609109100,173
1609110000,165
1609110900,137
1609111800,161
1609112700,152
1609113600,152
1609114500,163
1609115400,208
1609116300,191
1609117200,166
1609118100,154
1609119000,165
1609119900,183
1609120800,146
1609121700,134
1609122600,144
1609123500,141
1609124400,137
1609125300,158
1609126200,141
1609127100,139
1609128000,153
1609128900,153
1609129800,155
1609130700,148
1609131600,162
1609132500,136
1609133400,218
1609134300,225
1609135200,178
1609136100,159
1609137000,156
1609137900,154
1609138800,161
1609139700,224
1609140600,360
1609141500,444
1609142400,295
1609143300,242
1609144200,634
1609145100,291
1609146000,694
1609146900,675
1609147800,721
1609148700,591
1609149600,192
1609150500,216
1609151400,210
1609152300,248
1609153200,809
1609154100,388
1609155000,185
1609155900,226
1609156800,223
1609157700,267
1609158600,292
1609159500,239
1609160400,574
1609161300,894
1609162200,742
1609163100,707
1609164000,492
1609164900,432
1609165800,449
1609166700,381
1609167600,386
1609168500,490
1609169400,510
1609170300,751
1609171200,370
1609172100,324
1609173000,367
1609173900,766
1609174800,699
1609175700,549
1609176600,387
1609177500,306
1609178400,229
1609179300,253
1609180200,196
1609181100,175
1609182000,231
1609182900,271
1609183800,628
1609184700,662
1609185600,336
1609186500,313
1609187400,331
1609188300,322
1609189200,260
1609190100,238
1609191000,224
1609191900,443
1609192800,220
1609193700,234
1609194600,270
1609195500,191
1609196400,206
1609197300,221
1609198200,183
1609199100,150
1609200000,161
1609200900,161
1609201800,158
1609202700,164
1609203600,163
1609204500,156
1609205400,129
1609206300,130
1609207200,142
1609208100,139
1609209000,211
1609209900,196
1609210800,168
1609211700,132
1609212600,145
1609213500,143
1609214400,131
1609215300,165
1609216200,144
1609217100,148
1609218000,170
1609218900,172
1609219800,199
1609220700,207
1609221600,212
1609222500,153
1609223400,163
1609224300,223
1609225200,215
1609226100,190
1609227000,143
1609227900,156
1609228800,196
1609229700,202
1609230600,202
1609231500,195
1609232400,314
1609233300,951
1609234200,306
1609235100,312
1609236000,224
1609236900,224
1609237800,211
1609238700,189
1609239600,235
1609240500,323
1609241400,231
1609242300,245
1609243200,208
1609244100,248
1609245000,315
1609245900,494
1609246800,398
1609247700,384
1609248600,638
1609249500,595
1609250400,410
1609251300,347
1609252200,410
1609253100,385
1609254000,510
1609254900,479
1609255800,482
1609256700,535
1609257600,701
1609258500,538
1609259400,763
1609260300,620
1609261200,821
1609262100,732
1609263000,308
1609263900,611
1609264800,271
1609265700,380
1609266600,396
1609267500,706
1609268400,896
1609269300,524
1609270200,487
1609271100,504
1609272000,591
1609272900,452
1609273800,413
1609274700,364
1609275600,331
1609276500,319
1609277400,334
1609278300,322
1609279200,339
1609280100,279
1609281000,213
1609281900,245
1609282800,193
1609283700,214
1609284600,166
1609285500,134
1609286400,159
1609287300,151
1609288200,155
1609289100,167
1609290000,134
1609290900,170
1609291800,162
1609292700,144
1609293600,136
1609294500,154
1609295400,134
1609296300,132
1609297200,142
1609298100,131
1609299000,152
1609299900,187
1609300800,206
1609301700,202
1609302600,175
1609303500,156
1609304400,140
1609305300,611
1609306200,428
1609307100,206
1609308000,242
1609308900,223
1609309800,329
1609310700,695
1609311600,260
1609312500,185
1609313400,191
1609314300,169
1609315200,210
1609316100,273
1609317000,338
1609317900,229
1609318800,263
1609319700,275
1609320600,291
1609321500,319
1609322400,233
1609323300,256
1609324200,248
1609325100,266
1609326000,653
1609326900,570
1609327800,370
1609328700,204
1609329600,202
1609330500,206
1609331400,363
1609332300,390
1609333200,366
1609334100,312
1609335000,282
1609335900,343
1609336800,570
1609337700,759
1609338600,452
1609339500,479
1609340400,513
1609341300,686
1609342200,766
1609343100,668
1609344000,484
1609344900,497
1609345800,381
1609346700,355
1609347600,357
1609348500,804
1609349400,339
1609350300,314
1609351200,351
1609352100,361
1609353000,362
1609353900,393
1609354800,555
1609355700,425
1609356600,394
1609357500,345
1609358400,497
1609359300,389
1609360200,346
1609361100,325
1609362000,309
1609362900,314
1609363800,283
1609364700,167
1609365600,167
1609366500,165
1609367400,146
1609368300,149
1609369200,159
1609370100,146
1609371000,148
1609371900,147
1609372800,156
1609373700,152
1609374600,148
1609375500,155
1609376400,160
1609377300,206
1609378200,190
1609379100,158
1609380000,143
1609380900,134
1609381800,162
1609382700,137
1609383600,132
1609384500,134
1609385400,128
1609386300,157
1609387200,157
1609388100,212
1609389000,191
1609389900,160
1609390800,179
1609391700,157
1609392600,154
1609393500,151
1609394400,157
1609395300,145
1609396200,191
1609397100,230
1609398000,217
1609398900,169
1609399800,150
1609400700,167
1609401600,225
1609402500,637
1609403400,626
1609404300,307
1609405200,239
1609406100,288
1609407000,702
1609407900,846
1609408800,759
1609409700,822
1609410600,956
1609411500,1000
1609412400,777
1609413300,385
1609414200,729
1609415100,291
1609416000,320
1609416900,439
1609417800,908
1609418700,911
1609419600,736
1609420500,335
1609421400,184
1609422300,187
1609423200,272
1609424100,252
1609425000,337
1609425900,472
1609426800,486
1609427700,808
1609428600,496
1609429500,507
1609430400,423
1609431300,401
1609432200,707
1609433100,740
1609434000,421
1609434900,393
1609435800,458
1609436700,444
1609437600,322
1609438500,262
1609439400,534
1609440300,647
1609441200,432
1609442100,290
1609443000,302
1609443900,336
1609444800,270
1609445700,194
1609446600,210
1609447500,209
1609448400,237
1609449300,217
1609450200,221
1609451100,281
1609452000,271
1609452900,319
1609453800,298
1609454700,343
1609455600,265
1609456500,464
1609457400,441
1609458300,282
1609459200,281
1609460100,324
1609461000,302
1609461900,302
1609462800,274
1609463700,282
1609464600,185
1609465500,153
1609466400,136
1609467300,195
1609468200,201
1609469100,148
1609470000,138
1609470900,132
1609471800,132
1609472700,148
1609473600,165
1609474500,139
1609475400,133
1609476300,147
1609477200,175
1609478100,159
1609479000,177
1609479900,210
1609480800,187
1609481700,179
1609482600,161
1609483500,154
1609484400,163
1609485300,198
1609486200,219
1609487100,190
1609488000,169
1609488900,152
1609489800,156
1609490700,146
1609491600,283
1609492500,288
1609493400,396
1609494300,754
1609495200,432
1609496100,299
1609497000,228
1609497900,206
1609498800,245
1609499700,271
1609500600,237
1609501500,237
1609502400,264
1609503300,250
1609504200,205
1609505100,200
1609506000,248
1609506900,243
1609507800,232
1609508700,205
1609509600,203
1609510500,331
1609511400,410
1609512300,371
1609513200,296
1609514100,345
1609515000,692
1609515900,590
1609516800,771
1609517700,961
1609518600,597
1609519500,601
1609520400,446
1609521300,526
1609522200,336
1609523100,348
1609524000,405
1609524900,374
1609525800,511
1609526700,441
1609527600,380
1609528500,331
1609529400,314
1609530300,421
1609531200,431
1609532100,397
1609533000,358
1609533900,422
1609534800,406
1609535700,406
1609536600,395
1609537500,418
1609538400,450
1609539300,399
1609540200,418
1609541100,379
1609542000,416
1609542900,377
1609543800,194
1609544700,166
1609545600,163
1609546500,132
1609547400,166
1609548300,155
1609549200,159
1609550100,158
1609551000,148
1609551900,166
1609552800,161
1609553700,140
1609554600,139
1609555500,134
1609556400,142
1609557300,164
1609558200,211
1609559100,193
1609560000,157
1609560900,153
1609561800,132
1609562700,154
1609563600,159
1609564500,147
1609565400,150
1609566300,164
1609567200,223
1609568100,195
1609569000,208
1609569900,179
1609570800,156
1609571700,146
1609572600,168
1609573500,263
1609574400,232
1609575300,228
1609576200,239
1609577100,190
1609578000,754
1609578900,446
1609579800,445
1609580700,773
1609581600,668
1609582500,492
1609583400,887
1609584300,487
1609585200,419
1609586100,312
1609587000,445
1609587900,740
1609588800,306
1609589700,328
1609590600,353
1609591500,302
1609592400,299
1609593300,280
1609594200,340
1609595100,375
1609596000,382
1609596900,445
1609597800,407
1609598700,480
1609599600,375
1609600500,380
1609601400,878
1609602300,830
1609603200,555
1609604100,383
1609605000,353
1609605900,1117
1609606800,712
1609607700,1119
1609608600,514
1609609500,391
1609610400,435
1609611300,489
1609612200,463
1609613100,492
1609614000,882
1609614900,424
1609615800,458
1609616700,440
1609617600,740
1609618500,871
1609619400,437
1609620300,462
1609621200,395
1609622100,334
1609623000,380
1609623900,322
1609624800,281
1609625700,235
1609626600,255
1609627500,251
1609628400,247
1609629300,229
1609630200,256
1609631100,176
1609632000,174
1609632900,163
1609633800,192
1609634700,201
1609635600,193
1609636500,161
1609637400,155
1609638300,160
1609639200,155
1609640100,167
1609641000,145
1609641900,138
1609642800,133
1609643700,151
1609644600,148
1609645500,188
1609646400,172
1609647300,163
1609648200,169
1609649100,147
1609650000,141
1609650900,171
1609651800,162
1609652700,163
1609653600,169
1609654500,163
1609655400,162
1609656300,168
1609657200,166
1609658100,169
1609659000,171
1609659900,251
1609660800,336
1609661700,639
1609662600,224
1609663500,321
1609664400,327
1609665300,351
1609666200,316
1609667100,303
1609668000,412
1609668900,457
1609669800,725
1609670700,753
1609671600,512
1609672500,532
1609673400,231
1609674300,247
1609675200,227
1609676100,277
1609677000,319
1609677900,290
1609678800,269
1609679700,244
1609680600,227
1609681500,350
1609682400,342
1609683300,309
1609684200,407
1609685100,367
1609686000,358
1609686900,445
1609687800,398
1609688700,422
1609689600,491
1609690500,832
1609691400,437
1609692300,557
1609693200,509
1609694100,452
1609695000,486
1609695900,496
1609696800,545
1609697700,469
1609698600,560
1609699500,417
1609700400,392
1609701300,453
1609702200,420
1609703100,367
1609704000,447
1609704900,982
1609705800,467
1609706700,455
1609707600,432
1609708500,421
1609709400,446
1609710300,350
1609711200,305
1609712100,269
1609713000,235
1609713900,375
1609714800,278
1609715700,256
1609716600,270
1609717500,170
1609718400,189
1609719300,151
1609720200,148
1609721100,164
1609722000,142
1609722900,170
1609723800,167
1609724700,158
1609725600,168
1609726500,143
1609727400,156
1609728300,145
1609729200,138
1609730100,144
1609731000,139
1609731900,152
1609732800,146
1609733700,145
1609734600,157
1609735500,137
1609736400,154
1609737300,244
1609738200,356
1609739100,288
1609740000,282
1609740900,300
1609741800,198
1609742700,180
1609743600,171
1609744500,274
1609745400,563
1609746300,346
1609747200,297
1609748100,348
1609749000,357
1609749900,291
1609750800,224
1609751700,266
1609752600,484
1609753500,538
1609754400,271
1609755300,452
1609756200,573
1609757100,710
1609758000,621
1609758900,314
1609759800,320
1609760700,620
1609761600,412
1609762500,560
1609763400,437
1609764300,530
1609765200,925
1609766100,627
1609767000,440
1609767900,487
1609768800,430
1609769700,436
1609770600,393
1609771500,376
1609772400,378
1609773300,375
1609774200,417
1609775100,476
1609776000,474
1609776900,473
1609777800,458
1609778700,503
1609779600,626
1609780500,490
1609781400,551
1609782300,556
1609783200,560
1609784100,510
1609785000,436
1609785900,826
1609786800,833
1609787700,486
1609788600,465
1609789500,460
1609790400,482
1609791300,463
1609792200,490
1609793100,464
1609794000,416
1609794900,366
1609795800,378
1609796700,386
1609797600,285
1609798500,287
1609799400,273
1609800300,210
1609801200,182
1609802100,163
1609803000,156
1609803900,134
1609804800,169
1609805700,161
1609806600,157
1609807500,160
1609808400,202
1609809300,203
1609810200,203
1609811100,188
1609812000,217
1609812900,171
1609813800,154
1609814700,130
1609815600,134
1609816500,140
1609817400,153
1609818300,146
1609819200,135
1609820100,132
1609821000,140
1609821900,147
1609822800,188
1609823700,306
1609824600,242
1609825500,218
1609826400,227
1609827300,233
1609828200,233
1609829100,217
1609830000,242
1609830900,242
1609831800,235
1609832700,391
1609833600,277
1609834500,218
1609835400,322
1609836300,897
1609837200,826
1609838100,367
1609839000,970
1609839900,525
1609840800,390
1609841700,496
1609842600,550
1609843500,435
1609844400,422
1609845300,432
1609846200,1182
1609847100,995
1609848000,729
1609848900,629
1609849800,481
1609850700,427
1609851600,489
1609852500,455
1609853400,373
1609854300,295
1609855200,254
1609856100,264
1609857000,253
1609857900,405
1609858800,301
1609859700,346
1609860600,361
1609861500,378
1609862400,558
1609863300,533
1609864200,429
1609865100,501
1609866000,476
1609866900,522
1609867800,551
1609868700,548
1609869600,880
1609870500,883
1609871400,617
1609872300,549
1609873200,761
1609874100,708
1609875000,542
1609875900,486
1609876800,510
1609877700,946
1609878600,541
1609879500,456
1609880400,425
1609881300,554
1609882200,600
1609883100,504
1609884000,471
1609884900,396
1609885800,332
1609886700,277
1609887600,279
1609888500,338
1609889400,214
1609890300,268
1609891200,259
1609892100,245
1609893000,230
1609893900,237
1609894800,186
1609895700,185
1609896600,197
1609897500,187
1609898400,199
1609899300,171
1609900200,196
1609901100,195
1609902000,221
1609902900,224
1609903800,211
1609904700,220
1609905600,214
1609906500,183
1609907400,188
1609908300,176
1609909200,192
1609910100,174
1609911000,187
1609911900,239
1609912800,249
1609913700,251
1609914600,243
1609915500,254
1609916400,222
1609917300,248
1609918200,316
1609919100,273
1609920000,295
1609920900,301
1609921800,606
1609922700,650
1609923600,400
1609924500,314
1609925400,344
1609926300,447
1609927200,427
1609928100,1007
1609929000,372
1609929900,958
1609930800,866
1609931700,464
1609932600,596
1609933500,734
1609934400,418
1609935300,355
1609936200,595
1609937100,1344
1609938000,1153
1609938900,789
1609939800,634
1609940700,384
1609941600,246
1609942500,266
1609943400,332
1609944300,355
1609945200,259
1609946100,276
1609947000,398
1609947900,408
1609948800,355
1609949700,436
1609950600,428
1609951500,439
1609952400,869
1609953300,473
1609954200,483
1609955100,405
1609956000,405
1609956900,499
1609957800,500
1609958700,501
1609959600,482
1609960500,443
1609961400,444
1609962300,310
1609963200,367
1609964100,391
1609965000,346
1609965900,355
1609966800,330
1609967700,215
1609968600,206
1609969500,186
1609970400,216
1609971300,166
1609972200,152
1609973100,145
1609974000,166
1609974900,141
1609975800,146
1609976700,171
1609977600,205
1609978500,209
1609979400,190
1609980300,201
1609981200,187
1609982100,135
1609983000,165
1609983900,165
1609984800,168
1609985700,153
1609986600,132
1609987500,159
1609988400,151
1609989300,147
1609990200,153
1609991100,140
1609992000,190
1609992900,178
1609993800,187
1609994700,179
1609995600,251
1609996500,328
1609997400,192
1609998300,182
1609999200,186
1610000100,259
1610001000,226
1610001900,239
1610002800,234
1610003700,235
1610004600,213
1610005500,187
1610006400,476
1610007300,349
1610008200,324
1610009100,392
1610010000,302
1610010900,265
1610011800,303
1610012700,289
1610013600,281
1610014500,259
1610015400,365
1610016300,264
1610017200,253
1610018100,347
1610019000,264
1610019900,288
1610020800,267
1610021700,267
1610022600,292
1610023500,274
1610024400,392
1610025300,206
1610026200,192
1610027100,264
1610028000,261
1610028900,201
1610029800,203
1610030700,213
1610031600,221
1610032500,252
1610033400,380
1610034300,289
1610035200,306
1610036100,295
1610037000,426
1610037900,726
1610038800,505
1610039700,380
1610040600,569
1610041500,741
1610042400,475
1610043300,417
1610044200,458
1610045100,376
1610046000,428
1610046900,461
1610047800,563
1610048700,628
1610049600,878
1610050500,452
1610051400,489
1610052300,441
1610053200,392
1610054100,299
1610055000,265
1610055900,295
1610056800,196
1610057700,137
1610058600,164
1610059500,141
1610060400,144
1610061300,132
1610062200,145
1610063100,139
1610064000,150
1610064900,212
1610065800,201
1610066700,209
1610067600,199
1610068500,199
1610069400,195
1610070300,198
1610071200,181
1610072100,145
1610073000,159
1610073900,161
1610074800,163
1610075700,152
1610076600,152
1610077500,217
1610078400,212
1610079300,189
1610080200,218
1610081100,202
1610082000,261
1610082900,332
1610083800,196
1610084700,188
1610085600,176
1610086500,171
1610087400,169
1610088300,220
1610089200,163
1610090100,196
1610091000,244
1610091900,243
1610092800,258
1610093700,197
1610094600,201
1610095500,170
1610096400,175
1610097300,179
1610098200,166
1610099100,178
1610100000,159
1610100900,364
1610101800,383
1610102700,432
1610103600,314
1610104500,309
1610105400,306
1610106300,232
1610107200,219
1610108100,219
1610109000,247
1610109900,421
1610110800,260
1610111700,211
1610112600,161
1610113500,146
1610114400,154
1610115300,139
1610116200,147
1610117100,157
1610118000,172
1610118900,231
1610119800,278
1610120700,338
1610121600,404
1610122500,354
1610123400,375
1610124300,406
1610125200,376
1610126100,346
1610127000,341
1610127900,419
1610128800,316
1610129700,403
1610130600,361
1610131500,421
1610132400,388
1610133300,413
1610134200,378
1610135100,419
1610136000,389
1610136900,374
1610137800,342
1610138700,320
1610139600,302
1610140500,294
1610141400,293
1610142300,314
1610143200,438
1610144100,310
1610145000,267
1610145900,314
1610146800,341
1610147700,227
1610148600,158
1610149500,159
1610150400,170
1610151300,147
1610152200,155
1610153100,159
1610154000,153
1610154900,145
1610155800,158
1610156700,199
1610157600,208
1610158500,168
1610159400,151
1610160300,140
1610161200,163
1610162100,147
1610163000,154
1610163900,158
1610164800,166
1610165700,217
1610166600,209
1610167500,209
1610168400,157
1610169300,154
1610170200,166
1610171100,157
1610172000,167
1610172900,198
1610173800,222
1610174700,202
1610175600,193
1610176500,474
1610177400,220
1610178300,199
1610179200,298
1610180100,455
1610181000,695
1610181900,347
1610182800,422
1610183700,769
1610184600,688
1610185500,781
1610186400,318
1610187300,244
1610188200,277
1610189100,314
1610190000,495
1610190900,827
1610191800,882
1610192700,767
1610193600,665
1610194500,942
1610195400,474
1610196300,291
1610197200,500
1610198100,816
1610199000,480
1610199900,489
1610200800,445
1610201700,789
1610202600,818
1610203500,494
1610204400,423
1610205300,470
1610206200,571
1610207100,532
1610208000,579
1610208900,574
1610209800,582
1610210700,592
1610211600,668
1610212500,631
1610213400,622
1610214300,1103
1610215200,744
1610216100,544
1610217000,565
1610217900,624
1610218800,546
1610219700,520
1610220600,611
1610221500,601
1610222400,568
1610223300,479
1610224200,499
1610225100,502
1610226000,467
1610226900,524
1610227800,513
1610228700,461
1610229600,395
1610230500,346
1610231400,325
1610232300,244
1610233200,216
1610234100,199
1610235000,177
1610235900,161
1610236800,156
1610237700,163
1610238600,154
1610239500,151
1610240400,169
1610241300,215
1610242200,216
1610243100,184
1610244000,193
1610244900,154
1610245800,157
1610246700,173
1610247600,153
1610248500,163
1610249400,151
1610250300,133
1610251200,155
1610252100,143
1610253000,189
1610253900,202
1610254800,191
1610255700,198
1610256600,190
1610257500,209
1610258400,145
1610259300,186
1610260200,225
1610261100,203
1610262000,222
1610262900,205
1610263800,202
1610264700,581
1610265600,339
1610266500,294
1610267400,284
1610268300,378
1610269200,306
1610270100,776
1610271000,1081
1610271900,1373
1610272800,858
1610273700,823
1610274600,1083
1610275500,762
1610276400,705
1610277300,693
1610278200,957
1610279100,583
1610280000,313
1610280900,349
1610281800,491
1610282700,935
1610283600,908
1610284500,738
1610285400,378
1610286300,339
1610287200,378
1610288100,324
1610289000,517
1610289900,407
1610290800,371
1610291700,438
1610292600,818
1610293500,873
1610294400,1178
1610295300,835
1610296200,500
1610297100,431
1610298000,398
1610298900,340
1610299800,324
1610300700,345
1610301600,402
1610302500,483
1610303400,520
1610304300,466
1610305200,478
1610306100,499
1610307000,529
1610307900,510
1610308800,557
1610309700,449
1610310600,457
1610311500,446
1610312400,370
1610313300,265
1610314200,245
1610315100,270
1610316000,237
1610316900,226
1610317800,160
1610318700,175
1610319600,188
1610320500,201
1610321400,214
1610322300,208
1610323200,156
1610324100,152
1610325000,154
1610325900,165
1610326800,159
1610327700,165
1610328600,154
1610329500,161
1610330400,144
1610331300,160
1610332200,181
1610333100,221
1610334000,220
1610334900,201
1610335800,200
1610336700,182
1610337600,145
1610338500,150
1610339400,135
1610340300,153
1610341200,225
1610342100,327
1610343000,238
1610343900,224
1610344800,216
1610345700,165
1610346600,184
1610347500,229
1610348400,207
1610349300,180
1610350200,195
1610351100,283
1610352000,466
1610352900,413
1610353800,416
1610354700,311
1610355600,223
1610356500,169
1610357400,166
1610358300,157
1610359200,199
1610360100,213
1610361000,226
1610361900,177
1610362800,143
1610363700,157
1610364600,153
1610365500,172
1610366400,195
1610367300,187
1610368200,163
1610369100,164
1610370000,159
1610370900,181
1610371800,220
1610372700,261
1610373600,260
1610374500,228
1610375400,221
1610376300,257
1610377200,248
1610378100,334
1610379000,562
1610379900,469
1610380800,358
1610381700,405
1610382600,605
1610383500,399
1610384400,484
1610385300,613
1610386200,498
1610387100,433
1610388000,402
1610388900,308
1610389800,335
1610390700,420
1610391600,385
1610392500,427
1610393400,396
1610394300,338
1610395200,346
1610396100,350
1610397000,361
1610397900,352
1610398800,288
1610399700,255
1610400600,281
1610401500,299
1610402400,244
1610403300,162
1610404200,153
1610405100,148
1610406000,151
1610406900,145
1610407800,161
1610408700,151
1610409600,164
1610410500,188
1610411400,211
1610412300,218
1610413200,191
1610414100,199
1610415000,151
1610415900,155
1610416800,149
1610417700,167
1610418600,171
1610419500,148
1610420400,143
1610421300,159
1610422200,184
1610423100,219
1610424000,208
1610424900,212
1610425800,203
1610426700,200
1610427600,214
1610428500,177
1610429400,242
1610430300,161
1610431200,237
1610432100,226
1610433000,212
1610433900,290
1610434800,711
1610435700,214
1610436600,270
1610437500,209
1610438400,224
1610439300,212
1610440200,287
1610441100,200
1610442000,651
1610442900,923
1610443800,694
1610444700,377
1610445600,357
1610446500,347
1610447400,355
1610448300,314
1610449200,296
1610450100,466
1610451000,962
1610451900,786
1610452800,728
1610453700,310
1610454600,273
1610455500,256
1610456400,257
1610457300,263
1610458200,239
1610459100,244
1610460000,491
1610460900,216
1610461800,197
1610462700,215
1610463600,220
1610464500,268
1610465400,485
1610466300,482
1610467200,946
1610468100,808
1610469000,512
1610469900,402
1610470800,748
1610471700,577
1610472600,453
1610473500,456
1610474400,660
1610475300,963
1610476200,401
1610477100,409
1610478000,544
1610478900,625
1610479800,486
1610480700,419
1610481600,742
1610482500,634
1610483400,392
1610484300,403
1610485200,386
1610486100,837
1610487000,538
1610487900,152
1610488800,181
1610489700,144
1610490600,141
1610491500,207
1610492400,209
1610493300,206
1610494200,207
1610495100,184
1610496000,156
1610496900,153
1610497800,160
1610498700,144
1610499600,162
1610500500,157
1610501400,150
1610502300,163
1610503200,214
1610504100,235
1610505000,176
1610505900,141
1610506800,156
1610507700,176
1610508600,155
1610509500,195
1610510400,217
1610511300,203
1610512200,197
1610513100,176
1610514000,204
1610514900,322
1610515800,225
1610516700,220
1610517600,237
1610518500,284
1610519400,219
1610520300,271
1610521200,179
1610522100,163
1610523000,204
1610523900,223
1610524800,227
1610525700,192
1610526600,202
1610527500,461
1610528400,289
1610529300,235
1610530200,452
1610531100,325
1610532000,311
1610532900,194
1610533800,167
1610534700,187
1610535600,202
1610536500,177
1610537400,162
1610538300,196
1610539200,214
1610540100,203
1610541000,166
1610541900,158
1610542800,158
1610543700,136
1610544600,179
1610545500,280
1610546400,258
1610547300,194
1610548200,171
1610549100,222
1610550000,213
1610550900,220
1610551800,227
1610552700,279
1610553600,402
1610554500,635
1610555400,639
1610556300,590
1610557200,436
1610558100,407
1610559000,451
1610559900,428
1610560800,590
1610561700,647
1610562600,469
1610563500,457
1610564400,512
1610565300,393
1610566200,452
1610567100,517
1610568000,466
1610568900,438
1610569800,414
1610570700,369
1610571600,276
1610572500,196
1610573400,161
1610574300,136
1610575200,142
1610576100,138
1610577000,146
1610577900,155
1610578800,152
1610579700,198
1610580600,188
1610581500,212
1610582400,187
1610583300,141
1610584200,153
1610585100,164
1610586000,155
1610586900,154
1610587800,168
1610588700,160
1610589600,151
1610590500,157
1610591400,189
1610592300,223
1610593200,203
1610594100,196
1610595000,164
1610595900,154
1610596800,163
1610597700,142
1610598600,165
1610599500,195
1610600400,214
1610601300,344
1610602200,230
1610603100,223
1610604000,262
1610604900,206
1610605800,214
1610606700,214
1610607600,215
1610608500,204
1610609400,218
1610610300,190
1610611200,182
1610612100,217
1610613000,424
1610613900,385
1610614800,300
1610615700,239
1610616600,203
1610617500,333
1610618400,177
1610619300,230
1610620200,253
1610621100,220
1610622000,170
1610622900,180
1610623800,398
1610624700,337
1610625600,211
1610626500,233
1610627400,242
1610628300,217
1610629200,231
1610630100,370
1610631000,454
1610631900,322
1610632800,276
1610633700,240
1610634600,269
1610635500,312
1610636400,286
1610637300,281
1610638200,232
1610639100,299
1610640000,288
1610640900,395
1610641800,625
1610642700,504
1610643600,547
1610644500,484
1610645400,464
1610646300,467
1610647200,446
1610648100,339
1610649000,299
1610649900,377
1610650800,502
1610651700,391
1610652600,403
1610653500,458
1610654400,394
1610655300,337
1610656200,380
1610657100,369
1610658000,335
1610658900,249
1610659800,185
1610660700,214
1610661600,229
1610662500,169
1610663400,142
1610664300,165
1610665200,161
1610666100,220
1610667000,218
1610667900,198
1610668800,195
1610669700,141
1610670600,141
1610671500,139
1610672400,149
1610673300,145
1610674200,153
1610675100,156
1610676000,163
1610676900,202
1610677800,202
1610678700,198
1610679600,177
1610680500,166
1610681400,199
1610682300,213
1610683200,201
1610684100,164
1610685000,152
1610685900,167
1610686800,212
1610687700,297
1610688600,204
1610689500,321
1610690400,358
1610691300,276
1610692200,340
1610693100,289
1610694000,258
1610694900,191
1610695800,175
1610696700,210
1610697600,277
1610698500,269
1610699400,257
1610700300,261
1610701200,240
1610702100,207
1610703000,215
1610703900,257
1610704800,252
1610705700,492
1610706600,465
1610707500,968
1610708400,952
1610709300,881
1610710200,325
1610711100,541
1610712000,279
1610712900,275
1610713800,294
1610714700,612
1610715600,519
1610716500,370
1610717400,425
1610718300,353
1610719200,440
1610720100,297
1610721000,318
1610721900,350
1610722800,400
1610723700,883
1610724600,566
1610725500,906
1610726400,678
1610727300,977
1610728200,877
1610729100,481
1610730000,645
1610730900,833
1610731800,1227
1610732700,1122
1610733600,994
1610734500,742
1610735400,470
1610736300,471
1610737200,476
1610738100,521
1610739000,440
1610739900,444
1610740800,475
1610741700,443
1610742600,542
1610743500,476
1610744400,451
1610745300,444
1610746200,436
1610747100,388
1610748000,327
1610748900,280
1610749800,260
1610750700,176
1610751600,160
1610752500,183
1610753400,223
1610754300,191
1610755200,167
1610756100,159
1610757000,156
1610757900,157
1610758800,165
1610759700,144
1610760600,151
1610761500,166
1610762400,147
1610763300,143
1610764200,188
1610765100,186
1610766000,190
1610766900,149
1610767800,142
1610768700,145
1610769600,156
1610770500,152
1610771400,135
1610772300,160
1610773200,164
1610774100,192
1610775000,214
1610775900,221
1610776800,197
1610777700,202
1610778600,169
1610779500,157
1610780400,149
1610781300,292
1610782200,254
1610783100,283
1610784000,251
1610784900,663
1610785800,279
1610786700,697
1610787600,537
1610788500,448
1610789400,463
1610790300,959
1610791200,702
1610792100,756
1610793000,661
1610793900,763
1610794800,687
1610795700,506
1610796600,354
1610797500,658
1610798400,670
1610799300,494
1610800200,573
1610801100,752
1610802000,750
1610802900,630
1610803800,636
1610804700,631
1610805600,873
1610806500,849
1610807400,637
1610808300,551
1610809200,413
1610810100,909
1610811000,993
1610811900,733
1610812800,758
1610813700,646
1610814600,610
1610815500,581
1610816400,482
1610817300,520
1610818200,729
1610819100,698
1610820000,487
1610820900,464
1610821800,449
1610822700,444
1610823600,480
1610824500,475
1610825400,426
1610826300,492
1610827200,458
1610828100,478
1610829000,399
1610829900,395
1610830800,396
1610831700,394
1610832600,342
1610833500,315
1610834400,277
1610835300,180
1610836200,174
1610837100,163
1610838000,173
1610838900,242
1610839800,216
1610840700,208
1610841600,183
1610842500,147
1610843400,159
1610844300,144
1610845200,180
1610846100,163
1610847000,209
1610847900,208
1610848800,138
1610849700,159
1610850600,138
1610851500,149
1610852400,143
1610853300,130
1610854200,138
1610855100,146
1610856000,194
1610856900,208
1610857800,159
1610858700,166
1610859600,141
1610860500,160
1610861400,149
1610862300,180
1610863200,206
1610864100,200
1610865000,203
1610865900,167
1610866800,218
1610867700,237
1610868600,186
1610869500,173
1610870400,335
1610871300,1037
1610872200,854
1610873100,284
1610874000,391
1610874900,488
1610875800,788
1610876700,811
1610877600,532
1610878500,469
1610879400,424
1610880300,453
1610881200,608
1610882100,1372
1610883000,1093
1610883900,490
1610884800,345
1610885700,286
1610886600,271
1610887500,281
1610888400,730
1610889300,272
1610890200,235
1610891100,766
1610892000,1126
1610892900,1439
1610893800,733
1610894700,387
1610895600,325
1610896500,350
1610897400,389
1610898300,432
1610899200,440
1610900100,454
1610901000,431
1610901900,778
1610902800,995
1610903700,788
1610904600,541
1610905500,510
1610906400,457
1610907300,419
1610908200,460
1610909100,490
1610910000,708
1610910900,501
1610911800,520
1610912700,558
1610913600,532
1610914500,449
1610915400,440
1610916300,400
1610917200,419
1610918100,297
1610919000,250
1610919900,201
1610920800,221
1610921700,192
1610922600,161
1610923500,178
1610924400,155
1610925300,171
1610926200,160
1610927100,162
1610928000,203
1610928900,191
1610929800,175
1610930700,160
1610931600,142
1610932500,218
1610933400,211
1610934300,173
1610935200,146
1610936100,155
1610937000,160
1610937900,132
1610938800,142
1610939700,140
1610940600,144
1610941500,158
1610942400,189
1610943300,187
1610944200,142
1610945100,151
1610946000,202
1610946900,312
1610947800,206
1610948700,275
1610949600,201
1610950500,198
1610951400,234
1610952300,212
1610953200,187
1610954100,171
1610955000,155
1610955900,158
1610956800,145
1610957700,179
1610958600,243
1610959500,147
1610960400,191
1610961300,223
1610962200,206
1610963100,190
1610964000,164
1610964900,182
1610965800,188
1610966700,182
1610967600,237
1610968500,389
1610969400,979
1610970300,451
1610971200,263
1610972100,172
1610973000,190
1610973900,546
1610974800,465
1610975700,272
1610976600,281
1610977500,423
1610978400,782
1610979300,365
1610980200,334
1610981100,217
1610982000,283
1610982900,321
1610983800,312
1610984700,460
1610985600,844
1610986500,531
1610987400,786
1610988300,721
1610989200,738
1610990100,922
1610991000,1052
1610991900,863
1610992800,924
1610993700,809
1610994600,930
1610995500,867
1610996400,791
1610997300,684
1610998200,698
1610999100,471
1611000000,495
1611000900,386
1611001800,389
1611002700,394
1611003600,394
1611004500,337
1611005400,282
1611006300,221
1611007200,217
1611008100,180
1611009000,171
1611009900,141
1611010800,155
1611011700,169
1611012600,156
1611013500,156
1611014400,152
1611015300,154
1611016200,156
1611017100,175
1611018000,233
1611018900,213
1611019800,154
1611020700,148
1611021600,160
1611022500,159
1611023400,161
1611024300,142
1611025200,146
1611026100,135
1611027000,143
1611027900,142
1611028800,158
1611029700,180
1611030600,184
1611031500,193
1611032400,197
1611033300,269
1611034200,315
1611035100,264
1611036000,235
1611036900,197
1611037800,205
1611038700,256
1611039600,549
1611040500,352
1611041400,166
1611042300,184
1611043200,179
1611044100,185
1611045000,193
1611045900,225
1611046800,227
1611047700,168
1611048600,264
1611049500,245
1611050400,218
1611051300,179
1611052200,167
1611053100,190
1611054000,179
1611054900,486
1611055800,307
1611056700,170
1611057600,163
1611058500,408
1611059400,375
1611060300,318
1611061200,323
1611062100,358
1611063000,288
1611063900,352
1611064800,414
1611065700,400
1611066600,291
1611067500,391
1611068400,279
1611069300,254
1611070200,263
1611071100,269
1611072000,339
1611072900,823
1611073800,1152
1611074700,691
1611075600,747
1611076500,877
1611077400,703
1611078300,657
1611079200,597
1611080100,577
1611081000,480
1611081900,517
1611082800,618
1611083700,533
1611084600,500
1611085500,563
1611086400,484
1611087300,436
1611088200,421
1611089100,408
1611090000,391
1611090900,333
1611091800,342
1611092700,343
1611093600,283
1611094500,177
1611095400,181
1611096300,175
1611097200,141
1611098100,232
1611099000,231
1611099900,210
1611100800,168
1611101700,154
1611102600,169
1611103500,176
1611104400,139
1611105300,163
1611106200,158
1611107100,156
1611108000,170
1611108900,164
1611109800,206
1611110700,212
1611111600,156
1611112500,142
1611113400,153
1611114300,151
1611115200,153
1611116100,138
1611117000,134
1611117900,146
1611118800,255
1611119700,354
1611120600,227
1611121500,193
1611122400,183
1611123300,180
1611124200,226
1611125100,286
1611126000,199
1611126900,209
1611127800,198
1611128700,179
1611129600,149
1611130500,166
1611131400,167
1611132300,180
1611133200,607
1611134100,185
1611135000,449
1611135900,472
1611136800,562
1611137700,767
1611138600,332
1611139500,326
1611140400,290
1611141300,243
1611142200,231
1611143100,227
1611144000,253
1611144900,288
1611145800,287
1611146700,259
1611147600,219
1611148500,201
1611149400,288
1611150300,257
1611151200,292
1611152100,265
1611153000,263
1611153900,255
1611154800,254
1611155700,309
1611156600,259
1611157500,239
1611158400,431
1611159300,1238
1611160200,605
1611161100,644
1611162000,916
1611162900,928
1611163800,706
1611164700,715
1611165600,708
1611166500,1286
1611167400,1015
1611168300,862
1611169200,824
1611170100,792
1611171000,721
1611171900,697
1611172800,564
1611173700,535
1611174600,463
1611175500,460
1611176400,472
1611177300,745
1611178200,802
1611179100,532
1611180000,296
1611180900,277
1611181800,249
1611182700,218
1611183600,201
1611184500,245
1611185400,173
1611186300,151
1611187200,161
1611188100,196
1611189000,218
1611189900,198
1611190800,162
1611191700,173
1611192600,145
1611193500,156
1611194400,162
1611195300,166
1611196200,163
1611197100,142
1611198000,219
1611198900,195
1611199800,174
1611200700,209
1611201600,185
1611202500,155
1611203400,140
1611204300,148
1611205200,234
1611206100,322
1611207000,215
1611207900,224
1611208800,843
1611209700,804
1611210600,684
1611211500,476
1611212400,197
1611213300,212
1611214200,357
1611215100,285
1611216000,237
1611216900,218
1611217800,180
1611218700,162
1611219600,159
1611220500,165
1611221400,210
1611222300,322
1611223200,225
1611224100,482
1611225000,395
1611225900,420
1611226800,374
1611227700,316
1611228600,301
1611229500,279
1611230400,297
1611231300,354
1611232200,444
1611233100,287
1611234000,270
1611234900,316
1611235800,310
1611236700,349
1611237600,429
1611238500,375
1611239400,339
1611240300,319
1611241200,339
1611242100,309
1611243000,319
1611243900,674
1611244800,487
1611245700,564
1611246600,452
1611247500,417
1611248400,466
1611249300,936
1611250200,724
1611251100,837
1611252000,975
1611252900,721
1611253800,436
1611254700,465
1611255600,507
1611256500,453
1611257400,460
1611258300,412
1611259200,394
1611260100,325
1611261000,364
1611261900,332
1611262800,285
1611263700,312
1611264600,214
1611265500,162
1611266400,177
1611267300,157
1611268200,159
1611269100,173
1611270000,165
1611270900,151
1611271800,159
1611272700,152
1611273600,165
1611274500,202
1611275400,220
1611276300,197
1611277200,155
1611278100,145
1611279000,154
1611279900,164
1611280800,172
1611281700,162
1611282600,169
1611283500,159
1611284400,158
1611285300,168
1611286200,186
1611287100,209
1611288000,153
1611288900,133
1611289800,141
1611290700,134
1611291600,203
1611292500,236
1611293400,288
1611294300,231
1611295200,246
1611296100,237
1611297000,223
1611297900,190
1611298800,259
1611299700,211
1611300600,279
1611301500,232
1611302400,186
1611303300,180
1611304200,169
1611305100,190
1611306000,212
1611306900,219
1611307800,248
1611308700,226
1611309600,185
1611310500,181
1611311400,181
1611312300,231
1611313200,343
1611314100,767
1611315000,602
1611315900,477
1611316800,527
1611317700,216
1611318600,659
1611319500,336
1611320400,324
1611321300,500
1611322200,300
1611323100,301
1611324000,383
1611324900,380
1611325800,334
1611326700,331
1611327600,385
1611328500,353
1611329400,380
1611330300,410
1611331200,369
1611332100,415
1611333000,497
1611333900,478
1611334800,405
1611335700,410
1611336600,428
1611337500,410
1611338400,315
1611339300,373
1611340200,382
1611341100,394
1611342000,354
1611342900,342
1611343800,323
1611344700,312
1611345600,317
1611346500,315
1611347400,308
1611348300,359
1611349200,354
1611350100,333
1611351000,258
1611351900,237
1611352800,268
1611353700,277
1611354600,211
1611355500,170
1611356400,144
1611357300,151
1611358200,156
1611359100,159
1611360000,222
1611360900,219
1611361800,177
1611362700,150
1611363600,147
1611364500,155
1611365400,163
1611366300,140
1611367200,170
1611368100,169
1611369000,154
1611369900,202
1611370800,209
1611371700,196
1611372600,141
1611373500,133
1611374400,156
1611375300,141
1611376200,143
1611377100,147
1611378000,139
1611378900,182
1611379800,201
1611380700,193
1611381600,195
1611382500,160
1611383400,184
1611384300,220
1611385200,269
1611386100,363
1611387000,302
1611387900,427
1611388800,381
1611389700,357
1611390600,441
1611391500,400
1611392400,428
1611393300,466
1611394200,446
1611395100,442
1611396000,429
1611396900,446
1611397800,450
1611398700,1189
1611399600,751
1611400500,448
1611401400,489
1611402300,468
1611403200,948
1611404100,760
1611405000,642
1611405900,723
1611406800,551
1611407700,858
1611408600,856
1611409500,658
1611410400,677
1611411300,586
1611412200,835
1611413100,475
1611414000,346
1611414900,436
1611415800,391
1611416700,684
1611417600,533
1611418500,441
1611419400,387
1611420300,400
1611421200,412
1611422100,426
1611423000,436
1611423900,794
1611424800,506
1611425700,567
1611426600,827
1611427500,972
1611428400,551
1611429300,559
1611430200,558
1611431100,789
1611432000,860
1611432900,408
1611433800,399
1611434700,431
1611435600,533
1611436500,368
1611437400,317
1611438300,318
1611439200,261
1611440100,212
1611441000,166
1611441900,150
1611442800,148
1611443700,144
1611444600,138
1611445500,175
1611446400,152
1611447300,164
1611448200,144
1611449100,198
1611450000,224
1611450900,202
1611451800,160
1611452700,155
1611453600,181
1611454500,150
1611455400,152
1611456300,163
1611457200,158
1611458100,162
1611459000,144
1611459900,203
1611460800,229
1611461700,181
1611462600,165
1611463500,157
1611464400,167
1611465300,166
1611466200,152
1611467100,239
1611468000,195
1611468900,198
1611469800,190
1611470700,140
1611471600,153
1611472500,146
1611473400,274
1611474300,759
1611475200,771
1611476100,323
1611477000,300
1611477900,532
1611478800,575
1611479700,443
1611480600,483
1611481500,418
1611482400,1172
1611483300,1414
1611484200,1517
1611485100,1056
1611486000,898
1611486900,467
1611487800,391
1611488700,428
1611489600,359
1611490500,382
1611491400,839
1611492300,472
1611493200,329
1611494100,318
1611495000,278
1611495900,538
1611496800,546
1611497700,534
1611498600,273
1611499500,317
1611500400,435
1611501300,368
1611502200,332
1611503100,424
1611504000,390
1611504900,411
1611505800,356
1611506700,374
1611507600,437
1611508500,466
1611509400,408
1611510300,353
1611511200,325
1611512100,314
1611513000,327
1611513900,317
1611514800,318
1611515700,342
1611516600,351
1611517500,370
1611518400,319
1611519300,274
1611520200,318
1611521100,326
1611522000,293
1611522900,196
1611523800,191
1611524700,229
1611525600,214
1611526500,181
1611527400,153
1611528300,155
1611529200,158
1611530100,165
1611531000,167
1611531900,194
1611532800,229
1611533700,218
1611534600,185
1611535500,175
1611536400,166
1611537300,188
1611538200,198
1611539100,179
1611540000,177
1611540900,246
1611541800,227
1611542700,180
1611543600,189
1611544500,193
1611545400,177
1611546300,195
1611547200,166
1611548100,226
1611549000,238
1611549900,180
1611550800,251
1611551700,316
1611552600,210
1611553500,195
1611554400,199
1611555300,271
1611556200,259
1611557100,277
1611558000,211
1611558900,215
1611559800,205
1611560700,250
1611561600,241
1611562500,232
1611563400,206
1611564300,183
1611565200,189
1611566100,194
1611567000,178
1611567900,170
1611568800,199
1611569700,214
1611570600,184
1611571500,168
1611572400,177
1611573300,166
1611574200,166
1611575100,143
1611576000,174
1611576900,246
1611577800,251
1611578700,245
1611579600,424
1611580500,302
1611581400,265
1611582300,220
1611583200,295
1611584100,268
1611585000,272
1611585900,236
1611586800,218
1611587700,312
1611588600,308
1611589500,463
1611590400,528
1611591300,495
1611592200,358
1611593100,544
1611594000,631
1611594900,574
1611595800,398
1611596700,383
1611597600,472
1611598500,913
1611599400,720
1611600300,512
1611601200,429
1611602100,434
1611603000,419
1611603900,347
1611604800,377
1611605700,457
1611606600,496
1611607500,442
1611608400,316
1611609300,269
1611610200,152
1611611100,163
1611612000,166
1611612900,152
1611613800,158
1611614700,153
1611615600,153
1611616500,196
1611617400,203
1611618300,185
1611619200,169
1611620100,174
1611621000,151
1611621900,151
1611622800,164
1611623700,166
1611624600,150
1611625500,201
1611626400,231
1611627300,195
1611628200,160
1611629100,166
1611630000,162
1611630900,169
1611631800,179
1611632700,192
1611633600,224
1611634500,186
1611635400,180
1611636300,163
1611637200,232
1611638100,317
1611639000,198
1611639900,193
1611640800,273
1611641700,287
1611642600,221
1611643500,167
1611644400,176
1611645300,164
1611646200,198
1611647100,202
1611648000,244
1611648900,255
1611649800,237
1611650700,456
1611651600,385
1611652500,300
1611653400,272
1611654300,268
1611655200,685
1611656100,768
1611657000,691
1611657900,330
1611658800,305
1611659700,267
1611660600,368
1611661500,391
1611662400,181
1611663300,158
1611664200,151
1611665100,167
1611666000,160
1611666900,191
1611667800,209
1611668700,220
1611669600,192
1611670500,164
1611671400,180
1611672300,182
1611673200,227
1611674100,225
1611675000,225
1611675900,220
1611676800,404
1611677700,452
1611678600,759
1611679500,815
1611680400,640
1611681300,401
1611682200,441
1611683100,465
1611684000,431
1611684900,682
1611685800,366
1611686700,391
1611687600,391
1611688500,479
1611689400,362
1611690300,456
1611691200,471
1611692100,492
1611693000,395
1611693900,374
1611694800,279
1611695700,241
1611696600,206
1611697500,178
1611698400,195
1611699300,160
1611700200,156
1611701100,158
1611702000,152
1611702900,233
1611703800,211
1611704700,215
1611705600,218
1611706500,219
1611707400,185
1611708300,169
1611709200,178
1611710100,150
1611711000,159
1611711900,179
1611712800,171
1611713700,211
1611714600,201
1611715500,231
1611716400,212
1611717300,167
1611718200,156
1611719100,166
1611720000,165
1611720900,173
1611721800,211
1611722700,216
1611723600,271
1611724500,284
1611725400,198
1611726300,181
1611727200,182
1611728100,268
1611729000,195
1611729900,169
1611730800,209
1611731700,271
1611732600,262
1611733500,446
1611734400,665
1611735300,578
1611736200,431
1611737100,298
1611738000,179
1611738900,178
1611739800,201
1611740700,360
1611741600,465
1611742500,380
1611743400,296
1611744300,201
1611745200,253
1611746100,225
1611747000,248
1611747900,294
1611748800,538
1611749700,398
1611750600,306
1611751500,354
1611752400,314
1611753300,249
1611754200,270
1611755100,279
1611756000,327
1611756900,337
1611757800,333
1611758700,299
1611759600,335
1611760500,230
1611761400,214
1611762300,186
1611763200,359
1611764100,547
1611765000,496
1611765900,338
1611766800,327
1611767700,369
1611768600,349
1611769500,401
1611770400,368
1611771300,422
1611772200,360
1611773100,391
1611774000,372
1611774900,517
1611775800,373
1611776700,442
1611777600,441
1611778500,372
1611779400,382
1611780300,359
1611781200,365
1611782100,342
1611783000,223
1611783900,175
1611784800,151
1611785700,149
1611786600,149
1611787500,145
1611788400,171
1611789300,147
1611790200,162
1611791100,200
1611792000,198
1611792900,216
1611793800,177
1611794700,172
1611795600,167
1611796500,168
1611797400,144
1611798300,167
1611799200,164
1611800100,187
1611801000,214
1611801900,221
1611802800,206
1611803700,158
1611804600,149
1611805500,154
1611806400,167
1611807300,160
1611808200,184
1611809100,219
1611810000,327
1611810900,466
1611811800,345
1611812700,440
1611813600,280
1611814500,220
1611815400,207
1611816300,444
1611817200,500
1611818100,279
1611819000,254
1611819900,218
1611820800,667
1611821700,318
1611822600,153
1611823500,199
1611824400,181
1611825300,216
1611826200,215
1611827100,349
1611828000,346
1611828900,602
1611829800,491
1611830700,300
1611831600,304
1611832500,265
1611833400,404
1611834300,305
1611835200,302
1611836100,262
1611837000,263
1611837900,247
1611838800,240
1611839700,226
1611840600,204
1611841500,185
1611842400,247
1611843300,351
1611844200,368
1611845100,218
1611846000,234
1611846900,264
1611847800,313
1611848700,797
1611849600,454
1611850500,343
1611851400,384
1611852300,471
1611853200,419
1611854100,391
1611855000,348
1611855900,356
1611856800,335
1611857700,336
1611858600,417
1611859500,402
1611860400,315
1611861300,359
1611862200,317
1611863100,384
1611864000,293
1611864900,321
1611865800,336
1611866700,332
1611867600,244
1611868500,177
1611869400,143
1611870300,143
1611871200,148
1611872100,150
1611873000,163
1611873900,152
1611874800,158
1611875700,213
1611876600,226
1611877500,213
1611878400,223
1611879300,199
1611880200,195
1611881100,164
1611882000,152
1611882900,165
1611883800,165
1611884700,167
1611885600,156
1611886500,219
1611887400,215
1611888300,200
1611889200,178
1611890100,150
1611891000,155
1611891900,165
1611892800,157
1611893700,167
1611894600,203
1611895500,217
1611896400,247
1611897300,392
1611898200,239
1611899100,334
1611900000,521
1611900900,907
1611901800,529
1611902700,358
1611903600,322
1611904500,286
1611905400,462
1611906300,454
1611907200,268
1611908100,277
1611909000,281
1611909900,281
1611910800,250
1611911700,276
1611912600,692
1611913500,821
1611914400,366
1611915300,334
1611916200,490
1611917100,479
1611918000,378
1611918900,210
1611919800,175
1611920700,263
1611921600,217
1611922500,306
1611923400,213
1611924300,228
1611925200,263
1611926100,323
1611927000,288
1611927900,243
1611928800,221
1611929700,251
1611930600,290
1611931500,300
1611932400,249
1611933300,253
1611934200,483
1611935100,687
1611936000,324
1611936900,304
1611937800,337
1611938700,303
1611939600,560
1611940500,570
1611941400,637
1611942300,477
1611943200,603
1611944100,506
1611945000,440
1611945900,364
1611946800,334
1611947700,320
1611948600,364
1611949500,356
1611950400,347
1611951300,324
1611952200,344
1611953100,328
1611954000,300
1611954900,247
1611955800,226
1611956700,216
1611957600,173
1611958500,170
1611959400,165
1611960300,152
1611961200,175
1611962100,222
1611963000,215
1611963900,219
1611964800,196
1611965700,215
1611966600,182
1611967500,147
1611968400,151
1611969300,149
1611970200,146
1611971100,140
1611972000,147
1611972900,157
1611973800,162
1611974700,221
1611975600,197
1611976500,196
1611977400,197
1611978300,150
1611979200,181
1611980100,197
1611981000,166
1611981900,193
1611982800,211
1611983700,214
1611984600,187
1611985500,158
1611986400,186
1611987300,162
1611988200,166
1611989100,181
1611990000,211
1611990900,227
1611991800,455
1611992700,882
1611993600,364
1611994500,208
1611995400,162
1611996300,187
1611997200,170
1611998100,190
1611999000,276
1611999900,225
1612000800,224
1612001700,202
1612002600,259
1612003500,727
1612004400,825
1612005300,285
1612006200,316
1612007100,589
1612008000,1044
1612008900,465
1612009800,361
1612010700,315
1612011600,504
1612012500,737
1612013400,408
1612014300,418
1612015200,370
1612016100,305
1612017000,302
1612017900,391
1612018800,344
1612019700,347
1612020600,280
1612021500,193
1612022400,260
1612023300,380
1612024200,364
1612025100,283
1612026000,319
1612026900,410
1612027800,390
1612028700,483
1612029600,653
1612030500,504
1612031400,478
1612032300,411
1612033200,426
1612034100,373
1612035000,425
1612035900,427
1612036800,420
1612037700,463
1612038600,421
1612039500,367
1612040400,365
1612041300,330
1612042200,302
1612043100,352
1612044000,393
1612044900,307
1612045800,258
1612046700,232
1612047600,210
1612048500,188
1612049400,195
1612050300,257
1612051200,212
1612052100,198
1612053000,160
1612053900,161
1612054800,168
1612055700,153
1612056600,157
1612057500,143
1612058400,181
1612059300,202
1612060200,202
1612061100,192
1612062000,166
1612062900,152
1612063800,142
1612064700,147
1612065600,177
1612066500,170
1612067400,170
1612068300,201
1612069200,220
1612070100,192
1612071000,213
1612071900,190
1612072800,182
1612073700,173
1612074600,144
1612075500,177
1612076400,219
1612077300,205
1612078200,220
1612079100,264
1612080000,481
1612080900,969
1612081800,711
1612082700,434
1612083600,290
1612084500,323
1612085400,333
1612086300,312
1612087200,302
1612088100,631
1612089000,1395
1612089900,1397
1612090800,1315
1612091700,1168
1612092600,586
1612093500,370
1612094400,540
1612095300,751
1612096200,789
1612097100,401
1612098000,342
1612098900,314
1612099800,451
1612100700,789
1612101600,395
1612102500,402
1612103400,328
1612104300,211
1612105200,206
1612106100,247
1612107000,282
1612107900,698
1612108800,849
1612109700,424
1612110600,443
1612111500,1186
1612112400,930
1612113300,327
1612114200,373
1612115100,1222
1612116000,823
1612116900,751
1612117800,396
1612118700,753
1612119600,833
1612120500,439
1612121400,369
1612122300,530
1612123200,337
1612124100,426
1612125000,437
1612125900,446
1612126800,390
1612127700,342
1612128600,285
1612129500,250
1612130400,355
1612131300,219
1612132200,169
1612133100,163
1612134000,160
1612134900,220
1612135800,214
1612136700,221
1612137600,216
1612138500,226
1612139400,188
1612140300,153
1612141200,152
1612142100,164
1612143000,152
1612143900,163
1612144800,147
1612145700,156
1612146600,205
1612147500,189
1612148400,198
1612149300,200
1612150200,164
1612151100,142
1612152000,153
1612152900,161
1612153800,217
1612154700,204
1612155600,264
1612156500,370
1612157400,294
1612158300,319
1612159200,210
1612160100,218
1612161000,205
1612161900,167
1612162800,176
1612163700,210
1612164600,194
1612165500,218
1612166400,238
1612167300,185
1612168200,253
1612169100,256
1612170000,217
1612170900,213
1612171800,157
1612172700,148
1612173600,141
1612174500,156
1612175400,349
1612176300,466
1612177200,311
1612178100,309
1612179000,423
1612179900,326
1612180800,309
1612181700,275
1612182600,302
1612183500,461
1612184400,338
1612185300,353
1612186200,270
1612187100,257
1612188000,470
1612188900,268
1612189800,240
1612190700,257
1612191600,244
1612192500,245
1612193400,233
1612194300,299
1612195200,344
1612196100,632
1612197000,523
1612197900,327
1612198800,360
1612199700,412
1612200600,375
1612201500,433
1612202400,522
1612203300,449
1612204200,531
1612205100,572
1612206000,487
1612206900,479
1612207800,489
1612208700,513
1612209600,436
1612210500,503
1612211400,512
1612212300,499
1612213200,384
1612214100,452
1612215000,343
1612215900,337
1612216800,321
1612217700,238
1612218600,194
1612219500,176
1612220400,175
1612221300,208
1612222200,220
1612223100,211
1612224000,208
1612224900,149
1612225800,163
1612226700,171
1612227600,225
1612228500,221
1612229400,190
1612230300,149
1612231200,137
1612232100,147
1612233000,153
1612233900,150
1612234800,186
1612235700,205
1612236600,209
1612237500,195
1612238400,171
1612239300,146
1612240200,165
1612241100,174
1612242000,256
1612242900,369
1612243800,248
1612244700,250
1612245600,231
1612246500,243
1612247400,201
1612248300,194
1612249200,187
1612250100,184
1612251000,635
1612251900,439
1612252800,252
1612253700,267
1612254600,655
1612255500,361
1612256400,242
1612257300,263
1612258200,316
1612259100,317
1612260000,481
1612260900,544
1612261800,422
1612262700,332
1612263600,231
1612264500,500
1612265400,546
1612266300,346
1612267200,344
1612268100,280
1612269000,267
1612269900,276
1612270800,293
1612271700,227
1612272600,247
1612273500,251
1612274400,264
1612275300,304
1612276200,247
1612277100,275
1612278000,252
1612278900,280
1612279800,270
1612280700,244
1612281600,538
1612282500,665
1612283400,490
1612284300,406
1612285200,397
1612286100,450
1612287000,470
1612287900,517
1612288800,493
1612289700,817
1612290600,705
1612291500,453
1612292400,576
1612293300,585
1612294200,536
1612295100,430
1612296000,426
1612296900,511
1612297800,573
1612298700,560
1612299600,438
1612300500,403
1612301400,326
1612302300,247
1612303200,199
1612304100,192
1612305000,159
1612305900,157
1612306800,151
1612307700,171
1612308600,227
1612309500,203
1612310400,214
1612311300,211
1612312200,170
1612313100,152
1612314000,162
1612314900,183
1612315800,171
1612316700,139
1612317600,147
1612318500,148
1612319400,200
1612320300,213
1612321200,204
1612322100,203
1612323000,183
1612323900,161
1612324800,146
1612325700,190
1612326600,227
1612327500,263
1612328400,271
1612329300,205
1612330200,175
1612331100,142
1612332000,181
1612332900,166
1612333800,189
1612334700,285
1612335600,471
1612336500,489
1612337400,314
1612338300,389
1612339200,403
1612340100,926
1612341000,769
1612341900,459
1612342800,298
1612343700,250
1612344600,244
1612345500,228
1612346400,231
1612347300,219
1612348200,305
1612349100,367
1612350000,393
1612350900,488
1612351800,341
1612352700,349
1612353600,611
1612354500,525
1612355400,476
1612356300,401
1612357200,295
1612358100,239
1612359000,221
1612359900,177
1612360800,219
1612361700,366
1612362600,358
1612363500,382
1612364400,420
1612365300,461
1612366200,496
1612367100,571
1612368000,545
1612368900,644
1612369800,503
1612370700,552
1612371600,641
1612372500,665
1612373400,775
1612374300,774
1612375200,755
1612376100,725
1612377000,752
1612377900,743
1612378800,659
1612379700,548
1612380600,473
1612381500,435
1612382400,496
1612383300,438
1612384200,360
1612385100,428
1612386000,426
1612386900,393
1612387800,312
1612388700,180
1612389600,169
1612390500,155
1612391400,166
1612392300,166
1612393200,172
1612394100,163
1612395000,158
1612395900,207
1612396800,210
1612397700,213
1612398600,180
1612399500,159
1612400400,165
1612401300,156
1612402200,153
1612403100,155
1612404000,169
1612404900,138
1612405800,152
1612406700,142
1612407600,185
1612408500,197
1612409400,204
1612410300,214
1612411200,147
1612412100,147
1612413000,134
1612413900,174
1612414800,253
1612415700,374
1612416600,243
1612417500,510
1612418400,356
1612419300,206
1612420200,221
1612421100,212
1612422000,210
1612422900,466
1612423800,315
1612424700,226
1612425600,216
1612426500,245
1612427400,254
1612428300,244
1612429200,216
1612430100,204
1612431000,225
1612431900,267
1612432800,262
1612433700,352
1612434600,236
1612435500,543
1612436400,325
1612437300,249
1612438200,270
1612439100,269
1612440000,283
1612440900,263
1612441800,227
1612442700,231
1612443600,205
1612444500,229
1612445400,257
1612446300,264
1612447200,230
1612448100,221
1612449000,206
1612449900,199
1612450800,169
1612451700,218
1612452600,367
1612453500,292
1612454400,364
1612455300,680
1612456200,292
1612457100,479
1612458000,758
1612458900,515
1612459800,400
1612460700,397
1612461600,409
1612462500,830
1612463400,512
1612464300,346
1612465200,292
1612466100,286
1612467000,298
1612467900,284
1612468800,390
1612469700,347
1612470600,407
1612471500,385
1612472400,336
1612473300,280
1612474200,301
1612475100,315
1612476000,256
1612476900,236
1612477800,197
1612478700,142
1612479600,164
1612480500,162
1612481400,177
1612482300,166
1612483200,158
1612484100,171
1612485000,205
1612485900,198
1612486800,202
1612487700,187
1612488600,161
1612489500,169
1612490400,150
1612491300,146
1612492200,145
1612493100,146
1612494000,178
1612494900,196
1612495800,194
1612496700,192
1612497600,153
1612498500,146
1612499400,153
1612500300,137
1612501200,172
1612502100,284
1612503000,254
1612503900,240
1612504800,246
1612505700,286
1612506600,185
1612507500,176
1612508400,220
1612509300,285
1612510200,345
1612511100,253
1612512000,264
1612512900,254
1612513800,231
1612514700,220
1612515600,230
1612516500,675
1612517400,680
1612518300,550
1612519200,493
1612520100,371
1612521000,325
1612521900,327
1612522800,293
1612523700,398
1612524600,317
1612525500,240
1612526400,276
1612527300,302
1612528200,497
1612529100,343
1612530000,382
1612530900,443
1612531800,522
1612532700,517
1612533600,529
1612534500,245
1612535400,194
1612536300,201
1612537200,205
1612538100,248
1612539000,297
1612539900,317
1612540800,301
1612541700,336
1612542600,393
1612543500,378
1612544400,377
1612545300,307
1612546200,366
1612547100,250
1612548000,293
1612548900,742
1612549800,316
1612550700,306
1612551600,302
1612552500,487
1612553400,694
1612554300,391
1612555200,326
1612556100,338
1612557000,339
1612557900,325
1612558800,381
1612559700,452
1612560600,424
1612561500,379
1612562400,303
1612563300,232
1612564200,158
1612565100,169
1612566000,162
1612566900,183
1612567800,166
1612568700,149
1612569600,174
1612570500,213
1612571400,198
1612572300,218
1612573200,194
1612574100,170
1612575000,162
1612575900,146
1612576800,168
1612577700,168
1612578600,156
1612579500,145
1612580400,154
1612581300,150
1612582200,179
1612583100,208
1612584000,187
1612584900,192
1612585800,150
1612586700,158
1612587600,155
1612588500,176
1612589400,151
1612590300,154
1612591200,185
1612592100,218
1612593000,207
1612593900,233
1612594800,188
1612595700,296
1612596600,211
1612597500,423
1612598400,496
1612599300,263
1612600200,260
1612601100,502
1612602000,687
1612602900,575
1612603800,490
1612604700,461
1612605600,619
1612606500,496
1612607400,677
1612608300,708
1612609200,746
1612610100,373
1612611000,527
1612611900,465
1612612800,795
1612613700,729
1612614600,581
1612615500,1107
1612616400,573
1612617300,497
1612618200,499
1612619100,486
1612620000,417
1612620900,476
1612621800,337
1612622700,375
1612623600,743
1612624500,485
1612625400,318
1612626300,352
1612627200,378
1612628100,524
1612629000,506
1612629900,506
1612630800,503
1612631700,939
1612632600,926
1612633500,898
1612634400,583
1612635300,601
1612636200,587
1612637100,562
1612638000,526
1612638900,1018
1612639800,967
1612640700,663
1612641600,502
1612642500,506
1612643400,528
1612644300,500
1612645200,486
1612646100,354
1612647000,272
1612647900,221
1612648800,189
1612649700,162
1612650600,173
1612651500,166
1612652400,149
1612653300,186
1612654200,223
1612655100,205
1612656000,201
1612656900,168
1612657800,169
1612658700,168
1612659600,160
1612660500,168
1612661400,167
1612662300,168
1612663200,160
1612664100,189
1612665000,233
1612665900,209
1612666800,193
1612667700,156
1612668600,153
1612669500,149
1612670400,166
1612671300,145
1612672200,141
1612673100,145
1612674000,172
1612674900,197
1612675800,217
1612676700,219
1612677600,185
1612678500,165
1612679400,163
1612680300,170
1612681200,153
1612682100,187
1612683000,493
1612683900,293
1612684800,219
1612685700,440
1612686600,436
1612687500,846
1612688400,370
1612689300,924
1612690200,700
1612691100,1202
1612692000,1043
1612692900,622
1612693800,656
1612694700,596
1612695600,687
1612696500,609
1612697400,303
1612698300,467
1612699200,323
1612700100,315
1612701000,316
1612701900,342
1612702800,315
1612703700,335
1612704600,283
1612705500,298
1612706400,272
1612707300,285
1612708200,308
1612709100,371
1612710000,411
1612710900,331
1612711800,291
1612712700,430
1612713600,386
1612714500,458
1612715400,448
1612716300,496
1612717200,461
1612718100,790
1612719000,636
1612719900,454
1612720800,503
1612721700,516
1612722600,419
1612723500,439
1612724400,562
1612725300,562
1612726200,513
1612727100,473
1612728000,516
1612728900,371
1612729800,332
1612730700,310
1612731600,315
1612732500,243
1612733400,270
1612734300,210
1612735200,218
1612736100,175
1612737000,166
1612737900,141
1612738800,175
1612739700,161
1612740600,160
1612741500,157
1612742400,166
1612743300,175
1612744200,212
1612745100,197
1612746000,213
1612746900,168
1612747800,152
1612748700,170
1612749600,165
1612750500,163
1612751400,154
1612752300,146
1612753200,174
1612754100,159
1612755000,195
1612755900,187
1612756800,200
1612757700,168
1612758600,145
1612759500,171
1612760400,237
1612761300,261
1612762200,219
1612763100,295
1612764000,253
1612764900,272
1612765800,192
1612766700,167
1612767600,172
1612768500,155
1612769400,261
1612770300,178
1612771200,196
1612772100,212
1612773000,199
1612773900,233
1612774800,182
1612775700,147
1612776600,159
1612777500,162
1612778400,170
1612779300,167
1612780200,160
1612781100,161
1612782000,164
1612782900,277
1612783800,262
1612784700,200
1612785600,291
1612786500,715
1612787400,654
1612788300,211
1612789200,223
1612790100,224
1612791000,212
1612791900,209
1612792800,317
1612793700,275
1612794600,707
1612795500,822
1612796400,844
1612797300,582
1612798200,346
1612799100,332
1612800000,285
1612800900,571
1612801800,451
1612802700,300
1612803600,588
1612804500,909
1612805400,609
1612806300,732
1612807200,610
1612808100,517
1612809000,475
1612809900,469
1612810800,917
1612811700,613
1612812600,396
1612813500,409
1612814400,537
1612815300,484
1612816200,423
1612817100,393
1612818000,312
1612818900,217
1612819800,177
1612820700,169
1612821600,172
1612822500,170
1612823400,184
1612824300,179
1612825200,193
1612826100,213
1612827000,242
1612827900,227
1612828800,230
1612829700,230
1612830600,220
1612831500,179
1612832400,177
1612833300,161
1612834200,172
1612835100,190
1612836000,178
1612836900,226
1612837800,233
1612838700,228
1612839600,222
1612840500,174
1612841400,164
1612842300,162
1612843200,168
1612844100,153
1612845000,187
1612845900,230
1612846800,304
1612847700,371
1612848600,245
1612849500,239
1612850400,224
1612851300,204
1612852200,195
1612853100,191
1612854000,544
1612854900,311
1612855800,238
1612856700,229
1612857600,312
1612858500,708
1612859400,322
1612860300,164
1612861200,167
1612862100,375
1612863000,361
1612863900,322
1612864800,280
1612865700,550
1612866600,458
1612867500,337
1612868400,285
1612869300,256
1612870200,337
1612871100,298
1612872000,336
1612872900,332
1612873800,268
1612874700,189
1612875600,188
1612876500,183
1612877400,192
1612878300,202
1612879200,250
1612880100,457
1612881000,356
1612881900,309
1612882800,286
1612883700,377
1612884600,697
1612885500,469
1612886400,510
1612887300,572
1612888200,411
1612889100,232
1612890000,224
1612890900,235
1612891800,209
1612892700,327
1612893600,259
1612894500,347
1612895400,373
1612896300,364
1612897200,426
1612898100,399
1612899000,412
1612899900,360
1612900800,337
1612901700,326
1612902600,327
1612903500,344
1612904400,285
1612905300,298
1612906200,327
1612907100,236
1612908000,160
1612908900,169
1612909800,210
1612910700,179
1612911600,181
1612912500,174
1612913400,222
1612914300,216
1612915200,214
1612916100,203
1612917000,164
1612917900,177
1612918800,162
1612919700,177
1612920600,172
1612921500,205
1612922400,218
1612923300,215
1612924200,217
1612925100,178
1612926000,180
1612926900,168
1612927800,156
1612928700,180
1612929600,230
1612930500,228
1612931400,220
1612932300,206
1612933200,234
1612934100,367
1612935000,242
1612935900,235
1612936800,204
1612937700,220
1612938600,173
1612939500,162
1612940400,521
1612941300,538
1612942200,426
1612943100,464
1612944000,248
1612944900,206
1612945800,189
1612946700,475
1612947600,359
1612948500,304
1612949400,257
1612950300,361
1612951200,304
1612952100,304
1612953000,265
1612953900,405
1612954800,360
1612955700,298
1612956600,272
1612957500,206
1612958400,251
1612959300,281
1612960200,359
1612961100,439
1612962000,264
1612962900,262
1612963800,349
1612964700,251
1612965600,249
1612966500,259
1612967400,336
1612968300,341
1612969200,381
1612970100,381
1612971000,393
1612971900,312
1612972800,304
1612973700,406
1612974600,454
1612975500,839
1612976400,802
1612977300,507
1612978200,499
1612979100,478
1612980000,529
1612980900,510
1612981800,504
1612982700,520
1612983600,518
1612984500,494
1612985400,404
1612986300,394
1612987200,426
1612988100,478
1612989000,490
1612989900,479
1612990800,361
1612991700,288
1612992600,223
1612993500,222
1612994400,177
1612995300,172
1612996200,168
1612997100,154
1612998000,172
1612998900,237
1612999800,213
1613000700,207
1613001600,197
1613002500,202
1613003400,186
1613004300,162
1613005200,181
1613006100,151
1613007000,155
1613007900,147
1613008800,227
1613009700,231
1613010600,233
1613011500,205
1613012400,232
1613013300,164
1613014200,165
1613015100,179
1613016000,172
1613016900,193
1613017800,212
1613018700,255
1613019600,294
1613020500,335
1613021400,242
1613022300,293
1613023200,314
1613024100,242
1613025000,256
1613025900,227
1613026800,341
1613027700,576
1613028600,367
1613029500,379
1613030400,351
1613031300,378
1613032200,298
1613033100,301
1613034000,233
1613034900,228
1613035800,244
1613036700,293
1613037600,280
1613038500,300
1613039400,221
1613040300,360
1613041200,281
1613042100,235
1613043000,208
1613043900,210
1613044800,219
1613045700,206
1613046600,202
1613047500,226
1613048400,209
1613049300,203
1613050200,185
1613051100,226
1613052000,215
1613052900,273
1613053800,220
1613054700,211
1613055600,215
1613056500,186
1613057400,173
1613058300,241
1613059200,871
1613060100,531
1613061000,619
1613061900,387
1613062800,375
1613063700,416
1613064600,495
1613065500,538
1613066400,472
1613067300,334
1613068200,325
1613069100,241
1613070000,233
1613070900,295
1613071800,254
1613072700,247
1613073600,317
1613074500,300
1613075400,289
1613076300,376
1613077200,269
1613078100,233
1613079000,241
1613079900,174
1613080800,155
1613081700,178
1613082600,200
1613083500,160
1613084400,158
1613085300,216
1613086200,225
1613087100,215
1613088000,217
1613088900,227
1613089800,211
1613090700,188
1613091600,173
1613092500,168
1613093400,172
1613094300,145
1613095200,176
1613096100,207
1613097000,214
1613097900,198
1613098800,215
1613099700,150
1613100600,149
1613101500,161
1613102400,190
1613103300,208
1613104200,205
1613105100,205
1613106000,157
1613106900,259
1613107800,232
1613108700,302
1613109600,382
1613110500,307
1613111400,272
1613112300,330
1613113200,346
1613114100,279
1613115000,746
1613115900,977
1613116800,287
1613117700,227
1613118600,196
1613119500,523
1613120400,532
1613121300,176
1613122200,192
1613123100,397
1613124000,443
1613124900,515
1613125800,313
1613126700,284
1613127600,345
1613128500,221
1613129400,317
1613130300,307
1613131200,293
1613132100,295
1613133000,281
1613133900,219
1613134800,222
1613135700,253
1613136600,283
1613137500,368
1613138400,297
1613139300,393
1613140200,353
1613141100,326
1613142000,413
1613142900,375
1613143800,389
1613144700,385
1613145600,388
1613146500,393
1613147400,332
1613148300,394
1613149200,517
1613150100,466
1613151000,477
1613151900,504
1613152800,622
1613153700,467
1613154600,782
1613155500,584
1613156400,470
1613157300,500
1613158200,475
1613159100,446
1613160000,444
1613160900,449
1613161800,498
1613162700,431
1613163600,436
1613164500,397
1613165400,324
1613166300,273
1613167200,250
1613168100,263
1613169000,251
1613169900,226
1613170800,212
1613171700,241
1613172600,240
1613173500,217
1613174400,183
1613175300,141
1613176200,150
1613177100,150
1613178000,164
1613178900,144
1613179800,148
1613180700,194
1613181600,212
1613182500,202
1613183400,194
1613184300,165
1613185200,160
1613186100,189
1613187000,212
1613187900,208
1613188800,202
1613189700,184
1613190600,149
1613191500,156
1613192400,167
1613193300,161
1613194200,180
1613195100,206
1613196000,239
1613196900,220
1613197800,189
1613198700,204
1613199600,323
1613200500,230
1613201400,372
1613202300,328
1613203200,496
1613204100,447
1613205000,407
1613205900,339
1613206800,289
1613207700,701
1613208600,703
1613209500,711
1613210400,442
1613211300,417
1613212200,316
1613213100,319
1613214000,375
1613214900,896
1613215800,412
1613216700,390
1613217600,401
1613218500,344
1613219400,406
1613220300,310
1613221200,307
1613222100,347
1613223000,297
1613223900,269
1613224800,247
1613225700,198
1613226600,184
1613227500,193
1613228400,202
1613229300,210
1613230200,189
1613231100,189
1613232000,200
1613232900,209
1613233800,233
1613234700,232
1613235600,225
1613236500,192
1613237400,175
1613238300,178
1613239200,197
1613240100,289
1613241000,236
1613241900,470
1613242800,832
1613243700,433
1613244600,337
1613245500,322
1613246400,273
1613247300,274
1613248200,250
1613249100,266
1613250000,241
1613250900,209
1613251800,339
1613252700,341
1613253600,310
1613254500,269
1613255400,241
1613256300,187
1613257200,148
1613258100,209
1613259000,214
1613259900,203
1613260800,208
1613261700,158
1613262600,148
1613263500,170
1613264400,200
1613265300,202
1613266200,189
1613267100,150
1613268000,162
1613268900,162
1613269800,148
1613270700,146
1613271600,149
1613272500,177
1613273400,204
1613274300,219
1613275200,222
1613276100,179
1613277000,166
1613277900,191
1613278800,212
1613279700,204
1613280600,199
1613281500,174
1613282400,158
1613283300,223
1613284200,216
1613285100,199
1613286000,172
1613286900,167
1613287800,215
1613288700,541
1613289600,838
1613290500,629
1613291400,940
1613292300,270
1613293200,295
1613294100,337
1613295000,479
1613295900,950
1613296800,322
1613297700,344
1613298600,583
1613299500,927
1613300400,784
1613301300,755
1613302200,920
1613303100,889
1613304000,929
1613304900,484
1613305800,531
1613306700,450
1613307600,398
1613308500,388
1613309400,702
1613310300,290
1613311200,268
1613312100,243
1613313000,602
1613313900,659
1613314800,298
1613315700,284
1613316600,280
1613317500,367
1613318400,749
1613319300,436
1613320200,362
1613321100,351
1613322000,332
1613322900,382
1613323800,681
1613324700,379
1613325600,501
1613326500,370
1613327400,443
1613328300,434
1613329200,385
1613330100,402
1613331000,426
1613331900,298
1613332800,300
1613333700,320
1613334600,271
1613335500,273
1613336400,346
1613337300,257
1613338200,217
1613339100,241
1613340000,215
1613340900,165
1613341800,144
1613342700,155
1613343600,176
1613344500,192
1613345400,223
1613346300,212
1613347200,208
1613348100,172
1613349000,152
1613349900,207
1613350800,209
1613351700,191
1613352600,157
1613353500,145
1613354400,155
1613355300,159
1613356200,219
1613357100,217
1613358000,194
1613358900,212
1613359800,168
1613360700,173
1613361600,167
1613362500,172
1613363400,160
1613364300,185
1613365200,227
1613366100,315
1613367000,272
1613367900,256
1613368800,224
1613369700,190
1613370600,559
1613371500,760
1613372400,529
1613373300,247
1613374200,265
1613375100,244
1613376000,207
1613376900,175
1613377800,131
1613378700,204
1613379600,181
1613380500,190
1613381400,231
1613382300,279
1613383200,288
1613384100,228
1613385000,243
1613385900,195
1613386800,217
1613387700,198
1613388600,195
1613389500,205
1613390400,212
1613391300,268
1613392200,278
1613393100,317
1613394000,242
1613394900,241
1613395800,273
1613396700,438
1613397600,294
1613398500,272
1613399400,275
1613400300,310
1613401200,313
1613402100,300
1613403000,285
1613403900,427
1613404800,841
1613405700,706
1613406600,699
1613407500,438
1613408400,513
1613409300,990
1613410200,807
1613411100,529
1613412000,852
1613412900,854
1613413800,805
1613414700,516
1613415600,339
1613416500,344
1613417400,353
1613418300,369
1613419200,359
1613420100,382
1613421000,491
1613421900,461
1613422800,393
1613423700,389
1613424600,388
1613425500,379
1613426400,294
1613427300,260
1613428200,282
1613429100,270
1613430000,249
1613430900,248
1613431800,183
1613432700,177
1613433600,232
1613434500,211
1613435400,214
1613436300,203
1613437200,149
1613438100,154
1613439000,149
1613439900,164
1613440800,150
1613441700,164
1613442600,219
1613443500,200
1613444400,207
1613445300,195
1613446200,206
1613447100,202
1613448000,220
1613448900,205
1613449800,212
1613450700,185
1613451600,165
1613452500,195
1613453400,204
1613454300,222
1613455200,210
1613456100,217
1613457000,251
1613457900,779
1613458800,231
1613459700,290
1613460600,228
1613461500,243
1613462400,256
1613463300,289
1613464200,428
1613465100,382
1613466000,395
1613466900,322
1613467800,289
1613468700,312
1613469600,341
1613470500,396
1613471400,540
1613472300,311
1613473200,568
1613474100,379
1613475000,293
1613475900,287
1613476800,605
1613477700,320
1613478600,205
1613479500,253
1613480400,259
1613481300,827
1613482200,534
1613483100,744
1613484000,280
1613484900,283
1613485800,414
1613486700,452
1613487600,335
1613488500,324
1613489400,280
1613490300,768
1613491200,793
1613492100,827
1613493000,914
1613493900,559
1613494800,670
1613495700,875
1613496600,955
1613497500,814
1613498400,881
1613499300,507
1613500200,483
1613501100,495
1613502000,437
1613502900,431
1613503800,439
1613504700,393
1613505600,566
1613506500,489
1613507400,472
1613508300,422
1613509200,472
1613510100,413
1613511000,301
1613511900,253
1613512800,263
1613513700,257
1613514600,197
1613515500,175
1613516400,190
1613517300,239
1613518200,230
1613519100,234
1613520000,220
1613520900,195
1613521800,170
1613522700,148
1613523600,159
1613524500,155
1613525400,163
1613526300,210
1613527200,201
1613528100,204
1613529000,363
1613529900,189
1613530800,162
1613531700,169
1613532600,162
1613533500,156
1613534400,198
1613535300,221
1613536200,358
1613537100,214
1613538000,228
1613538900,434
1613539800,371
1613540700,327
1613541600,475
1613542500,379
1613543400,247
1613544300,306
1613545200,263
1613546100,254
1613547000,318
1613547900,264
1613548800,312
1613549700,354
1613550600,287
1613551500,316
1613552400,313
1613553300,523
1613554200,383
1613555100,416
1613556000,462
1613556900,526
1613557800,641
1613558700,842
1613559600,700
1613560500,685
1613561400,579
1613562300,463
1613563200,614
1613564100,787
1613565000,432
1613565900,344
1613566800,263
1613567700,392
1613568600,705
1613569500,248
1613570400,269
1613571300,238
1613572200,296
1613573100,366
1613574000,292
1613574900,277
1613575800,315
1613576700,367
1613577600,671
1613578500,493
1613579400,454
1613580300,433
1613581200,472
1613582100,431
1613583000,629
1613583900,589
1613584800,598
1613585700,573
1613586600,540
1613587500,614
1613588400,869
1613589300,505
1613590200,498
1613591100,412
1613592000,440
1613592900,444
1613593800,392
1613594700,406
1613595600,402
1613596500,386
1613597400,329
1613598300,417
1613599200,290
1613600100,250
1613601000,254
1613601900,253
1613602800,264
1613603700,188
1613604600,185
1613605500,162
1613606400,230
1613607300,211
1613608200,227
1613609100,187
1613610000,150
1613610900,150
1613611800,143
1613612700,168
1613613600,166
1613614500,149
1613615400,241
1613616300,200
1613617200,277
1613618100,201
1613619000,195
1613619900,180
1613620800,165
1613621700,155
1613622600,162
1613623500,239
1613624400,353
1613625300,435
1613626200,252
1613627100,197
1613628000,165
1613628900,178
1613629800,174
1613630700,165
1613631600,159
1613632500,231
1613633400,223
1613634300,225
1613635200,188
1613636100,177
1613637000,180
1613637900,506
1613638800,356
1613639700,271
1613640600,353
1613641500,358
1613642400,378
1613643300,400
1613644200,428
1613645100,800
1613646000,555
1613646900,263
1613647800,274
1613648700,306
1613649600,678
1613650500,759
1613651400,873
1613652300,447
1613653200,314
1613654100,311
1613655000,252
1613655900,261
1613656800,383
1613657700,333
1613658600,361
1613659500,357
1613660400,363
1613661300,592
1613662200,1073
1613663100,853
1613664000,602
1613664900,337
1613665800,846
1613666700,416
1613667600,508
1613668500,583
1613669400,892
1613670300,806
1613671200,702
1613672100,530
1613673000,449
1613673900,408
1613674800,438
1613675700,358
1613676600,399
1613677500,364
1613678400,483
1613679300,403
1613680200,378
1613681100,343
1613682000,303
1613682900,345
1613683800,295
1613684700,323
1613685600,334
1613686500,320
1613687400,310
1613688300,217
1613689200,205
1613690100,241
1613691000,214
1613691900,211
1613692800,206
1613693700,182
1613694600,173
1613695500,152
1613696400,164
1613697300,153
1613698200,158
1613699100,144
1613700000,160
1613700900,154
1613701800,261
1613702700,216
1613703600,207
1613704500,201
1613705400,159
1613706300,158
1613707200,175
1613708100,177
1613709000,168
1613709900,186
1613710800,303
1613711700,385
1613712600,231
1613713500,721
1613714400,351
1613715300,237
1613716200,186
1613717100,193
1613718000,193
1613718900,204
1613719800,185
1613720700,185
1613721600,236
1613722500,316
1613723400,258
1613724300,249
1613725200,208
1613726100,189
1613727000,190
1613727900,207
1613728800,790
1613729700,675
1613730600,645
1613731500,497
1613732400,361
1613733300,363
1613734200,469
1613735100,766
1613736000,387
1613736900,366
1613737800,286
1613738700,617
1613739600,606
1613740500,472
1613741400,330
1613742300,285
1613743200,336
1613744100,333
1613745000,332
1613745900,327
1613746800,297
1613747700,256
1613748600,284
1613749500,277
1613750400,314
1613751300,321
1613752200,309
1613753100,396
1613754000,332
1613754900,377
1613755800,405
1613756700,410
1613757600,382
1613758500,332
1613759400,317
1613760300,385
1613761200,417
1613762100,324
1613763000,311
1613763900,355
1613764800,513
1613765700,594
1613766600,587
1613767500,689
1613768400,408
1613769300,546
1613770200,434
1613771100,482
1613772000,326
1613772900,232
1613773800,255
1613774700,220
1613775600,187
1613776500,165
1613777400,174
1613778300,198
1613779200,222
1613780100,193
1613781000,217
1613781900,177
1613782800,197
1613783700,208
1613784600,197
1613785500,196
1613786400,144
1613787300,153
1613788200,156
1613789100,183
1613790000,201
1613790900,159
1613791800,154
1613792700,155
1613793600,180
1613794500,145
1613795400,189
1613796300,210
1613797200,219
1613798100,208
1613799000,233
1613799900,187
1613800800,167
1613801700,184
1613802600,188
1613803500,354
1613804400,235
1613805300,220
1613806200,214
1613807100,220
1613808000,638
1613808900,401
1613809800,275
1613810700,293
1613811600,475
1613812500,582
1613813400,289
1613814300,283
1613815200,259
1613816100,709
1613817000,482
1613817900,248
1613818800,311
1613819700,895
1613820600,595
1613821500,1074
1613822400,868
1613823300,658
1613824200,366
1613825100,305
1613826000,622
1613826900,439
1613827800,411
1613828700,493
1613829600,414
1613830500,443
1613831400,527
1613832300,529
1613833200,352
1613834100,560
1613835000,804
1613835900,379
1613836800,363
1613837700,420
1613838600,430
1613839500,678
1613840400,626
1613841300,580
1613842200,698
1613843100,477
1613844000,449
1613844900,520
1613845800,482
1613846700,588
1613847600,632
1613848500,517
1613849400,574
1613850300,412
1613851200,398
1613852100,388
1613853000,402
1613853900,364
1613854800,393
1613855700,407
1613856600,258
1613857500,295
1613858400,240
1613859300,208
1613860200,190
1613861100,163
1613862000,188
1613862900,231
1613863800,234
1613864700,246
1613865600,220
1613866500,219
1613867400,166
1613868300,176
1613869200,177
1613870100,177
1613871000,163
1613871900,168
1613872800,176
1613873700,163
1613874600,176
1613875500,169
1613876400,171
1613877300,161
1613878200,203
1613879100,267
1613880000,212
1613880900,179
1613881800,152
1613882700,155
1613883600,169
1613884500,174
1613885400,174
1613886300,166
1613887200,239
1613888100,244
1613889000,227
1613889900,224
1613890800,338
1613891700,175
1613892600,339
1613893500,275
1613894400,324
1613895300,767
1613896200,277
1613897100,267
1613898000,289
1613898900,571
1613899800,853
1613900700,375
1613901600,910
1613902500,522
1613903400,642
1613904300,797
1613905200,532
1613906100,443
1613907000,307
1613907900,335
1613908800,244
1613909700,238
1613910600,262
1613911500,264
1613912400,287
1613913300,265
1613914200,253
1613915100,362
1613916000,389
1613916900,369
1613917800,323
1613918700,386
1613919600,411
1613920500,382
1613921400,376
1613922300,361
1613923200,332
1613924100,470
1613925000,491
1613925900,451
1613926800,397
1613927700,348
1613928600,337
1613929500,320
1613930400,339
1613931300,581
1613932200,452
1613933100,459
1613934000,569
1613934900,666
1613935800,702
1613936700,600
1613937600,600
1613938500,380
1613939400,356
1613940300,391
1613941200,398
1613942100,315
1613943000,370
1613943900,285
1613944800,298
1613945700,291
1613946600,276
1613947500,300
1613948400,189
1613949300,224
1613950200,243
1613951100,233
1613952000,199
1613952900,181
1613953800,179
1613954700,233
1613955600,162
1613956500,153
1613957400,169
1613958300,175
1613959200,180
1613960100,322
1613961000,298
1613961900,210
1613962800,181
1613963700,148
1613964600,151
1613965500,152
1613966400,158
1613967300,194
1613968200,209
1613969100,228
1613970000,359
1613970900,856
1613971800,968
1613972700,230
1613973600,220
1613974500,235
1613975400,226
1613976300,238
1613977200,217
1613978100,206
1613979000,192
1613979900,169
1613980800,184
1613981700,177
1613982600,188
1613983500,410
1613984400,405
1613985300,357
1613986200,209
1613987100,171
1613988000,186
1613988900,186
1613989800,355
1613990700,434
1613991600,278
1613992500,277
1613993400,221
1613994300,404
1613995200,402
1613996100,432
1613997000,334
1613997900,294
1613998800,289
1613999700,293
1614000600,374
1614001500,304
1614002400,257
1614003300,262
1614004200,279
1614005100,268
1614006000,314
1614006900,282
1614007800,261
1614008700,404
1614009600,243
1614010500,405
1614011400,456
1614012300,465
1614013200,546
1614014100,620
1614015000,768
1614015900,616
1614016800,810
1614017700,904
1614018600,697
1614019500,675
1614020400,686
1614021300,972
1614022200,879
1614023100,747
1614024000,719
1614024900,535
1614025800,484
1614026700,446
1614027600,389
1614028500,362
1614029400,331
1614030300,337
1614031200,268
1614032100,277
1614033000,258
1614033900,199
1614034800,229
1614035700,242
1614036600,197
1614037500,189
1614038400,239
1614039300,291
1614040200,193
1614041100,183
1614042000,184
1614042900,170
1614043800,153
1614044700,167
1614045600,174
1614046500,185
1614047400,223
1614048300,199
1614049200,237
1614050100,229
1614051000,190
1614051900,159
1614052800,211
1614053700,191
1614054600,186
1614055500,186
1614056400,365
1614057300,251
1614058200,338
1614059100,258
1614060000,214
1614060900,237
1614061800,169
1614062700,265
1614063600,251
1614064500,236
1614065400,184
1614066300,196
1614067200,212
1614068100,391
1614069000,296
1614069900,339
1614070800,254
1614071700,240
1614072600,262
1614073500,311
1614074400,307
1614075300,230
1614076200,293
1614077100,265
1614078000,365
1614078900,991
1614079800,335
1614080700,341
1614081600,347
1614082500,553
1614083400,628
1614084300,306
1614085200,241
1614086100,209
1614087000,230
1614087900,263
1614088800,226
1614089700,214
1614090600,201
1614091500,218
1614092400,216
1614093300,217
1614094200,224
1614095100,212
1614096000,303
1614096900,300
1614097800,810
1614098700,502
1614099600,449
1614100500,664
1614101400,919
1614102300,779
1614103200,648
1614104100,447
1614105000,434
1614105900,443
1614106800,602
1614107700,486
1614108600,442
1614109500,425
1614110400,418
1614111300,365
1614112200,369
1614113100,323
1614114000,300
1614114900,338
1614115800,252
1614116700,186
1614117600,227
1614118500,212
1614119400,162
1614120300,177
1614121200,176
1614122100,170
1614123000,165
1614123900,162
1614124800,154
1614125700,166
1614126600,231
1614127500,197
1614128400,164
1614129300,159
1614130200,170
1614131100,167
1614132000,175
1614132900,230
1614133800,301
1614134700,210
1614135600,164
1614136500,153
1614137400,169
1614138300,154
1614139200,147
1614140100,154
1614141000,187
1614141900,282
1614142800,406
1614143700,242
1614144600,311
1614145500,266
1614146400,229
1614147300,361
1614148200,693
1614149100,696
1614150000,489
1614150900,216
1614151800,223
1614152700,241
1614153600,288
1614154500,262
1614155400,202
1614156300,339
1614157200,402
1614158100,361
1614159000,265
1614159900,232
1614160800,269
1614161700,298
1614162600,963
1614163500,866
1614164400,913
1614165300,792
1614166200,682
1614167100,342
1614168000,229
1614168900,203
1614169800,204
1614170700,200
1614171600,322
1614172500,252
1614173400,250
1614174300,294
1614175200,201
1614176100,183
1614177000,241
1614177900,226
1614178800,236
1614179700,222
1614180600,205
1614181500,516
1614182400,560
1614183300,354
1614184200,405
1614185100,448
1614186000,435
1614186900,431
1614187800,416
1614188700,935
1614189600,390
1614190500,343
1614191400,307
1614192300,615
1614193200,864
1614194100,446
1614195000,411
1614195900,376
1614196800,507
1614197700,410
1614198600,406
1614199500,323
1614200400,294
1614201300,261
1614202200,219
1614203100,205
1614204000,144
1614204900,143
1614205800,138
1614206700,154
1614207600,177
1614208500,233
1614209400,211
1614210300,168
1614211200,161
1614212100,150
1614213000,153
1614213900,164
1614214800,164
1614215700,162
1614216600,135
1614217500,167
1614218400,159
1614219300,143
1614220200,216
1614221100,222
1614222000,167
1614222900,165
1614223800,140
1614224700,152
1614225600,158
1614226500,195
1614227400,205
1614228300,237
1614229200,314
1614230100,397
1614231000,237
1614231900,181
1614232800,227
1614233700,154
1614234600,207
1614235500,217
1614236400,479
1614237300,458
1614238200,500
1614239100,383
1614240000,263
1614240900,264
1614241800,295
1614242700,256
1614243600,180
1614244500,168
1614245400,167
1614246300,181
1614247200,186
1614248100,180
1614249000,193
1614249900,241
1614250800,237
1614251700,363
1614252600,235
1614253500,369
1614254400,409
1614255300,277
1614256200,659
1614257100,265
1614258000,252
1614258900,275
1614259800,247
1614260700,292
1614261600,257
1614262500,242
1614263400,235
1614264300,372
1614265200,264
1614266100,367
1614267000,394
1614267900,329
1614268800,309
1614269700,390
1614270600,325
1614271500,494
1614272400,751
1614273300,527
1614274200,475
1614275100,387
1614276000,519
1614276900,424
1614277800,412
1614278700,515
1614279600,483
1614280500,373
1614281400,364
1614282300,445
1614283200,365
1614284100,381
1614285000,389
1614285900,349
1614286800,372
1614287700,239
1614288600,210
1614289500,262
1614290400,196
1614291300,144
1614292200,136
1614293100,234
1614294000,151
1614294900,143
1614295800,213
1614296700,164
1614297600,151
1614298500,159
1614299400,156
1614300300,151
1614301200,140
1614302100,150
1614303000,173
1614303900,159
1614304800,146
1614305700,154
1614306600,219
1614307500,160
1614308400,145
1614309300,156
1614310200,201
1614311100,216
1614312000,192
1614312900,138
1614313800,147
1614314700,182
1614315600,368
1614316500,266
1614317400,232
1614318300,186
1614319200,244
1614320100,208
1614321000,182
1614321900,179
1614322800,166
1614323700,183
1614324600,169
1614325500,159
1614326400,148
1614327300,213
1614328200,247
1614329100,247
1614330000,186
1614330900,189
1614331800,433
1614332700,469
1614333600,300
1614334500,293
1614335400,347
1614336300,297
1614337200,320
1614338100,388
1614339000,425
1614339900,396
1614340800,728
1614341700,1048
1614342600,425
1614343500,454
1614344400,448
1614345300,900
1614346200,683
1614347100,281
1614348000,282
1614348900,294
1614349800,313
1614350700,268
1614351600,331
1614352500,224
1614353400,250
1614354300,277
1614355200,260
1614356100,365
1614357000,975
1614357900,725
1614358800,544
1614359700,548
1614360600,612
1614361500,544
1614362400,593
1614363300,545
1614364200,615
1614365100,541
1614366000,511
1614366900,489
1614367800,387
1614368700,371
1614369600,390
1614370500,353
1614371400,359
1614372300,345
1614373200,403
1614374100,412
1614375000,419
1614375900,336
1614376800,346
1614377700,280
1614378600,269
1614379500,193
1614380400,191
1614381300,259
1614382200,246
1614383100,198
1614384000,174
1614384900,155
1614385800,187
1614386700,182
1614387600,182
1614388500,173
1614389400,174
1614390300,169
1614391200,197
1614392100,159
1614393000,180
1614393900,174
1614394800,178
1614395700,190
1614396600,166
1614397500,178
1614398400,211
1614399300,221
1614400200,203
1614401100,179
1614402000,168
1614402900,170
1614403800,155
1614404700,168
1614405600,215
1614406500,241
1614407400,208
1614408300,262
1614409200,233
1614410100,324
1614411000,346
1614411900,295
1614412800,266
1614413700,209
1614414600,243
1614415500,263
1614416400,267
1614417300,258
1614418200,569
1614419100,364
1614420000,283
1614420900,363
1614421800,1159
1614422700,918
1614423600,519
1614424500,687
1614425400,386
1614426300,315
1614427200,286
1614428100,259
1614429000,236
1614429900,246
1614430800,321
1614431700,241
1614432600,221
1614433500,215
1614434400,263
1614435300,335
1614436200,412
1614437100,289
1614438000,680
1614438900,396
1614439800,701
1614440700,342
1614441600,382
1614442500,334
1614443400,710
1614444300,823
1614445200,514
1614446100,553
1614447000,556
1614447900,777
1614448800,518
1614449700,539
1614450600,448
1614451500,537
1614452400,523
1614453300,555
1614454200,612
1614455100,484
1614456000,440
1614456900,430
1614457800,426
1614458700,403
1614459600,400
1614460500,388
1614461400,397
1614462300,399
1614463200,412
1614464100,387
1614465000,264
1614465900,250
1614466800,255
1614467700,204
1614468600,177
1614469500,142
1614470400,157
1614471300,165
1614472200,197
1614473100,223
1614474000,216
1614474900,180
1614475800,148
1614476700,171
1614477600,161
1614478500,171
1614479400,150
1614480300,157
1614481200,165
1614482100,171
1614483000,152
1614483900,142
1614484800,170
1614485700,172
1614486600,142
1614487500,160
1614488400,196
1614489300,197
1614490200,184
1614491100,149
1614492000,154
1614492900,165
1614493800,155
1614494700,143
1614495600,205
1614496500,235
1614497400,350
1614498300,254
1614499200,215
1614500100,193
1614501000,181
1614501900,709
1614502800,440
1614503700,454
1614504600,457
1614505500,369
1614506400,649
1614507300,786
1614508200,642
1614509100,748
1614510000,548
1614510900,593
1614511800,710
1614512700,537
1614513600,493
1614514500,455
1614515400,367
1614516300,431
1614517200,561
1614518100,324
1614519000,290
1614519900,293
1614520800,876
1614521700,536
1614522600,469
1614523500,345
1614524400,347
1614525300,406
1614526200,411
1614527100,429
1614528000,445
1614528900,453
1614529800,413
1614530700,445
1614531600,501
1614532500,570
1614533400,584
1614534300,409
1614535200,353
1614536100,333
1614537000,401
1614537900,351
1614538800,466
1614539700,401
1614540600,479
1614541500,379
1614542400,377
1614543300,403
1614544200,357
1614545100,356
1614546000,411
1614546900,392
1614547800,328
1614548700,293
1614549600,291
1614550500,293
1614551400,248
1614552300,186
1614553200,158
1614554100,201
1614555000,215
1614555900,209
1614556800,184
1614557700,157
1614558600,156
1614559500,156
1614560400,141
1614561300,168
1614562200,218
1614563100,207
1614564000,167
1614564900,151
1614565800,160
1614566700,159
1614567600,151
1614568500,154
1614569400,158
1614570300,166
1614571200,163
1614572100,155
1614573000,150
1614573900,171
1614574800,308
1614575700,419
1614576600,249
1614577500,160
1614578400,152
1614579300,162
1614580200,156
1614581100,144
1614582000,158
1614582900,149
1614583800,163
1614584700,162
1614585600,156
1614586500,222
1614587400,666
1614588300,358
1614589200,241
1614590100,235
1614591000,466
1614591900,398
1614592800,695
1614593700,855
1614594600,277
1614595500,277
1614596400,249
1614597300,239
1614598200,242
1614599100,283
1614600000,411
1614600900,563
1614601800,429
1614602700,491
1614603600,401
1614604500,802
1614605400,589
1614606300,290
1614607200,292
1614608100,306
1614609000,389
1614609900,317
1614610800,273
1614611700,261
1614612600,449
1614613500,317
1614614400,429
1614615300,813
1614616200,383
1614617100,353
1614618000,367
1614618900,397
1614619800,800
1614620700,871
1614621600,600
1614622500,601
1614623400,578
1614624300,634
1614625200,528
1614626100,504
1614627000,567
1614627900,696
1614628800,461
1614629700,428
1614630600,390
1614631500,332
1614632400,381
1614633300,302
1614634200,266
1614635100,267
1614636000,260
1614636900,272
1614637800,272
1614638700,283
1614639600,269
1614640500,242
1614641400,243
1614642300,228
1614643200,186
1614644100,185
1614645000,184
1614645900,177
1614646800,198
1614647700,186
1614648600,168
1614649500,177
1614650400,180
1614651300,194
1614652200,201
1614653100,169
1614654000,203
1614654900,230
1614655800,226
1614656700,199
1614657600,190
1614658500,195
1614659400,246
1614660300,210
1614661200,245
1614662100,381
1614663000,174
1614663900,181
1614664800,179
1614665700,241
1614666600,255
1614667500,225
1614668400,339
1614669300,725
1614670200,919
1614671100,574
1614672000,371
1614672900,287
1614673800,274
1614674700,518
1614675600,806
1614676500,593
1614677400,304
1614678300,404
1614679200,399
1614680100,381
1614681000,293
1614681900,266
1614682800,340
1614683700,324
1614684600,319
1614685500,342
1614686400,340
1614687300,328
1614688200,298
1614689100,268
1614690000,338
1614690900,292
1614691800,434
1614692700,888
1614693600,780
1614694500,820
1614695400,566
1614696300,415
1614697200,387
1614698100,361
1614699000,342
1614699900,393
1614700800,410
1614701700,995
1614702600,860
1614703500,589
1614704400,648
1614705300,487
1614706200,500
1614707100,556
1614708000,714
1614708900,875
1614709800,440
1614710700,406
1614711600,455
1614712500,431
1614713400,437
1614714300,404
1614715200,387
1614716100,374
1614717000,388
1614717900,503
1614718800,764
1614719700,348
1614720600,304
1614721500,303
1614722400,620
1614723300,679
1614724200,251
1614725100,207
1614726000,182
1614726900,169
1614727800,186
1614728700,230
1614729600,228
1614730500,176
1614731400,171
1614732300,179
1614733200,185
1614734100,182
1614735000,180
1614735900,179
1614736800,170
1614737700,165
1614738600,194
1614739500,227
1614740400,212
1614741300,222
1614742200,184
1614743100,180
1614744000,178
1614744900,164
1614745800,185
1614746700,187
1614747600,266
1614748500,368
1614749400,254
1614750300,245
1614751200,192
1614752100,344
1614753000,631
1614753900,756
1614754800,591
1614755700,249
1614756600,422
1614757500,541
1614758400,466
1614759300,377
1614760200,259
1614761100,733
1614762000,963
1614762900,914
1614763800,689
1614764700,313
1614765600,330
1614766500,447
1614767400,366
1614768300,350
1614769200,274
1614770100,301
1614771000,582
1614771900,730
1614772800,301
1614773700,471
1614774600,241
1614775500,310
1614776400,235
1614777300,232
1614778200,224
1614779100,250
1614780000,323
1614780900,299
1614781800,265
1614782700,257
1614783600,301
1614784500,284
1614785400,294
1614786300,554
1614787200,470
1614788100,430
1614789000,384
1614789900,391
1614790800,432
1614791700,543
1614792600,555
1614793500,578
1614794400,442
1614795300,419
1614796200,460
1614797100,577
1614798000,426
1614798900,401
1614799800,384
1614800700,330
1614801600,434
1614802500,445
1614803400,416
1614804300,363
1614805200,316
1614806100,274
1614807000,232
1614807900,224
1614808800,246
1614809700,239
1614810600,229
1614811500,220
1614812400,201
1614813300,214
1614814200,223
1614815100,232
1614816000,223
1614816900,211
1614817800,177
1614818700,160
1614819600,195
1614820500,219
1614821400,189
1614822300,164
1614823200,167
1614824100,157
1614825000,226
1614825900,157
1614826800,153
1614827700,161
1614828600,164
1614829500,190
1614830400,215
1614831300,209
1614832200,202
1614833100,186
1614834000,376
1614834900,406
1614835800,216
1614836700,220
1614837600,149
1614838500,146
1614839400,150
1614840300,165
1614841200,194
1614842100,174
1614843000,179
1614843900,320
1614844800,425
1614845700,393
1614846600,446
1614847500,290
1614848400,231
1614849300,429
1614850200,283
1614851100,264
1614852000,253
1614852900,248
1614853800,242
1614854700,265
1614855600,267
1614856500,265
1614857400,282
1614858300,309
1614859200,503
1614860100,349
1614861000,283
1614861900,292
1614862800,298
1614863700,264
1614864600,294
1614865500,289
1614866400,257
1614867300,256
1614868200,244
1614869100,257
1614870000,281
1614870900,319
1614871800,313
1614872700,304
1614873600,331
1614874500,360
1614875400,421
1614876300,915
1614877200,578
1614878100,535
1614879000,462
1614879900,546
1614880800,387
1614881700,503
1614882600,522
1614883500,618
1614884400,654
1614885300,546
1614886200,502
1614887100,498
1614888000,481
1614888900,451
1614889800,405
1614890700,328
1614891600,311
1614892500,309
1614893400,263
1614894300,257
1614895200,275
1614896100,230
1614897000,292
1614897900,231
1614898800,158
1614899700,227
1614900600,216
1614901500,195
1614902400,190
1614903300,190
1614904200,155
1614905100,152
1614906000,164
1614906900,162
1614907800,145
1614908700,155
1614909600,165
1614910500,167
1614911400,194
1614912300,185
1614913200,213
1614914100,219
1614915000,196
1614915900,178
1614916800,162
1614917700,150
1614918600,141
1614919500,191
1614920400,214
1614921300,287
1614922200,240
1614923100,306
1614924000,355
1614924900,343
1614925800,303
1614926700,321
1614927600,569
1614928500,448
1614929400,291
1614930300,325
1614931200,280
1614932100,734
1614933000,472
1614933900,192
1614934800,252
1614935700,522
1614936600,324
1614937500,266
1614938400,244
1614939300,318
1614940200,300
1614941100,245
1614942000,228
1614942900,264
1614943800,223
1614944700,442
1614945600,493
1614946500,376
1614947400,344
1614948300,302
1614949200,349
1614950100,282
1614951000,290
1614951900,557
1614952800,390
1614953700,403
1614954600,536
1614955500,638
1614956400,298
1614957300,262
1614958200,267
1614959100,628
1614960000,531
1614960900,333
1614961800,428
1614962700,841
1614963600,905
1614964500,919
1614965400,508
1614966300,607
1614967200,369
1614968100,333
1614969000,370
1614969900,869
1614970800,370
1614971700,542
1614972600,733
1614973500,448
1614974400,810
1614975300,505
1614976200,956
1614977100,634
1614978000,420
1614978900,349
1614979800,412
1614980700,303
1614981600,242
1614982500,217
1614983400,167
1614984300,150
1614985200,273
1614986100,269
1614987000,245
1614987900,201
1614988800,193
1614989700,182
1614990600,160
1614991500,165
1614992400,160
1614993300,135
1614994200,159
1614995100,146
1614996000,195
1614996900,223
1614997800,244
1614998700,233
1614999600,155
1615000500,153
1615001400,168
1615002300,155
1615003200,163
1615004100,157
1615005000,157
1615005900,208
1615006800,195
1615007700,213
1615008600,198
1615009500,157
1615010400,151
1615011300,136
1615012200,145
1615013100,144
1615014000,143
1615014900,237
1615015800,202
1615016700,248
1615017600,493
1615018500,843
1615019400,1098
1615020300,988
1615021200,715
1615022100,466
1615023000,341
1615023900,325
1615024800,662
1615025700,1017
1615026600,953
1615027500,848
1615028400,1013
1615029300,1041
1615030200,625
1615031100,440
1615032000,555
1615032900,683
1615033800,724
1615034700,833
1615035600,872
1615036500,657
1615037400,464
1615038300,282
1615039200,265
1615040100,339
1615041000,307
1615041900,338
1615042800,299
1615043700,236
1615044600,239
1615045500,268
1615046400,240
1615047300,260
1615048200,251
1615049100,481
1615050000,595
1615050900,547
1615051800,672
1615052700,519
1615053600,670
1615054500,509
1615055400,597
1615056300,786
1615057200,599
1615058100,372
1615059000,437
1615059900,433
1615060800,964
1615061700,471
1615062600,371
1615063500,324
1615064400,316
1615065300,312
1615066200,328
1615067100,317
1615068000,240
1615068900,247
1615069800,254
1615070700,219
1615071600,185
1615072500,247
1615073400,213
1615074300,225
1615075200,210
1615076100,185
1615077000,171
1615077900,173
1615078800,171
1615079700,166
1615080600,147
1615081500,181
1615082400,205
1615083300,214
1615084200,205
1615085100,178
1615086000,158
1615086900,142
1615087800,159
1615088700,152
1615089600,166
1615090500,202
1615091400,216
1615092300,221
1615093200,204
1615094100,145
1615095000,218
1615095900,212
1615096800,188
1615097700,153
1615098600,153
1615099500,145
1615100400,214
1615101300,157
1615102200,623
1615103100,572
1615104000,787
1615104900,301
1615105800,282
1615106700,269
1615107600,658
1615108500,577
1615109400,448
1615110300,616
1615111200,324
1615112100,433
1615113000,378
1615113900,777
1615114800,609
1615115700,431
1615116600,366
1615117500,287
1615118400,272
1615119300,300
1615120200,290
1615121100,296
1615122000,313
1615122900,325
1615123800,355
1615124700,340
1615125600,302
1615126500,302
1615127400,435
1615128300,316
1615129200,418
1615130100,312
1615131000,271
1615131900,254
1615132800,266
1615133700,233
1615134600,336
1615135500,292
1615136400,355
1615137300,410
1615138200,411
1615139100,446
1615140000,399
1615140900,362
1615141800,291
1615142700,289
1615143600,350
1615144500,331
1615145400,337
1615146300,470
1615147200,532
1615148100,435
1615149000,490
1615149900,385
1615150800,362
1615151700,361
1615152600,353
1615153500,280
1615154400,218
1615155300,170
1615156200,176
1615157100,157
1615158000,153
1615158900,194
1615159800,210
1615160700,200
1615161600,213
1615162500,214
1615163400,190
1615164300,151
1615165200,155
1615166100,164
1615167000,143
1615167900,162
1615168800,177
1615169700,204
1615170600,269
1615171500,218
1615172400,209
1615173300,142
1615174200,160
1615175100,154
1615176000,178
1615176900,142
1615177800,216
1615178700,264
1615179600,346
1615180500,237
1615181400,212
1615182300,188
1615183200,168
1615184100,165
1615185000,311
1615185900,179
1615186800,241
1615187700,309
1615188600,246
1615189500,255
1615190400,244
1615191300,214
1615192200,207
1615193100,189
1615194000,217
1615194900,221
1615195800,232
1615196700,277
1615197600,275
1615198500,256
1615199400,238
1615200300,240
1615201200,320
1615202100,233
1615203000,241
1615203900,218
1615204800,227
1615205700,219
1615206600,233
1615207500,409
1615208400,450
1615209300,246
1615210200,275
1615211100,281
1615212000,234
1615212900,229
1615213800,215
1615214700,370
1615215600,418
1615216500,258
1615217400,745
1615218300,845
1615219200,314
1615220100,269
1615221000,292
1615221900,810
1615222800,658
1615223700,466
1615224600,755
1615225500,705
1615226400,475
1615227300,493
1615228200,468
1615229100,482
1615230000,839
1615230900,913
1615231800,415
1615232700,411
1615233600,365
1615234500,372
1615235400,323
1615236300,284
1615237200,310
1615238100,311
1615239000,300
1615239900,307
1615240800,243
1615241700,349
1615242600,203
1615243500,171
1615244400,172
1615245300,200
1615246200,196
1615247100,204
1615248000,196
1615248900,196
1615249800,151
1615250700,152
1615251600,150
1615252500,165
1615253400,187
1615254300,210
1615255200,190
1615256100,212
1615257000,268
1615257900,186
1615258800,167
1615259700,227
1615260600,157
1615261500,151
1615262400,206
1615263300,214
1615264200,217
1615265100,284
1615266000,379
1615266900,235
1615267800,239
1615268700,152
1615269600,175
1615270500,281
1615271400,219
1615272300,221
1615273200,602
1615274100,745
1615275000,482
1615275900,446
1615276800,410
1615277700,383
1615278600,414
1615279500,355
1615280400,393
1615281300,420
1615282200,957
1615283100,363
1615284000,304
1615284900,275
1615285800,360
1615286700,356
1615287600,313
1615288500,391
1615289400,336
1615290300,930
1615291200,838
1615292100,772
1615293000,705
1615293900,259
1615294800,226
1615295700,391
1615296600,391
1615297500,215
1615298400,212
1615299300,201
1615300200,171
1615301100,164
1615302000,195
1615302900,282
1615303800,201
1615304700,227
1615305600,379
1615306500,384
1615307400,310
1615308300,333
1615309200,396
1615310100,418
1615311000,438
1615311900,390
1615312800,430
1615313700,400
1615314600,335
1615315500,364
1615316400,422
1615317300,434
1615318200,403
1615319100,381
1615320000,433
1615320900,454
1615321800,378
1615322700,310
1615323600,318
1615324500,252
1615325400,157
1615326300,181
1615327200,215
1615328100,162
1615329000,141
1615329900,146
1615330800,158
1615331700,198
1615332600,207
1615333500,199
1615334400,196
1615335300,193
1615336200,214
1615337100,203
1615338000,186
1615338900,157
1615339800,152
1615340700,160
1615341600,172
1615342500,222
1615343400,201
1615344300,213
1615345200,209
1615346100,150
1615347000,178
1615347900,211
1615348800,218
1615349700,197
1615350600,201
1615351500,213
1615352400,342
1615353300,335
1615354200,276
1615355100,272
1615356000,498
1615356900,642
1615357800,356
1615358700,316
1615359600,205
1615360500,237
1615361400,241
1615362300,236
1615363200,289
1615364100,294
1615365000,689
1615365900,564
1615366800,374
1615367700,361
1615368600,419
1615369500,431
1615370400,390
1615371300,245
1615372200,234
1615373100,253
1615374000,243
1615374900,426
1615375800,302
1615376700,279
1615377600,322
1615378500,200
1615379400,163
1615380300,172
1615381200,164
1615382100,170
1615383000,177
1615383900,172
1615384800,158
1615385700,178
1615386600,274
1615387500,281
1615388400,215
1615389300,238
1615390200,623
1615391100,431
1615392000,217
1615392900,263
1615393800,310
1615394700,286
1615395600,273
1615396500,272
1615397400,310
1615398300,269
1615399200,248
1615400100,353
1615401000,324
1615401900,425
1615402800,404
1615403700,348
1615404600,409
1615405500,343
1615406400,330
1615407300,502
1615408200,392
1615409100,386
1615410000,374
1615410900,266
1615411800,221
1615412700,179
1615413600,160
1615414500,168
1615415400,172
1615416300,145
1615417200,149
1615418100,198
1615419000,212
1615419900,207
1615420800,213
1615421700,211
1615422600,196
1615423500,194
1615424400,141
1615425300,149
1615426200,155
1615427100,227
1615428000,164
1615428900,207
1615429800,213
1615430700,192
1615431600,212
1615432500,185
1615433400,171
1615434300,170
1615435200,220
1615436100,202
1615437000,202
1615437900,179
1615438800,300
1615439700,244
1615440600,150
1615441500,175
1615442400,277
1615443300,220
1615444200,206
1615445100,245
1615446000,310
1615446900,414
1615447800,265
1615448700,240
1615449600,358
1615450500,310
1615451400,280
1615452300,247
1615453200,273
1615454100,204
1615455000,258
1615455900,344
1615456800,279
1615457700,249
1615458600,198
1615459500,599
1615460400,699
1615461300,298
1615462200,233
1615463100,205
1615464000,223
1615464900,255
1615465800,252
1615466700,306
1615467600,418
1615468500,401
1615469400,362
1615470300,446
1615471200,372
1615472100,289
1615473000,224
1615473900,231
1615474800,238
1615475700,243
1615476600,232
1615477500,220
1615478400,529
1615479300,642
1615480200,358
1615481100,361
1615482000,547
1615482900,557
1615483800,635
1615484700,575
1615485600,563
1615486500,579
1615487400,532
1615488300,586
1615489200,584
1615490100,456
1615491000,539
1615491900,570
1615492800,494
1615493700,473
1615494600,475
1615495500,341
1615496400,278
1615497300,221
1615498200,228
1615499100,228
1615500000,236
1615500900,232
1615501800,183
1615502700,165
1615503600,158
1615504500,219
1615505400,228
1615506300,217
1615507200,200
1615508100,200
1615509000,152
1615509900,158
1615510800,222
1615511700,221
1615512600,186
1615513500,144
1615514400,155
1615515300,163
1615516200,151
1615517100,161
1615518000,167
1615518900,184
1615519800,213
1615520700,185
1615521600,221
1615522500,173
1615523400,140
1615524300,169
1615525200,214
1615526100,305
1615527000,328
1615527900,295
1615528800,456
1615529700,1062
1615530600,369
1615531500,265
1615532400,253
1615533300,355
1615534200,1181
1615535100,393
1615536000,283
1615536900,452
1615537800,653
1615538700,1100
1615539600,528
1615540500,458
1615541400,573
1615542300,890
1615543200,759
1615544100,642
1615545000,439
1615545900,313
1615546800,271
1615547700,288
1615548600,444
1615549500,365
1615550400,329
1615551300,366
1615552200,331
1615553100,333
1615554000,434
1615554900,340
1615555800,374
1615556700,470
1615557600,391
1615558500,585
1615559400,470
1615560300,438
1615561200,282
1615562100,518
1615563000,344
1615563900,254
1615564800,251
1615565700,298
1615566600,334
1615567500,452
1615568400,429
1615569300,461
1615570200,469
1615571100,541
1615572000,408
1615572900,416
1615573800,375
1615574700,436
1615575600,410
1615576500,430
1615577400,421
1615578300,390
1615579200,661
1615580100,838
1615581000,446
1615581900,516
1615582800,535
1615583700,403
1615584600,352
1615585500,301
1615586400,261
1615587300,242
1615588200,234
1615589100,227
1615590000,224
1615590900,204
1615591800,197
1615592700,220
1615593600,195
1615594500,190
1615595400,204
1615596300,206
1615597200,181
1615598100,145
1615599000,164
1615599900,152
1615600800,173
1615601700,150
1615602600,142
1615603500,170
1615604400,205
1615605300,195
1615606200,216
1615607100,200
1615608000,154
1615608900,150
1615609800,157
1615610700,138
1615611600,153
1615612500,141
1615613400,160
1615614300,191
1615615200,191
1615616100,201
1615617000,179
1615617900,206
1615618800,207
1615619700,321
1615620600,206
1615621500,231
1615622400,232
1615623300,234
1615624200,318
1615625100,627
1615626000,371
1615626900,402
1615627800,371
1615628700,520
1615629600,366
1615630500,590
1615631400,622
1615632300,567
1615633200,453
1615634100,576
1615635000,488
1615635900,890
1615636800,533
1615637700,324
1615638600,550
1615639500,310
1615640400,759
1615641300,511
1615642200,349
1615643100,398
1615644000,370
1615644900,523
1615645800,349
1615646700,333
1615647600,368
1615648500,347
1615649400,370
1615650300,377
1615651200,405
1615652100,655
1615653000,967
1615653900,865
1615654800,895
1615655700,800
1615656600,649
1615657500,546
1615658400,477
1615659300,774
1615660200,704
1615661100,724
1615662000,708
1615662900,685
1615663800,605
1615664700,455
1615665600,398
1615666500,428
1615667400,541
1615668300,424
1615669200,430
1615670100,375
1615671000,340
1615671900,318
1615672800,347
1615673700,331
1615674600,282
1615675500,419
1615676400,270
1615677300,310
1615678200,485
1615679100,460
1615680000,234
1615680900,190
1615681800,212
1615682700,647
1615683600,308
1615684500,212
1615685400,217
1615686300,220
1615687200,223
1615688100,210
1615689000,174
1615689900,146
1615690800,177
1615691700,200
1615692600,218
1615693500,197
1615694400,191
1615695300,226
1615696200,165
1615697100,153
1615698000,155
1615698900,157
1615699800,145
1615700700,142
1615701600,158
1615702500,202
1615703400,195
1615704300,201
1615705200,170
1615706100,200
1615707000,273
1615707900,255
1615708800,752
1615709700,291
1615710600,572
1615711500,395
1615712400,597
1615713300,688
1615714200,1077
1615715100,1170
1615716000,1157
1615716900,1243
1615717800,745
1615718700,626
1615719600,408
1615720500,351
1615721400,553
1615722300,769
1615723200,867
1615724100,1403
1615725000,841
1615725900,773
1615726800,533
1615727700,655
1615728600,686
1615729500,307
1615730400,321
1615731300,381
1615732200,343
1615733100,395
1615734000,405
1615734900,345
1615735800,302
1615736700,339
1615737600,349
1615738500,393
1615739400,370
1615740300,348
1615741200,494
1615742100,362
1615743000,515
1615743900,461
1615744800,461
1615745700,528
1615746600,428
1615747500,547
1615748400,627
1615749300,524
1615750200,537
1615751100,485
1615752000,470
1615752900,548
1615753800,530
1615754700,468
1615755600,387
1615756500,319
1615757400,272
1615758300,305
1615759200,295
1615760100,214
1615761000,150
1615761900,172
1615762800,172
1615763700,207
1615764600,197
1615765500,210
1615766400,161
1615767300,149
1615768200,172
1615769100,179
1615770000,150
1615770900,163
1615771800,157
1615772700,185
1615773600,197
1615774500,226
1615775400,225
1615776300,172
1615777200,147
1615778100,159
1615779000,163
1615779900,167
1615780800,159
1615781700,178
1615782600,221
1615783500,249
1615784400,364
1615785300,285
1615786200,237
1615787100,221
1615788000,316
1615788900,331
1615789800,562
1615790700,428
1615791600,434
1615792500,391
1615793400,304
1615794300,391
1615795200,406
1615796100,350
1615797000,370
1615797900,284
1615798800,428
1615799700,792
1615800600,569
1615801500,620
1615802400,642
1615803300,692
1615804200,852
1615805100,785
1615806000,707
1615806900,474
1615807800,416
1615808700,382
1615809600,313
1615810500,366
1615811400,288
1615812300,500
1615813200,392
1615814100,390
1615815000,465
1615815900,425
1615816800,383
1615817700,320
1615818600,322
1615819500,293
1615820400,338
1615821300,286
1615822200,312
1615823100,339
1615824000,454
1615824900,662
1615825800,337
1615826700,311
1615827600,410
1615828500,405
1615829400,390
1615830300,445
1615831200,347
1615832100,356
1615833000,404
1615833900,475
1615834800,497
1615835700,479
1615836600,415
1615837500,423
1615838400,455
1615839300,421
1615840200,422
1615841100,362
1615842000,335
1615842900,368
1615843800,202
1615844700,150
1615845600,229
1615846500,244
1615847400,355
1615848300,277
1615849200,176
1615850100,213
1615851000,199
1615851900,202
1615852800,226
1615853700,201
1615854600,154
1615855500,146
1615856400,158
1615857300,155
1615858200,169
1615859100,174
1615860000,163
1615860900,206
1615861800,197
1615862700,201
1615863600,212
1615864500,189
1615865400,214
1615866300,213
1615867200,179
1615868100,161
1615869000,152
1615869900,210
1615870800,306
1615871700,262
1615872600,202
1615873500,245
1615874400,257
1615875300,207
1615876200,223
1615877100,397
1615878000,435
1615878900,400
1615879800,419
1615880700,408
1615881600,511
1615882500,838
1615883400,771
1615884300,830
1615885200,934
1615886100,530
1615887000,530
1615887900,610
1615888800,491
1615889700,750
1615890600,586
1615891500,492
1615892400,868
1615893300,691
1615894200,712
1615895100,512
1615896000,543
1615896900,734
1615897800,958
1615898700,584
1615899600,647
1615900500,530
1615901400,736
1615902300,783
1615903200,686
1615904100,446
1615905000,434
1615905900,299
1615906800,557
1615907700,323
1615908600,265
1615909500,330
1615910400,311
1615911300,750
1615912200,472
1615913100,375
1615914000,330
1615914900,644
1615915800,776
1615916700,737
1615917600,588
1615918500,493
1615919400,456
1615920300,392
1615921200,540
1615922100,378
1615923000,380
1615923900,389
1615924800,369
1615925700,319
1615926600,365
1615927500,396
1615928400,397
1615929300,388
1615930200,298
1615931100,205
1615932000,207
1615932900,159
1615933800,147
1615934700,138
1615935600,146
1615936500,222
1615937400,191
1615938300,216
1615939200,208
1615940100,161
1615941000,163
1615941900,155
1615942800,207
1615943700,207
1615944600,224
1615945500,171
1615946400,164
1615947300,163
1615948200,157
1615949100,175
1615950000,147
1615950900,156
1615951800,199
1615952700,208
1615953600,207
1615954500,199
1615955400,219
1615956300,184
1615957200,230
1615958100,259
1615959000,715
1615959900,422
1615960800,179
1615961700,298
1615962600,312
1615963500,351
1615964400,295
1615965300,289
1615966200,292
1615967100,288
1615968000,286
1615968900,328
1615969800,426
1615970700,384
1615971600,387
1615972500,315
1615973400,330
1615974300,333
1615975200,333
1615976100,306
1615977000,458
1615977900,319
1615978800,361
1615979700,383
1615980600,349
1615981500,329
1615982400,341
1615983300,349
1615984200,491
1615985100,449
1615986000,349
1615986900,332
1615987800,312
1615988700,309
1615989600,330
1615990500,505
1615991400,355
1615992300,282
1615993200,185
1615994100,200
1615995000,198
1615995900,216
1615996800,171
1615997700,181
1615998600,208
1615999500,221
1616000400,230
1616001300,228
1616002200,310
1616003100,907
1616004000,465
1616004900,466
1616005800,601
1616006700,461
1616007600,495
1616008500,441
1616009400,452
1616010300,438
1616011200,466
1616012100,455
1616013000,486
1616013900,464
1616014800,351
1616015700,393
1616016600,259
1616017500,157
1616018400,147
1616019300,147
1616020200,147
1616021100,148
1616022000,152
1616022900,137
1616023800,171
1616024700,135
1616025600,154
1616026500,220
1616027400,211
1616028300,201
1616029200,198
1616030100,178
1616031000,161
1616031900,199
1616032800,169
1616033700,172
1616034600,150
1616035500,152
1616036400,164
1616037300,187
1616038200,193
1616039100,220
1616040000,220
1616040900,168
1616041800,138
1616042700,204
1616043600,219
1616044500,273
1616045400,199
1616046300,263
1616047200,648
1616048100,475
1616049000,360
1616049900,373
1616050800,346
1616051700,314
1616052600,337
1616053500,182
1616054400,138
1616055300,151
1616056200,126
1616057100,230
1616058000,281
1616058900,253
1616059800,576
1616060700,354
1616061600,353
1616062500,369
1616063400,743
1616064300,619
1616065200,476
1616066100,651
1616067000,264
1616067900,329
1616068800,418
1616069700,371
1616070600,381
1616071500,410
1616072400,249
1616073300,210
1616074200,255
1616075100,280
1616076000,336
1616076900,276
1616077800,207
1616078700,420
1616079600,215
1616080500,196
1616081400,228
1616082300,531
1616083200,452
1616084100,322
1616085000,299
1616085900,456
1616086800,646
1616087700,349
1616088600,407
1616089500,502
1616090400,539
1616091300,464
1616092200,471
1616093100,414
1616094000,509
1616094900,426
1616095800,442
1616096700,429
1616097600,346
1616098500,291
1616099400,267
1616100300,280
1616101200,286
1616102100,173
1616103000,161
1616103900,144
1616104800,150
1616105700,150
1616106600,161
1616107500,150
1616108400,152
1616109300,146
1616110200,155
1616111100,155
1616112000,202
1616112900,198
1616113800,216
1616114700,198
1616115600,165
1616116500,148
1616117400,173
1616118300,172
1616119200,158
1616120100,166
1616121000,159
1616121900,177
1616122800,149
1616123700,159
1616124600,187
1616125500,158
1616126400,194
1616127300,220
1616128200,237
1616129100,245
1616130000,184
1616130900,236
1616131800,225
1616132700,815
1616133600,528
1616134500,183
1616135400,308
1616136300,255
1616137200,246
1616138100,425
1616139000,494
1616139900,372
1616140800,329
1616141700,436
1616142600,420
1616143500,466
1616144400,313
1616145300,283
1616146200,327
1616147100,491
1616148000,368
1616148900,510
1616149800,376
1616150700,306
1616151600,305
1616152500,291
1616153400,301
1616154300,241
1616155200,237
1616156100,260
1616157000,249
1616157900,249
1616158800,256
1616159700,266
1616160600,340
1616161500,515
1616162400,396
1616163300,275
1616164200,349
1616165100,337
1616166000,759
1616166900,379
1616167800,397
1616168700,400
1616169600,408
1616170500,253
1616171400,274
1616172300,285
1616173200,316
1616174100,551
1616175000,832
1616175900,719
1616176800,678
1616177700,419
1616178600,325
1616179500,347
1616180400,435
1616181300,481
1616182200,491
1616183100,473
1616184000,483
1616184900,450
1616185800,458
1616186700,463
1616187600,457
1616188500,438
1616189400,382
1616190300,394
1616191200,436
1616192100,235
1616193000,211
1616193900,210
1616194800,217
1616195700,256
1616196600,133
1616197500,134
1616198400,124
1616199300,132
1616200200,125
1616201100,147
1616202000,164
1616202900,190
1616203800,248
1616204700,176
1616205600,166
1616206500,124
1616207400,145
1616208300,144
1616209200,159
1616210100,152
1616211000,120
1616211900,139
1616212800,173
1616213700,138
1616214600,146
1616215500,140
1616216400,144
1616217300,137
1616218200,127
1616219100,148
1616220000,140
1616220900,222
1616221800,150
1616222700,266
1616223600,261
1616224500,390
1616225400,771
1616226300,754
1616227200,467
1616228100,588
1616229000,777
1616229900,468
1616230800,417
1616231700,367
1616232600,289
1616233500,425
1616234400,753
1616235300,976
1616236200,588
1616237100,419
1616238000,523
1616238900,715
1616239800,548
1616240700,803
1616241600,722
1616242500,346
1616243400,315
1616244300,297
1616245200,853
1616246100,505
1616247000,306
1616247900,294
1616248800,277
1616249700,221
1616250600,281
1616251500,280
1616252400,226
1616253300,257
1616254200,288
1616255100,221
1616256000,240
1616256900,221
1616257800,310
1616258700,301
1616259600,331
1616260500,584
1616261400,347
1616262300,444
1616263200,389
1616264100,518
1616265000,287
1616265900,256
1616266800,367
1616267700,317
1616268600,305
1616269500,253
1616270400,249
1616271300,261
1616272200,237
1616273100,280
1616274000,259
1616274900,252
1616275800,249
1616276700,235
1616277600,214
1616278500,179
1616279400,176
1616280300,177
1616281200,169
1616282100,229
1616283000,217
1616283900,207
1616284800,208
1616285700,172
1616286600,171
1616287500,165
1616288400,168
1616289300,156
1616290200,173
1616291100,178
1616292000,167
1616292900,179
1616293800,165
1616294700,213
1616295600,198
1616296500,232
1616297400,177
1616298300,174
1616299200,165
1616300100,164
1616301000,172
1616301900,177
1616302800,160
1616303700,171
1616304600,172
1616305500,183
1616306400,150
1616307300,168
1616308200,148
1616309100,153
1616310000,185
1616310900,153
1616311800,165
1616312700,227
1616313600,782
1616314500,497
1616315400,263
1616316300,395
1616317200,231
1616318100,323
1616319000,768
1616319900,319
1616320800,287
1616321700,332
1616322600,394
1616323500,319
1616324400,348
1616325300,656
1616326200,560
1616327100,392
1616328000,454
1616328900,677
1616329800,716
1616330700,313
1616331600,548
1616332500,1021
1616333400,1274
1616334300,792
1616335200,494
1616336100,207
1616337000,262
1616337900,228
1616338800,269
1616339700,267
1616340600,297
1616341500,301
1616342400,326
1616343300,272
1616344200,276
1616345100,264
1616346000,515
1616346900,339
1616347800,396
1616348700,570
1616349600,435
1616350500,337
1616351400,324
1616352300,394
1616353200,355
1616354100,295
1616355000,332
1616355900,400
1616356800,405
1616357700,373
1616358600,437
1616359500,498
1616360400,416
1616361300,405
1616362200,389
1616363100,331
1616364000,370
1616364900,325
1616365800,227
1616366700,159
1616367600,174
1616368500,159
1616369400,154
1616370300,193
1616371200,217
1616372100,200
1616373000,150
1616373900,161
1616374800,176
1616375700,166
1616376600,177
1616377500,159
1616378400,176
1616379300,158
1616380200,171
1616381100,182
1616382000,179
1616382900,174
1616383800,193
1616384700,190
1616385600,172
1616386500,161
1616387400,184
1616388300,209
1616389200,263
1616390100,277
1616391000,215
1616391900,223
1616392800,348
1616393700,161
1616394600,198
1616395500,237
1616396400,251
1616397300,162
1616398200,175
1616399100,454
1616400000,347
1616400900,218
1616401800,198
1616402700,272
1616403600,706
1616404500,247
1616405400,205
1616406300,206
1616407200,196
1616408100,359
1616409000,398
1616409900,986
1616410800,874
1616411700,273
1616412600,286
1616413500,279
1616414400,402
1616415300,438
1616416200,442
1616417100,263
1616418000,296
1616418900,268
1616419800,291
1616420700,311
1616421600,323
1616422500,479
1616423400,359
1616424300,278
1616425200,281
1616426100,277
1616427000,384
1616427900,255
1616428800,290
1616429700,816
1616430600,760
1616431500,415
1616432400,292
1616433300,528
1616434200,474
1616435100,499
1616436000,553
1616436900,500
1616437800,461
1616438700,425
1616439600,407
1616440500,476
1616441400,409
1616442300,399
1616443200,423
1616444100,352
1616445000,463
1616445900,361
1616446800,335
1616447700,286
1616448600,214
1616449500,190
1616450400,175
1616451300,148
1616452200,154
1616453100,150
1616454000,163
1616454900,194
1616455800,197
1616456700,202
1616457600,194
1616458500,162
1616459400,155
1616460300,167
1616461200,170
1616462100,158
1616463000,248
1616463900,190
1616464800,167
1616465700,161
1616466600,173
1616467500,174
1616468400,163
1616469300,165
1616470200,181
1616471100,190
1616472000,214
1616472900,216
1616473800,219
1616474700,227
1616475600,233
1616476500,233
1616477400,245
1616478300,228
1616479200,214
1616480100,241
1616481000,185
1616481900,155
1616482800,148
1616483700,154
1616484600,150
1616485500,171
1616486400,166
1616487300,164
1616488200,159
1616489100,155
1616490000,178
1616490900,183
1616491800,180
1616492700,193
1616493600,168
1616494500,185
1616495400,191
1616496300,157
1616497200,190
1616498100,239
1616499000,398
1616499900,275
1616500800,234
1616501700,249
1616502600,351
1616503500,359
1616504400,485
1616505300,490
1616506200,391
1616507100,372
1616508000,405
1616508900,309
1616509800,255
1616510700,286
1616511600,216
1616512500,174
1616513400,186
1616514300,439
1616515200,194
1616516100,222
1616517000,187
1616517900,227
1616518800,242
1616519700,341
1616520600,408
1616521500,423
1616522400,406
1616523300,496
1616524200,431
1616525100,361
1616526000,332
1616526900,390
1616527800,388
1616528700,456
1616529600,445
1616530500,433
1616531400,372
1616532300,478
1616533200,444
1616534100,354
1616535000,342
1616535900,206
1616536800,174
1616537700,162
1616538600,146
1616539500,141
1616540400,129
1616541300,135
1616542200,128
1616543100,138
1616544000,158
1616544900,227
1616545800,195
1616546700,179
1616547600,144
1616548500,156
1616549400,161
1616550300,146
1616551200,184
1616552100,201
1616553000,159
1616553900,162
1616554800,154
1616555700,149
1616556600,149
1616557500,147
1616558400,155
1616559300,188
1616560200,172
1616561100,190
1616562000,211
1616562900,238
1616563800,287
1616564700,274
1616565600,221
1616566500,201
1616567400,226
1616568300,286
1616569200,215
1616570100,679
1616571000,344
1616571900,195
1616572800,265
1616573700,284
1616574600,277
1616575500,419
1616576400,296
1616577300,239
1616578200,232
1616579100,234
1616580000,407
1616580900,759
1616581800,265
1616582700,283
1616583600,248
1616584500,418
1616585400,413
1616586300,381
1616587200,361
1616588100,481
1616589000,384
1616589900,265
1616590800,179
1616591700,251
1616592600,170
1616593500,163
1616594400,182
1616595300,186
1616596200,192
1616597100,141
1616598000,247
1616598900,160
1616599800,152
1616600700,171
1616601600,180
1616602500,164
1616603400,186
1616604300,167
1616605200,186
1616606100,244
1616607000,589
1616607900,574
1616608800,373
1616609700,342
1616610600,489
1616611500,423
1616612400,358
1616613300,297
1616614200,283
1616615100,358
1616616000,381
1616616900,307
1616617800,248
1616618700,352
1616619600,236
1616620500,171
1616621400,176
1616622300,179
1616623200,229
1616624100,249
1616625000,169
1616625900,167
1616626800,177
1616627700,220
1616628600,202
1616629500,212
1616630400,197
1616631300,183
1616632200,165
1616633100,158
1616634000,149
1616634900,155
1616635800,148
1616636700,171
1616637600,163
1616638500,153
1616639400,154
1616640300,159
1616641200,163
1616642100,153
1616643000,158
1616643900,178
1616644800,176
1616645700,172
1616646600,171
1616647500,234
1616648400,229
1616649300,206
1616650200,219
1616651100,304
1616652000,225
1616652900,249
1616653800,173
1616654700,176
1616655600,204
1616656500,183
1616657400,250
1616658300,219
1616659200,224
1616660100,232
1616661000,177
1616661900,171
1616662800,175
1616663700,170
1616664600,180
1616665500,178
1616666400,142
1616667300,149
1616668200,145
1616669100,159
1616670000,149
1616670900,271
1616671800,164
1616672700,152
1616673600,210
1616674500,217
1616675400,180
1616676300,211
1616677200,141
1616678100,154
1616679000,221
1616679900,321
1616680800,176
1616681700,183
1616682600,240
1616683500,267
1616684400,315
1616685300,194
1616686200,167
1616687100,221
1616688000,190
1616688900,224
1616689800,176
1616690700,399
1616691600,314
1616692500,693
1616693400,433
1616694300,295
1616695200,372
1616696100,386
1616697000,816
1616697900,480
1616698800,367
1616699700,375
1616700600,381
1616701500,311
1616702400,365
1616703300,356
1616704200,263
1616705100,222
1616706000,158
1616706900,168
1616707800,141
1616708700,152
1616709600,167
1616710500,156
1616711400,144
1616712300,166
1616713200,156
1616714100,157
1616715000,131
1616715900,163
1616716800,216
1616717700,218
1616718600,191
1616719500,175
1616720400,162
1616721300,151
1616722200,151
1616723100,166
1616724000,182
1616724900,186
1616725800,139
1616726700,137
1616727600,143
1616728500,149
1616729400,158
1616730300,132
1616731200,139
1616732100,149
1616733000,148
1616733900,200
1616734800,205
1616735700,229
1616736600,287
1616737500,276
1616738400,271
1616739300,276
1616740200,193
1616741100,190
1616742000,234
1616742900,192
1616743800,161
1616744700,177
1616745600,229
1616746500,467
1616747400,390
1616748300,383
1616749200,629
1616750100,784
1616751000,610
1616751900,955
1616752800,533
1616753700,969
1616754600,910
1616755500,447
1616756400,297
1616757300,339
1616758200,273
1616759100,574
1616760000,809
1616760900,565
1616761800,497
1616762700,483
1616763600,366
1616764500,293
1616765400,293
1616766300,351
1616767200,243
1616768100,211
1616769000,218
1616769900,196
1616770800,210
1616771700,1234
1616772600,796
1616773500,749
1616774400,758
1616775300,407
1616776200,286
1616777100,325
1616778000,320
1616778900,296
1616779800,258
1616780700,234
1616781600,448
1616782500,348
1616783400,337
1616784300,385
1616785200,381
1616786100,335
1616787000,318
1616787900,323
1616788800,302
1616789700,307
1616790600,321
1616791500,354
1616792400,336
1616793300,210
1616794200,204
1616795100,221
1616796000,225
1616796900,223
1616797800,217
1616798700,198
1616799600,171
1616800500,172
1616801400,154
1616802300,186
1616803200,177
1616804100,161
1616805000,173
1616805900,167
1616806800,181
1616807700,169
1616808600,163
1616809500,209
1616810400,172
1616811300,162
1616812200,182
1616813100,174
1616814000,174
1616814900,156
1616815800,231
1616816700,184
1616817600,178
1616818500,155
1616819400,148
1616820300,168
1616821200,156
1616822100,187
1616823000,235
1616823900,239
1616824800,210
1616825700,216
1616826600,201
1616827500,230
1616828400,568
1616829300,771
1616830200,557
1616831100,522
1616832000,232
1616832900,255
1616833800,233
1616834700,409
1616835600,376
1616836500,348
1616837400,310
1616838300,269
1616839200,412
1616840100,721
1616841000,658
1616841900,414
1616842800,346
1616843700,265
1616844600,371
1616845500,823
1616846400,550
1616847300,476
1616848200,371
1616849100,565
1616850000,535
1616850900,265
1616851800,201
1616852700,202
1616853600,338
1616854500,320
1616855400,349
1616856300,296
1616857200,410
1616858100,426
1616859000,247
1616859900,209
1616860800,212
1616861700,219
1616862600,222
1616863500,241
1616864400,249
1616865300,295
1616866200,292
1616867100,250
1616868000,307
1616868900,179
1616869800,176
1616870700,171
1616871600,238
1616872500,314
1616873400,292
1616874300,298
1616875200,271
1616876100,214
1616877000,215
1616877900,248
1616878800,190
1616879700,147
1616880600,165
1616881500,167
1616882400,162
1616883300,252
1616884200,223
1616885100,223
1616886000,205
1616886900,303
1616887800,231
1616888700,191
1616889600,163
1616890500,171
1616891400,199
1616892300,168
1616893200,178
1616894100,229
1616895000,218
1616895900,224
1616896800,164
1616897700,175
1616898600,184
1616899500,153
1616900400,174
1616901300,174
1616902200,201
1616903100,152
1616904000,139
1616904900,157
1616905800,139
1616906700,178
1616907600,140
1616908500,178
1616909400,190
1616910300,183
1616911200,180
1616912100,201
1616913000,276
1616913900,212
1616914800,607
1616915700,530
1616916600,334
1616917500,409
1616918400,267
1616919300,364
1616920200,338
1616921100,332
1616922000,400
1616922900,302
1616923800,309
1616924700,269
1616925600,318
1616926500,311
1616927400,278
1616928300,250
1616929200,258
1616930100,323
1616931000,242
1616931900,672
1616932800,311
1616933700,266
1616934600,235
1616935500,222
1616936400,234
1616937300,279
1616938200,258
1616939100,240
1616940000,181
1616940900,183
1616941800,175
1616942700,172
1616943600,176
1616944500,212
1616945400,768
1616946300,508
1616947200,325
1616948100,247
1616949000,200
1616949900,269
1616950800,291
1616951700,289
1616952600,309
1616953500,297
1616954400,400
1616955300,549
1616956200,569
1616957100,388
1616958000,366
1616958900,337
1616959800,321
1616960700,364
1616961600,345
1616962500,263
1616963400,264
1616964300,207
1616965200,190
1616966100,169
1616967000,146
1616967900,157
1616968800,166
1616969700,156
1616970600,168
1616971500,144
1616972400,155
1616973300,158
1616974200,139
1616975100,161
1616976000,165
1616976900,139
1616977800,168
1616978700,174
1616979600,204
1616980500,233
1616981400,205
1616982300,187
1616983200,174
1616984100,162
1616985000,175
1616985900,177
1616986800,175
1616987700,162
1616988600,155
1616989500,227
1616990400,312
1616991300,328
1616992200,218
1616993100,238
1616994000,264
1616994900,162
1616995800,241
1616996700,200
1616997600,189
1616998500,221
1616999400,217
1617000300,206
1617001200,205
1617002100,192
1617003000,300
1617003900,348
1617004800,365
1617005700,352
1617006600,441
1617007500,489
1617008400,471
1617009300,392
1617010200,342
1617011100,384
1617012000,422
1617012900,389
1617013800,235
1617014700,399
1617015600,406
1617016500,507
1617017400,441
1617018300,405
1617019200,414
1617020100,339
1617021000,339
1617021900,344
1617022800,475
1617023700,381
1617024600,349
1617025500,250
1617026400,183
1617027300,515
1617028200,175
1617029100,184
1617030000,316
1617030900,234
1617031800,303
1617032700,268
1617033600,257
1617034500,176
1617035400,284
1617036300,265
1617037200,239
1617038100,264
1617039000,316
1617039900,355
1617040800,416
1617041700,358
1617042600,424
1617043500,478
1617044400,304
1617045300,278
1617046200,284
1617047100,294
1617048000,303
1617048900,233
1617049800,177
1617050700,165
1617051600,166
1617052500,149
1617053400,165
1617054300,241
1617055200,154
1617056100,159
1617057000,169
1617057900,160
1617058800,166
1617059700,162
1617060600,174
1617061500,168
1617062400,185
1617063300,225
1617064200,218
1617065100,226
1617066000,178
1617066900,192
1617067800,215
1617068700,178
1617069600,218
1617070500,164
1617071400,152
1617072300,148
1617073200,138
1617074100,143
1617075000,158
1617075900,207
1617076800,422
1617077700,261
1617078600,270
1617079500,167
1617080400,200
1617081300,170
1617082200,185
1617083100,593
1617084000,793
1617084900,202
1617085800,259
1617086700,309
1617087600,747
1617088500,343
1617089400,179
1617090300,143
1617091200,160
1617092100,144
1617093000,166
1617093900,331
1617094800,189
1617095700,232
1617096600,326
1617097500,218
1617098400,170
1617099300,255
1617100200,205
1617101100,178
1617102000,207
1617102900,491
1617103800,708
1617104700,412
1617105600,236
1617106500,275
1617107400,216
1617108300,188
1617109200,200
1617110100,252
1617111000,278
1617111900,280
1617112800,441
1617113700,594
1617114600,227
1617115500,151
1617116400,216
1617117300,257
1617118200,249
1617119100,354
1617120000,884
1617120900,384
1617121800,350
1617122700,216
1617123600,698
1617124500,899
1617125400,801
1617126300,749
1617127200,731
1617128100,387
1617129000,532
1617129900,483
1617130800,380
1617131700,361
1617132600,315
1617133500,305
1617134400,381
1617135300,318
1617136200,301
1617137100,183
1617138000,170
1617138900,181
1617139800,165
1617140700,157
1617141600,186
1617142500,174
1617143400,154
1617144300,183
1617145200,173
1617146100,175
1617147000,161
1617147900,172
1617148800,197
1617149700,163
1617150600,155
1617151500,146
1617152400,161
1617153300,150
1617154200,172
1617155100,182
1617156000,152
1617156900,177
1617157800,196
1617158700,224
1617159600,231
1617160500,173
1617161400,172
1617162300,203
1617163200,322
1617164100,326
1617165000,229
1617165900,256
1617166800,237
1617167700,266
1617168600,205
1617169500,234
1617170400,222
1617171300,366
1617172200,695
1617173100,1151
1617174000,584
1617174900,564
1617175800,355
1617176700,383
1617177600,318
1617178500,499
1617179400,563
1617180300,344
1617181200,1014
1617182100,824
1617183000,753
1617183900,519
1617184800,266
1617185700,313
1617186600,288
1617187500,526
1617188400,1063
1617189300,803
1617190200,849
1617191100,556
1617192000,239
1617192900,327
1617193800,275
1617194700,476
1617195600,452
1617196500,464
1617197400,309
1617198300,240
1617199200,207
1617200100,306
1617201000,256
1617201900,564
1617202800,191
1617203700,206
1617204600,306
1617205500,287
1617206400,237
1617207300,227
1617208200,227
1617209100,241
1617210000,271
1617210900,415
1617211800,337
1617212700,371
1617213600,398
1617214500,361
1617215400,370
1617216300,405
1617217200,384
1617218100,438
1617219000,357
1617219900,322
1617220800,299
1617221700,320
1617222600,304
1617223500,217
1617224400,248
1617225300,149
1617226200,153
1617227100,153
1617228000,140
1617228900,255
1617229800,297
1617230700,192
1617231600,219
1617232500,246
1617233400,223
1617234300,198
1617235200,149
1617236100,135
1617237000,137
1617237900,144
1617238800,141
1617239700,139
1617240600,143
1617241500,143
1617242400,151
1617243300,146
1617244200,141
1617245100,157
1617246000,147
1617246900,162
1617247800,156
1617248700,206
1617249600,374
1617250500,488
1617251400,277
1617252300,323
1617253200,226
1617254100,251
1617255000,221
1617255900,385
1617256800,316
1617257700,314
1617258600,266
1617259500,226
1617260400,231
1617261300,218
1617262200,301
1617263100,231
1617264000,205
1617264900,285
1617265800,274
1617266700,460
1617267600,330
1617268500,351
1617269400,898
1617270300,923
1617271200,830
1617272100,362
1617273000,353
1617273900,322
1617274800,319
1617275700,147
1617276600,259
1617277500,443
1617278400,705
1617279300,366
1617280200,175
1617281100,174
1617282000,214
1617282900,305
1617283800,334
1617284700,199
1617285600,362
1617286500,995
1617287400,415
1617288300,406
1617289200,372
1617290100,371
1617291000,329
1617291900,346
1617292800,382
1617293700,329
1617294600,327
1617295500,319
1617296400,338
1617297300,326
1617298200,402
1617299100,451
1617300000,528
1617300900,416
1617301800,544
1617302700,432
1617303600,445
1617304500,397
1617305400,379
1617306300,348
1617307200,383
1617308100,414
1617309000,314
1617309900,342
1617310800,272
1617311700,187
1617312600,169
1617313500,145
1617314400,171
1617315300,229
1617316200,186
1617317100,210
1617318000,215
1617318900,176
1617319800,144
1617320700,140
1617321600,152
1617322500,146
1617323400,130
1617324300,143
1617325200,140
1617326100,141
1617327000,152
1617327900,131
1617328800,158
1617329700,181
1617330600,199
1617331500,186
1617332400,202
1617333300,177
1617334200,141
1617335100,135
1617336000,157
1617336900,141
1617337800,165
1617338700,145
1617339600,149
1617340500,165
1617341400,180
1617342300,269
1617343200,357
1617344100,298
1617345000,391
1617345900,467
1617346800,371
1617347700,253
1617348600,643
1617349500,921
1617350400,522
1617351300,609
1617352200,658
1617353100,1370
1617354000,693
1617354900,395
1617355800,276
1617356700,361
1617357600,416
1617358500,649
1617359400,487
1617360300,259
1617361200,262
1617362100,228
1617363000,214
1617363900,197
1617364800,214
1617365700,206
1617366600,220
1617367500,231
1617368400,209
1617369300,187
1617370200,226
1617371100,271
1617372000,213
1617372900,222
1617373800,221
1617374700,224
1617375600,243
1617376500,294
1617377400,384
1617378300,301
1617379200,276
1617380100,661
1617381000,764
1617381900,635
1617382800,338
1617383700,245
1617384600,290
1617385500,247
1617386400,430
1617387300,871
1617388200,780
1617389100,660
1617390000,561
1617390900,589
1617391800,593
1617392700,701
1617393600,556
1617394500,322
1617395400,353
1617396300,261
1617397200,197
1617398100,187
1617399000,184
1617399900,149
1617400800,125
1617401700,116
1617402600,138
1617403500,142
1617404400,140
1617405300,181
1617406200,186
1617407100,178
1617408000,170
1617408900,122
1617409800,126
1617410700,120
1617411600,111
1617412500,118
1617413400,130
1617414300,128
1617415200,121
1617416100,135
1617417000,120
1617417900,114
1617418800,128
1617419700,128
1617420600,189
1617421500,186
1617422400,184
1617423300,160
1617424200,129
1617425100,129
1617426000,137
1617426900,198
1617427800,257
1617428700,170
1617429600,178
1617430500,225
1617431400,180
1617432300,199
1617433200,337
1617434100,496
1617435000,225
1617435900,266
1617436800,527
1617437700,512
1617438600,421
1617439500,392
1617440400,478
1617441300,488
1617442200,694
1617443100,617
1617444000,919
1617444900,784
1617445800,453
1617446700,476
1617447600,305
1617448500,331
1617449400,392
1617450300,271
1617451200,736
1617452100,636
1617453000,282
1617453900,258
1617454800,272
1617455700,310
1617456600,363
1617457500,344
1617458400,964
1617459300,391
1617460200,373
1617461100,939
1617462000,1021
1617462900,1429
1617463800,888
1617464700,329
1617465600,247
1617466500,242
1617467400,343
1617468300,439
1617469200,941
1617470100,488
1617471000,269
1617471900,296
1617472800,300
1617473700,359
1617474600,360
1617475500,311
1617476400,293
1617477300,269
1617478200,302
1617479100,255
1617480000,283
1617480900,253
1617481800,235
1617482700,403
1617483600,429
1617484500,282
1617485400,333
1617486300,269
1617487200,232
1617488100,243
1617489000,244
1617489900,335
1617490800,183
1617491700,133
1617492600,134
1617493500,147
1617494400,170
1617495300,160
1617496200,149
1617497100,132
1617498000,124
1617498900,119
1617499800,121
1617500700,138
1617501600,234
1617502500,175
1617503400,162
1617504300,113
1617505200,159
1617506100,162
1617507000,144
1617507900,159
1617508800,153
1617509700,136
1617510600,121
1617511500,138
1617512400,123
1617513300,119
1617514200,167
1617515100,198
1617516000,224
1617516900,716
1617517800,608
1617518700,392
1617519600,282
1617520500,369
1617521400,262
1617522300,716
1617523200,371
1617524100,289
1617525000,276
1617525900,496
1617526800,812
1617527700,374
1617528600,316
1617529500,300
1617530400,330
1617531300,340
1617532200,367
1617533100,319
1617534000,270
1617534900,250
1617535800,243
1617536700,364
1617537600,235
1617538500,204
1617539400,202
1617540300,303
1617541200,280
1617542100,280
1617543000,411
1617543900,340
1617544800,371
1617545700,357
1617546600,336
1617547500,848
1617548400,626
1617549300,583
1617550200,590
1617551100,295
1617552000,303
1617552900,294
1617553800,243
1617554700,254
1617555600,249
1617556500,270
1617557400,273
1617558300,256
1617559200,281
1617560100,304
1617561000,264
1617561900,273
1617562800,331
1617563700,269
1617564600,264
1617565500,271
1617566400,297
1617567300,265
1617568200,280
1617569100,308
1617570000,345
1617570900,412
1617571800,218
1617572700,241
1617573600,245
1617574500,259
1617575400,253
1617576300,201
1617577200,191
1617578100,143
1617579000,136
1617579900,130
1617580800,161
1617581700,146
1617582600,178
1617583500,154
1617584400,125
1617585300,117
1617586200,110
1617587100,129
1617588000,132
1617588900,118
1617589800,113
1617590700,115
1617591600,149
1617592500,169
1617593400,211
1617594300,202
1617595200,203
1617596100,158
1617597000,134
1617597900,133
1617598800,123
1617599700,139
1617600600,178
1617601500,135
1617602400,142
1617603300,148
1617604200,161
1617605100,245
1617606000,659
1617606900,299
1617607800,245
1617608700,259
1617609600,963
1617610500,563
1617611400,636
1617612300,531
1617613200,623
1617614100,856
1617615000,781
1617615900,476
1617616800,267
1617617700,357
1617618600,359
1617619500,238
1617620400,232
1617621300,572
1617622200,771
1617623100,368
1617624000,381
1617624900,334
1617625800,665
1617626700,598
1617627600,385
1617628500,371
1617629400,348
1617630300,303
1617631200,301
1617632100,391
1617633000,373
1617633900,363
1617634800,351
1617635700,344
1617636600,355
1617637500,588
1617638400,702
1617639300,380
1617640200,493
1617641100,502
1617642000,382
1617642900,444
1617643800,442
1617644700,408
1617645600,500
1617646500,433
1617647400,532
1617648300,496
1617649200,449
1617650100,401
1617651000,358
1617651900,384
1617652800,395
1617653700,356
1617654600,278
1617655500,246
1617656400,226
1617657300,218
1617658200,250
1617659100,240
1617660000,186
1617660900,144
1617661800,170
1617662700,179
1617663600,169
1617664500,205
1617665400,208
1617666300,208
1617667200,154
1617668100,136
1617669000,217
1617669900,160
1617670800,154
1617671700,139
1617672600,163
1617673500,147
1617674400,156
1617675300,146
1617676200,144
1617677100,172
1617678000,188
1617678900,190
1617679800,168
1617680700,185
1617681600,421
1617682500,288
1617683400,238
1617684300,148
1617685200,219
1617686100,137
1617687000,199
1617687900,169
1617688800,371
1617689700,344
1617690600,363
1617691500,248
1617692400,209
1617693300,211
1617694200,185
1617695100,214
1617696000,269
1617696900,169
1617697800,230
1617698700,204
1617699600,185
1617700500,258
1617701400,330
1617702300,457
1617703200,430
1617704100,266
1617705000,242
1617705900,254
1617706800,411
1617707700,459
1617708600,426
1617709500,850
1617710400,575
1617711300,287
1617712200,266
1617713100,282
1617714000,390
1617714900,229
1617715800,278
1617716700,206
1617717600,233
1617718500,172
1617719400,583
1617720300,710
1617721200,639
1617722100,230
1617723000,262
1617723900,231
1617724800,364
1617725700,465
1617726600,230
1617727500,257
1617728400,406
1617729300,1059
1617730200,537
1617731100,279
1617732000,288
1617732900,663
1617733800,518
1617734700,214
1617735600,219
1617736500,222
1617737400,222
1617738300,259
1617739200,198
1617740100,171
1617741000,333
1617741900,252
1617742800,281
1617743700,179
1617744600,160
1617745500,145
1617746400,159
1617747300,164
1617748200,207
1617749100,203
1617750000,214
1617750900,172
1617751800,154
1617752700,161
1617753600,181
1617754500,164
1617755400,140
1617756300,163
1617757200,155
1617758100,165
1617759000,178
1617759900,153
1617760800,205
1617761700,206
1617762600,259
1617763500,163
1617764400,153
1617765300,145
1617766200,151
1617767100,189
1617768000,335
1617768900,319
1617769800,259
1617770700,274
1617771600,357
1617772500,697
1617773400,360
1617774300,293
1617775200,282
1617776100,288
1617777000,185
1617777900,201
1617778800,191
1617779700,181
1617780600,159
1617781500,188
1617782400,316
1617783300,334
1617784200,251
1617785100,304
1617786000,305
1617786900,265
1617787800,200
1617788700,362
1617789600,235
1617790500,223
1617791400,201
1617792300,222
1617793200,256
1617794100,203
1617795000,253
1617795900,278
1617796800,294
1617797700,589
1617798600,547
1617799500,217
1617800400,174
1617801300,189
1617802200,258
1617803100,209
1617804000,193
1617804900,195
1617805800,204
1617806700,224
1617807600,307
1617808500,237
1617809400,498
1617810300,205
1617811200,187
1617812100,197
1617813000,239
1617813900,245
1617814800,245
1617815700,213
1617816600,230
1617817500,283
1617818400,366
1617819300,384
1617820200,435
1617821100,393
1617822000,365
1617822900,279
1617823800,329
1617824700,275
1617825600,209
1617826500,217
1617827400,254
1617828300,189
1617829200,145
1617830100,156
1617831000,158
1617831900,159
1617832800,171
1617833700,152
1617834600,142
1617835500,161
1617836400,164
1617837300,163
1617838200,160
1617839100,198
1617840000,242
1617840900,198
1617841800,207
1617842700,212
1617843600,148
1617844500,151
1617845400,161
1617846300,157
1617847200,164
1617848100,222
1617849000,167
1617849900,136
1617850800,143
1617851700,136
1617852600,145
1617853500,184
1617854400,285
1617855300,336
1617856200,212
1617857100,266
1617858000,596
1617858900,665
1617859800,569
1617860700,276
1617861600,252
1617862500,211
1617863400,231
1617864300,407
1617865200,251
1617866100,227
1617867000,213
1617867900,201
1617868800,190
1617869700,252
1617870600,255
1617871500,176
1617872400,241
1617873300,232
1617874200,206
1617875100,480
1617876000,255
1617876900,215
1617877800,195
1617878700,202
1617879600,186
1617880500,199
1617881400,186
1617882300,341
1617883200,241
1617884100,263
1617885000,204
1617885900,151
1617886800,169
1617887700,151
1617888600,262
1617889500,235
1617890400,167
1617891300,305
1617892200,248
1617893100,172
1617894000,275
1617894900,611
1617895800,271
1617896700,208
1617897600,195
1617898500,201
1617899400,341
1617900300,291
1617901200,264
1617902100,293
1617903000,322
1617903900,287
1617904800,305
1617905700,397
1617906600,427
1617907500,356
1617908400,335
1617909300,315
1617910200,297
1617911100,299
1617912000,279
1617912900,227
1617913800,201
1617914700,147
1617915600,160
1617916500,156
1617917400,238
1617918300,209
1617919200,157
1617920100,222
1617921000,212
1617921900,227
1617922800,195
1617923700,178
1617924600,165
1617925500,167
1617926400,169
1617927300,177
1617928200,175
1617929100,160
1617930000,151
1617930900,163
1617931800,169
1617932700,167
1617933600,222
1617934500,160
1617935400,155
1617936300,161
1617937200,137
1617938100,158
1617939000,154
1617939900,223
1617940800,370
1617941700,193
1617942600,191
1617943500,308
1617944400,217
1617945300,268
1617946200,262
1617947100,673
1617948000,327
1617948900,238
1617949800,199
1617950700,391
1617951600,210
1617952500,223
1617953400,227
1617954300,650
1617955200,255
1617956100,257
1617957000,269
1617957900,304
1617958800,294
1617959700,266
1617960600,217
1617961500,214
1617962400,178
1617963300,199
1617964200,245
1617965100,300
1617966000,367
1617966900,357
1617967800,258
1617968700,264
1617969600,386
1617970500,224
1617971400,355
1617972300,255
1617973200,282
1617974100,293
1617975000,336
1617975900,353
1617976800,729
1617977700,385
1617978600,325
1617979500,281
1617980400,536
1617981300,663
1617982200,670
1617983100,418
1617984000,357
1617984900,353
1617985800,354
1617986700,354
1617987600,258
1617988500,198
1617989400,216
1617990300,427
1617991200,926
1617992100,1050
1617993000,493
1617993900,414
1617994800,370
1617995700,382
1617996600,354
1617997500,334
1617998400,315
1617999300,282
1618000200,281
1618001100,344
1618002000,295
1618002900,372
1618003800,312
1618004700,172
1618005600,203
1618006500,152
1618007400,155
1618008300,158
1618009200,176
1618010100,188
1618011000,225
1618011900,215
1618012800,214
1618013700,163
1618014600,161
1618015500,180
1618016400,179
1618017300,151
1618018200,166
1618019100,163
1618020000,166
1618020900,211
1618021800,186
1618022700,170
1618023600,173
1618024500,142
1618025400,148
1618026300,145
1618027200,186
1618028100,151
1618029000,205
1618029900,212
1618030800,216
1618031700,209
1618032600,170
1618033500,245
1618034400,166
1618035300,285
1618036200,272
1618037100,170
1618038000,186
1618038900,171
1618039800,811
1618040700,371
1618041600,308
1618042500,259
1618043400,311
1618044300,784
1618045200,900
1618046100,828
1618047000,924
1618047900,781
1618048800,424
1618049700,660
1618050600,736
1618051500,431
1618052400,423
1618053300,609
1618054200,425
1618055100,570
1618056000,457
1618056900,443
1618057800,849
1618058700,811
1618059600,324
1618060500,415
1618061400,347
1618062300,313
1618063200,312
1618064100,350
1618065000,330
1618065900,354
1618066800,280
1618067700,804
1618068600,775
1618069500,747
1618070400,719
1618071300,503
1618072200,512
1618073100,306
1618074000,476
1618074900,379
1618075800,406
1618076700,584
1618077600,578
1618078500,494
1618079400,458
1618080300,376
1618081200,900
1618082100,574
1618083000,337
1618083900,357
1618084800,389
1618085700,325
1618086600,327
1618087500,356
1618088400,388
1618089300,269
1618090200,199
1618091100,182
1618092000,189
1618092900,201
1618093800,221
1618094700,193
1618095600,180
1618096500,224
1618097400,219
1618098300,237
1618099200,368
1618100100,176
1618101000,176
1618101900,167
1618102800,176
1618103700,176
1618104600,172
1618105500,169
1618106400,177
1618107300,173
1618108200,209
1618109100,209
1618110000,237
1618110900,227
1618111800,187
1618112700,151
1618113600,198
1618114500,189
1618115400,168
1618116300,158
1618117200,148
1618118100,158
1618119000,160
1618119900,168
1618120800,220
1618121700,232
1618122600,247
1618123500,246
1618124400,219
1618125300,398
1618126200,628
1618127100,288
1618128000,301
1618128900,316
1618129800,429
1618130700,380
1618131600,379
1618132500,292
1618133400,207
1618134300,277
1618135200,237
1618136100,401
1618137000,445
1618137900,346
1618138800,340
1618139700,263
1618140600,160
1618141500,163
1618142400,157
1618143300,189
1618144200,170
1618145100,238
1618146000,619
1618146900,539
1618147800,443
1618148700,488
1618149600,450
1618150500,621
1618151400,353
1618152300,249
1618153200,262
1618154100,326
1618155000,747
1618155900,554
1618156800,460
1618157700,256
1618158600,254
1618159500,240
1618160400,253
1618161300,355
1618162200,443
1618163100,414
1618164000,389
1618164900,377
1618165800,308
1618166700,378
1618167600,364
1618168500,329
1618169400,341
1618170300,304
1618171200,276
1618172100,352
1618173000,224
1618173900,175
1618174800,145
1618175700,147
1618176600,157
1618177500,151
1618178400,149
1618179300,231
1618180200,206
1618181100,214
1618182000,211
1618182900,166
1618183800,154
1618184700,180
1618185600,175
1618186500,154
1618187400,172
1618188300,159
1618189200,175
1618190100,162
1618191000,164
1618191900,177
1618192800,177
1618193700,211
1618194600,168
1618195500,175
1618196400,176
1618197300,156
1618198200,187
1618199100,262
1618200000,395
1618200900,349
1618201800,233
1618202700,173
1618203600,170
1618204500,163
1618205400,212
1618206300,178
1618207200,247
1618208100,140
1618209000,167
1618209900,170
1618210800,185
1618211700,159
1618212600,171
1618213500,219
1618214400,204
1618215300,255
1618216200,323
1618217100,394
1618218000,340
1618218900,228
1618219800,212
1618220700,296
1618221600,189
1618222500,186
1618223400,190
1618224300,202
1618225200,198
1618226100,194
1618227000,202
1618227900,171
1618228800,295
1618229700,252
1618230600,267
1618231500,232
1618232400,216
1618233300,217
1618234200,218
1618235100,204
1618236000,228
1618236900,208
1618237800,209
1618238700,208
1618239600,248
1618240500,213
1618241400,244
1618242300,225
1618243200,260
1618244100,269
1618245000,283
1618245900,671
1618246800,468
1618247700,452
1618248600,464
1618249500,441
1618250400,534
1618251300,477
1618252200,460
1618253100,371
1618254000,341
1618254900,324
1618255800,364
1618256700,335
1618257600,290
1618258500,297
1618259400,186
1618260300,148
1618261200,139
1618262100,125
1618263000,119
1618263900,134
1618264800,125
1618265700,125
1618266600,195
1618267500,196
1618268400,177
1618269300,153
1618270200,146
1618271100,120
1618272000,161
1618272900,150
1618273800,154
1618274700,132
1618275600,135
1618276500,147
1618277400,153
1618278300,126
1618279200,222
1618280100,212
1618281000,206
1618281900,199
1618282800,187
1618283700,142
1618284600,145
1618285500,191
1618286400,308
1618287300,362
1618288200,185
1618289100,222
1618290000,165
1618290900,228
1618291800,191
1618292700,222
1618293600,219
1618294500,207
1618295400,158
1618296300,192
1618297200,269
1618298100,284
1618299000,292
1618299900,226
1618300800,202
1618301700,152
1618302600,174
1618303500,169
1618304400,182
1618305300,210
1618306200,236
1618307100,345
1618308000,398
1618308900,199
1618309800,184
1618310700,179
1618311600,198
1618312500,209
1618313400,207
1618314300,189
1618315200,184
1618316100,190
1618317000,199
1618317900,183
1618318800,260
1618319700,281
1618320600,191
1618321500,206
1618322400,186
1618323300,163
1618324200,176
1618325100,178
1618326000,556
1618326900,307
1618327800,396
1618328700,440
1618329600,480
1618330500,326
1618331400,353
1618332300,227
1618333200,274
1618334100,325
1618335000,303
1618335900,274
1618336800,240
1618337700,302
1618338600,346
1618339500,347
1618340400,299
1618341300,317
1618342200,441
1618343100,315
1618344000,303
1618344900,286
1618345800,315
1618346700,190
1618347600,172
1618348500,145
1618349400,162
1618350300,169
1618351200,241
1618352100,292
1618353000,227
1618353900,210
1618354800,210
1618355700,163
1618356600,143
1618357500,168
1618358400,168
1618359300,154
1618360200,156
1618361100,155
1618362000,159
1618362900,255
1618363800,446
1618364700,169
1618365600,383
1618366500,172
1618367400,155
1618368300,164
1618369200,180
1618370100,167
1618371000,217
1618371900,240
1618372800,346
1618373700,313
1618374600,209
1618375500,195
1618376400,211
1618377300,221
1618378200,220
1618379100,179
1618380000,213
1618380900,191
1618381800,155
1618382700,159
1618383600,185
1618384500,323
1618385400,175
1618386300,238
1618387200,398
1618388100,203
1618389000,174
1618389900,192
1618390800,216
1618391700,244
1618392600,316
1618393500,498
1618394400,393
1618395300,316
1618396200,275
1618397100,271
1618398000,263
1618398900,256
1618399800,274
1618400700,408
1618401600,321
1618402500,264
1618403400,251
1618404300,263
1618405200,254
1618406100,219
1618407000,284
1618407900,395
1618408800,294
1618409700,221
1618410600,249
1618411500,260
1618412400,352
1618413300,624
1618414200,277
1618415100,277
1618416000,333
1618416900,702
1618417800,601
1618418700,390
1618419600,420
1618420500,410
1618421400,410
1618422300,415
1618423200,380
1618424100,342
1618425000,442
1618425900,410
1618426800,381
1618427700,363
1618428600,339
1618429500,269
1618430400,228
1618431300,213
1618432200,154
1618433100,147
1618434000,143
1618434900,128
1618435800,132
1618436700,143
1618437600,153
1618438500,207
1618439400,177
1618440300,203
1618441200,182
1618442100,154
1618443000,145
1618443900,161
1618444800,157
1618445700,138
1618446600,147
1618447500,150
1618448400,160
1618449300,156
1618450200,144
1618451100,156
1618452000,228
1618452900,181
1618453800,206
1618454700,204
1618455600,195
1618456500,155
1618457400,164
1618458300,199
1618459200,265
1618460100,191
1618461000,221
1618461900,247
1618462800,215
1618463700,223
1618464600,240
1618465500,166
1618466400,132
1618467300,139
1618468200,158
1618469100,147
1618470000,174
1618470900,149
1618471800,134
1618472700,142
1618473600,279
1618474500,247
1618475400,373
1618476300,402
1618477200,225
1618478100,305
1618479000,241
1618479900,220
1618480800,221
1618481700,193
1618482600,232
1618483500,426
1618484400,312
1618485300,264
1618486200,241
1618487100,200
1618488000,218
1618488900,239
1618489800,250
1618490700,248
1618491600,196
1618492500,187
1618493400,221
1618494300,311
1618495200,231
1618496100,514
1618497000,429
1618497900,249
1618498800,211
1618499700,214
1618500600,311
1618501500,290
1618502400,195
1618503300,275
1618504200,300
1618505100,260
1618506000,254
1618506900,206
1618507800,255
1618508700,337
1618509600,442
1618510500,419
1618511400,414
1618512300,359
1618513200,313
1618514100,257
1618515000,311
1618515900,263
1618516800,232
1618517700,230
1618518600,161
1618519500,152
1618520400,158
1618521300,127
1618522200,133
1618523100,146
1618524000,153
1618524900,173
1618525800,183
1618526700,201
1618527600,219
1618528500,120
1618529400,132
1618530300,143
1618531200,124
1618532100,136
1618533000,121
1618533900,130
1618534800,147
1618535700,181
1618536600,149
1618537500,143
1618538400,208
1618539300,146
1618540200,194
1618541100,198
1618542000,192
1618542900,187
1618543800,142
1618544700,153
1618545600,200
1618546500,195
1618547400,261
1618548300,317
1618549200,223
1618550100,346
1618551000,271
1618551900,239
1618552800,211
1618553700,173
1618554600,165
1618555500,193
1618556400,203
1618557300,201
1618558200,185
1618559100,222
1618560000,281
1618560900,454
1618561800,347
1618562700,250
1618563600,352
1618564500,561
1618565400,268
1618566300,250
1618567200,197
1618568100,287
1618569000,196
1618569900,241
1618570800,273
1618571700,226
1618572600,226
1618573500,240
1618574400,333
1618575300,354
1618576200,308
1618577100,309
1618578000,292
1618578900,374
1618579800,298
1618580700,244
1618581600,402
1618582500,395
1618583400,474
1618584300,429
1618585200,237
1618586100,673
1618587000,486
1618587900,864
1618588800,259
1618589700,182
1618590600,179
1618591500,187
1618592400,165
1618593300,210
1618594200,210
1618595100,254
1618596000,312
1618596900,350
1618597800,353
1618598700,326
1618599600,331
1618600500,301
1618601400,287
1618602300,312
1618603200,240
1618604100,316
1618605000,303
1618605900,275
1618606800,377
1618607700,350
1618608600,187
1618609500,152
1618610400,172
1618611300,168
1618612200,195
1618613100,199
1618614000,223
1618614900,206
1618615800,155
1618616700,183
1618617600,158
1618618500,165
1618619400,154
1618620300,150
1618621200,156
1618622100,176
1618623000,159
1618623900,144
1618624800,151
1618625700,155
1618626600,213
1618627500,155
1618628400,165
1618629300,200
1618630200,204
1618631100,183
1618632000,203
1618632900,179
1618633800,156
1618634700,154
1618635600,159
1618636500,275
1618637400,158
1618638300,213
1618639200,359
1618640100,846
1618641000,767
1618641900,307
1618642800,345
1618643700,265
1618644600,334
1618645500,470
1618646400,1049
1618647300,620
1618648200,666
1618649100,1054
1618650000,332
1618650900,700
1618651800,720
1618652700,329
1618653600,590
1618654500,226
1618655400,207
1618656300,319
1618657200,206
1618658100,248
1618659000,229
1618659900,255
1618660800,304
1618661700,404
1618662600,383
1618663500,362
1618664400,329
1618665300,929
1618666200,749
1618667100,343
1618668000,643
1618668900,326
1618669800,293
1618670700,296
1618671600,334
1618672500,428
1618673400,354
1618674300,313
1618675200,819
1618676100,811
1618677000,724
1618677900,552
1618678800,297
1618679700,275
1618680600,199
1618681500,151
1618682400,124
1618683300,119
1618684200,126
1618685100,132
1618686000,139
1618686900,128
1618687800,219
1618688700,132
1618689600,122
1618690500,139
1618691400,409
1618692300,275
1618693200,249
1618694100,197
1618695000,174
1618695900,165
1618696800,165
1618697700,154
1618698600,146
1618699500,140
1618700400,187
1618701300,341
1618702200,203
1618703100,347
1618704000,253
1618704900,164
1618705800,159
1618706700,184
1618707600,153
1618708500,141
1618709400,147
1618710300,121
1618711200,132
1618712100,130
1618713000,130
1618713900,131
1618714800,134
1618715700,145
1618716600,187
1618717500,188
1618718400,167
1618719300,144
1618720200,145
1618721100,157
1618722000,144
1618722900,133
1618723800,161
1618724700,122
1618725600,143
1618726500,145
1618727400,588
1618728300,462
1618729200,269
1618730100,312
1618731000,303
1618731900,393
1618732800,450
1618733700,467
1618734600,352
1618735500,451
1618736400,432
1618737300,387
1618738200,682
1618739100,657
1618740000,279
1618740900,356
1618741800,327
1618742700,389
1618743600,436
1618744500,560
1618745400,165
1618746300,168
1618747200,177
1618748100,559
1618749000,480
1618749900,167
1618750800,260
1618751700,463
1618752600,311
1618753500,624
1618754400,284
1618755300,265
1618756200,208
1618757100,319
1618758000,683
1618758900,236
1618759800,256
1618760700,220
1618761600,269
1618762500,314
1618763400,235
1618764300,202
1618765200,311
1618766100,221
1618767000,427
1618767900,428
1618768800,384
1618769700,374
1618770600,353
1618771500,362
1618772400,389
1618773300,353
1618774200,416
1618775100,350
1618776000,308
1618776900,476
1618777800,317
1618778700,307
1618779600,308
1618780500,252
1618781400,272
1618782300,197
1618783200,168
1618784100,191
1618785000,197
1618785900,195
1618786800,177
1618787700,127
1618788600,152
1618789500,143
1618790400,131
1618791300,135
1618792200,148
1618793100,151
1618794000,144
1618794900,140
1618795800,134
1618796700,140
1618797600,153
1618798500,186
1618799400,134
1618800300,132
1618801200,137
1618802100,166
1618803000,173
1618803900,231
1618804800,288
1618805700,320
1618806600,190
1618807500,167
1618808400,190
1618809300,195
1618810200,222
1618811100,232
1618812000,217
1618812900,284
1618813800,249
1618814700,708
1618815600,750
1618816500,618
1618817400,372
1618818300,285
1618819200,263
1618820100,216
1618821000,237
1618821900,222
1618822800,190
1618823700,280
1618824600,373
1618825500,230
1618826400,182
1618827300,166
1618828200,167
1618829100,154
1618830000,160
1618830900,162
1618831800,168
1618832700,436
1618833600,313
1618834500,179
1618835400,155
1618836300,158
1618837200,178
1618838100,150
1618839000,174
1618839900,170
1618840800,165
1618841700,362
1618842600,406
1618843500,196
1618844400,239
1618845300,215
1618846200,222
1618847100,256
1618848000,266
1618848900,631
1618849800,251
1618850700,229
1618851600,213
1618852500,274
1618853400,284
1618854300,261
1618855200,262
1618856100,273
1618857000,284
1618857900,371
1618858800,353
1618859700,432
1618860600,366
1618861500,369
1618862400,379
1618863300,302
1618864200,265
1618865100,203
1618866000,154
1618866900,161
1618867800,149
1618868700,151
1618869600,126
1618870500,186
1618871400,191
1618872300,137
1618873200,157
1618874100,162
1618875000,135
1618875900,140
1618876800,122
1618877700,143
1618878600,146
1618879500,139
1618880400,152
1618881300,135
1618882200,144
1618883100,132
1618884000,163
1618884900,213
1618885800,141
1618886700,153
1618887600,130
1618888500,125
1618889400,116
1618890300,233
1618891200,233
1618892100,376
1618893000,193
1618893900,199
1618894800,180
1618895700,150
1618896600,142
1618897500,230
1618898400,163
1618899300,166
1618900200,313
1618901100,289
1618902000,295
1618902900,221
1618903800,238
1618904700,230
1618905600,294
1618906500,267
1618907400,230
1618908300,151
1618909200,145
1618910100,151
1618911000,153
1618911900,351
1618912800,188
1618913700,149
1618914600,154
1618915500,155
1618916400,146
1618917300,253
1618918200,302
1618919100,222
1618920000,239
1618920900,228
1618921800,178
1618922700,230
1618923600,352
1618924500,342
1618925400,326
1618926300,341
1618927200,325
1618928100,319
1618929000,304
1618929900,345
1618930800,285
1618931700,222
1618932600,224
1618933500,275
1618934400,238
1618935300,197
1618936200,243
1618937100,260
1618938000,264
1618938900,240
1618939800,217
1618940700,334
1618941600,270
1618942500,256
1618943400,376
1618944300,256
1618945200,317
1618946100,256
1618947000,252
1618947900,256
1618948800,249
1618949700,365
1618950600,244
1618951500,172
1618952400,210
1618953300,122
1618954200,123
1618955100,131
1618956000,145
1618956900,205
1618957800,226
1618958700,208
1618959600,146
1618960500,145
1618961400,139
1618962300,122
1618963200,145
1618964100,156
1618965000,151
1618965900,118
1618966800,144
1618967700,138
1618968600,140
1618969500,135
1618970400,153
1618971300,234
1618972200,161
1618973100,151
1618974000,206
1618974900,191
1618975800,172
1618976700,215
1618977600,218
1618978500,184
1618979400,366
1618980300,374
1618981200,211
1618982100,156
1618983000,136
1618983900,172
1618984800,152
1618985700,138
1618986600,141
1618987500,154
1618988400,199
1618989300,258
1618990200,228
1618991100,169
1618992000,148
1618992900,154
1618993800,142
1618994700,161
1618995600,137
1618996500,294
1618997400,249
1618998300,165
1618999200,202
1619000100,161
1619001000,159
1619001900,216
1619002800,204
1619003700,219
1619004600,172
1619005500,226
1619006400,167
1619007300,202
1619008200,190
1619009100,209
1619010000,193
1619010900,259
1619011800,273
1619012700,195
1619013600,201
1619014500,204
1619015400,189
1619016300,383
1619017200,632
1619018100,478
1619019000,473
1619019900,349
1619020800,783
1619021700,602
1619022600,226
1619023500,243
1619024400,261
1619025300,288
1619026200,256
1619027100,278
1619028000,267
1619028900,311
1619029800,337
1619030700,402
1619031600,422
1619032500,453
1619033400,476
1619034300,390
1619035200,349
1619036100,389
1619037000,320
1619037900,212
1619038800,154
1619039700,155
1619040600,150
1619041500,143
1619042400,152
1619043300,191
1619044200,186
1619045100,186
1619046000,166
1619046900,145
1619047800,153
1619048700,139
1619049600,144
1619050500,130
1619051400,121
1619052300,128
1619053200,124
1619054100,146
1619055000,136
1619055900,121
1619056800,177
1619057700,188
1619058600,238
1619059500,148
1619060400,152
1619061300,150
1619062200,161
1619063100,176
1619064000,220
1619064900,386
1619065800,224
1619066700,250
1619067600,395
1619068500,352
1619069400,225
1619070300,171
1619071200,173
1619072100,176
1619073000,162
1619073900,177
1619074800,158
1619075700,152
1619076600,168
1619077500,193
1619078400,192
1619079300,175
1619080200,184
1619081100,179
1619082000,204
1619082900,220
1619083800,195
1619084700,166
1619085600,361
1619086500,318
1619087400,380
1619088300,505
1619089200,485
1619090100,221
1619091000,187
1619091900,189
1619092800,715
1619093700,321
1619094600,218
1619095500,220
1619096400,213
1619097300,291
1619098200,252
1619099100,214
1619100000,239
1619100900,203
1619101800,194
1619102700,177
1619103600,276
1619104500,253
1619105400,180
1619106300,195
1619107200,214
1619108100,211
1619109000,280
1619109900,392
1619110800,416
1619111700,249
1619112600,221
1619113500,317
1619114400,633
1619115300,339
1619116200,402
1619117100,484
1619118000,376
1619118900,458
1619119800,384
1619120700,358
1619121600,380
1619122500,279
1619123400,327
1619124300,235
1619125200,181
1619126100,165
1619127000,154
1619127900,161
1619128800,177
1619129700,188
1619130600,208
1619131500,188
1619132400,191
1619133300,126
1619134200,143
1619135100,158
1619136000,157
1619136900,158
1619137800,169
1619138700,177
1619139600,133
1619140500,137
1619141400,130
1619142300,134
1619143200,132
1619144100,197
1619145000,140
1619145900,124
1619146800,147
1619147700,125
1619148600,148
1619149500,191
1619150400,211
1619151300,292
1619152200,203
1619153100,275
1619154000,178
1619154900,602
1619155800,348
1619156700,224
1619157600,231
1619158500,214
1619159400,228
1619160300,262
1619161200,728
1619162100,634
1619163000,259
1619163900,273
1619164800,271
1619165700,262
1619166600,229
1619167500,209
1619168400,234
1619169300,420
1619170200,424
1619171100,681
1619172000,439
1619172900,385
1619173800,270
1619174700,240
1619175600,207
1619176500,238
1619177400,425
1619178300,236
1619179200,257
1619180100,185
1619181000,548
1619181900,241
1619182800,266
1619183700,248
1619184600,247
1619185500,236
1619186400,235
1619187300,207
1619188200,210
1619189100,205
1619190000,206
1619190900,216
1619191800,220
1619192700,283
1619193600,215
1619194500,220
1619195400,209
1619196300,216
1619197200,234
1619198100,424
1619199000,282
1619199900,225
1619200800,239
1619201700,340
1619202600,255
1619203500,269
1619204400,255
1619205300,275
1619206200,297
1619207100,353
1619208000,272
1619208900,280
1619209800,318
1619210700,393
1619211600,325
1619212500,238
1619213400,184
1619214300,152
1619215200,150
1619216100,209
1619217000,200
1619217900,180
1619218800,187
1619219700,159
1619220600,158
1619221500,139
1619222400,218
1619223300,140
1619224200,130
1619225100,126
1619226000,139
1619226900,137
1619227800,125
1619228700,129
1619229600,120
1619230500,159
1619231400,188
1619232300,134
1619233200,139
1619234100,146
1619235000,151
1619235900,174
1619236800,186
1619237700,187
1619238600,148
1619239500,154
1619240400,161
1619241300,149
1619242200,135
1619243100,144
1619244000,228
1619244900,206
1619245800,195
1619246700,225
1619247600,297
1619248500,236
1619249400,606
1619250300,778
1619251200,432
1619252100,292
1619253000,245
1619253900,197
1619254800,187
1619255700,318
1619256600,392
1619257500,290
1619258400,434
1619259300,458
1619260200,462
1619261100,581
1619262000,271
1619262900,310
1619263800,798
1619264700,771
1619265600,622
1619266500,398
1619267400,362
1619268300,337
1619269200,742
1619270100,429
1619271000,208
1619271900,203
1619272800,292
1619273700,256
1619274600,216
1619275500,231
1619276400,219
1619277300,178
1619278200,171
1619279100,190
1619280000,187
1619280900,169
1619281800,188
1619282700,204
1619283600,156
1619284500,135
1619285400,140
1619286300,205
1619287200,237
1619288100,318
1619289000,335
1619289900,299
1619290800,302
1619291700,307
1619292600,321
1619293500,319
1619294400,306
1619295300,385
1619296200,341
1619297100,313
1619298000,286
1619298900,270
1619299800,228
1619300700,187
1619301600,174
1619302500,274
1619303400,201
1619304300,229
1619305200,252
1619306100,231
1619307000,220
1619307900,189
1619308800,157
1619309700,146
1619310600,171
1619311500,150
1619312400,136
1619313300,141
1619314200,133
1619315100,140
1619316000,146
1619316900,153
1619317800,155
1619318700,138
1619319600,144
1619320500,135
1619321400,167
1619322300,153
1619323200,162
1619324100,155
1619325000,152
1619325900,183
1619326800,196
1619327700,206
1619328600,183
1619329500,197
1619330400,210
1619331300,202
1619332200,237
1619333100,399
1619334000,450
1619334900,230
1619335800,264
1619336700,326
1619337600,216
1619338500,200
1619339400,179
1619340300,222
1619341200,162
1619342100,195
1619343000,220
1619343900,221
1619344800,846
1619345700,684
1619346600,490
1619347500,644
1619348400,202
1619349300,361
1619350200,191
1619351100,172
1619352000,182
1619352900,187
1619353800,181
1619354700,164
1619355600,146
1619356500,179
1619357400,233
1619358300,228
1619359200,180
1619360100,162
1619361000,147
1619361900,170
1619362800,248
1619363700,243
1619364600,244
1619365500,228
1619366400,586
1619367300,831
1619368200,490
1619369100,353
1619370000,715
1619370900,423
1619371800,639
1619372700,310
1619373600,743
1619374500,725
1619375400,819
1619376300,571
1619377200,310
1619378100,308
1619379000,338
1619379900,324
1619380800,271
1619381700,232
1619382600,180
1619383500,175
1619384400,134
1619385300,150
1619386200,144
1619387100,121
1619388000,153
1619388900,190
1619389800,190
1619390700,171
1619391600,136
1619392500,152
1619393400,139
1619394300,196
1619395200,145
1619396100,151
1619397000,160
1619397900,139
1619398800,130
1619399700,123
1619400600,135
1619401500,127
1619402400,124
1619403300,208
1619404200,125
1619405100,135
1619406000,138
1619406900,123
1619407800,126
1619408700,154
1619409600,269
1619410500,319
1619411400,202
1619412300,192
1619413200,138
1619414100,506
1619415000,352
1619415900,201
1619416800,315
1619417700,366
1619418600,371
1619419500,215
1619420400,251
1619421300,182
1619422200,187
1619423100,350
1619424000,245
1619424900,210
1619425800,222
1619426700,266
1619427600,220
1619428500,315
1619429400,452
1619430300,171
1619431200,182
1619432100,165
1619433000,343
1619433900,127
1619434800,145
1619435700,142
1619436600,127
1619437500,123
1619438400,156
1619439300,193
1619440200,282
1619441100,269
1619442000,236
1619442900,183
1619443800,186
1619444700,192
1619445600,262
1619446500,209
1619447400,553
1619448300,372
1619449200,254
1619450100,518
1619451000,204
1619451900,275
1619452800,213
1619453700,269
1619454600,174
1619455500,183
1619456400,243
1619457300,319
1619458200,263
1619459100,325
1619460000,390
1619460900,399
1619461800,392
1619462700,444
1619463600,364
1619464500,385
1619465400,303
1619466300,272
1619467200,242
1619468100,208
1619469000,245
1619469900,156
1619470800,146
1619471700,121
1619472600,161
1619473500,151
1619474400,148
1619475300,135
1619476200,134
1619477100,141
1619478000,149
1619478900,199
1619479800,159
1619480700,142
1619481600,145
1619482500,134
1619483400,143
1619484300,147
1619485200,152
1619486100,187
1619487000,180
1619487900,168
1619488800,128
1619489700,131
1619490600,178
1619491500,174
1619492400,151
1619493300,150
1619494200,121
1619495100,175
1619496000,213
1619496900,267
1619497800,222
1619498700,279
1619499600,174
1619500500,170
1619501400,267
1619502300,234
1619503200,399
1619504100,235
1619505000,200
1619505900,501
1619506800,288
1619507700,234
1619508600,221
1619509500,451
1619510400,277
1619511300,206
1619512200,176
1619513100,181
1619514000,164
1619514900,136
1619515800,125
1619516700,180
1619517600,231
1619518500,816
1619519400,178
1619520300,169
1619521200,150
1619522100,180
1619523000,160
1619523900,272
1619524800,251
1619525700,186
1619526600,189
1619527500,353
1619528400,261
1619529300,180
1619530200,171
1619531100,247
1619532000,753
1619532900,174
1619533800,261
1619534700,274
1619535600,169
1619536500,143
1619537400,140
1619538300,146
1619539200,147
1619540100,175
1619541000,206
1619541900,238
1619542800,353
1619543700,185
1619544600,199
1619545500,249
1619546400,332
1619547300,398
1619548200,381
1619549100,381
1619550000,294
1619550900,329
1619551800,350
1619552700,349
1619553600,317
1619554500,316
1619555400,271
1619556300,202
1619557200,155
1619558100,153
1619559000,160
1619559900,142
1619560800,164
1619561700,167
1619562600,171
1619563500,158
1619564400,167
1619565300,163
1619566200,142
1619567100,134
1619568000,142
1619568900,161
1619569800,159
1619570700,131
1619571600,139
1619572500,146
1619573400,131
1619574300,145
1619575200,178
1619576100,181
1619577000,245
1619577900,134
1619578800,146
1619579700,153
1619580600,141
1619581500,188
1619582400,221
1619583300,785
1619584200,359
1619585100,157
1619586000,167
1619586900,166
1619587800,175
1619588700,158
1619589600,157
1619590500,211
1619591400,406
1619592300,677
1619593200,505
1619594100,182
1619595000,160
1619595900,185
1619596800,200
1619597700,243
1619598600,220
1619599500,186
1619600400,314
1619601300,297
1619602200,189
1619603100,222
1619604000,319
1619604900,194
1619605800,339
1619606700,274
1619607600,245
1619608500,182
1619609400,268
1619610300,256
1619611200,243
1619612100,277
1619613000,202
1619613900,172
1619614800,133
1619615700,214
1619616600,190
1619617500,177
1619618400,146
1619619300,269
1619620200,290
1619621100,142
1619622000,197
1619622900,155
1619623800,157
1619624700,520
1619625600,167
1619626500,148
1619627400,177
1619628300,198
1619629200,136
1619630100,164
1619631000,143
1619631900,153
1619632800,164
1619633700,185
1619634600,246
1619635500,268
1619636400,243
1619637300,254
1619638200,378
1619639100,289
1619640000,305
1619640900,228
1619641800,219
1619642700,226
1619643600,173
1619644500,179
1619645400,138
1619646300,147
1619647200,136
1619648100,130
1619649000,159
1619649900,148
1619650800,155
1619651700,130
1619652600,135
1619653500,158
1619654400,133
1619655300,134
1619656200,150
1619657100,152
1619658000,169
1619658900,147
1619659800,154
1619660700,134
1619661600,148
1619662500,154
1619663400,152
1619664300,135
1619665200,126
1619666100,200
1619667000,145
1619667900,178
1619668800,199
1619669700,196
1619670600,192
1619671500,166
1619672400,280
1619673300,164
1619674200,178
1619675100,195
1619676000,211
1619676900,176
1619677800,315
1619678700,534
1619679600,323
1619680500,247
1619681400,250
1619682300,248
1619683200,678
1619684100,239
1619685000,151
1619685900,234
1619686800,221
1619687700,174
1619688600,239
1619689500,257
1619690400,182
1619691300,194
1619692200,143
1619693100,138
1619694000,132
1619694900,141
1619695800,143
1619696700,151
1619697600,176
1619698500,180
1619699400,202
1619700300,204
1619701200,674
1619702100,200
1619703000,235
1619703900,182
1619704800,157
1619705700,167
1619706600,177
1619707500,160
1619708400,138
1619709300,133
1619710200,144
1619711100,151
1619712000,129
1619712900,184
1619713800,182
1619714700,210
1619715600,195
1619716500,580
1619717400,533
1619718300,260
1619719200,257
1619720100,224
1619721000,333
1619721900,368
1619722800,311
1619723700,256
1619724600,280
1619725500,267
1619726400,195
1619727300,176
1619728200,181
1619729100,175
1619730000,223
1619730900,123
1619731800,104
1619732700,120
1619733600,132
1619734500,128
1619735400,128
1619736300,132
1619737200,143
1619738100,143
1619739000,163
1619739900,177
1619740800,155
1619741700,143
1619742600,146
1619743500,154
1619744400,133
1619745300,138
1619746200,166
1619747100,178
1619748000,150
1619748900,147
1619749800,184
1619750700,167
1619751600,144
1619752500,141
1619753400,138
1619754300,134
1619755200,150
1619756100,311
1619757000,218
1619757900,199
1619758800,402
1619759700,423
1619760600,155
1619761500,160
1619762400,131
1619763300,145
1619764200,162
1619765100,182
1619766000,187
1619766900,160
1619767800,243
1619768700,228
1619769600,196
1619770500,167
1619771400,183
1619772300,151
1619773200,181
1619774100,584
1619775000,447
1619775900,311
1619776800,206
1619777700,183
1619778600,146
1619779500,173
1619780400,174
1619781300,163
1619782200,180
1619783100,192
1619784000,257
1619784900,206
1619785800,345
1619786700,435
1619787600,245
1619788500,653
1619789400,559
1619790300,191
1619791200,182
1619792100,160
1619793000,216
1619793900,219
1619794800,212
1619795700,200
1619796600,163
1619797500,176
1619798400,192
1619799300,186
1619800200,223
1619801100,212
1619802000,162
1619802900,235
1619803800,408
1619804700,534
1619805600,235
1619806500,272
1619807400,341
1619808300,690
1619809200,740
1619810100,354
1619811000,335
1619811900,359
1619812800,317
1619813700,279
1619814600,244
1619815500,274
1619816400,200
1619817300,125
1619818200,148
1619819100,150
1619820000,283
1619820900,229
1619821800,187
1619822700,190
1619823600,155
1619824500,173
1619825400,172
1619826300,171
1619827200,154
1619828100,164
1619829000,182
1619829900,180
1619830800,170
1619831700,153
1619832600,151
1619833500,171
1619834400,157
1619835300,143
1619836200,158
1619837100,158
1619838000,155
1619838900,184
1619839800,146
1619840700,173
1619841600,144
1619842500,171
1619843400,195
1619844300,170
1619845200,170
1619846100,158
1619847000,180
1619847900,174
1619848800,289
1619849700,940
1619850600,740
1619851500,521
1619852400,511
1619853300,744
1619854200,577
1619855100,285
1619856000,244
1619856900,228
1619857800,220
1619858700,222
1619859600,200
1619860500,224
1619861400,190
1619862300,229
1619863200,208
1619864100,589
1619865000,416
1619865900,228
1619866800,243
1619867700,240
1619868600,257
1619869500,237
1619870400,244
1619871300,251
1619872200,230
1619873100,244
1619874000,269
1619874900,249
1619875800,239
1619876700,234
1619877600,227
1619878500,228
1619879400,274
1619880300,292
1619881200,268
1619882100,229
1619883000,246
1619883900,239
1619884800,282
1619885700,284
1619886600,250
1619887500,231
1619888400,208
1619889300,219
1619890200,259
1619891100,220
1619892000,235
1619892900,227
1619893800,353
1619894700,362
1619895600,364
1619896500,376
1619897400,429
1619898300,412
1619899200,406
1619900100,557
1619901000,526
1619901900,272
1619902800,259
1619903700,228
1619904600,221
1619905500,217
1619906400,177
1619907300,150
1619908200,180
1619909100,184
1619910000,162
1619910900,166
1619911800,167
1619912700,156
1619913600,177
1619914500,170
1619915400,169
1619916300,167
1619917200,147
1619918100,188
1619919000,176
1619919900,158
1619920800,153
1619921700,159
1619922600,170
1619923500,150
1619924400,187
1619925300,162
1619926200,158
1619927100,167
1619928000,183
1619928900,176
1619929800,186
1619930700,142
1619931600,159
1619932500,168
1619933400,238
1619934300,159
1619935200,152
1619936100,213
1619937000,177
1619937900,272
1619938800,373
1619939700,411
1619940600,479
1619941500,523
1619942400,518
1619943300,1053
1619944200,781
1619945100,611
1619946000,411
1619946900,433
1619947800,797
1619948700,644
1619949600,449
1619950500,385
1619951400,329
1619952300,302
1619953200,294
1619954100,763
1619955000,344
1619955900,316
1619956800,349
1619957700,376
1619958600,356
1619959500,333
1619960400,322
1619961300,407
1619962200,341
1619963100,297
1619964000,629
1619964900,844
1619965800,323
1619966700,394
1619967600,826
1619968500,396
1619969400,261
1619970300,265
1619971200,251
1619972100,239
1619973000,268
1619973900,264
1619974800,230
1619975700,228
1619976600,241
1619977500,251
1619978400,291
1619979300,280
1619980200,266
1619981100,264
1619982000,248
1619982900,247
1619983800,268
1619984700,230
1619985600,260
1619986500,273
1619987400,264
1619988300,251
1619989200,240
1619990100,223
1619991000,208
1619991900,237
1619992800,200
1619993700,185
1619994600,170
1619995500,163
1619996400,150
1619997300,165
1619998200,146
1619999100,186
1620000000,150
1620000900,158
1620001800,173
1620002700,164
1620003600,176
1620004500,170
1620005400,171
1620006300,154
1620007200,175
1620008100,187
1620009000,171
1620009900,163
1620010800,182
1620011700,164
1620012600,188
1620013500,164
1620014400,170
1620015300,192
1620016200,164
1620017100,166
1620018000,176
1620018900,185
1620019800,175
1620020700,155
1620021600,158
1620022500,260
1620023400,207
1620024300,244
1620025200,272
1620026100,262
1620027000,264
1620027900,491
1620028800,471
1620029700,286
1620030600,295
1620031500,280
1620032400,288
1620033300,291
1620034200,298
1620035100,276
1620036000,293
1620036900,270
1620037800,267
1620038700,449
1620039600,314
1620040500,276
1620041400,266
1620042300,309
1620043200,379
1620044100,306
1620045000,278
1620045900,265
1620046800,288
1620047700,224
1620048600,215
1620049500,195
1620050400,206
1620051300,188
1620052200,222
1620053100,219
1620054000,243
1620054900,231
1620055800,231
1620056700,242
1620057600,274
1620058500,228
1620059400,227
1620060300,233
1620061200,230
1620062100,282
1620063000,302
1620063900,313
1620064800,386
1620065700,415
1620066600,440
1620067500,439
1620068400,464
1620069300,449
1620070200,450
1620071100,381
1620072000,354
1620072900,273
1620073800,266
1620074700,214
1620075600,198
1620076500,183
1620077400,185
1620078300,156
1620079200,162
1620080100,139
1620081000,153
1620081900,152
1620082800,159
1620083700,169
1620084600,158
1620085500,160
1620086400,167
1620087300,150
1620088200,169
1620089100,172
1620090000,171
1620090900,177
1620091800,152
1620092700,187
1620093600,169
1620094500,168
1620095400,165
1620096300,175
1620097200,179
1620098100,171
1620099000,164
1620099900,171
1620100800,190
1620101700,211
1620102600,256
1620103500,238
1620104400,278
1620105300,259
1620106200,285
1620107100,263
1620108000,883
1620108900,544
1620109800,310
1620110700,473
1620111600,317
1620112500,289
1620113400,417
1620114300,313
1620115200,300
1620116100,316
1620117000,595
1620117900,299
1620118800,308
1620119700,401
1620120600,308
1620121500,276
1620122400,290
1620123300,434
1620124200,402
1620125100,352
1620126000,323
1620126900,310
1620127800,311
1620128700,365
1620129600,307
1620130500,360
1620131400,373
1620132300,375
1620133200,357
1620134100,365
1620135000,459
1620135900,478
1620136800,558
1620137700,493
1620138600,368
1620139500,312
1620140400,347
1620141300,354
1620142200,355
1620143100,377
1620144000,379
1620144900,379
1620145800,430
1620146700,432
1620147600,424
1620148500,405
1620149400,470
1620150300,447
1620151200,429
1620152100,420
1620153000,439
1620153900,470
1620154800,440
1620155700,445
1620156600,424
1620157500,443
1620158400,914
1620159300,441
1620160200,291
1620161100,597
1620162000,612
1620162900,159
1620163800,173
1620164700,165
1620165600,161
1620166500,186
1620167400,174
1620168300,179
1620169200,161
1620170100,170
1620171000,182
1620171900,157
1620172800,170
1620173700,175
1620174600,181
1620175500,174
1620176400,159
1620177300,165
1620178200,185
1620179100,152
1620180000,155
1620180900,165
1620181800,162
1620182700,154
1620183600,152
1620184500,167
1620185400,172
1620186300,169
1620187200,221
1620188100,274
1620189000,182
1620189900,244
1620190800,165
1620191700,164
1620192600,193
1620193500,225
1620194400,196
1620195300,190
1620196200,214
1620197100,287
1620198000,248
1620198900,228
1620199800,239
1620200700,219
1620201600,363
1620202500,391
1620203400,312
1620204300,266
1620205200,380
1620206100,382
1620207000,373
1620207900,232
1620208800,326
1620209700,316
1620210600,342
1620211500,197
1620212400,190
1620213300,196
1620214200,214
1620215100,228
1620216000,316
1620216900,288
1620217800,272
1620218700,322
1620219600,411
1620220500,278
1620221400,274
1620222300,263
1620223200,214
1620224100,232
1620225000,219
1620225900,204
1620226800,345
1620227700,357
1620228600,406
1620229500,339
1620230400,380
1620231300,408
1620232200,411
1620233100,417
1620234000,417
1620234900,456
1620235800,433
1620236700,407
1620237600,416
1620238500,494
1620239400,497
1620240300,489
1620241200,479
1620242100,472
1620243000,427
1620243900,412
1620244800,752
1620245700,291
1620246600,271
1620247500,238
1620248400,192
1620249300,215
1620250200,165
1620251100,175
1620252000,155
1620252900,164
1620253800,158
1620254700,158
1620255600,171
1620256500,154
1620257400,159
1620258300,154
1620259200,166
1620260100,167
1620261000,153
1620261900,172
1620262800,162
1620263700,175
1620264600,179
1620265500,163
1620266400,157
1620267300,177
1620268200,186
1620269100,156
1620270000,167
1620270900,178
1620271800,198
1620272700,169
1620273600,208
1620274500,291
1620275400,229
1620276300,304
1620277200,352
1620278100,358
1620279000,338
1620279900,337
1620280800,343
1620281700,670
1620282600,781
1620283500,658
1620284400,530
1620285300,676
1620286200,610
1620287100,400
1620288000,386
1620288900,368
1620289800,336
1620290700,423
1620291600,507
1620292500,356
1620293400,360
1620294300,371
1620295200,533
1620296100,341
1620297000,271
1620297900,262
1620298800,259
1620299700,228
1620300600,204
1620301500,214
1620302400,235
1620303300,216
1620304200,273
1620305100,268
1620306000,256
1620306900,293
1620307800,331
1620308700,285
1620309600,259
1620310500,274
1620311400,321
1620312300,310
1620313200,390
1620314100,618
1620315000,660
1620315900,344
1620316800,335
1620317700,312
1620318600,360
1620319500,380
1620320400,372
1620321300,379
1620322200,401
1620323100,376
1620324000,387
1620324900,333
1620325800,355
1620326700,346
1620327600,412
1620328500,393
1620329400,877
1620330300,571
1620331200,436
1620332100,661
1620333000,847
1620333900,304
1620334800,229
1620335700,238
1620336600,239
1620337500,226
1620338400,178
1620339300,154
1620340200,194
1620341100,180
1620342000,163
1620342900,177
1620343800,179
1620344700,184
1620345600,170
1620346500,166
1620347400,179
1620348300,167
1620349200,168
1620350100,149
1620351000,169
1620351900,151
1620352800,153
1620353700,166
1620354600,150
1620355500,174
1620356400,157
1620357300,165
1620358200,171
1620359100,187
1620360000,185
1620360900,168
1620361800,220
1620362700,248
1620363600,280
1620364500,200
1620365400,173
1620366300,177
1620367200,175
1620368100,172
1620369000,199
1620369900,280
1620370800,366
1620371700,434
1620372600,271
1620373500,253
1620374400,298
1620375300,339
1620376200,307
1620377100,369
1620378000,1227
1620378900,392
1620379800,351
1620380700,317
1620381600,318
1620382500,325
1620383400,533
1620384300,385
1620385200,307
1620386100,278
1620387000,281
1620387900,278
1620388800,320
1620389700,286
1620390600,271
1620391500,273
1620392400,243
1620393300,243
1620394200,225
1620395100,242
1620396000,251
1620396900,249
1620397800,244
1620398700,267
1620399600,223
1620400500,242
1620401400,302
1620402300,316
1620403200,374
1620404100,267
1620405000,264
1620405900,261
1620406800,250
1620407700,240
1620408600,271
1620409500,253
1620410400,253
1620411300,307
1620412200,371
1620413100,366
1620414000,411
1620414900,422
1620415800,428
1620416700,434
1620417600,401
1620418500,398
1620419400,378
1620420300,955
1620421200,976
1620422100,704
1620423000,466
1620423900,790
1620424800,252
1620425700,226
1620426600,181
1620427500,181
1620428400,172
1620429300,170
1620430200,172
1620431100,173
1620432000,156
1620432900,181
1620433800,171
1620434700,184
1620435600,151
1620436500,178
1620437400,174
1620438300,169
1620439200,167
1620440100,170
1620441000,174
1620441900,169
1620442800,166
1620443700,180
1620444600,157
1620445500,168
1620446400,172
1620447300,168
1620448200,217
1620449100,190
1620450000,662
1620450900,755
1620451800,753
1620452700,403
1620453600,197
1620454500,204
1620455400,212
1620456300,273
1620457200,302
1620458100,532
1620459000,379
1620459900,344
1620460800,478
1620461700,493
1620462600,359
1620463500,317
1620464400,240
1620465300,255
1620466200,265
1620467100,261
1620468000,376
1620468900,284
1620469800,297
1620470700,297
1620471600,279
1620472500,277
1620473400,261
1620474300,332
1620475200,288
1620476100,284
1620477000,275
1620477900,284
1620478800,249
1620479700,247
1620480600,189
1620481500,195
1620482400,278
1620483300,351
1620484200,267
1620485100,266
1620486000,276
1620486900,297
1620487800,227
1620488700,240
1620489600,239
1620490500,251
1620491400,223
1620492300,215
1620493200,226
1620494100,593
1620495000,159
1620495900,241
1620496800,217
1620497700,234
1620498600,210
1620499500,216
1620500400,216
1620501300,258
1620502200,235
1620503100,210
1620504000,203
1620504900,203
1620505800,205
1620506700,191
1620507600,181
1620508500,201
1620509400,201
1620510300,202
1620511200,164
1620512100,173
1620513000,157
1620513900,173
1620514800,174
1620515700,173
1620516600,161
1620517500,183
1620518400,190
1620519300,186
1620520200,162
1620521100,181
1620522000,179
1620522900,201
1620523800,161
1620524700,179
1620525600,168
1620526500,175
1620527400,179
1620528300,172
1620529200,171
1620530100,155
1620531000,182
1620531900,166
1620532800,179
1620533700,165
1620534600,178
1620535500,173
1620536400,179
1620537300,166
1620538200,283
1620539100,211
1620540000,229
1620540900,212
1620541800,242
1620542700,195
1620543600,726
1620544500,271
1620545400,266
1620546300,619
1620547200,666
1620548100,243
1620549000,238
1620549900,260
1620550800,236
1620551700,237
1620552600,586
1620553500,422
1620554400,183
1620555300,225
1620556200,291
1620557100,257
1620558000,217
1620558900,189
1620559800,250
1620560700,716
1620561600,309
1620562500,336
1620563400,299
1620564300,393
1620565200,306
1620566100,367
1620567000,296
1620567900,324
1620568800,299
1620569700,298
1620570600,287
1620571500,299
1620572400,301
1620573300,302
1620574200,291
1620575100,505
1620576000,785
1620576900,382
1620577800,265
1620578700,365
1620579600,261
1620580500,255
1620581400,239
1620582300,266
1620583200,299
1620584100,298
1620585000,300
1620585900,327
1620586800,325
1620587700,417
1620588600,350
1620589500,345
1620590400,358
1620591300,365
1620592200,374
1620593100,370
1620594000,265
1620594900,255
1620595800,189
1620596700,213
1620597600,181
1620598500,138
1620599400,153
1620600300,170
1620601200,177
1620602100,174
1620603000,146
1620603900,145
1620604800,141
1620605700,162
1620606600,143
1620607500,148
1620608400,144
1620609300,147
1620610200,166
1620611100,148
1620612000,151
1620612900,144
1620613800,168
1620614700,160
1620615600,181
1620616500,158
1620617400,158
1620618300,170
1620619200,159
1620620100,178
1620621000,175
1620621900,174
1620622800,169
1620623700,132
1620624600,163
1620625500,156
1620626400,173
1620627300,160
1620628200,184
1620629100,171
1620630000,318
1620630900,209
1620631800,166
1620632700,215
1620633600,906
1620634500,763
1620635400,744
1620636300,536
1620637200,893
1620638100,548
1620639000,234
1620639900,206
1620640800,180
1620641700,141
1620642600,183
1620643500,176
1620644400,197
1620645300,212
1620646200,334
1620647100,302
1620648000,756
1620648900,464
1620649800,292
1620650700,349
1620651600,866
1620652500,459
1620653400,296
1620654300,295
1620655200,292
1620656100,318
1620657000,516
1620657900,742
1620658800,335
1620659700,273
1620660600,294
1620661500,307
1620662400,286
1620663300,293
1620664200,282
1620665100,313
1620666000,305
1620666900,290
1620667800,299
1620668700,338
1620669600,373
1620670500,428
1620671400,393
1620672300,379
1620673200,348
1620674100,357
1620675000,349
1620675900,363
1620676800,355
1620677700,271
1620678600,233
1620679500,218
1620680400,134
1620681300,156
1620682200,155
1620683100,148
1620684000,147
1620684900,158
1620685800,150
1620686700,165
1620687600,142
1620688500,176
1620689400,159
1620690300,155
1620691200,152
1620692100,145
1620693000,145
1620693900,153
1620694800,148
1620695700,155
1620696600,147
1620697500,157
1620698400,150
1620699300,178
1620700200,167
1620701100,179
1620702000,146
1620702900,179
1620703800,181
1620704700,159
1620705600,201
1620706500,300
1620707400,242
1620708300,233
1620709200,199
1620710100,302
1620711000,214
1620711900,213
1620712800,247
1620713700,255
1620714600,342
1620715500,279
1620716400,202
1620717300,230
1620718200,244
1620719100,213
1620720000,198
1620720900,195
1620721800,205
1620722700,172
1620723600,173
1620724500,179
1620725400,205
1620726300,216
1620727200,227
1620728100,228
1620729000,269
1620729900,257
1620730800,209
1620731700,341
1620732600,372
1620733500,330
1620734400,292
1620735300,235
1620736200,238
1620737100,189
1620738000,173
1620738900,209
1620739800,258
1620740700,252
1620741600,247
1620742500,262
1620743400,259
1620744300,309
1620745200,331
1620746100,347
1620747000,356
1620747900,379
1620748800,402
1620749700,398
1620750600,358
1620751500,292
1620752400,294
1620753300,300
1620754200,299
1620755100,329
1620756000,359
1620756900,333
1620757800,357
1620758700,328
1620759600,331
1620760500,321
1620761400,291
1620762300,266
1620763200,273
1620764100,252
1620765000,233
1620765900,173
1620766800,162
1620767700,162
1620768600,175
1620769500,167
1620770400,168
1620771300,150
1620772200,170
1620773100,161
1620774000,163
1620774900,147
1620775800,163
1620776700,147
1620777600,160
1620778500,170
1620779400,174
1620780300,169
1620781200,167
1620782100,172
1620783000,172
1620783900,201
1620784800,172
1620785700,162
1620786600,172
1620787500,168
1620788400,169
1620789300,176
1620790200,177
1620791100,177
1620792000,211
1620792900,272
1620793800,208
1620794700,181
1620795600,214
1620796500,219
1620797400,248
1620798300,626
1620799200,713
1620800100,541
1620801000,289
1620801900,390
1620802800,295
1620803700,855
1620804600,1239
1620805500,1038
1620806400,800
1620807300,456
1620808200,248
1620809100,348
1620810000,370
1620810900,259
1620811800,262
1620812700,699
1620813600,323
1620814500,289
1620815400,219
1620816300,251
1620817200,214
1620818100,354
1620819000,308
1620819900,260
1620820800,268
1620821700,253
1620822600,259
1620823500,253
1620824400,253
1620825300,311
1620826200,304
1620827100,292
1620828000,261
1620828900,221
1620829800,230
1620830700,241
1620831600,235
1620832500,249
1620833400,413
1620834300,349
1620835200,398
1620836100,361
1620837000,379
1620837900,366
1620838800,528
1620839700,412
1620840600,351
1620841500,339
1620842400,348
1620843300,322
1620844200,340
1620845100,367
1620846000,380
1620846900,475
1620847800,499
1620848700,474
1620849600,748
1620850500,701
1620851400,315
1620852300,307
1620853200,723
1620854100,278
1620855000,192
1620855900,174
1620856800,168
1620857700,159
1620858600,183
1620859500,183
1620860400,184
1620861300,157
1620862200,165
1620863100,163
1620864000,169
1620864900,151
1620865800,166
1620866700,161
1620867600,183
1620868500,168
1620869400,166
1620870300,162
1620871200,190
1620872100,167
1620873000,169
1620873900,178
1620874800,185
1620875700,167
1620876600,182
1620877500,171
1620878400,216
1620879300,275
1620880200,232
1620881100,218
1620882000,210
1620882900,177
1620883800,175
1620884700,715
1620885600,349
1620886500,715
1620887400,533
1620888300,515
1620889200,345
1620890100,252
1620891000,324
1620891900,211
1620892800,211
1620893700,193
1620894600,344
1620895500,282
1620896400,191
1620897300,152
1620898200,140
1620899100,169
1620900000,155
1620900900,153
1620901800,296
1620902700,335
1620903600,312
1620904500,291
1620905400,186
1620906300,174
1620907200,196
1620908100,175
1620909000,229
1620909900,180
1620910800,157
1620911700,170
1620912600,166
1620913500,166
1620914400,159
1620915300,169
1620916200,167
1620917100,167
1620918000,236
1620918900,276
1620919800,240
1620920700,404
1620921600,430
1620922500,441
1620923400,362
1620924300,317
1620925200,326
1620926100,319
1620927000,358
1620927900,354
1620928800,354
1620929700,363
1620930600,359
1620931500,364
1620932400,362
1620933300,366
1620934200,375
1620935100,348
1620936000,317
1620936900,302
1620937800,321
1620938700,275
1620939600,383
1620940500,599
1620941400,243
1620942300,250
1620943200,204
1620944100,181
1620945000,199
1620945900,200
1620946800,192
1620947700,149
1620948600,162
1620949500,148
1620950400,167
1620951300,156
1620952200,159
1620953100,151
1620954000,156
1620954900,178
1620955800,166
1620956700,161
1620957600,178
1620958500,159
1620959400,188
1620960300,174
1620961200,178
1620962100,147
1620963000,182
1620963900,178
1620964800,187
1620965700,195
1620966600,230
1620967500,189
1620968400,189
1620969300,156
1620970200,175
1620971100,327
1620972000,305
1620972900,262
1620973800,340
1620974700,291
1620975600,252
1620976500,251
1620977400,285
1620978300,263
1620979200,266
1620980100,244
1620981000,312
1620981900,279
1620982800,314
1620983700,316
1620984600,202
1620985500,362
1620986400,383
1620987300,288
1620988200,359
1620989100,257
1620990000,335
1620990900,282
1620991800,254
1620992700,211
1620993600,200
1620994500,216
1620995400,289
1620996300,382
1620997200,373
1620998100,385
1620999000,381
1620999900,379
1621000800,353
1621001700,299
1621002600,289
1621003500,270
1621004400,284
1621005300,268
1621006200,262
1621007100,274
1621008000,388
1621008900,405
1621009800,349
1621010700,387
1621011600,586
1621012500,484
1621013400,476
1621014300,445
1621015200,425
1621016100,450
1621017000,468
1621017900,438
1621018800,468
1621019700,461
1621020600,453
1621021500,404
1621022400,393
1621023300,794
1621024200,494
1621025100,285
1621026000,469
1621026900,754
1621027800,217
1621028700,156
1621029600,179
1621030500,165
1621031400,189
1621032300,170
1621033200,179
1621034100,173
1621035000,155
1621035900,159
1621036800,165
1621037700,161
1621038600,153
1621039500,162
1621040400,153
1621041300,175
1621042200,160
1621043100,156
1621044000,158
1621044900,187
1621045800,183
1621046700,172
1621047600,163
1621048500,185
1621049400,181
1621050300,180
1621051200,182
1621052100,189
1621053000,260
1621053900,176
1621054800,183
1621055700,184
1621056600,183
1621057500,302
1621058400,536
1621059300,190
1621060200,214
1621061100,233
1621062000,300
1621062900,289
1621063800,312
1621064700,308
1621065600,479
1621066500,393
1621067400,301
1621068300,415
1621069200,418
1621070100,880
1621071000,752
1621071900,362
1621072800,339
1621073700,308
1621074600,306
1621075500,303
1621076400,332
1621077300,375
1621078200,288
1621079100,266
1621080000,251
1621080900,248
1621081800,248
1621082700,279
1621083600,272
1621084500,282
1621085400,233
1621086300,253
1621087200,214
1621088100,338
1621089000,296
1621089900,540
1621090800,286
1621091700,291
1621092600,285
1621093500,267
1621094400,308
1621095300,312
1621096200,550
1621097100,515
1621098000,351
1621098900,404
1621099800,385
1621100700,380
1621101600,385
1621102500,389
1621103400,449
1621104300,432
1621105200,444
1621106100,463
1621107000,430
1621107900,388
1621108800,288
1621109700,268
1621110600,267
1621111500,263
1621112400,253
1621113300,239
1621114200,201
1621115100,197
1621116000,210
1621116900,185
1621117800,180
1621118700,146
1621119600,171
1621120500,181
1621121400,170
1621122300,173
1621123200,170
1621124100,189
1621125000,155
1621125900,175
1621126800,165
1621127700,195
1621128600,185
1621129500,157
1621130400,164
1621131300,157
1621132200,178
1621133100,175
1621134000,156
1621134900,175
1621135800,182
1621136700,189
1621137600,162
1621138500,167
1621139400,166
1621140300,150
1621141200,177
1621142100,163
1621143000,164
1621143900,147
1621144800,199
1621145700,197
1621146600,258
1621147500,212
1621148400,185
1621149300,184
1621150200,231
1621151100,188
1621152000,202
1621152900,205
1621153800,298
1621154700,262
1621155600,336
1621156500,345
1621157400,344
1621158300,398
1621159200,556
1621160100,455
1621161000,357
1621161900,797
1621162800,1142
1621163700,1172
1621164600,995
1621165500,954
1621166400,1094
1621167300,521
1621168200,501
1621169100,455
1621170000,926
1621170900,1038
1621171800,828
1621172700,533
1621173600,388
1621174500,805
1621175400,421
1621176300,325
1621177200,852
1621178100,573
1621179000,327
1621179900,344
1621180800,344
1621181700,433
1621182600,347
1621183500,317
1621184400,304
1621185300,273
1621186200,346
1621187100,1037
1621188000,1227
1621188900,560
1621189800,334
1621190700,344
1621191600,447
1621192500,672
1621193400,403
1621194300,373
1621195200,299
1621196100,257
1621197000,260
1621197900,231
1621198800,208
1621199700,227
1621200600,207
1621201500,256
1621202400,220
1621203300,167
1621204200,185
1621205100,164
1621206000,159
1621206900,170
1621207800,149
1621208700,165
1621209600,157
1621210500,162
1621211400,164
1621212300,166
1621213200,148
1621214100,194
1621215000,166
1621215900,183
1621216800,147
1621217700,174
1621218600,187
1621219500,156
1621220400,179
1621221300,184
1621222200,166
1621223100,174
1621224000,167
1621224900,188
1621225800,260
1621226700,657
1621227600,335
1621228500,209
1621229400,185
1621230300,186
1621231200,213
1621232100,293
1621233000,289
1621233900,206
1621234800,174
1621235700,180
1621236600,165
1621237500,185
1621238400,272
1621239300,217
1621240200,266
1621241100,269
1621242000,236
1621242900,237
1621243800,220
1621244700,214
1621245600,229
1621246500,375
1621247400,287
1621248300,237
1621249200,245
1621250100,241
1621251000,202
1621251900,209
1621252800,221
1621253700,252
1621254600,271
1621255500,239
1621256400,281
1621257300,359
1621258200,279
1621259100,276
1621260000,291
1621260900,271
1621261800,287
1621262700,244
1621263600,245
1621264500,251
1621265400,264
1621266300,266
1621267200,272
1621268100,256
1621269000,277
1621269900,268
1621270800,260
1621271700,254
1621272600,267
1621273500,265
1621274400,263
1621275300,281
1621276200,384
1621277100,372
1621278000,380
1621278900,385
1621279800,357
1621280700,363
1621281600,813
1621282500,450
1621283400,247
1621284300,404
1621285200,688
1621286100,154
1621287000,141
1621287900,151
1621288800,162
1621289700,158
1621290600,159
1621291500,140
1621292400,140
1621293300,148
1621294200,141
1621295100,141
1621296000,157
1621296900,138
1621297800,170
1621298700,152
1621299600,151
1621300500,152
1621301400,150
1621302300,169
1621303200,188
1621304100,158
1621305000,167
1621305900,158
1621306800,171
1621307700,157
1621308600,177
1621309500,176
1621310400,223
1621311300,241
1621312200,241
1621313100,198
1621314000,196
1621314900,225
1621315800,717
1621316700,198
1621317600,192
1621318500,429
1621319400,301
1621320300,290
1621321200,250
1621322100,212
1621323000,440
1621323900,247
1621324800,213
1621325700,166
1621326600,169
1621327500,164
1621328400,171
1621329300,158
1621330200,156
1621331100,139
1621332000,213
1621332900,346
1621333800,202
1621334700,239
1621335600,381
1621336500,225
1621337400,202
1621338300,226
1621339200,322
1621340100,243
1621341000,245
1621341900,268
1621342800,259
1621343700,228
1621344600,223
1621345500,278
1621346400,214
1621347300,191
1621348200,169
1621349100,179
1621350000,255
1621350900,541
1621351800,632
1621352700,342
1621353600,373
1621354500,504
1621355400,411
1621356300,525
1621357200,455
1621358100,478
1621359000,426
1621359900,432
1621360800,430
1621361700,433
1621362600,491
1621363500,534
1621364400,521
1621365300,506
1621366200,473
1621367100,384
1621368000,384
1621368900,312
1621369800,220
1621370700,215
1621371600,201
1621372500,166
1621373400,147
1621374300,147
1621375200,157
1621376100,161
1621377000,155
1621377900,172
1621378800,160
1621379700,183
1621380600,179
1621381500,173
1621382400,177
1621383300,164
1621384200,178
1621385100,177
1621386000,159
1621386900,172
1621387800,191
1621388700,171
1621389600,164
1621390500,169
1621391400,168
1621392300,176
1621393200,170
1621394100,153
1621395000,172
1621395900,196
1621396800,232
1621397700,307
1621398600,218
1621399500,206
1621400400,185
1621401300,146
1621402200,168
1621403100,206
1621404000,210
1621404900,194
1621405800,272
1621406700,242
1621407600,203
1621408500,192
1621409400,198
1621410300,204
1621411200,204
1621412100,190
1621413000,221
1621413900,218
1621414800,207
1621415700,192
1621416600,433
1621417500,325
1621418400,319
1621419300,244
1621420200,254
1621421100,230
1621422000,226
1621422900,434
1621423800,307
1621424700,227
1621425600,234
1621426500,221
1621427400,254
1621428300,243
1621429200,274
1621430100,344
1621431000,287
1621431900,242
1621432800,235
1621433700,211
1621434600,214
1621435500,240
1621436400,265
1621437300,283
1621438200,281
1621439100,415
1621440000,332
1621440900,376
1621441800,320
1621442700,391
1621443600,284
1621444500,311
1621445400,317
1621446300,366
1621447200,318
1621448100,346
1621449000,367
1621449900,428
1621450800,439
1621451700,451
1621452600,447
1621453500,422
1621454400,367
1621455300,354
1621456200,268
1621457100,186
1621458000,137
1621458900,142
1621459800,146
1621460700,137
1621461600,127
1621462500,149
1621463400,148
1621464300,168
1621465200,154
1621466100,151
1621467000,161
1621467900,190
1621468800,184
1621469700,180
1621470600,174
1621471500,187
1621472400,185
1621473300,188
1621474200,189
1621475100,183
1621476000,167
1621476900,195
1621477800,180
1621478700,183
1621479600,169
1621480500,182
1621481400,198
1621482300,195
1621483200,250
1621484100,186
1621485000,210
1621485900,181
1621486800,143
1621487700,266
1621488600,285
1621489500,174
1621490400,164
1621491300,208
1621492200,243
1621493100,312
1621494000,314
1621494900,177
1621495800,198
1621496700,251
1621497600,236
1621498500,207
1621499400,213
1621500300,180
1621501200,162
1621502100,176
1621503000,190
1621503900,184
1621504800,184
1621505700,207
1621506600,191
1621507500,224
1621508400,154
1621509300,169
1621510200,303
1621511100,386
1621512000,297
1621512900,271
1621513800,210
1621514700,218
1621515600,286
1621516500,757
1621517400,273
1621518300,253
1621519200,563
1621520100,765
1621521000,229
1621521900,271
1621522800,378
1621523700,287
1621524600,380
1621525500,287
1621526400,283
1621527300,308
1621528200,241
1621529100,267
1621530000,496
1621530900,341
1621531800,221
1621532700,212
1621533600,232
1621534500,287
1621535400,231
1621536300,226
1621537200,252
1621538100,317
1621539000,266
1621539900,268
1621540800,241
1621541700,232
1621542600,244
1621543500,258
1621544400,697
1621545300,874
1621546200,252
1621547100,304
1621548000,780
1621548900,289
1621549800,166
1621550700,145
1621551600,158
1621552500,151
1621553400,143
1621554300,154
1621555200,133
1621556100,121
1621557000,148
1621557900,130
1621558800,135
1621559700,129
1621560600,131
1621561500,158
1621562400,133
1621563300,125
1621564200,142
1621565100,144
1621566000,166
1621566900,163
1621567800,145
1621568700,154
1621569600,169
1621570500,148
1621571400,160
1621572300,136
1621573200,140
1621574100,141
1621575000,218
1621575900,189
1621576800,222
1621577700,205
1621578600,203
1621579500,210
1621580400,757
1621581300,163
1621582200,156
1621583100,149
1621584000,126
1621584900,172
1621585800,159
1621586700,172
1621587600,150
1621588500,182
1621589400,598
1621590300,222
1621591200,233
1621592100,264
1621593000,223
1621593900,396
1621594800,263
1621595700,241
1621596600,258
1621597500,282
1621598400,226
1621599300,268
1621600200,497
1621601100,570
1621602000,266
1621602900,249
1621603800,272
1621604700,271
1621605600,246
1621606500,277
1621607400,262
1621608300,296
1621609200,240
1621610100,213
1621611000,234
1621611900,269
1621612800,209
1621613700,246
1621614600,253
1621615500,388
1621616400,323
1621617300,252
1621618200,292
1621619100,487
1621620000,457
1621620900,500
1621621800,478
1621622700,503
1621623600,488
1621624500,473
1621625400,426
1621626300,464
1621627200,401
1621628100,690
1621629000,496
1621629900,309
1621630800,461
1621631700,820
1621632600,281
1621633500,273
1621634400,304
1621635300,313
1621636200,268
1621637100,201
1621638000,251
1621638900,216
1621639800,229
1621640700,219
1621641600,213
1621642500,211
1621643400,214
1621644300,195
1621645200,205
1621646100,217
1621647000,204
1621647900,201
1621648800,225
1621649700,200
1621650600,223
1621651500,196
1621652400,219
1621653300,237
1621654200,238
1621655100,212
1621656000,235
1621656900,223
1621657800,266
1621658700,207
1621659600,233
1621660500,294
1621661400,261
1621662300,266
1621663200,340
1621664100,263
1621665000,279
1621665900,315
1621666800,372
1621667700,312
1621668600,338
1621669500,557
1621670400,509
1621671300,380
1621672200,278
1621673100,379
1621674000,438
1621674900,389
1621675800,410
1621676700,353
1621677600,551
1621678500,639
1621679400,279
1621680300,301
1621681200,392
1621682100,576
1621683000,443
1621683900,458
1621684800,309
1621685700,299
1621686600,324
1621687500,324
1621688400,789
1621689300,853
1621690200,589
1621691100,611
1621692000,614
1621692900,421
1621693800,676
1621694700,340
1621695600,343
1621696500,314
1621697400,374
1621698300,391
1621699200,525
1621700100,511
1621701000,511
1621701900,420
1621702800,345
1621703700,293
1621704600,278
1621705500,305
1621706400,302
1621707300,312
1621708200,304
1621709100,290
1621710000,310
1621710900,417
1621711800,417
1621712700,426
1621713600,397
1621714500,355
1621715400,392
1621716300,789
1621717200,309
1621718100,281
1621719000,294
1621719900,288
1621720800,276
1621721700,161
1621722600,202
1621723500,212
1621724400,188
1621725300,201
1621726200,200
1621727100,199
1621728000,205
1621728900,145
1621729800,153
1621730700,158
1621731600,160
1621732500,155
1621733400,156
1621734300,146
1621735200,183
1621736100,174
1621737000,160
1621737900,172
1621738800,164
1621739700,185
1621740600,187
1621741500,178
1621742400,169
1621743300,186
1621744200,177
1621745100,164
1621746000,179
1621746900,177
1621747800,180
1621748700,220
1621749600,186
1621750500,223
1621751400,178
1621752300,160
1621753200,189
1621754100,250
1621755000,303
1621755900,255
1621756800,697
1621757700,353
1621758600,369
1621759500,535
1621760400,756
1621761300,212
1621762200,171
1621763100,163
1621764000,305
1621764900,201
1621765800,182
1621766700,442
1621767600,438
1621768500,828
1621769400,888
1621770300,374
1621771200,311
1621772100,299
1621773000,285
1621773900,300
1621774800,292
1621775700,265
1621776600,742
1621777500,797
1621778400,761
1621779300,617
1621780200,239
1621781100,224
1621782000,247
1621782900,570
1621783800,335
1621784700,229
1621785600,277
1621786500,243
1621787400,223
1621788300,184
1621789200,203
1621790100,204
1621791000,188
1621791900,184
1621792800,187
1621793700,206
1621794600,218
1621795500,237
1621796400,280
1621797300,290
1621798200,311
1621799100,331
1621800000,252
1621800900,241
1621801800,196
1621802700,221
1621803600,214
1621804500,226
1621805400,209
1621806300,213
1621807200,208
1621808100,211
1621809000,182
1621809900,163
1621810800,149
1621811700,161
1621812600,147
1621813500,161
1621814400,157
1621815300,156
1621816200,141
1621817100,148
1621818000,142
1621818900,134
1621819800,144
1621820700,138
1621821600,151
1621822500,134
1621823400,158
1621824300,137
1621825200,156
1621826100,153
1621827000,142
1621827900,154
1621828800,165
1621829700,169
1621830600,151
1621831500,164
1621832400,168
1621833300,366
1621834200,643
1621835100,514
1621836000,209
1621836900,274
1621837800,189
1621838700,233
1621839600,171
1621840500,236
1621841400,265
1621842300,285
1621843200,281
1621844100,348
1621845000,607
1621845900,377
1621846800,254
1621847700,302
1621848600,267
1621849500,615
1621850400,409
1621851300,285
1621852200,298
1621853100,246
1621854000,531
1621854900,269
1621855800,286
1621856700,279
1621857600,287
1621858500,296
1621859400,282
1621860300,966
1621861200,416
1621862100,411
1621863000,784
1621863900,702
1621864800,313
1621865700,731
1621866600,539
1621867500,519
1621868400,403
1621869300,334
1621870200,334
1621871100,358
1621872000,345
1621872900,288
1621873800,323
1621874700,291
1621875600,502
1621876500,394
1621877400,292
1621878300,306
1621879200,285
1621880100,293
1621881000,297
1621881900,347
1621882800,353
1621883700,355
1621884600,370
1621885500,303
1621886400,287
1621887300,249
1621888200,269
1621889100,163
1621890000,162
1621890900,147
1621891800,163
1621892700,167
1621893600,139
1621894500,160
1621895400,157
1621896300,164
1621897200,151
1621898100,158
1621899000,159
1621899900,158
1621900800,153
1621901700,146
1621902600,163
1621903500,140
1621904400,146
1621905300,136
1621906200,127
1621907100,151
1621908000,141
1621908900,154
1621909800,142
1621910700,165
1621911600,156
1621912500,150
1621913400,180
1621914300,186
1621915200,176
1621916100,301
1621917000,189
1621917900,174
1621918800,179
1621919700,198
1621920600,200
1621921500,156
1621922400,204
1621923300,155
1621924200,153
1621925100,164
1621926000,245
1621926900,163
1621927800,182
1621928700,175
1621929600,217
1621930500,185
1621931400,196
1621932300,332
1621933200,242
1621934100,193
1621935000,347
1621935900,215
1621936800,189
1621937700,197
1621938600,180
1621939500,197
1621940400,169
1621941300,170
1621942200,186
1621943100,280
1621944000,222
1621944900,229
1621945800,210
1621946700,224
1621947600,180
1621948500,212
1621949400,189
1621950300,174
1621951200,188
1621952100,191
1621953000,209
1621953900,209
1621954800,285
1621955700,257
1621956600,217
1621957500,266
1621958400,249
1621959300,254
1621960200,256
1621961100,238
1621962000,258
1621962900,261
1621963800,285
1621964700,244
1621965600,233
1621966500,264
1621967400,220
1621968300,260
1621969200,298
1621970100,651
1621971000,592
1621971900,326
1621972800,301
1621973700,769
1621974600,413
1621975500,181
1621976400,198
1621977300,144
1621978200,134
1621979100,152
1621980000,156
1621980900,153
1621981800,135
1621982700,152
1621983600,155
1621984500,149
1621985400,129
1621986300,155
1621987200,151
1621988100,153
1621989000,131
1621989900,146
1621990800,133
1621991700,132
1621992600,128
1621993500,129
1621994400,142
1621995300,139
1621996200,130
1621997100,133
1621998000,147
1621998900,125
1621999800,139
1622000700,158
1622001600,192
1622002500,258
1622003400,227
1622004300,189
1622005200,177
1622006100,165
1622007000,172
1622007900,211
1622008800,216
1622009700,194
1622010600,417
1622011500,392
1622012400,187
1622013300,168
1622014200,189
1622015100,214
1622016000,234
1622016900,234
1622017800,290
1622018700,223
1622019600,256
1622020500,180
1622021400,260
1622022300,243
1622023200,292
1622024100,358
1622025000,336
1622025900,316
1622026800,163
1622027700,283
1622028600,384
1622029500,427
1622030400,416
1622031300,473
1622032200,225
1622033100,253
1622034000,212
1622034900,243
1622035800,330
1622036700,325
1622037600,171
1622038500,159
1622039400,255
1622040300,188
1622041200,206
1622042100,216
1622043000,248
1622043900,249
1622044800,251
1622045700,304
1622046600,334
1622047500,337
1622048400,316
1622049300,402
1622050200,390
1622051100,405
1622052000,405
1622052900,368
1622053800,389
1622054700,345
1622055600,330
1622056500,263
1622057400,277
1622058300,296
1622059200,264
1622060100,238
1622061000,227
1622061900,227
1622062800,188
1622063700,157
1622064600,128
1622065500,126
1622066400,128
1622067300,137
1622068200,127
1622069100,156
1622070000,144
1622070900,154
1622071800,131
1622072700,159
1622073600,156
1622074500,164
1622075400,133
1622076300,159
1622077200,146
1622078100,157
1622079000,153
1622079900,155
1622080800,161
1622081700,155
1622082600,166
1622083500,157
1622084400,160
1622085300,167
1622086200,168
1622087100,170
1622088000,205
1622088900,281
1622089800,381
1622090700,211
1622091600,219
1622092500,237
1622093400,199
1622094300,203
1622095200,934
1622096100,701
1622097000,199
1622097900,340
1622098800,799
1622099700,449
1622100600,251
1622101500,301
1622102400,252
1622103300,207
1622104200,223
1622105100,278
1622106000,302
1622106900,444
1622107800,357
1622108700,428
1622109600,207
1622110500,182
1622111400,189
1622112300,465
1622113200,228
1622114100,219
1622115000,205
1622115900,210
1622116800,184
1622117700,506
1622118600,206
1622119500,250
1622120400,199
1622121300,254
1622122200,235
1622123100,234
1622124000,269
1622124900,301
1622125800,282
1622126700,344
1622127600,306
1622128500,259
1622129400,301
1622130300,369
1622131200,386
1622132100,307
1622133000,373
1622133900,336
1622134800,765
1622135700,348
1622136600,312
1622137500,571
1622138400,760
1622139300,312
1622140200,320
1622141100,316
1622142000,287
1622142900,307
1622143800,308
1622144700,320
1622145600,292
1622146500,259
1622147400,276
1622148300,280
1622149200,265
1622150100,292
1622151000,461
1622151900,739
1622152800,581
1622153700,185
1622154600,183
1622155500,207
1622156400,174
1622157300,155
1622158200,153
1622159100,166
1622160000,146
1622160900,155
1622161800,158
1622162700,177
1622163600,172
1622164500,174
1622165400,147
1622166300,171
1622167200,162
1622168100,172
1622169000,161
1622169900,171
1622170800,172
1622171700,158
1622172600,159
1622173500,176
1622174400,163
1622175300,176
1622176200,644
1622177100,660
1622178000,661
1622178900,653
1622179800,239
1622180700,253
1622181600,608
1622182500,190
1622183400,306
1622184300,376
1622185200,414
1622186100,284
1622187000,521
1622187900,650
1622188800,658
1622189700,551
1622190600,370
1622191500,551
1622192400,292
1622193300,264
1622194200,272
1622195100,541
1622196000,1012
1622196900,294
1622197800,372
1622198700,283
1622199600,306
1622200500,620
1622201400,917
1622202300,804
1622203200,770
1622204100,462
1622205000,310
1622205900,310
1622206800,303
1622207700,321
1622208600,303
1622209500,305
1622210400,286
1622211300,399
1622212200,301
1622213100,364
1622214000,354
1622214900,251
1622215800,262
1622216700,284
1622217600,251
1622218500,280
1622219400,289
1622220300,324
1622221200,429
1622222100,366
1622223000,343
1622223900,318
1622224800,349
1622225700,391
1622226600,434
1622227500,413
1622228400,394
1622229300,400
1622230200,397
1622231100,313
1622232000,315
1622232900,296
1622233800,284
1622234700,255
1622235600,245
1622236500,230
1622237400,187
1622238300,156
1622239200,142
1622240100,142
1622241000,165
1622241900,152
1622242800,149
1622243700,153
1622244600,157
1622245500,163
1622246400,150
1622247300,148
1622248200,172
1622249100,165
1622250000,157
1622250900,161
1622251800,172
1622252700,153
1622253600,172
1622254500,170
1622255400,169
1622256300,152
1622257200,174
1622258100,161
1622259000,192
1622259900,154
1622260800,169
1622261700,152
1622262600,163
1622263500,228
1622264400,173
1622265300,153
1622266200,161
1622267100,186
1622268000,197
1622268900,189
1622269800,396
1622270700,474
1622271600,456
1622272500,351
1622273400,427
1622274300,492
1622275200,492
1622276100,310
1622277000,279
1622277900,425
1622278800,678
1622279700,261
1622280600,389
1622281500,1650
1622282400,1032
1622283300,199
1622284200,271
1622285100,190
1622286000,543
1622286900,318
1622287800,413
1622288700,372
1622289600,464
1622290500,654
1622291400,333
1622292300,492
1622293200,397
1622294100,308
1622295000,429
1622295900,804
1622296800,346
1622297700,408
1622298600,456
1622299500,451
1622300400,450
1622301300,606
1622302200,495
1622303100,362
1622304000,319
1622304900,321
1622305800,308
1622306700,358
1622307600,337
1622308500,346
1622309400,345
1622310300,451
1622311200,370
1622312100,438
1622313000,453
1622313900,426
1622314800,397
1622315700,427
1622316600,368
1622317500,309
1622318400,317
1622319300,355
1622320200,335
1622321100,353
1622322000,324
1622322900,267
1622323800,229
1622324700,235
1622325600,217
1622326500,205
1622327400,153
1622328300,171
1622329200,169
1622330100,180
1622331000,151
1622331900,160
1622332800,171
1622333700,174
1622334600,152
1622335500,142
1622336400,153
1622337300,152
1622338200,155
1622339100,150
1622340000,151
1622340900,148
1622341800,173
1622342700,149
1622343600,152
1622344500,166
1622345400,161
1622346300,165
1622347200,163
1622348100,186
1622349000,148
1622349900,190
1622350800,162
1622351700,158
1622352600,182
1622353500,234
1622354400,276
1622355300,237
1622356200,204
1622357100,226
1622358000,219
1622358900,260
1622359800,288
1622360700,302
1622361600,298
1622362500,290
1622363400,270
1622364300,256
1622365200,235
1622366100,360
1622367000,389
1622367900,248
1622368800,828
1622369700,485
1622370600,296
1622371500,223
1622372400,216
1622373300,239
1622374200,250
1622375100,477
1622376000,629
1622376900,451
1622377800,274
1622378700,307
1622379600,409
1622380500,390
1622381400,529
1622382300,1081
1622383200,662
1622384100,542
1622385000,949
1622385900,878
1622386800,362
1622387700,337
1622388600,334
1622389500,313
1622390400,278
1622391300,280
1622392200,383
1622393100,370
1622394000,415
1622394900,407
1622395800,458
1622396700,428
1622397600,458
1622398500,440
1622399400,477
1622400300,951
1622401200,853
1622402100,842
1622403000,1134
1622403900,1188
1622404800,763
1622405700,660
1622406600,641
1622407500,1084
1622408400,729
1622409300,737
1622410200,1039
1622411100,1081
1622412000,617
1622412900,672
1622413800,705
1622414700,608
1622415600,464
1622416500,537
1622417400,609
1622418300,234
1622419200,178
1622420100,696
1622421000,403
1622421900,154
1622422800,150
1622423700,172
1622424600,144
1622425500,153
1622426400,155
1622427300,164
1622428200,166
1622429100,160
1622430000,159
1622430900,164
1622431800,177
1622432700,169
1622433600,163
1622434500,189
1622435400,178
1622436300,149
1622437200,183
1622438100,178
1622439000,179
1622439900,157
1622440800,168
1622441700,180
1622442600,245
1622443500,163
1622444400,212
1622445300,709
1622446200,417
1622447100,333
1622448000,529
1622448900,858
1622449800,330
1622450700,240
1622451600,242
1622452500,235
1622453400,287
1622454300,543
1622455200,761
1622456100,400
1622457000,318
1622457900,313
1622458800,325
1622459700,354
1622460600,308
1622461500,324
1622462400,294
1622463300,304
1622464200,306
1622465100,284
1622466000,315
1622466900,300
1622467800,370
1622468700,301
1622469600,327
1622470500,316
1622471400,305
1622472300,290
1622473200,499
1622474100,636
1622475000,319
1622475900,317
1622476800,334
1622477700,330
1622478600,340
1622479500,924
1622480400,1019
1622481300,788
1622482200,785
1622483100,945
1622484000,341
1622484900,391
1622485800,761
1622486700,695
1622487600,361
1622488500,404
1622489400,422
1622490300,402
1622491200,396
1622492100,366
1622493000,384
1622493900,340
1622494800,307
1622495700,210
1622496600,191
1622497500,191
1622498400,172
1622499300,157
1622500200,148
1622501100,167
1622502000,182
1622502900,154
1622503800,162
1622504700,161
1622505600,176
1622506500,168
1622507400,152
1622508300,161
1622509200,145
1622510100,154
1622511000,152
1622511900,150
1622512800,143
1622513700,152
1622514600,147
1622515500,173
1622516400,145
1622517300,168
1622518200,143
1622519100,186
1622520000,176
1622520900,166
1622521800,152
1622522700,165
1622523600,164
1622524500,184
1622525400,174
1622526300,167
1622527200,173
1622528100,147
1622529000,194
1622529900,217
1622530800,223
1622531700,467
1622532600,642
1622533500,492
1622534400,224
1622535300,225
1622536200,330
1622537100,319
1622538000,283
1622538900,261
1622539800,497
1622540700,352
1622541600,318
1622542500,658
1622543400,894
1622544300,414
1622545200,364
1622546100,236
1622547000,192
1622547900,209
1622548800,207
1622549700,194
1622550600,190
1622551500,202
1622552400,193
1622553300,231
1622554200,234
1622555100,266
1622556000,305
1622556900,273
1622557800,249
1622558700,284
1622559600,223
1622560500,226
1622561400,216
1622562300,214
1622563200,244
1622564100,237
1622565000,247
1622565900,522
1622566800,386
1622567700,264
1622568600,274
1622569500,313
1622570400,342
1622571300,333
1622572200,328
1622573100,318
1622574000,326
1622574900,301
1622575800,349
1622576700,369
1622577600,384
1622578500,277
1622579400,284
1622580300,275
1622581200,226
1622582100,176
1622583000,178
1622583900,156
1622584800,154
1622585700,159
1622586600,177
1622587500,166
1622588400,156
1622589300,176
1622590200,175
1622591100,160
1622592000,162
1622592900,167
1622593800,185
1622594700,163
1622595600,153
1622596500,142
1622597400,153
1622598300,154
1622599200,161
1622600100,143
1622601000,152
1622601900,141
1622602800,178
1622603700,146
1622604600,153
1622605500,185
1622606400,161
1622607300,170
1622608200,169
1622609100,161
1622610000,282
1622610900,215
1622611800,194
1622612700,156
1622613600,191
1622614500,181
1622615400,306
1622616300,209
1622617200,194
1622618100,344
1622619000,254
1622619900,275
1622620800,260
1622621700,292
1622622600,281
1622623500,297
1622624400,490
1622625300,1103
1622626200,820
1622627100,581
1622628000,534
1622628900,320
1622629800,222
1622630700,226
1622631600,220
1622632500,216
1622633400,200
1622634300,272
1622635200,414
1622636100,284
1622637000,270
1622637900,321
1622638800,289
1622639700,262
1622640600,246
1622641500,245
1622642400,285
1622643300,333
1622644200,259
1622645100,286
1622646000,282
1622646900,290
1622647800,426
1622648700,342
1622649600,386
1622650500,382
1622651400,322
1622652300,353
1622653200,401
1622654100,331
1622655000,323
1622655900,308
1622656800,302
1622657700,308
1622658600,330
1622659500,337
1622660400,339
1622661300,384
1622662200,461
1622663100,442
1622664000,823
1622664900,548
1622665800,379
1622666700,342
1622667600,770
1622668500,293
1622669400,169
1622670300,160
1622671200,157
1622672100,169
1622673000,152
1622673900,169
1622674800,169
1622675700,161
1622676600,169
1622677500,170
1622678400,165
1622679300,169
1622680200,148
1622681100,179
1622682000,164
1622682900,150
1622683800,150
1622684700,152
1622685600,172
1622686500,151
1622687400,146
1622688300,148
1622689200,147
1622690100,188
1622691000,158
1622691900,155
1622692800,173
1622693700,217
1622694600,265
1622695500,182
1622696400,166
1622697300,153
1622698200,174
1622699100,271
1622700000,310
1622700900,309
1622701800,223
1622702700,218
1622703600,193
1622704500,160
1622705400,179
1622706300,232
1622707200,261
1622708100,213
1622709000,208
1622709900,508
1622710800,642
1622711700,652
1622712600,309
1622713500,246
1622714400,364
1622715300,295
1622716200,297
1622717100,273
1622718000,205
1622718900,196
1622719800,178
1622720700,259
1622721600,275
1622722500,220
1622723400,226
1622724300,196
1622725200,176
1622726100,174
1622727000,174
1622727900,181
1622728800,143
1622729700,163
1622730600,172
1622731500,211
1622732400,200
1622733300,194
1622734200,197
1622735100,194
1622736000,187
1622736900,199
1622737800,185
1622738700,196
1622739600,193
1622740500,184
1622741400,158
1622742300,146
1622743200,155
1622744100,208
1622745000,217
1622745900,236
1622746800,247
1622747700,272
1622748600,266
1622749500,258
1622750400,205
1622751300,175
1622752200,158
1622753100,139
1622754000,133
1622754900,124
1622755800,153
1622756700,144
1622757600,117
1622758500,141
1622759400,149
1622760300,167
1622761200,140
1622762100,147
1622763000,136
1622763900,153
1622764800,135
1622765700,142
1622766600,127
1622767500,145
1622768400,145
1622769300,142
1622770200,137
1622771100,142
1622772000,155
1622772900,147
1622773800,132
1622774700,145
1622775600,137
1622776500,155
1622777400,135
1622778300,172
1622779200,141
1622780100,142
1622781000,208
1622781900,169
1622782800,147
1622783700,148
1622784600,145
1622785500,171
1622786400,163
1622787300,132
1622788200,146
1622789100,157
1622790000,148
1622790900,162
1622791800,159
1622792700,159
1622793600,172
1622794500,164
1622795400,156
1622796300,312
1622797200,230
1622798100,190
1622799000,220
1622799900,199
1622800800,286
1622801700,181
1622802600,189
1622803500,188
1622804400,275
1622805300,241
1622806200,179
1622807100,187
1622808000,176
1622808900,185
1622809800,198
1622810700,254
1622811600,235
1622812500,188
1622813400,212
1622814300,212
1622815200,293
1622816100,238
1622817000,183
1622817900,233
1622818800,279
1622819700,277
1622820600,259
1622821500,188
1622822400,194
1622823300,183
1622824200,195
1622825100,191
1622826000,207
1622826900,181
1622827800,185
1622828700,194
1622829600,210
1622830500,198
1622831400,199
1622832300,203
1622833200,209
1622834100,246
1622835000,192
1622835900,174
1622836800,190
1622837700,164
1622838600,163
1622839500,176
1622840400,156
1622841300,146
1622842200,139
1622843100,156
1622844000,127
1622844900,124
1622845800,142
1622846700,132
1622847600,151
1622848500,135
1622849400,138
1622850300,140
1622851200,139
1622852100,141
1622853000,140
1622853900,148
1622854800,156
1622855700,146
1622856600,143
1622857500,155
1622858400,139
1622859300,149
1622860200,157
1622861100,163
1622862000,171
1622862900,150
1622863800,151
1622864700,157
1622865600,160
1622866500,201
1622867400,160
1622868300,147
1622869200,141
1622870100,170
1622871000,137
1622871900,167
1622872800,153
1622873700,135
1622874600,147
1622875500,151
1622876400,145
1622877300,144
1622878200,205
1622879100,222
1622880000,320
1622880900,193
1622881800,257
1622882700,219
1622883600,197
1622884500,170
1622885400,296
1622886300,211
1622887200,230
1622888100,261
1622889000,448
1622889900,461
1622890800,290
1622891700,278
1622892600,354
1622893500,287
1622894400,289
1622895300,514
1622896200,614
1622897100,260
1622898000,323
1622898900,796
1622899800,471
1622900700,228
1622901600,230
1622902500,228
1622903400,248
1622904300,237
1622905200,228
1622906100,251
1622907000,595
1622907900,394
1622908800,217
1622909700,206
1622910600,214
1622911500,252
1622912400,271
1622913300,271
1622914200,287
1622915100,298
1622916000,317
1622916900,328
1622917800,316
1622918700,324
1622919600,348
1622920500,342
1622921400,384
1622922300,374
1622923200,264
1622924100,238
1622925000,228
1622925900,189
1622926800,180
1622927700,180
1622928600,162
1622929500,173
1622930400,118
1622931300,127
1622932200,138
1622933100,160
1622934000,149
1622934900,150
1622935800,148
1622936700,135
1622937600,126
1622938500,135
1622939400,132
1622940300,139
1622941200,129
1622942100,134
1622943000,136
1622943900,144
1622944800,132
1622945700,133
1622946600,144
1622947500,152
1622948400,155
1622949300,150
1622950200,140
1622951100,150
1622952000,128
1622952900,157
1622953800,148
1622954700,150
1622955600,142
1622956500,135
1622957400,150
1622958300,148
1622959200,165
1622960100,249
1622961000,176
1622961900,170
1622962800,153
1622963700,187
1622964600,654
1622965500,463
1622966400,415
1622967300,203
1622968200,268
1622969100,207
1622970000,260
1622970900,199
1622971800,241
1622972700,466
1622973600,672
1622974500,218
1622975400,320
1622976300,237
1622977200,262
1622978100,690
1622979000,622
1622979900,317
1622980800,376
1622981700,280
1622982600,311
1622983500,332
1622984400,322
1622985300,309
1622986200,278
1622987100,825
1622988000,339
1622988900,477
1622989800,814
1622990700,396
1622991600,388
1622992500,975
1622993400,1078
1622994300,1064
1622995200,949
1622996100,833
1622997000,757
1622997900,379
1622998800,336
1622999700,220
1623000600,191
1623001500,205
1623002400,220
1623003300,220
1623004200,229
1623005100,218
1623006000,244
1623006900,245
1623007800,237
1623008700,229
1623009600,225
1623010500,241
1623011400,384
1623012300,698
1623013200,243
1623014100,224
1623015000,248
1623015900,244
1623016800,177
1623017700,148
1623018600,133
1623019500,144
1623020400,136
1623021300,138
1623022200,127
1623023100,139
1623024000,145
1623024900,143
1623025800,128
1623026700,155
1623027600,141
1623028500,146
1623029400,149
1623030300,153
1623031200,127
1623032100,152
1623033000,155
1623033900,155
1623034800,128
1623035700,149
1623036600,147
1623037500,157
1623038400,132
1623039300,153
1623040200,153
1623041100,154
1623042000,144
1623042900,157
1623043800,146
1623044700,254
1623045600,446
1623046500,673
1623047400,595
1623048300,224
1623049200,192
1623050100,193
1623051000,191
1623051900,338
1623052800,400
1623053700,302
1623054600,834
1623055500,870
1623056400,755
1623057300,642
1623058200,303
1623059100,634
1623060000,1202
1623060900,794
1623061800,387
1623062700,343
1623063600,427
1623064500,272
1623065400,281
1623066300,305
1623067200,283
1623068100,278
1623069000,269
1623069900,268
1623070800,259
1623071700,262
1623072600,488
1623073500,1005
1623074400,869
1623075300,764
1623076200,638
1623077100,298
1623078000,279
1623078900,288
1623079800,286
1623080700,256
1623081600,282
1623082500,313
1623083400,492
1623084300,282
1623085200,305
1623086100,467
1623087000,522
1623087900,412
1623088800,421
1623089700,458
1623090600,416
1623091500,417
1623092400,403
1623093300,398
1623094200,381
1623095100,369
1623096000,359
1623096900,471
1623097800,294
1623098700,190
1623099600,173
1623100500,169
1623101400,163
1623102300,168
1623103200,164
1623104100,142
1623105000,138
1623105900,145
1623106800,157
1623107700,157
1623108600,144
1623109500,153
1623110400,158
1623111300,167
1623112200,146
1623113100,158
1623114000,167
1623114900,172
1623115800,171
1623116700,156
1623117600,163
1623118500,157
1623119400,158
1623120300,180
1623121200,162
1623122100,171
1623123000,161
1623123900,197
1623124800,180
1623125700,172
1623126600,289
1623127500,193
1623128400,180
1623129300,183
1623130200,161
1623131100,173
1623132000,181
1623132900,322
1623133800,188
1623134700,212
1623135600,305
1623136500,303
1623137400,338
1623138300,258
1623139200,218
1623140100,250
1623141000,232
1623141900,248
1623142800,263
1623143700,270
1623144600,250
1623145500,265
1623146400,249
1623147300,230
1623148200,724
1623149100,654
1623150000,841
1623150900,556
1623151800,465
1623152700,467
1623153600,762
1623154500,248
1623155400,247
1623156300,195
1623157200,166
1623158100,153
1623159000,174
1623159900,334
1623160800,227
1623161700,248
1623162600,246
1623163500,182
1623164400,340
1623165300,298
1623166200,279
1623167100,503
1623168000,220
1623168900,256
1623169800,260
1623170700,286
1623171600,333
1623172500,348
1623173400,453
1623174300,420
1623175200,419
1623176100,430
1623177000,460
1623177900,448
1623178800,413
1623179700,444
1623180600,448
1623181500,448
1623182400,414
1623183300,263
1623184200,226
1623185100,157
1623186000,134
1623186900,136
1623187800,155
1623188700,144
1623189600,148
1623190500,121
1623191400,146
1623192300,159
1623193200,157
1623194100,149
1623195000,152
1623195900,139
1623196800,154
1623197700,149
1623198600,156
1623199500,150
1623200400,160
1623201300,165
1623202200,171
1623203100,163
1623204000,172
1623204900,148
1623205800,181
1623206700,151
1623207600,158
1623208500,163
1623209400,191
1623210300,179
1623211200,194
1623212100,278
1623213000,227
1623213900,188
1623214800,168
1623215700,151
1623216600,171
1623217500,179
1623218400,231
1623219300,315
1623220200,284
1623221100,178
1623222000,192
1623222900,182
1623223800,189
1623224700,185
1623225600,200
1623226500,182
1623227400,203
1623228300,444
1623229200,391
1623230100,438
1623231000,266
1623231900,298
1623232800,368
1623233700,289
1623234600,368
1623235500,229
1623236400,208
1623237300,222
1623238200,225
1623239100,213
1623240000,235
1623240900,210
1623241800,227
1623242700,219
1623243600,237
1623244500,211
1623245400,208
1623246300,202
1623247200,207
1623248100,197
1623249000,216
1623249900,288
1623250800,279
1623251700,200
1623252600,227
1623253500,283
1623254400,288
1623255300,276
1623256200,293
1623257100,319
1623258000,415
1623258900,404
1623259800,550
1623260700,440
1623261600,289
1623262500,298
1623263400,391
1623264300,405
1623265200,373
1623266100,391
1623267000,446
1623267900,414
1623268800,380
1623269700,376
1623270600,192
1623271500,182
1623272400,146
1623273300,160
1623274200,148
1623275100,148
1623276000,122
1623276900,148
1623277800,158
1623278700,145
1623279600,156
1623280500,160
1623281400,162
1623282300,157
1623283200,141
1623284100,154
1623285000,158
1623285900,146
1623286800,158
1623287700,160
1623288600,162
1623289500,148
1623290400,154
1623291300,132
1623292200,142
1623293100,133
1623294000,147
1623294900,165
1623295800,166
1623296700,145
1623297600,184
1623298500,268
1623299400,197
1623300300,173
1623301200,175
1623302100,177
1623303000,197
1623303900,360
1623304800,293
1623305700,227
1623306600,184
1623307500,185
1623308400,180
1623309300,203
1623310200,239
1623311100,250
1623312000,235
1623312900,274
1623313800,230
1623314700,281
1623315600,202
1623316500,221
1623317400,201
1623318300,218
1623319200,318
1623320100,225
1623321000,592
1623321900,499
1623322800,205
1623323700,333
1623324600,347
1623325500,253
1623326400,194
1623327300,178
1623328200,206
1623329100,276
1623330000,331
1623330900,276
1623331800,215
1623332700,279
1623333600,190
1623334500,228
1623335400,281
1623336300,263
1623337200,420
1623338100,236
1623339000,417
1623339900,294
1623340800,244
1623341700,230
1623342600,251
1623343500,275
1623344400,238
1623345300,277
1623346200,267
1623347100,274
1623348000,248
1623348900,261
1623349800,306
1623350700,345
1623351600,326
1623352500,353
1623353400,367
1623354300,352
1623355200,368
1623356100,642
1623357000,512
1623357900,279
1623358800,385
1623359700,750
1623360600,185
1623361500,145
1623362400,151
1623363300,150
1623364200,144
1623365100,155
1623366000,171
1623366900,179
1623367800,150
1623368700,149
1623369600,144
1623370500,145
1623371400,143
1623372300,143
1623373200,133
1623374100,143
1623375000,153
1623375900,147
1623376800,137
1623377700,161
1623378600,141
1623379500,173
1623380400,159
1623381300,171
1623382200,147
1623383100,171
1623384000,174
1623384900,159
1623385800,157
1623386700,179
1623387600,177
1623388500,170
1623389400,152
1623390300,155
1623391200,161
1623392100,165
1623393000,309
1623393900,213
1623394800,179
1623395700,220
1623396600,335
1623397500,261
1623398400,311
1623399300,725
1623400200,952
1623401100,1045
1623402000,896
1623402900,496
1623403800,735
1623404700,787
1623405600,396
1623406500,444
1623407400,359
1623408300,835
1623409200,960
1623410100,876
1623411000,810
1623411900,611
1623412800,300
1623413700,285
1623414600,319
1623415500,319
1623416400,321
1623417300,309
1623418200,392
1623419100,340
1623420000,310
1623420900,299
1623421800,367
1623422700,330
1623423600,338
1623424500,339
1623425400,312
1623426300,311
1623427200,322
1623428100,325
1623429000,288
1623429900,276
1623430800,511
1623431700,665
1623432600,274
1623433500,420
1623434400,763
1623435300,657
1623436200,394
1623437100,324
1623438000,344
1623438900,315
1623439800,277
1623440700,264
1623441600,324
1623442500,344
1623443400,272
1623444300,249
1623445200,232
1623446100,190
1623447000,191
1623447900,202
1623448800,191
1623449700,169
1623450600,150
1623451500,173
1623452400,166
1623453300,182
1623454200,156
1623455100,159
1623456000,163
1623456900,156
1623457800,170
1623458700,170
1623459600,171
1623460500,168
1623461400,154
1623462300,173
1623463200,163
1623464100,152
1623465000,161
1623465900,183
1623466800,162
1623467700,183
1623468600,158
1623469500,174
1623470400,147
1623471300,151
1623472200,143
1623473100,150
1623474000,237
1623474900,213
1623475800,195
1623476700,420
1623477600,671
1623478500,274
1623479400,240
1623480300,588
1623481200,629
1623482100,226
1623483000,308
1623483900,317
1623484800,261
1623485700,249
1623486600,244
1623487500,291
1623488400,319
1623489300,301
1623490200,808
1623491100,782
1623492000,615
1623492900,399
1623493800,429
1623494700,317
1623495600,310
1623496500,288
1623497400,275
1623498300,282
1623499200,220
1623500100,222
1623501000,209
1623501900,329
1623502800,279
1623503700,285
1623504600,212
1623505500,256
1623506400,275
1623507300,227
1623508200,209
1623509100,243
1623510000,255
1623510900,222
1623511800,226
1623512700,233
1623513600,226
1623514500,253
1623515400,224
1623516300,226
1623517200,225
1623518100,238
1623519000,262
1623519900,263
1623520800,264
1623521700,277
1623522600,260
1623523500,265
1623524400,264
1623525300,270
1623526200,317
1623527100,340
1623528000,312
1623528900,275
1623529800,274
1623530700,241
1623531600,233
1623532500,242
1623533400,210
1623534300,189
1623535200,166
1623536100,152
1623537000,147
1623537900,162
1623538800,145
1623539700,156
1623540600,164
1623541500,159
1623542400,138
1623543300,156
1623544200,155
1623545100,161
1623546000,145
1623546900,156
1623547800,167
1623548700,168
1623549600,160
1623550500,166
1623551400,167
1623552300,157
1623553200,159
1623554100,174
1623555000,171
1623555900,159
1623556800,151
1623557700,144
1623558600,180
1623559500,142
1623560400,150
1623561300,142
1623562200,152
1623563100,155
1623564000,174
1623564900,146
1623565800,161
1623566700,163
1623567600,180
1623568500,502
1623569400,726
1623570300,620
1623571200,461
1623572100,583
1623573000,267
1623573900,281
1623574800,864
1623575700,392
1623576600,239
1623577500,238
1623578400,214
1623579300,189
1623580200,465
1623581100,1185
1623582000,234
1623582900,273
1623583800,222
1623584700,232
1623585600,219
1623586500,218
1623587400,202
1623588300,198
1623589200,198
1623590100,216
1623591000,160
1623591900,140
1623592800,134
1623593700,154
1623594600,150
1623595500,236
1623596400,167
1623597300,162
1623598200,172
1623599100,149
1623600000,174
1623600900,173
1623601800,166
1623602700,132
1623603600,150
1623604500,151
1623605400,148
1623606300,154
1623607200,140
1623608100,189
1623609000,236
1623609900,188
1623610800,185
1623611700,209
1623612600,201
1623613500,227
1623614400,206
1623615300,205
1623616200,175
1623617100,181
1623618000,176
1623618900,163
1623619800,122
1623620700,130
1623621600,131
1623622500,153
1623623400,135
1623624300,157
1623625200,148
1623626100,186
1623627000,164
1623627900,161
1623628800,153
1623629700,173
1623630600,158
1623631500,166
1623632400,166
1623633300,168
1623634200,171
1623635100,156
1623636000,168
1623636900,165
1623637800,152
1623638700,166
1623639600,160
1623640500,153
1623641400,162
1623642300,149
1623643200,172
1623644100,153
1623645000,152
1623645900,139
1623646800,142
1623647700,139
1623648600,143
1623649500,153
1623650400,161
1623651300,161
1623652200,156
1623653100,142
1623654000,139
1623654900,186
1623655800,809
1623656700,497
1623657600,163
1623658500,153
1623659400,161
1623660300,138
1623661200,187
1623662100,198
1623663000,200
1623663900,176
1623664800,187
1623665700,177
1623666600,193
1623667500,346
1623668400,189
1623669300,182
1623670200,200
1623671100,224
1623672000,201
1623672900,180
1623673800,197
1623674700,277
1623675600,639
1623676500,219
1623677400,326
1623678300,1128
1623679200,431
1623680100,199
1623681000,180
1623681900,196
1623682800,187
1623683700,191
1623684600,192
1623685500,182
1623686400,190
1623687300,169
1623688200,171
1623689100,170
1623690000,169
1623690900,163
1623691800,173
1623692700,174
1623693600,207
1623694500,229
1623695400,321
1623696300,785
1623697200,587
1623698100,418
1623699000,433
1623699900,405
1623700800,433
1623701700,279
1623702600,241
1623703500,142
1623704400,151
1623705300,140
1623706200,149
1623707100,136
1623708000,150
1623708900,135
1623709800,146
1623710700,154
1623711600,148
1623712500,145
1623713400,132
1623714300,151
1623715200,146
1623716100,124
1623717000,128
1623717900,134
1623718800,129
1623719700,123
1623720600,127
1623721500,126
1623722400,150
1623723300,128
1623724200,135
1623725100,138
1623726000,169
1623726900,152
1623727800,155
1623728700,169
1623729600,193
1623730500,253
1623731400,193
1623732300,162
1623733200,190
1623734100,229
1623735000,192
1623735900,159
1623736800,159
1623737700,128
1623738600,149
1623739500,158
1623740400,201
1623741300,181
1623742200,177
1623743100,298
1623744000,283
1623744900,227
1623745800,244
1623746700,246
1623747600,169
1623748500,181
1623749400,181
1623750300,175
1623751200,192
1623752100,332
1623753000,441
1623753900,232
1623754800,246
1623755700,354
1623756600,254
1623757500,331
1623758400,308
1623759300,335
1623760200,251
1623761100,306
1623762000,222
1623762900,226
1623763800,257
1623764700,297
1623765600,244
1623766500,190
1623767400,204
1623768300,265
1623769200,285
1623770100,403
1623771000,396
1623771900,290
1623772800,266
1623773700,282
1623774600,280
1623775500,291
1623776400,284
1623777300,270
1623778200,280
1623779100,266
1623780000,282
1623780900,306
1623781800,320
1623782700,306
1623783600,315
1623784500,375
1623785400,394
1623786300,383
1623787200,402
1623788100,389
1623789000,618
1623789900,715
1623790800,193
1623791700,185
1623792600,185
1623793500,189
1623794400,154
1623795300,148
1623796200,133
1623797100,155
1623798000,139
1623798900,135
1623799800,141
1623800700,157
1623801600,141
1623802500,137
1623803400,134
1623804300,168
1623805200,151
1623806100,139
1623807000,158
1623807900,160
1623808800,162
1623809700,142
1623810600,157
1623811500,135
1623812400,149
1623813300,134
1623814200,152
1623815100,158
1623816000,192
1623816900,251
1623817800,197
1623818700,149
1623819600,199
1623820500,162
1623821400,169
1623822300,179
1623823200,189
1623824100,412
1623825000,371
1623825900,253
1623826800,318
1623827700,317
1623828600,268
1623829500,302
1623830400,357
1623831300,287
1623832200,228
1623833100,274
1623834000,245
1623834900,496
1623835800,281
1623836700,254
1623837600,202
1623838500,196
1623839400,200
1623840300,187
1623841200,186
1623842100,203
1623843000,254
1623843900,221
1623844800,186
1623845700,181
1623846600,197
1623847500,175
1623848400,235
1623849300,182
1623850200,193
1623851100,189
1623852000,178
1623852900,184
1623853800,187
1623854700,182
1623855600,216
1623856500,298
1623857400,350
1623858300,357
1623859200,289
1623860100,353
1623861000,320
1623861900,294
1623862800,323
1623863700,337
1623864600,328
1623865500,334
1623866400,356
1623867300,391
1623868200,380
1623869100,343
1623870000,347
1623870900,368
1623871800,390
1623872700,384
1623873600,335
1623874500,608
1623875400,981
1623876300,391
1623877200,317
1623878100,756
1623879000,200
1623879900,175
1623880800,174
1623881700,165
1623882600,159
1623883500,151
1623884400,158
1623885300,165
1623886200,146
1623887100,161
1623888000,160
1623888900,172
1623889800,163
1623890700,164
1623891600,165
1623892500,170
1623893400,157
1623894300,164
1623895200,173
1623896100,168
1623897000,174
1623897900,153
1623898800,157
1623899700,154
1623900600,178
1623901500,821
1623902400,751
1623903300,755
1623904200,518
1623905100,195
1623906000,195
1623906900,156
1623907800,154
1623908700,175
1623909600,177
1623910500,174
1623911400,177
1623912300,545
1623913200,800
1623914100,321
1623915000,228
1623915900,427
1623916800,360
1623917700,203
1623918600,175
1623919500,190
1623920400,284
1623921300,338
1623922200,317
1623923100,162
1623924000,176
1623924900,163
1623925800,189
1623926700,249
1623927600,238
1623928500,151
1623929400,158
1623930300,182
1623931200,188
1623932100,179
1623933000,177
1623933900,346
1623934800,257
1623935700,156
1623936600,255
1623937500,294
1623938400,173
1623939300,154
1623940200,142
1623941100,153
1623942000,181
1623942900,240
1623943800,341
1623944700,255
1623945600,332
1623946500,220
1623947400,247
1623948300,260
1623949200,235
1623950100,240
1623951000,246
1623951900,260
1623952800,237
1623953700,229
1623954600,237
1623955500,725
1623956400,365
1623957300,268
1623958200,486
1623959100,755
1623960000,266
1623960900,286
1623961800,277
1623962700,411
1623963600,602
1623964500,269
1623965400,227
1623966300,258
1623967200,206
1623968100,146
1623969000,141
1623969900,150
1623970800,141
1623971700,147
1623972600,147
1623973500,141
1623974400,151
1623975300,130
1623976200,154
1623977100,152
1623978000,149
1623978900,158
1623979800,159
1623980700,152
1623981600,153
1623982500,162
1623983400,160
1623984300,153
1623985200,142
1623986100,143
1623987000,146
1623987900,148
1623988800,143
1623989700,135
1623990600,153
1623991500,133
1623992400,580
1623993300,263
1623994200,173
1623995100,187
1623996000,202
1623996900,221
1623997800,233
1623998700,216
1623999600,258
1624000500,288
1624001400,221
1624002300,243
1624003200,156
1624004100,194
1624005000,205
1624005900,262
1624006800,237
1624007700,270
1624008600,255
1624009500,735
1624010400,344
1624011300,243
1624012200,326
1624013100,214
1624014000,193
1624014900,191
1624015800,184
1624016700,190
1624017600,193
1624018500,202
1624019400,170
1624020300,155
1624021200,211
1624022100,220
1624023000,203
1624023900,215
1624024800,214
1624025700,239
1624026600,219
1624027500,722
1624028400,914
1624029300,791
1624030200,769
1624031100,422
1624032000,356
1624032900,424
1624033800,553
1624034700,603
1624035600,487
1624036500,537
1624037400,494
1624038300,236
1624039200,291
1624040100,283
1624041000,276
1624041900,294
1624042800,268
1624043700,273
1624044600,264
1624045500,342
1624046400,286
1624047300,251
1624048200,249
1624049100,250
1624050000,251
1624050900,222
1624051800,220
1624052700,219
1624053600,228
1624054500,218
1624055400,217
1624056300,188
1624057200,178
1624058100,186
1624059000,167
1624059900,195
1624060800,181
1624061700,187
1624062600,174
1624063500,183
1624064400,179
1624065300,188
1624066200,160
1624067100,200
1624068000,180
1624068900,199
1624069800,178
1624070700,184
1624071600,183
1624072500,165
1624073400,167
1624074300,173
1624075200,169
1624076100,147
1624077000,130
1624077900,135
1624078800,146
1624079700,131
1624080600,222
1624081500,217
1624082400,305
1624083300,180
1624084200,279
1624085100,432
1624086000,266
1624086900,318
1624087800,293
1624088700,245
1624089600,252
1624090500,251
1624091400,236
1624092300,234
1624093200,247
1624094100,258
1624095000,392
1624095900,334
1624096800,283
1624097700,289
1624098600,330
1624099500,300
1624100400,945
1624101300,372
1624102200,303
1624103100,792
1624104000,948
1624104900,401
1624105800,274
1624106700,280
1624107600,315
1624108500,323
1624109400,298
1624110300,284
1624111200,388
1624112100,385
1624113000,304
1624113900,307
1624114800,311
1624115700,289
1624116600,346
1624117500,466
1624118400,395
1624119300,450
1624120200,438
1624121100,390
1624122000,585
1624122900,806
1624123800,736
1624124700,308
1624125600,285
1624126500,284
1624127400,297
1624128300,298
1624129200,323
1624130100,314
1624131000,296
1624131900,279
1624132800,277
1624133700,272
1624134600,264
1624135500,259
1624136400,245
1624137300,240
1624138200,230
1624139100,216
1624140000,196
1624140900,165
1624141800,160
1624142700,154
1624143600,144
1624144500,136
1624145400,154
1624146300,149
1624147200,134
1624148100,139
1624149000,161
1624149900,163
1624150800,152
1624151700,143
1624152600,157
1624153500,167
1624154400,148
1624155300,147
1624156200,164
1624157100,168
1624158000,160
1624158900,137
1624159800,138
1624160700,146
1624161600,143
1624162500,136
1624163400,136
1624164300,142
1624165200,145
1624166100,150
1624167000,141
1624167900,137
1624168800,165
1624169700,143
1624170600,161
1624171500,154
1624172400,241
1624173300,274
1624174200,219
1624175100,204
1624176000,206
1624176900,199
1624177800,199
1624178700,191
1624179600,233
1624180500,246
1624181400,700
1624182300,693
1624183200,460
1624184100,317
1624185000,403
1624185900,257
1624186800,266
1624187700,254
1624188600,262
1624189500,431
1624190400,429
1624191300,388
1624192200,826
1624193100,370
1624194000,484
1624194900,403
1624195800,381
1624196700,725
1624197600,637
1624198500,535
1624199400,545
1624200300,1003
1624201200,624
1624202100,921
1624203000,796
1624203900,499
1624204800,363
1624205700,354
1624206600,463
1624207500,356
1624208400,392
1624209300,369
1624210200,421
1624211100,375
1624212000,372
1624212900,371
1624213800,372
1624214700,356
1624215600,362
1624216500,379
1624217400,333
1624218300,306
1624219200,320
1624220100,318
1624221000,308
1624221900,292
1624222800,242
1624223700,185
1624224600,165
1624225500,139
1624226400,137
1624227300,150
1624228200,147
1624229100,147
1624230000,137
1624230900,153
1624231800,149
1624232700,159
1624233600,153
1624234500,155
1624235400,138
1624236300,150
1624237200,157
1624238100,190
1624239000,151
1624239900,160
1624240800,150
1624241700,172
1624242600,148
1624243500,146
1624244400,151
1624245300,162
1624246200,141
1624247100,145
1624248000,133
1624248900,142
1624249800,132
1624250700,143
1624251600,144
1624252500,143
1624253400,144
1624254300,213
1624255200,144
1624256100,330
1624257000,967
1624257900,475
1624258800,368
1624259700,244
1624260600,275
1624261500,363
1624262400,391
1624263300,266
1624264200,358
1624265100,298
1624266000,428
1624266900,429
1624267800,286
1624268700,306
1624269600,357
1624270500,269
1624271400,233
1624272300,255
1624273200,258
1624274100,283
1624275000,250
1624275900,249
1624276800,242
1624277700,259
1624278600,370
1624279500,364
1624280400,326
1624281300,326
1624282200,347
1624283100,330
1624284000,331
1624284900,516
1624285800,1147
1624286700,972
1624287600,748
1624288500,339
1624289400,312
1624290300,383
1624291200,647
1624292100,1111
1624293000,531
1624293900,476
1624294800,973
1624295700,535
1624296600,368
1624297500,328
1624298400,312
1624299300,332
1624300200,375
1624301100,344
1624302000,358
1624302900,337
1624303800,350
1624304700,345
1624305600,343
1624306500,232
1624307400,204
1624308300,181
1624309200,144
1624310100,132
1624311000,156
1624311900,146
1624312800,145
1624313700,132
1624314600,166
1624315500,157
1624316400,172
1624317300,148
1624318200,149
1624319100,147
1624320000,144
1624320900,149
1624321800,160
1624322700,152
1624323600,158
1624324500,145
1624325400,161
1624326300,161
1624327200,143
1624328100,159
1624329000,163
1624329900,151
1624330800,156
1624331700,135
1624332600,173
1624333500,143
1624334400,157
1624335300,242
1624336200,204
1624337100,173
1624338000,168
1624338900,158
1624339800,180
1624340700,208
1624341600,171
1624342500,355
1624343400,302
1624344300,312
1624345200,233
1624346100,337
1624347000,210
1624347900,227
1624348800,332
1624349700,254
1624350600,230
1624351500,171
1624352400,137
1624353300,162
1624354200,160
1624355100,202
1624356000,314
1624356900,350
1624357800,387
1624358700,354
1624359600,983
1624360500,991
1624361400,786
1624362300,367
1624363200,348
1624364100,363
1624365000,345
1624365900,441
1624366800,415
1624367700,351
1624368600,370
1624369500,388
1624370400,316
1624371300,312
1624372200,338
1624373100,363
1624374000,344
1624374900,320
1624375800,358
1624376700,392
1624377600,457
1624378500,296
1624379400,365
1624380300,476
1624381200,491
1624382100,369
1624383000,374
1624383900,383
1624384800,379
1624385700,375
1624386600,383
1624387500,419
1624388400,426
1624389300,433
1624390200,443
1624391100,446
1624392000,395
1624392900,332
1624393800,191
1624394700,153
1624395600,158
1624396500,148
1624397400,137
1624398300,144
1624399200,153
1624400100,167
1624401000,155
1624401900,159
1624402800,139
1624403700,169
1624404600,151
1624405500,136
1624406400,119
1624407300,136
1624408200,148
1624409100,148
1624410000,129
1624410900,140
1624411800,135
1624412700,159
1624413600,134
1624414500,141
1624415400,170
1624416300,161
1624417200,140
1624418100,155
1624419000,151
1624419900,148
1624420800,184
1624421700,267
1624422600,229
1624423500,240
1624424400,214
1624425300,181
1624426200,188
1624427100,159
1624428000,228
1624428900,187
1624429800,185
1624430700,174
1624431600,201
1624432500,218
1624433400,422
1624434300,198
1624435200,136
1624436100,141
1624437000,142
1624437900,135
1624438800,134
1624439700,138
1624440600,511
1624441500,399
1624442400,273
1624443300,194
1624444200,242
1624445100,246
1624446000,273
1624446900,206
1624447800,201
1624448700,331
1624449600,295
1624450500,238
1624451400,222
1624452300,244
1624453200,282
1624454100,224
1624455000,210
1624455900,220
1624456800,243
1624457700,229
1624458600,230
1624459500,324
1624460400,338
1624461300,361
1624462200,334
1624463100,473
1624464000,385
1624464900,354
1624465800,373
1624466700,435
1624467600,507
1624468500,414
1624469400,448
1624470300,411
1624471200,441
1624472100,405
1624473000,419
1624473900,394
1624474800,420
1624475700,457
1624476600,440
1624477500,433
1624478400,396
1624479300,469
1624480200,777
1624481100,211
1624482000,210
1624482900,642
1624483800,460
1624484700,162
1624485600,180
1624486500,172
1624487400,172
1624488300,174
1624489200,191
1624490100,176
1624491000,179
1624491900,162
1624492800,175
1624493700,153
1624494600,161
1624495500,159
1624496400,169
1624497300,163
1624498200,160
1624499100,155
1624500000,174
1624500900,165
1624501800,193
1624502700,159
1624503600,177
1624504500,176
1624505400,155
1624506300,199
1624507200,187
1624508100,305
1624509000,263
1624509900,279
1624510800,190
1624511700,277
1624512600,185
1624513500,190
1624514400,212
1624515300,183
1624516200,200
1624517100,373
1624518000,368
1624518900,276
1624519800,244
1624520700,235
1624521600,267
1624522500,287
1624523400,237
1624524300,216
1624525200,223
1624526100,226
1624527000,220
1624527900,219
1624528800,230
1624529700,460
1624530600,397
1624531500,433
1624532400,301
1624533300,269
1624534200,356
1624535100,302
1624536000,345
1624536900,285
1624537800,341
1624538700,339
1624539600,315
1624540500,277
1624541400,284
1624542300,282
1624543200,249
1624544100,238
1624545000,237
1624545900,246
1624546800,259
1624547700,321
1624548600,300
1624549500,321
1624550400,576
1624551300,608
1624552200,278
1624553100,282
1624554000,311
1624554900,370
1624555800,293
1624556700,334
1624557600,411
1624558500,428
1624559400,399
1624560300,394
1624561200,387
1624562100,438
1624563000,408
1624563900,358
1624564800,314
1624565700,274
1624566600,212
1624567500,220
1624568400,203
1624569300,211
1624570200,204
1624571100,202
1624572000,202
1624572900,184
1624573800,144
1624574700,185
1624575600,160
1624576500,168
1624577400,149
1624578300,156
1624579200,169
1624580100,179
1624581000,138
1624581900,148
1624582800,140
1624583700,157
1624584600,138
1624585500,146
1624586400,138
1624587300,158
1624588200,168
1624589100,157
1624590000,137
1624590900,161
1624591800,159
1624592700,188
1624593600,163
1624594500,321
1624595400,172
1624596300,231
1624597200,219
1624598100,204
1624599000,202
1624599900,209
1624600800,222
1624601700,214
1624602600,279
1624603500,277
1624604400,248
1624605300,223
1624606200,452
1624607100,298
1624608000,252
1624608900,235
1624609800,241
1624610700,364
1624611600,296
1624612500,273
1624613400,334
1624614300,313
1624615200,514
1624616100,405
1624617000,372
1624617900,320
1624618800,308
1624619700,292
1624620600,301
1624621500,355
1624622400,345
1624623300,300
1624624200,307
1624625100,317
1624626000,258
1624626900,310
1624627800,311
1624628700,366
1624629600,379
1624630500,292
1624631400,479
1624632300,444
1624633200,459
1624634100,345
1624635000,364
1624635900,366
1624636800,336
1624637700,309
1624638600,323
1624639500,327
1624640400,349
1624641300,316
1624642200,320
1624643100,315
1624644000,334
1624644900,300
1624645800,327
1624646700,332
1624647600,332
1624648500,348
1624649400,354
1624650300,374
1624651200,323
1624652100,505
1624653000,1215
1624653900,827
1624654800,475
1624655700,735
1624656600,479
1624657500,174
1624658400,177
1624659300,201
1624660200,197
1624661100,155
1624662000,159
1624662900,164
1624663800,171
1624664700,160
1624665600,173
1624666500,179
1624667400,171
1624668300,164
1624669200,148
1624670100,157
1624671000,148
1624671900,166
1624672800,150
1624673700,167
1624674600,148
1624675500,172
1624676400,152
1624677300,170
1624678200,179
1624679100,153
1624680000,175
1624680900,178
1624681800,404
1624682700,809
1624683600,851
1624684500,681
1624685400,542
1624686300,231
1624687200,809
1624688100,427
1624689000,282
1624689900,466
1624690800,314
1624691700,301
1624692600,235
1624693500,225
1624694400,242
1624695300,258
1624696200,241
1624697100,234
1624698000,250
1624698900,249
1624699800,254
1624700700,568
1624701600,1003
1624702500,828
1624703400,440
1624704300,352
1624705200,313
1624706100,269
1624707000,271
1624707900,277
1624708800,523
1624709700,336
1624710600,319
1624711500,278
1624712400,260
1624713300,250
1624714200,259
1624715100,269
1624716000,258
1624716900,261
1624717800,248
1624718700,231
1624719600,245
1624720500,236
1624721400,263
1624722300,431
1624723200,240
1624724100,233
1624725000,221
1624725900,204
1624726800,981
1624727700,504
1624728600,250
1624729500,258
1624730400,235
1624731300,242
1624732200,244
1624733100,278
1624734000,314
1624734900,316
1624735800,315
1624736700,320
1624737600,332
1624738500,314
1624739400,304
1624740300,219
1624741200,170
1624742100,204
1624743000,187
1624743900,182
1624744800,180
1624745700,180
1624746600,194
1624747500,199
1624748400,173
1624749300,169
1624750200,163
1624751100,159
1624752000,148
1624752900,146
1624753800,167
1624754700,170
1624755600,141
1624756500,133
1624757400,139
1624758300,152
1624759200,134
1624760100,142
1624761000,141
1624761900,148
1624762800,156
1624763700,142
1624764600,144
1624765500,151
1624766400,161
1624767300,155
1624768200,180
1624769100,180
1624770000,155
1624770900,179
1624771800,162
1624772700,182
1624773600,186
1624774500,215
1624775400,197
1624776300,243
1624777200,261
1624778100,299
1624779000,299
1624779900,225
1624780800,253
1624781700,260
1624782600,298
1624783500,267
1624784400,420
1624785300,376
1624786200,442
1624787100,376
1624788000,211
1624788900,268
1624789800,195
1624790700,459
1624791600,533
1624792500,281
1624793400,308
1624794300,690
1624795200,512
1624796100,208
1624797000,183
1624797900,223
1624798800,213
1624799700,220
1624800600,197
1624801500,193
1624802400,170
1624803300,177
1624804200,257
1624805100,197
1624806000,191
1624806900,189
1624807800,200
1624808700,195
1624809600,278
1624810500,219
1624811400,196
1624812300,155
1624813200,159
1624814100,136
1624815000,149
1624815900,136
1624816800,129
1624817700,130
1624818600,134
1624819500,136
1624820400,129
1624821300,160
1624822200,141
1624823100,172
1624824000,185
1624824900,186
1624825800,188
1624826700,168
1624827600,152
1624828500,132
1624829400,144
1624830300,144
1624831200,147
1624832100,157
1624833000,149
1624833900,167
1624834800,148
1624835700,177
1624836600,156
1624837500,155
1624838400,145
1624839300,175
1624840200,153
1624841100,160
1624842000,138
1624842900,155
1624843800,143
1624844700,142
1624845600,132
1624846500,141
1624847400,139
1624848300,147
1624849200,147
1624850100,156
1624851000,137
1624851900,153
1624852800,137
1624853700,160
1624854600,172
1624855500,174
1624856400,160
1624857300,160
1624858200,174
1624859100,153
1624860000,171
1624860900,171
1624861800,171
1624862700,148
1624863600,180
1624864500,797
1624865400,229
1624866300,231
1624867200,229
1624868100,250
1624869000,255
1624869900,227
1624870800,250
1624871700,226
1624872600,223
1624873500,190
1624874400,180
1624875300,177
1624876200,201
1624877100,363
1624878000,792
1624878900,498
1624879800,181
1624880700,151
1624881600,148
1624882500,162
1624883400,218
1624884300,216
1624885200,269
1624886100,279
1624887000,253
1624887900,270
1624888800,267
1624889700,341
1624890600,274
1624891500,253
1624892400,251
1624893300,258
1624894200,248
1624895100,246
1624896000,259
1624896900,252
1624897800,263
1624898700,231
1624899600,340
1624900500,259
1624901400,344
1624902300,240
1624903200,225
1624904100,266
1624905000,291
1624905900,308
1624906800,353
1624907700,361
1624908600,408
1624909500,369
1624910400,380
1624911300,770
1624912200,779
1624913100,274
1624914000,258
1624914900,223
1624915800,209
1624916700,244
1624917600,226
1624918500,229
1624919400,182
1624920300,206
1624921200,195
1624922100,209
1624923000,183
1624923900,209
1624924800,217
1624925700,199
1624926600,193
1624927500,203
1624928400,209
1624929300,207
1624930200,186
1624931100,181
1624932000,197
1624932900,190
1624933800,188
1624934700,184
1624935600,189
1624936500,180
1624937400,239
1624938300,206
1624939200,217
1624940100,325
1624941000,290
1624941900,216
1624942800,507
1624943700,856
1624944600,781
1624945500,651
1624946400,507
1624947300,175
1624948200,192
1624949100,188
1624950000,211
1624950900,166
1624951800,166
1624952700,154
1624953600,149
1624954500,139
1624955400,163
1624956300,156
1624957200,158
1624958100,137
1624959000,155
1624959900,143
1624960800,143
1624961700,133
1624962600,137
1624963500,180
1624964400,203
1624965300,269
1624966200,322
1624967100,260
1624968000,284
1624968900,217
1624969800,278
1624970700,207
1624971600,210
1624972500,205
1624973400,231
1624974300,314
1624975200,279
1624976100,235
1624977000,326
1624977900,367
1624978800,505
1624979700,419
1624980600,300
1624981500,279
1624982400,273
1624983300,400
1624984200,308
1624985100,300
1624986000,288
1624986900,308
1624987800,475
1624988700,348
1624989600,414
1624990500,340
1624991400,369
1624992300,361
1624993200,385
1624994100,398
1624995000,447
1624995900,425
1624996800,863
1624997700,494
1624998600,404
1624999500,557
1625000400,650
1625001300,154
1625002200,152
1625003100,123
1625004000,152
1625004900,152
1625005800,157
1625006700,135
1625007600,145
1625008500,158
1625009400,150
1625010300,124
1625011200,150
1625012100,150
1625013000,155
1625013900,132
1625014800,149
1625015700,165
1625016600,181
1625017500,137
1625018400,144
1625019300,145
1625020200,152
1625021100,135
1625022000,142
1625022900,137
1625023800,168
1625024700,177
1625025600,158
1625026500,266
1625027400,272
1625028300,196
1625029200,301
1625030100,705
1625031000,175
1625031900,168
1625032800,171
1625033700,179
1625034600,169
1625035500,153
1625036400,161
1625037300,430
1625038200,233
1625039100,252
1625040000,226
1625040900,228
1625041800,244
1625042700,510
1625043600,590
1625044500,279
1625045400,184
1625046300,230
1625047200,241
1625048100,220
1625049000,231
1625049900,203
1625050800,180
1625051700,286
1625052600,273
1625053500,246
1625054400,257
1625055300,207
1625056200,219
1625057100,209
1625058000,206
1625058900,226
1625059800,207
1625060700,223
1625061600,206
1625062500,208
1625063400,211
1625064300,281
1625065200,386
1625066100,350
1625067000,284
1625067900,268
1625068800,279
1625069700,329
1625070600,298
1625071500,320
1625072400,427
1625073300,646
1625074200,609
1625075100,287
1625076000,288
1625076900,298
1625077800,274
1625078700,285
1625079600,257
1625080500,286
1625081400,345
1625082300,343
1625083200,422
1625084100,836
1625085000,251
1625085900,240
1625086800,245
1625087700,204
1625088600,177
1625089500,140
1625090400,153
1625091300,134
1625092200,153
1625093100,155
1625094000,180
1625094900,142
1625095800,158
1625096700,153
1625097600,165
1625098500,143
1625099400,166
1625100300,154
1625101200,171
1625102100,140
1625103000,158
1625103900,152
1625104800,151
1625105700,138
1625106600,152
1625107500,134
1625108400,150
1625109300,149
1625110200,157
1625111100,165
1625112000,170
1625112900,305
1625113800,268
1625114700,176
1625115600,168
1625116500,127
1625117400,445
1625118300,798
1625119200,653
1625120100,623
1625121000,213
1625121900,405
1625122800,296
1625123700,194
1625124600,198
1625125500,187
1625126400,256
1625127300,234
1625128200,206
1625129100,271
1625130000,224
1625130900,250
1625131800,226
1625132700,325
1625133600,231
1625134500,200
1625135400,280
1625136300,186
1625137200,188
1625138100,198
1625139000,187
1625139900,185
1625140800,206
1625141700,221
1625142600,207
1625143500,222
1625144400,202
1625145300,220
1625146200,206
1625147100,210
1625148000,148
1625148900,193
1625149800,247
1625150700,223
1625151600,250
1625152500,273
1625153400,290
1625154300,288
1625155200,265
1625156100,294
1625157000,298
1625157900,463
1625158800,388
1625159700,323
1625160600,330
1625161500,340
1625162400,313
1625163300,307
1625164200,308
1625165100,344
1625166000,352
1625166900,314
1625167800,308
1625168700,318
1625169600,343
1625170500,344
1625171400,644
1625172300,285
1625173200,257
1625174100,257
1625175000,234
1625175900,237
1625176800,149
1625177700,149
1625178600,138
1625179500,142
1625180400,151
1625181300,154
1625182200,139
1625183100,134
1625184000,141
1625184900,154
1625185800,130
1625186700,143
1625187600,143
1625188500,166
1625189400,139
1625190300,134
1625191200,136
1625192100,139
1625193000,120
1625193900,129
1625194800,121
1625195700,141
1625196600,132
1625197500,156
1625198400,152
1625199300,235
1625200200,145
1625201100,176
1625202000,191
1625202900,203
1625203800,178
1625204700,166
1625205600,622
1625206500,761
1625207400,644
1625208300,249
1625209200,201
1625210100,212
1625211000,204
1625211900,244
1625212800,255
1625213700,270
1625214600,269
1625215500,278
1625216400,291
1625217300,293
1625218200,261
1625219100,255
1625220000,263
1625220900,536
1625221800,704
1625222700,266
1625223600,368
1625224500,324
1625225400,310
1625226300,293
1625227200,254
1625228100,348
1625229000,369
1625229900,284
1625230800,279
1625231700,262
1625232600,273
1625233500,248
1625234400,241
1625235300,315
1625236200,378
1625237100,289
1625238000,351
1625238900,356
1625239800,301
1625240700,309
1625241600,310
1625242500,318
1625243400,469
1625244300,378
1625245200,340
1625246100,313
1625247000,310
1625247900,381
1625248800,376
1625249700,372
1625250600,390
1625251500,396
1625252400,412
1625253300,446
1625254200,455
1625255100,413
1625256000,385
1625256900,286
1625257800,222
1625258700,213
1625259600,199
1625260500,202
1625261400,197
1625262300,215
1625263200,198
1625264100,146
1625265000,155
1625265900,154
1625266800,144
1625267700,134
1625268600,155
1625269500,161
1625270400,156
1625271300,140
1625272200,166
1625273100,160
1625274000,157
1625274900,146
1625275800,164
1625276700,161
1625277600,160
1625278500,135
1625279400,144
1625280300,144
1625281200,142
1625282100,132
1625283000,152
1625283900,166
1625284800,157
1625285700,209
1625286600,163
1625287500,165
1625288400,221
1625289300,149
1625290200,183
1625291100,182
1625292000,618
1625292900,244
1625293800,180
1625294700,390
1625295600,619
1625296500,148
1625297400,160
1625298300,171
1625299200,295
1625300100,243
1625301000,285
1625301900,249
1625302800,271
1625303700,376
1625304600,358
1625305500,481
1625306400,289
1625307300,254
1625308200,273
1625309100,277
1625310000,246
1625310900,228
1625311800,254
1625312700,365
1625313600,362
1625314500,390
1625315400,338
1625316300,347
1625317200,356
1625318100,324
1625319000,311
1625319900,296
1625320800,292
1625321700,295
1625322600,310
1625323500,317
1625324400,310
1625325300,303
1625326200,333
1625327100,295
1625328000,336
1625328900,259
1625329800,332
1625330700,308
1625331600,236
1625332500,253
1625333400,267
1625334300,250
1625335200,229
1625336100,243
1625337000,286
1625337900,277
1625338800,252
1625339700,271
1625340600,280
1625341500,225
1625342400,222
1625343300,194
1625344200,223
1625345100,188
1625346000,188
1625346900,190
1625347800,200
1625348700,153
1625349600,145
1625350500,132
1625351400,155
1625352300,140
1625353200,147
1625354100,146
1625355000,183
1625355900,176
1625356800,162
1625357700,132
1625358600,162
1625359500,163
1625360400,145
1625361300,170
1625362200,160
1625363100,162
1625364000,150
1625364900,155
1625365800,155
1625366700,156
1625367600,146
1625368500,147
1625369400,154
1625370300,147
1625371200,153
1625372100,160
1625373000,162
1625373900,157
1625374800,176
1625375700,165
1625376600,152
1625377500,139
1625378400,142
1625379300,132
1625380200,125
1625381100,206
1625382000,323
1625382900,182
1625383800,211
1625384700,572
1625385600,673
1625386500,529
1625387400,435
1625388300,357
1625389200,307
1625390100,322
1625391000,721
1625391900,474
1625392800,486
1625393700,524
1625394600,338
1625395500,271
1625396400,669
1625397300,470
1625398200,358
1625399100,428
1625400000,1002
1625400900,355
1625401800,320
1625402700,306
1625403600,287
1625404500,437
1625405400,388
1625406300,314
1625407200,416
1625408100,332
1625409000,284
1625409900,287
1625410800,261
1625411700,274
1625412600,285
1625413500,263
1625414400,285
1625415300,260
1625416200,351
1625417100,326
1625418000,269
1625418900,364
1625419800,364
1625420700,380
1625421600,248
1625422500,251
1625423400,233
1625424300,236
1625425200,256
1625426100,245
1625427000,260
1625427900,240
1625428800,274
1625429700,275
1625430600,329
1625431500,301
1625432400,288
1625433300,244
1625434200,240
1625435100,217
1625436000,230
1625436900,165
1625437800,135
1625438700,137
1625439600,133
1625440500,137
1625441400,141
1625442300,146
1625443200,150
1625444100,143
1625445000,140
1625445900,142
1625446800,170
1625447700,154
1625448600,143
1625449500,150
1625450400,170
1625451300,137
1625452200,156
1625453100,158
1625454000,164
1625454900,151
1625455800,150
1625456700,155
1625457600,160
1625458500,150
1625459400,167
1625460300,165
1625461200,167
1625462100,158
1625463000,139
1625463900,150
1625464800,154
1625465700,137
1625466600,144
1625467500,135
1625468400,246
1625469300,204
1625470200,344
1625471100,510
1625472000,291
1625472900,251
1625473800,236
1625474700,256
1625475600,350
1625476500,313
1625477400,328
1625478300,309
1625479200,325
1625480100,315
1625481000,339
1625481900,320
1625482800,297
1625483700,288
1625484600,504
1625485500,541
1625486400,378
1625487300,345
1625488200,339
1625489100,326
1625490000,328
1625490900,389
1625491800,320
1625492700,301
1625493600,276
1625494500,244
1625495400,222
1625496300,278
1625497200,294
1625498100,269
1625499000,265
1625499900,250
1625500800,298
1625501700,257
1625502600,235
1625503500,243
1625504400,255
1625505300,728
1625506200,519
1625507100,359
1625508000,539
1625508900,879
1625509800,321
1625510700,301
1625511600,315
1625512500,334
1625513400,370
1625514300,359
1625515200,333
1625516100,326
1625517000,247
1625517900,213
1625518800,205
1625519700,173
1625520600,140
1625521500,150
1625522400,139
1625523300,147
1625524200,126
1625525100,137
1625526000,131
1625526900,155
1625527800,136
1625528700,142
1625529600,133
1625530500,169
1625531400,140
1625532300,150
1625533200,134
1625534100,168
1625535000,158
1625535900,159
1625536800,135
1625537700,158
1625538600,160
1625539500,147
1625540400,157
1625541300,158
1625542200,179
1625543100,160
1625544000,210
1625544900,159
1625545800,150
1625546700,134
1625547600,237
1625548500,146
1625549400,199
1625550300,145
1625551200,312
1625552100,344
1625553000,203
1625553900,165
1625554800,196
1625555700,177
1625556600,187
1625557500,334
1625558400,232
1625559300,248
1625560200,319
1625561100,220
1625562000,242
1625562900,270
1625563800,250
1625564700,229
1625565600,290
1625566500,274
1625567400,241
1625568300,248
1625569200,278
1625570100,282
1625571000,276
1625571900,254
1625572800,376
1625573700,306
1625574600,260
1625575500,278
1625576400,279
1625577300,335
1625578200,290
1625579100,303
1625580000,299
1625580900,295
1625581800,265
1625582700,252
1625583600,258
1625584500,271
1625585400,244
1625586300,264
1625587200,398
1625588100,280
1625589000,299
1625589900,301
1625590800,286
1625591700,352
1625592600,348
1625593500,352
1625594400,372
1625595300,357
1625596200,337
1625597100,383
1625598000,390
1625598900,482
1625599800,501
1625600700,491
1625601600,436
1625602500,442
1625603400,370
1625604300,315
1625605200,234
1625606100,204
1625607000,196
1625607900,189
1625608800,200
1625609700,252
1625610600,169
1625611500,129
1625612400,134
1625613300,125
1625614200,142
1625615100,127
1625616000,137
1625616900,129
1625617800,154
1625618700,149
1625619600,146
1625620500,146
1625621400,152
1625622300,171
1625623200,155
1625624100,159
1625625000,139
1625625900,169
1625626800,152
1625627700,146
1625628600,161
1625629500,169
1625630400,172
1625631300,196
1625632200,157
1625633100,153
1625634000,169
1625634900,165
1625635800,257
1625636700,160
1625637600,183
1625638500,164
1625639400,172
1625640300,160
1625641200,177
1625642100,172
1625643000,289
1625643900,330
1625644800,223
1625645700,187
1625646600,215
1625647500,312
1625648400,284
1625649300,467
1625650200,227
1625651100,235
1625652000,811
1625652900,583
1625653800,382
1625654700,317
1625655600,247
1625656500,338
1625657400,325
1625658300,295
1625659200,264
1625660100,256
1625661000,255
1625661900,272
1625662800,249
1625663700,259
1625664600,250
1625665500,258
1625666400,218
1625667300,286
1625668200,259
1625669100,263
1625670000,259
1625670900,248
1625671800,254
1625672700,439
1625673600,404
1625674500,343
1625675400,339
1625676300,477
1625677200,385
1625678100,513
1625679000,431
1625679900,418
1625680800,394
1625681700,387
1625682600,399
1625683500,372
1625684400,383
1625685300,367
1625686200,351
1625687100,367
1625688000,357
1625688900,806
1625689800,350
1625690700,250
1625691600,412
1625692500,797
1625693400,223
1625694300,178
1625695200,149
1625696100,143
1625697000,153
1625697900,128
1625698800,143
1625699700,132
1625700600,131
1625701500,124
1625702400,133
1625703300,132
1625704200,147
1625705100,148
1625706000,158
1625706900,147
1625707800,162
1625708700,142
1625709600,153
1625710500,156
1625711400,168
1625712300,134
1625713200,163
1625714100,152
1625715000,169
1625715900,145
1625716800,166
1625717700,188
1625718600,193
1625719500,137
1625720400,163
1625721300,156
1625722200,162
1625723100,152
1625724000,162
1625724900,153
1625725800,213
1625726700,162
1625727600,158
1625728500,176
1625729400,220
1625730300,232
1625731200,319
1625732100,264
1625733000,277
1625733900,283
1625734800,290
1625735700,238
1625736600,226
1625737500,411
1625738400,452
1625739300,297
1625740200,339
1625741100,340
1625742000,292
1625742900,386
1625743800,274
1625744700,301
1625745600,322
1625746500,335
1625747400,281
1625748300,288
1625749200,306
1625750100,264
1625751000,250
1625751900,238
1625752800,273
1625753700,273
1625754600,264
1625755500,245
1625756400,305
1625757300,308
1625758200,310
1625759100,284
1625760000,296
1625760900,283
1625761800,282
1625762700,259
1625763600,251
1625764500,264
1625765400,265
1625766300,259
1625767200,267
1625768100,270
1625769000,282
1625769900,355
1625770800,403
1625771700,396
1625772600,427
1625773500,419
1625774400,371
1625775300,380
1625776200,306
1625777100,272
1625778000,205
1625778900,185
1625779800,172
1625780700,150
1625781600,150
1625782500,157
1625783400,128
1625784300,154
1625785200,126
1625786100,144
1625787000,123
1625787900,130
1625788800,123
1625789700,133
1625790600,143
1625791500,155
1625792400,135
1625793300,153
1625794200,138
1625795100,168
1625796000,152
1625796900,160
1625797800,133
1625798700,170
1625799600,145
1625800500,151
1625801400,151
1625802300,163
1625803200,181
1625804100,181
1625805000,201
1625805900,164
1625806800,159
1625807700,157
1625808600,161
1625809500,199
1625810400,167
1625811300,143
1625812200,154
1625813100,153
1625814000,153
1625814900,169
1625815800,203
1625816700,237
1625817600,208
1625818500,257
1625819400,240
1625820300,290
1625821200,224
1625822100,284
1625823000,649
1625823900,911
1625824800,325
1625825700,263
1625826600,266
1625827500,293
1625828400,356
1625829300,324
1625830200,342
1625831100,288
1625832000,241
1625832900,245
1625833800,243
1625834700,207
1625835600,196
1625836500,214
1625837400,175
1625838300,157
1625839200,164
1625840100,154
1625841000,173
1625841900,260
1625842800,193
1625843700,194
1625844600,220
1625845500,202
1625846400,203
1625847300,207
1625848200,235
1625849100,203
1625850000,224
1625850900,199
1625851800,229
1625852700,232
1625853600,237
1625854500,279
1625855400,255
1625856300,240
1625857200,296
1625858100,323
1625859000,331
1625859900,355
1625860800,374
1625861700,331
1625862600,537
1625863500,819
1625864400,704
1625865300,208
1625866200,231
1625867100,221
1625868000,217
1625868900,203
1625869800,234
1625870700,192
1625871600,193
1625872500,169
1625873400,161
1625874300,151
1625875200,136
1625876100,143
1625877000,134
1625877900,153
1625878800,146
1625879700,171
1625880600,149
1625881500,158
1625882400,140
1625883300,151
1625884200,159
1625885100,139
1625886000,131
1625886900,138
1625887800,140
1625888700,140
1625889600,135
1625890500,189
1625891400,171
1625892300,160
1625893200,181
1625894100,277
1625895000,339
1625895900,332
1625896800,227
1625897700,239
1625898600,283
1625899500,421
1625900400,402
1625901300,784
1625902200,1094
1625903100,1028
1625904000,862
1625904900,910
1625905800,361
1625906700,267
1625907600,283
1625908500,419
1625909400,667
1625910300,393
1625911200,422
1625912100,373
1625913000,346
1625913900,231
1625914800,402
1625915700,277
1625916600,222
1625917500,287
1625918400,359
1625919300,247
1625920200,272
1625921100,313
1625922000,257
1625922900,249
1625923800,229
1625924700,242
1625925600,264
1625926500,242
1625927400,198
1625928300,252
1625929200,184
1625930100,181
1625931000,202
1625931900,266
1625932800,558
1625933700,406
1625934600,234
1625935500,246
1625936400,203
1625937300,199
1625938200,211
1625939100,226
1625940000,220
1625940900,209
1625941800,247
1625942700,224
1625943600,222
1625944500,241
1625945400,252
1625946300,260
1625947200,223
1625948100,223
1625949000,213
1625949900,205
1625950800,196
1625951700,157
1625952600,161
1625953500,357
1625954400,1079
1625955300,192
1625956200,210
1625957100,696
1625958000,390
1625958900,205
1625959800,145
1625960700,148
1625961600,126
1625962500,159
1625963400,154
1625964300,159
1625965200,134
1625966100,170
1625967000,162
1625967900,159
1625968800,137
1625969700,155
1625970600,153
1625971500,169
1625972400,132
1625973300,142
1625974200,133
1625975100,148
1625976000,138
1625976900,141
1625977800,132
1625978700,141
1625979600,155
1625980500,133
1625981400,132
1625982300,159
1625983200,139
1625984100,245
1625985000,173
1625985900,156
1625986800,206
1625987700,288
1625988600,232
1625989500,233
1625990400,251
1625991300,277
1625992200,742
1625993100,604
1625994000,327
1625994900,226
1625995800,211
1625996700,336
1625997600,725
1625998500,543
1625999400,247
1626000300,234
1626001200,288
1626002100,248
1626003000,286
1626003900,733
1626004800,277
1626005700,271
1626006600,274
1626007500,322
1626008400,297
1626009300,453
1626010200,380
1626011100,589
1626012000,890
1626012900,818
1626013800,793
1626014700,371
1626015600,483
1626016500,401
1626017400,316
1626018300,281
1626019200,278
1626020100,263
1626021000,265
1626021900,258
1626022800,400
1626023700,980
1626024600,302
1626025500,302
1626026400,290
1626027300,321
1626028200,323
1626029100,642
1626030000,596
1626030900,345
1626031800,476
1626032700,893
1626033600,389
1626034500,345
1626035400,282
1626036300,262
1626037200,200
1626038100,166
1626039000,141
1626039900,124
1626040800,129
1626041700,119
1626042600,142
1626043500,126
1626044400,132
1626045300,140
1626046200,128
1626047100,140
1626048000,122
1626048900,148
1626049800,140
1626050700,158
1626051600,146
1626052500,150
1626053400,149
1626054300,140
1626055200,161
1626056100,159
1626057000,150
1626057900,153
1626058800,138
1626059700,169
1626060600,149
1626061500,140
1626062400,150
1626063300,162
1626064200,156
1626065100,153
1626066000,128
1626066900,170
1626067800,138
1626068700,140
1626069600,131
1626070500,138
1626071400,130
1626072300,253
1626073200,225
1626074100,266
1626075000,249
1626075900,277
1626076800,254
1626077700,338
1626078600,267
1626079500,252
1626080400,201
1626081300,259
1626082200,237
1626083100,267
1626084000,253
1626084900,263
1626085800,259
1626086700,382
1626087600,517
1626088500,285
1626089400,261
1626090300,604
1626091200,494
1626092100,361
1626093000,360
1626093900,372
1626094800,343
1626095700,339
1626096600,277
1626097500,357
1626098400,270
1626099300,269
1626100200,271
1626101100,258
1626102000,277
1626102900,259
1626103800,254
1626104700,255
1626105600,243
1626106500,245
1626107400,276
1626108300,446
1626109200,330
1626110100,218
1626111000,187
1626111900,217
1626112800,271
1626113700,277
1626114600,249
1626115500,252
1626116400,261
1626117300,267
1626118200,230
1626119100,258
1626120000,237
1626120900,257
1626121800,218
1626122700,212
1626123600,197
1626124500,206
1626125400,179
1626126300,161
1626127200,119
1626128100,127
1626129000,133
1626129900,130
1626130800,123
1626131700,130
1626132600,134
1626133500,137
1626134400,120
1626135300,147
1626136200,122
1626137100,183
1626138000,151
1626138900,155
1626139800,134
1626140700,154
1626141600,164
1626142500,140
1626143400,146
1626144300,151
1626145200,164
1626146100,152
1626147000,138
1626147900,151
1626148800,213
1626149700,160
1626150600,148
1626151500,200
1626152400,172
1626153300,187
1626154200,168
1626155100,165
1626156000,193
1626156900,169
1626157800,187
1626158700,317
1626159600,262
1626160500,426
1626161400,278
1626162300,218
1626163200,274
1626164100,288
1626165000,305
1626165900,237
1626166800,224
1626167700,266
1626168600,561
1626169500,495
1626170400,380
1626171300,274
1626172200,364
1626173100,319
1626174000,309
1626174900,316
1626175800,220
1626176700,196
1626177600,219
1626178500,219
1626179400,223
1626180300,234
1626181200,235
1626182100,271
1626183000,285
1626183900,266
1626184800,336
1626185700,295
1626186600,269
1626187500,282
1626188400,285
1626189300,263
1626190200,253
1626191100,264
1626192000,239
1626192900,251
1626193800,264
1626194700,258
1626195600,236
1626196500,249
1626197400,234
1626198300,234
1626199200,232
1626200100,228
1626201000,231
1626201900,230
1626202800,250
1626203700,273
1626204600,248
1626205500,229
1626206400,383
1626207300,724
1626208200,284
1626209100,241
1626210000,690
1626210900,432
1626211800,196
1626212700,200
1626213600,199
1626214500,159
1626215400,143
1626216300,146
1626217200,159
1626218100,142
1626219000,137
1626219900,129
1626220800,159
1626221700,120
1626222600,126
1626223500,122
1626224400,145
1626225300,126
1626226200,124
1626227100,124
1626228000,135
1626228900,135
1626229800,126
1626230700,127
1626231600,142
1626232500,154
1626233400,131
1626234300,152
1626235200,164
1626236100,202
1626237000,436
1626237900,664
1626238800,553
1626239700,234
1626240600,200
1626241500,178
1626242400,179
1626243300,178
1626244200,207
1626245100,188
1626246000,239
1626246900,375
1626247800,283
1626248700,273
1626249600,246
1626250500,237
1626251400,251
1626252300,491
1626253200,463
1626254100,309
1626255000,239
1626255900,392
1626256800,357
1626257700,230
1626258600,221
1626259500,397
1626260400,357
1626261300,254
1626262200,244
1626263100,229
1626264000,223
1626264900,216
1626265800,273
1626266700,265
1626267600,258
1626268500,233
1626269400,251
1626270300,277
1626271200,248
1626272100,267
1626273000,225
1626273900,226
1626274800,203
1626275700,207
1626276600,224
1626277500,268
1626278400,234
1626279300,245
1626280200,223
1626281100,245
1626282000,233
1626282900,251
1626283800,278
1626284700,293
1626285600,331
1626286500,336
1626287400,342
1626288300,275
1626289200,313
1626290100,319
1626291000,385
1626291900,385
1626292800,355
1626293700,312
1626294600,719
1626295500,297
1626296400,226
1626297300,461
1626298200,640
1626299100,194
1626300000,190
1626300900,132
1626301800,162
1626302700,144
1626303600,140
1626304500,134
1626305400,157
1626306300,147
1626307200,145
1626308100,120
1626309000,135
1626309900,125
1626310800,137
1626311700,119
1626312600,133
1626313500,124
1626314400,129
1626315300,128
1626316200,134
1626317100,129
1626318000,137
1626318900,128
1626319800,147
1626320700,162
1626321600,149
1626322500,179
1626323400,174
1626324300,161
1626325200,158
1626326100,156
1626327000,174
1626327900,285
1626328800,265
1626329700,128
1626330600,141
1626331500,168
1626332400,186
1626333300,208
1626334200,237
1626335100,210
1626336000,217
1626336900,207
1626337800,229
1626338700,211
1626339600,217
1626340500,200
1626341400,217
1626342300,210
1626343200,217
1626344100,211
1626345000,227
1626345900,257
1626346800,805
1626347700,363
1626348600,243
1626349500,321
1626350400,242
1626351300,235
1626352200,226
1626353100,238
1626354000,241
1626354900,236
1626355800,226
1626356700,220
1626357600,262
1626358500,214
1626359400,231
1626360300,255
1626361200,241
1626362100,252
1626363000,287
1626363900,357
1626364800,495
1626365700,368
1626366600,359
1626367500,351
1626368400,307
1626369300,281
1626370200,271
1626371100,236
1626372000,251
1626372900,287
1626373800,315
1626374700,319
1626375600,309
1626376500,345
1626377400,328
1626378300,364
1626379200,524
1626380100,881
1626381000,856
1626381900,380
1626382800,357
1626383700,251
1626384600,230
1626385500,236
1626386400,228
1626387300,159
1626388200,146
1626389100,128
1626390000,162
1626390900,140
1626391800,128
1626392700,121
1626393600,138
1626394500,118
1626395400,133
1626396300,120
1626397200,139
1626398100,131
1626399000,151
1626399900,135
1626400800,153
1626401700,159
1626402600,153
1626403500,141
1626404400,167
1626405300,148
1626406200,142
1626407100,154
1626408000,174
1626408900,190
1626409800,132
1626410700,160
1626411600,149
1626412500,139
1626413400,131
1626414300,154
1626415200,200
1626416100,155
1626417000,156
1626417900,156
1626418800,202
1626419700,264
1626420600,283
1626421500,255
1626422400,229
1626423300,215
1626424200,222
1626425100,210
1626426000,218
1626426900,328
1626427800,366
1626428700,266
1626429600,276
1626430500,250
1626431400,241
1626432300,224
1626433200,229
1626434100,205
1626435000,187
1626435900,210
1626436800,237
1626437700,202
1626438600,223
1626439500,214
1626440400,327
1626441300,258
1626442200,222
1626443100,277
1626444000,351
1626444900,196
1626445800,157
1626446700,173
1626447600,260
1626448500,159
1626449400,180
1626450300,222
1626451200,278
1626452100,198
1626453000,217
1626453900,213
1626454800,292
1626455700,279
1626456600,321
1626457500,286
1626458400,310
1626459300,332
1626460200,280
1626461100,275
1626462000,294
1626462900,284
1626463800,296
1626464700,284
1626465600,310
1626466500,525
1626467400,568
1626468300,287
1626469200,271
1626470100,256
1626471000,245
1626471900,242
1626472800,191
1626473700,141
1626474600,148
1626475500,149
1626476400,157
1626477300,146
1626478200,144
1626479100,146
1626480000,136
1626480900,148
1626481800,129
1626482700,153
1626483600,142
1626484500,143
1626485400,149
1626486300,135
1626487200,157
1626488100,138
1626489000,129
1626489900,138
1626490800,124
1626491700,128
1626492600,122
1626493500,142
1626494400,189
1626495300,186
1626496200,143
1626497100,180
1626498000,145
1626498900,179
1626499800,232
1626500700,161
1626501600,191
1626502500,199
1626503400,183
1626504300,189
1626505200,229
1626506100,269
1626507000,246
1626507900,247
1626508800,242
1626509700,238
1626510600,221
1626511500,431
1626512400,244
1626513300,562
1626514200,647
1626515100,316
1626516000,284
1626516900,662
1626517800,450
1626518700,252
1626519600,308
1626520500,779
1626521400,385
1626522300,224
1626523200,208
1626524100,219
1626525000,244
1626525900,232
1626526800,238
1626527700,271
1626528600,235
1626529500,277
1626530400,334
1626531300,257
1626532200,263
1626533100,289
1626534000,272
1626534900,255
1626535800,234
1626536700,398
1626537600,246
1626538500,333
1626539400,282
1626540300,313
1626541200,264
1626542100,254
1626543000,268
1626543900,273
1626544800,286
1626545700,329
1626546600,326
1626547500,321
1626548400,321
1626549300,313
1626550200,326
1626551100,315
1626552000,317
1626552900,275
1626553800,280
1626554700,261
1626555600,253
1626556500,244
1626557400,221
1626558300,200
1626559200,156
1626560100,149
1626561000,125
1626561900,135
1626562800,154
1626563700,149
1626564600,123
1626565500,144
1626566400,148
1626567300,127
1626568200,144
1626569100,161
1626570000,158
1626570900,148
1626571800,139
1626572700,164
1626573600,155
1626574500,140
1626575400,148
1626576300,155
1626577200,148
1626578100,145
1626579000,143
1626579900,154
1626580800,147
1626581700,137
1626582600,143
1626583500,153
1626584400,149
1626585300,144
1626586200,145
1626587100,165
1626588000,290
1626588900,172
1626589800,186
1626590700,197
1626591600,273
1626592500,288
1626593400,305
1626594300,840
1626595200,453
1626596100,406
1626597000,434
1626597900,440
1626598800,483
1626599700,493
1626600600,439
1626601500,416
1626602400,607
1626603300,575
1626604200,655
1626605100,418
1626606000,309
1626606900,344
1626607800,379
1626608700,329
1626609600,331
1626610500,369
1626611400,329
1626612300,344
1626613200,447
1626614100,543
1626615000,434
1626615900,365
1626616800,297
1626617700,356
1626618600,281
1626619500,479
1626620400,809
1626621300,469
1626622200,327
1626623100,795
1626624000,631
1626624900,946
1626625800,857
1626626700,725
1626627600,317
1626628500,315
1626629400,305
1626630300,369
1626631200,423
1626632100,431
1626633000,393
1626633900,374
1626634800,398
1626635700,386
1626636600,377
1626637500,371
1626638400,349
1626639300,347
1626640200,285
1626641100,245
1626642000,223
1626642900,219
1626643800,220
1626644700,246
1626645600,227
1626646500,235
1626647400,206
1626648300,249
1626649200,197
1626650100,189
1626651000,164
1626651900,170
1626652800,148
1626653700,142
1626654600,129
1626655500,162
1626656400,145
1626657300,145
1626658200,148
1626659100,161
1626660000,156
1626660900,147
1626661800,140
1626662700,142
1626663600,141
1626664500,140
1626665400,129
1626666300,139
1626667200,139
1626668100,140
1626669000,146
1626669900,139
1626670800,135
1626671700,147
1626672600,148
1626673500,156
1626674400,150
1626675300,155
1626676200,147
1626677100,256
1626678000,230
1626678900,194
1626679800,242
1626680700,480
1626681600,943
1626682500,561
1626683400,394
1626684300,373
1626685200,372
1626686100,338
1626687000,347
1626687900,335
1626688800,578
1626689700,1041
1626690600,840
1626691500,792
1626692400,460
1626693300,265
1626694200,226
1626695100,224
1626696000,240
1626696900,248
1626697800,262
1626698700,249
1626699600,257
1626700500,252
1626701400,270
1626702300,214
1626703200,272
1626704100,446
1626705000,372
1626705900,202
1626706800,214
1626707700,312
1626708600,564
1626709500,248
1626710400,256
1626711300,290
1626712200,342
1626713100,445
1626714000,741
1626714900,341
1626715800,325
1626716700,1081
1626717600,1166
1626718500,781
1626719400,729
1626720300,350
1626721200,330
1626722100,375
1626723000,361
1626723900,373
1626724800,788
1626725700,393
1626726600,313
1626727500,290
1626728400,238
1626729300,246
1626730200,180
1626731100,137
1626732000,131
1626732900,153
1626733800,151
1626734700,131
1626735600,138
1626736500,147
1626737400,143
1626738300,135
1626739200,137
1626740100,146
1626741000,153
1626741900,143
1626742800,152
1626743700,160
1626744600,151
1626745500,149
1626746400,155
1626747300,164
1626748200,154
1626749100,417
1626750000,636
1626750900,477
1626751800,150
1626752700,156
1626753600,148
1626754500,145
1626755400,230
1626756300,161
1626757200,152
1626758100,134
1626759000,183
1626759900,146
1626760800,166
1626761700,149
1626762600,161
1626763500,167
1626764400,243
1626765300,183
1626766200,180
1626767100,199
1626768000,233
1626768900,222
1626769800,214
1626770700,404
1626771600,335
1626772500,435
1626773400,425
1626774300,495
1626775200,331
1626776100,268
1626777000,295
1626777900,247
1626778800,227
1626779700,215
1626780600,210
1626781500,208
1626782400,218
1626783300,224
1626784200,248
1626785100,270
1626786000,249
1626786900,231
1626787800,237
1626788700,263
1626789600,255
1626790500,262
1626791400,269
1626792300,244
1626793200,249
1626794100,249
1626795000,243
1626795900,242
1626796800,274
1626797700,256
1626798600,452
1626799500,276
1626800400,267
1626801300,242
1626802200,278
1626803100,266
1626804000,268
1626804900,252
1626805800,278
1626806700,321
1626807600,363
1626808500,365
1626809400,361
1626810300,336
1626811200,361
1626812100,302
1626813000,253
1626813900,211
1626814800,186
1626815700,184
1626816600,177
1626817500,161
1626818400,140
1626819300,139
1626820200,145
1626821100,149
1626822000,131
1626822900,144
1626823800,155
1626824700,149
1626825600,143
1626826500,126
1626827400,157
1626828300,156
1626829200,138
1626830100,151
1626831000,159
1626831900,162
1626832800,160
1626833700,140
1626834600,153
1626835500,164
1626836400,131
1626837300,136
1626838200,134
1626839100,158
1626840000,136
1626840900,182
1626841800,156
1626842700,154
1626843600,171
1626844500,135
1626845400,143
1626846300,161
1626847200,156
1626848100,121
1626849000,153
1626849900,196
1626850800,196
1626851700,211
1626852600,252
1626853500,196
1626854400,187
1626855300,209
1626856200,218
1626857100,204
1626858000,210
1626858900,813
1626859800,604
1626860700,400
1626861600,452
1626862500,310
1626863400,323
1626864300,297
1626865200,350
1626866100,330
1626867000,318
1626867900,305
1626868800,228
1626869700,201
1626870600,284
1626871500,192
1626872400,232
1626873300,239
1626874200,232
1626875100,234
1626876000,193
1626876900,243
1626877800,253
1626878700,243
1626879600,248
1626880500,282
1626881400,211
1626882300,205
1626883200,353
1626884100,232
1626885000,287
1626885900,241
1626886800,226
1626887700,218
1626888600,238
1626889500,226
1626890400,221
1626891300,260
1626892200,279
1626893100,309
1626894000,291
1626894900,258
1626895800,235
1626896700,249
1626897600,378
1626898500,326
1626899400,323
1626900300,206
1626901200,198
1626902100,204
1626903000,186
1626903900,152
1626904800,157
1626905700,158
1626906600,156
1626907500,151
1626908400,160
1626909300,127
1626910200,153
1626911100,136
1626912000,150
1626912900,141
1626913800,147
1626914700,139
1626915600,146
1626916500,137
1626917400,134
1626918300,137
1626919200,140
1626920100,147
1626921000,127
1626921900,161
1626922800,134
1626923700,155
1626924600,138
1626925500,161
1626926400,175
1626927300,240
1626928200,151
1626929100,157
1626930000,147
1626930900,141
1626931800,132
1626932700,126
1626933600,142
1626934500,121
1626935400,135
1626936300,157
1626937200,257
1626938100,215
1626939000,240
1626939900,247
1626940800,247
1626941700,443
1626942600,344
1626943500,302
1626944400,274
1626945300,353
1626946200,253
1626947100,423
1626948000,649
1626948900,274
1626949800,241
1626950700,199
1626951600,192
1626952500,196
1626953400,208
1626954300,197
1626955200,202
1626956100,206
1626957000,210
1626957900,219
1626958800,225
1626959700,194
1626960600,213
1626961500,235
1626962400,474
1626963300,192
1626964200,189
1626965100,214
1626966000,213
1626966900,288
1626967800,283
1626968700,285
1626969600,264
1626970500,277
1626971400,290
1626972300,314
1626973200,311
1626974100,267
1626975000,314
1626975900,287
1626976800,322
1626977700,317
1626978600,330
1626979500,328
1626980400,317
1626981300,318
1626982200,310
1626983100,301
1626984000,451
1626984900,1021
1626985800,250
1626986700,244
1626987600,694
1626988500,455
1626989400,210
1626990300,207
1626991200,136
1626992100,150
1626993000,161
1626993900,146
1626994800,154
1626995700,134
1626996600,160
1626997500,130
1626998400,136
1626999300,134
1627000200,144
1627001100,126
1627002000,135
1627002900,133
1627003800,154
1627004700,133
1627005600,133
1627006500,143
1627007400,161
1627008300,150
1627009200,143
1627010100,133
1627011000,155
1627011900,147
1627012800,143
1627013700,202
1627014600,158
1627015500,151
1627016400,132
1627017300,148
1627018200,164
1627019100,136
1627020000,147
1627020900,171
1627021800,231
1627022700,251
1627023600,400
1627024500,228
1627025400,260
1627026300,244
1627027200,233
1627028100,231
1627029000,242
1627029900,226
1627030800,385
1627031700,302
1627032600,323
1627033500,328
1627034400,603
1627035300,253
1627036200,239
1627037100,235
1627038000,399
1627038900,284
1627039800,294
1627040700,317
1627041600,244
1627042500,299
1627043400,286
1627044300,264
1627045200,348
1627046100,264
1627047000,305
1627047900,287
1627048800,191
1627049700,160
1627050600,163
1627051500,251
1627052400,250
1627053300,278
1627054200,276
1627055100,268
1627056000,263
1627056900,287
1627057800,292
1627058700,267
1627059600,340
1627060500,326
1627061400,375
1627062300,368
1627063200,396
1627064100,385
1627065000,395
1627065900,405
1627066800,444
1627067700,417
1627068600,379
1627069500,357
1627070400,381
1627071300,815
1627072200,417
1627073100,234
1627074000,194
1627074900,200
1627075800,171
1627076700,158
1627077600,142
1627078500,163
1627079400,139
1627080300,142
1627081200,145
1627082100,165
1627083000,124
1627083900,152
1627084800,147
1627085700,162
1627086600,138
1627087500,137
1627088400,148
1627089300,140
1627090200,127
1627091100,128
1627092000,138
1627092900,145
1627093800,154
1627094700,137
1627095600,159
1627096500,145
1627097400,144
1627098300,133
1627099200,169
1627100100,842
1627101000,815
1627101900,696
1627102800,391
1627103700,188
1627104600,223
1627105500,391
1627106400,818
1627107300,401
1627108200,266
1627109100,468
1627110000,369
1627110900,515
1627111800,345
1627112700,492
1627113600,449
1627114500,408
1627115400,296
1627116300,549
1627117200,376
1627118100,273
1627119000,269
1627119900,258
1627120800,248
1627121700,240
1627122600,231
1627123500,243
1627124400,238
1627125300,245
1627126200,236
1627127100,245
1627128000,272
1627128900,346
1627129800,278
1627130700,346
1627131600,303
1627132500,266
1627133400,295
1627134300,509
1627135200,251
1627136100,180
1627137000,214
1627137900,190
1627138800,185
1627139700,215
1627140600,176
1627141500,189
1627142400,182
1627143300,158
1627144200,176
1627145100,182
1627146000,182
1627146900,174
1627147800,186
1627148700,178
1627149600,160
1627150500,165
1627151400,169
1627152300,200
1627153200,170
1627154100,178
1627155000,170
1627155900,171
1627156800,166
1627157700,168
1627158600,273
1627159500,220
1627160400,264
1627161300,218
1627162200,242
1627163100,232
1627164000,192
1627164900,183
1627165800,206
1627166700,209
1627167600,204
1627168500,177
1627169400,202
1627170300,203
1627171200,194
1627172100,183
1627173000,209
1627173900,211
1627174800,224
1627175700,195
1627176600,194
1627177500,189
1627178400,204
1627179300,186
1627180200,193
1627181100,189
1627182000,204
1627182900,204
1627183800,196
1627184700,197
1627185600,207
1627186500,210
1627187400,208
1627188300,207
1627189200,247
1627190100,224
1627191000,199
1627191900,191
1627192800,178
1627193700,194
1627194600,202
1627195500,226
1627196400,194
1627197300,207
1627198200,197
1627199100,233
1627200000,206
1627200900,224
1627201800,228
1627202700,301
1627203600,285
1627204500,259
1627205400,231
1627206300,256
1627207200,225
1627208100,212
1627209000,196
1627209900,191
1627210800,184
1627211700,222
1627212600,189
1627213500,218
1627214400,265
1627215300,696
1627216200,512
1627217100,505
1627218000,449
1627218900,397
1627219800,667
1627220700,324
1627221600,296
1627222500,801
1627223400,465
1627224300,274
1627225200,250
1627226100,258
1627227000,190
1627227900,184
1627228800,140
1627229700,150
1627230600,140
1627231500,165
1627232400,264
1627233300,304
1627234200,152
1627235100,198
1627236000,206
1627236900,217
1627237800,200
1627238700,202
1627239600,192
1627240500,196
1627241400,222
1627242300,229
1627243200,214
1627244100,205
1627245000,201
1627245900,182
1627246800,170
1627247700,164
1627248600,125
1627249500,159
1627250400,147
1627251300,132
1627252200,144
1627253100,158
1627254000,153
1627254900,148
1627255800,134
1627256700,145
1627257600,140
1627258500,122
1627259400,131
1627260300,125
1627261200,155
1627262100,134
1627263000,141
1627263900,145
1627264800,154
1627265700,139
1627266600,141
1627267500,152
1627268400,163
1627269300,161
1627270200,142
1627271100,151
1627272000,156
1627272900,189
1627273800,271
1627274700,159
1627275600,179
1627276500,176
1627277400,141
1627278300,145
1627279200,147
1627280100,153
1627281000,155
1627281900,151
1627282800,161
1627283700,164
1627284600,142
1627285500,154
1627286400,168
1627287300,149
1627288200,152
1627289100,129
1627290000,140
1627290900,148
1627291800,150
1627292700,131
1627293600,142
1627294500,139
1627295400,155
1627296300,135
1627297200,160
1627298100,151
1627299000,151
1627299900,153
1627300800,159
1627301700,133
1627302600,161
1627303500,165
1627304400,160
1627305300,138
1627306200,156
1627307100,181
1627308000,200
1627308900,149
1627309800,240
1627310700,422
1627311600,503
1627312500,241
1627313400,260
1627314300,254
1627315200,269
1627316100,481
1627317000,693
1627317900,432
1627318800,459
1627319700,277
1627320600,303
1627321500,306
1627322400,338
1627323300,392
1627324200,731
1627325100,819
1627326000,630
1627326900,350
1627327800,350
1627328700,319
1627329600,273
1627330500,252
1627331400,210
1627332300,221
1627333200,199
1627334100,204
1627335000,140
1627335900,133
1627336800,143
1627337700,160
1627338600,149
1627339500,132
1627340400,147
1627341300,160
1627342200,135
1627343100,148
1627344000,141
1627344900,149
1627345800,152
1627346700,149
1627347600,153
1627348500,161
1627349400,134
1627350300,184
1627351200,152
1627352100,161
1627353000,148
1627353900,152
1627354800,142
1627355700,143
1627356600,133
1627357500,145
1627358400,154
1627359300,144
1627360200,135
1627361100,256
1627362000,203
1627362900,156
1627363800,142
1627364700,245
1627365600,276
1627366500,307
1627367400,363
1627368300,279
1627369200,193
1627370100,176
1627371000,172
1627371900,196
1627372800,201
1627373700,203
1627374600,171
1627375500,213
1627376400,303
1627377300,221
1627378200,257
1627379100,276
1627380000,250
1627380900,251
1627381800,208
1627382700,190
1627383600,150
1627384500,141
1627385400,148
1627386300,147
1627387200,177
1627388100,224
1627389000,180
1627389900,248
1627390800,212
1627391700,231
1627392600,211
1627393500,235
1627394400,226
1627395300,234
1627396200,198
1627397100,212
1627398000,216
1627398900,227
1627399800,234
1627400700,267
1627401600,252
1627402500,237
1627403400,267
1627404300,230
1627405200,198
1627406100,183
1627407000,179
1627407900,202
1627408800,192
1627409700,181
1627410600,192
1627411500,199
1627412400,189
1627413300,186
1627414200,190
1627415100,205
1627416000,211
1627416900,200
1627417800,208
1627418700,184
1627419600,226
1627420500,225
1627421400,207
1627422300,201
1627423200,157
1627424100,127
1627425000,146
1627425900,126
1627426800,153
1627427700,133
1627428600,133
1627429500,144
1627430400,135
1627431300,142
1627432200,147
1627433100,133
1627434000,151
1627434900,152
1627435800,152
1627436700,130
1627437600,157
1627438500,165
1627439400,132
1627440300,141
1627441200,147
1627442100,154
1627443000,156
1627443900,144
1627444800,163
1627445700,169
1627446600,251
1627447500,189
1627448400,156
1627449300,168
1627450200,548
1627451100,354
1627452000,194
1627452900,506
1627453800,736
1627454700,259
1627455600,324
1627456500,281
1627457400,309
1627458300,272
1627459200,277
1627460100,257
1627461000,269
1627461900,295
1627462800,284
1627463700,250
1627464600,243
1627465500,442
1627466400,539
1627467300,267
1627468200,203
1627469100,240
1627470000,205
1627470900,205
1627471800,192
1627472700,238
1627473600,220
1627474500,366
1627475400,200
1627476300,245
1627477200,239
1627478100,252
1627479000,208
1627479900,191
1627480800,211
1627481700,163
1627482600,283
1627483500,369
1627484400,261
1627485300,211
1627486200,218
1627487100,216
1627488000,223
1627488900,212
1627489800,202
1627490700,210
1627491600,232
1627492500,226
1627493400,218
1627494300,260
1627495200,275
1627496100,267
1627497000,269
1627497900,275
1627498800,357
1627499700,327
1627500600,343
1627501500,327
1627502400,342
1627503300,322
1627504200,388
1627505100,590
1627506000,216
1627506900,214
1627507800,193
1627508700,161
1627509600,180
1627510500,142
1627511400,145
1627512300,137
1627513200,164
1627514100,147
1627515000,127
1627515900,148
1627516800,154
1627517700,148
1627518600,131
1627519500,163
1627520400,165
1627521300,176
1627522200,141
1627523100,168
1627524000,158
1627524900,188
1627525800,144
1627526700,162
1627527600,152
1627528500,169
1627529400,138
1627530300,147
1627531200,149
1627532100,211
1627533000,195
1627533900,148
1627534800,141
1627535700,173
1627536600,407
1627537500,278
1627538400,267
1627539300,285
1627540200,182
1627541100,192
1627542000,766
1627542900,359
1627543800,199
1627544700,201
1627545600,218
1627546500,277
1627547400,296
1627548300,242
1627549200,434
1627550100,623
1627551000,274
1627551900,238
1627552800,241
1627553700,218
1627554600,245
1627555500,231
1627556400,198
1627557300,206
1627558200,194
1627559100,180
1627560000,174
1627560900,191
1627561800,191
1627562700,198
1627563600,186
1627564500,246
1627565400,223
1627566300,214
1627567200,204
1627568100,198
1627569000,245
1627569900,337
1627570800,249
1627571700,201
1627572600,218
1627573500,352
1627574400,257
1627575300,250
1627576200,217
1627577100,220
1627578000,217
1627578900,186
1627579800,216
1627580700,218
1627581600,221
1627582500,210
1627583400,264
1627584300,302
1627585200,316
1627586100,357
1627587000,330
1627587900,308
1627588800,286
1627589700,289
1627590600,240
1627591500,254
1627592400,198
1627593300,200
1627594200,206
1627595100,204
1627596000,173
1627596900,165
1627597800,148
1627598700,156
1627599600,148
1627600500,138
1627601400,149
1627602300,124
1627603200,164
1627604100,140
1627605000,150
1627605900,148
1627606800,160
1627607700,162
1627608600,165
1627609500,138
1627610400,164
1627611300,175
1627612200,163
1627613100,148
1627614000,146
1627614900,165
1627615800,163
1627616700,150
1627617600,142
1627618500,144
1627619400,209
1627620300,146
1627621200,128
1627622100,136
1627623000,141
1627623900,149
1627624800,128
1627625700,134
1627626600,170
1627627500,187
1627628400,184
1627629300,190
1627630200,270
1627631100,243
1627632000,232
1627632900,364
1627633800,347
1627634700,299
1627635600,346
1627636500,285
1627637400,276
1627638300,270
1627639200,602
1627640100,318
1627641000,289
1627641900,265
1627642800,286
1627643700,305
1627644600,351
1627645500,303
1627646400,286
1627647300,283
1627648200,298
1627649100,289
1627650000,341
1627650900,290
1627651800,254
1627652700,261
1627653600,698
1627654500,390
1627655400,289
1627656300,489
1627657200,696
1627658100,215
1627659000,208
1627659900,212
1627660800,275
1627661700,321
1627662600,292
1627663500,288
1627664400,282
1627665300,321
1627666200,272
1627667100,299
1627668000,316
1627668900,351
1627669800,341
1627670700,357
1627671600,387
1627672500,420
1627673400,375
1627674300,374
1627675200,351
1627676100,246
1627677000,246
1627677900,225
1627678800,206
1627679700,183
1627680600,136
1627681500,144
1627682400,137
1627683300,146
1627684200,133
1627685100,153
1627686000,145
1627686900,164
1627687800,137
1627688700,145
1627689600,145
1627690500,142
1627691400,155
1627692300,161
1627693200,162
1627694100,155
1627695000,164
1627695900,157
1627696800,164
1627697700,149
1627698600,178
1627699500,156
1627700400,166
1627701300,148
1627702200,163
1627703100,158
1627704000,150
1627704900,143
1627705800,230
1627706700,152
1627707600,220
1627708500,707
1627709400,808
1627710300,406
1627711200,267
1627712100,227
1627713000,243
1627713900,248
1627714800,250
1627715700,234
1627716600,249
1627717500,253
1627718400,392
1627719300,1019
1627720200,944
1627721100,858
1627722000,559
1627722900,404
1627723800,307
1627724700,275
1627725600,594
1627726500,522
1627727400,342
1627728300,363
1627729200,327
1627730100,322
1627731000,289
1627731900,262
1627732800,255
1627733700,229
1627734600,196
1627735500,205
1627736400,244
1627737300,209
1627738200,211
1627739100,243
1627740000,325
1627740900,227
1627741800,198
1627742700,239
1627743600,254
1627744500,247
1627745400,213
1627746300,409
1627747200,233
1627748100,280
1627749000,287
1627749900,264
1627750800,207
1627751700,221
1627752600,245
1627753500,290
1627754400,275
1627755300,272
1627756200,283
1627757100,311
1627758000,322
1627758900,352
1627759800,372
1627760700,395
1627761600,386
1627762500,353
1627763400,321
1627764300,217
1627765200,188
1627766100,156
1627767000,156
1627767900,137
1627768800,131
1627769700,133
1627770600,137
1627771500,136
1627772400,151
1627773300,129
1627774200,144
1627775100,150
1627776000,155
1627776900,122
1627777800,150
1627778700,158
1627779600,166
1627780500,141
1627781400,162
1627782300,155
1627783200,173
1627784100,135
1627785000,172
1627785900,153
1627786800,168
1627787700,142
1627788600,162
1627789500,152
1627790400,171
1627791300,139
1627792200,142
1627793100,133
1627794000,135
1627794900,137
1627795800,130
1627796700,126
1627797600,132
1627798500,148
1627799400,136
1627800300,253
1627801200,284
1627802100,242
1627803000,228
1627803900,233
1627804800,277
1627805700,209
1627806600,222
1627807500,343
1627808400,269
1627809300,750
1627810200,632
1627811100,612
1627812000,464
1627812900,680
1627813800,174
1627814700,236
1627815600,267
1627816500,918
1627817400,946
1627818300,631
1627819200,701
1627820100,916
1627821000,330
1627821900,333
1627822800,220
1627823700,198
1627824600,206
1627825500,248
1627826400,243
1627827300,226
1627828200,238
1627829100,198
1627830000,193
1627830900,269
1627831800,230
1627832700,266
1627833600,279
1627834500,266
1627835400,268
1627836300,261
1627837200,228
1627838100,211
1627839000,198
1627839900,211
1627840800,212
1627841700,213
1627842600,194
1627843500,223
1627844400,224
1627845300,204
1627846200,220
1627847100,219
1627848000,230
1627848900,186
1627849800,194
1627850700,174
1627851600,159
1627852500,181
1627853400,213
1627854300,227
1627855200,179
1627856100,131
1627857000,146
1627857900,139
1627858800,130
1627859700,125
1627860600,147
1627861500,150
1627862400,131
1627863300,125
1627864200,153
1627865100,133
1627866000,135
1627866900,122
1627867800,157
1627868700,149
1627869600,154
1627870500,124
1627871400,156
1627872300,139
1627873200,139
1627874100,143
1627875000,159
1627875900,144
1627876800,138
1627877700,136
1627878600,161
1627879500,134
1627880400,131
1627881300,133
1627882200,149
1627883100,134
1627884000,139
1627884900,189
1627885800,153
1627886700,606
1627887600,195
1627888500,214
1627889400,335
1627890300,247
1627891200,836
1627892100,645
1627893000,632
1627893900,561
1627894800,346
1627895700,319
1627896600,319
1627897500,401
1627898400,426
1627899300,259
1627900200,260
1627901100,260
1627902000,192
1627902900,209
1627903800,207
1627904700,207
1627905600,184
1627906500,627
1627907400,736
1627908300,596
1627909200,655
1627910100,312
1627911000,177
1627911900,197
1627912800,205
1627913700,217
1627914600,288
1627915500,271
1627916400,296
1627917300,379
1627918200,744
1627919100,332
1627920000,289
1627920900,556
1627921800,704
1627922700,315
1627923600,293
1627924500,307
1627925400,300
1627926300,309
1627927200,326
1627928100,368
1627929000,364
1627929900,352
1627930800,341
1627931700,330
1627932600,330
1627933500,250
1627934400,248
1627935300,224
1627936200,203
1627937100,199
1627938000,210
1627938900,193
1627939800,137
1627940700,147
1627941600,117
1627942500,129
1627943400,119
1627944300,129
1627945200,99
1627946100,140
1627947000,122
1627947900,122
1627948800,108
1627949700,135
1627950600,124
1627951500,135
1627952400,117
1627953300,149
1627954200,135
1627955100,140
1627956000,125
1627956900,142
1627957800,140
1627958700,130
1627959600,123
1627960500,120
1627961400,121
1627962300,119
1627963200,126
1627964100,193
1627965000,127
1627965900,115
1627966800,141
1627967700,137
1627968600,596
1627969500,775
1627970400,232
1627971300,204
1627972200,221
1627973100,225
1627974000,232
1627974900,191
1627975800,176
1627976700,129
1627977600,130
1627978500,135
1627979400,138
1627980300,138
1627981200,115
1627982100,136
1627983000,524
1627983900,886
1627984800,576
1627985700,275
1627986600,285
1627987500,355
1627988400,254
1627989300,265
1627990200,248
1627991100,259
1627992000,242
1627992900,234
1627993800,220
1627994700,217
1627995600,271
1627996500,259
1627997400,217
1627998300,226
1627999200,228
1628000100,279
1628001000,271
1628001900,234
1628002800,321
1628003700,319
1628004600,321
1628005500,312
1628006400,330
1628007300,340
1628008200,347
1628009100,430
1628010000,450
1628010900,461
1628011800,385
1628012700,364
1628013600,420
1628014500,428
1628015400,415
1628016300,392
1628017200,464
1628018100,425
1628019000,378
1628019900,325
1628020800,315
1628021700,297
1628022600,239
1628023500,196
1628024400,193
1628025300,191
1628026200,175
1628027100,138
1628028000,140
1628028900,134
1628029800,133
1628030700,113
1628031600,126
1628032500,124
1628033400,119
1628034300,130
1628035200,119
1628036100,132
1628037000,117
1628037900,136
1628038800,133
1628039700,131
1628040600,136
1628041500,141
1628042400,132
1628043300,145
1628044200,138
1628045100,138
1628046000,132
1628046900,121
1628047800,124
1628048700,132
1628049600,124
1628050500,193
1628051400,149
1628052300,192
1628053200,174
1628054100,180
1628055000,202
1628055900,167
1628056800,181
1628057700,173
1628058600,166
1628059500,738
1628060400,529
1628061300,272
1628062200,240
1628063100,345
1628064000,256
1628064900,259
1628065800,246
1628066700,250
1628067600,302
1628068500,302
1628069400,451
1628070300,472
1628071200,322
1628072100,274
1628073000,317
1628073900,267
1628074800,239
1628075700,232
1628076600,273
1628077500,321
1628078400,274
1628079300,278
1628080200,258
1628081100,249
1628082000,309
1628082900,253
1628083800,260
1628084700,263
1628085600,294
1628086500,433
1628087400,319
1628088300,299
1628089200,320
1628090100,501
1628091000,320
1628091900,325
1628092800,316
1628093700,297
1628094600,329
1628095500,344
1628096400,379
1628097300,429
1628098200,394
1628099100,434
1628100000,439
1628100900,398
1628101800,388
1628102700,398
1628103600,400
1628104500,445
1628105400,397
1628106300,392
1628107200,392
1628108100,299
1628109000,210
1628109900,201
1628110800,179
1628111700,196
1628112600,177
1628113500,166
1628114400,164
1628115300,147
1628116200,155
1628117100,174
1628118000,154
1628118900,142
1628119800,150
1628120700,166
1628121600,132
1628122500,157
1628123400,150
1628124300,175
1628125200,161
1628126100,154
1628127000,160
1628127900,171
1628128800,150
1628129700,168
1628130600,172
1628131500,168
1628132400,166
1628133300,154
1628134200,140
1628135100,164
1628136000,159
1628136900,168
1628137800,202
1628138700,152
1628139600,182
1628140500,165
1628141400,215
1628142300,585
1628143200,274
1628144100,238
1628145000,432
1628145900,615
1628146800,287
1628147700,183
1628148600,192
1628149500,306
1628150400,277
1628151300,307
1628152200,352
1628153100,265
1628154000,260
1628154900,290
1628155800,1292
1628156700,503
1628157600,262
1628158500,253
1628159400,279
1628160300,367
1628161200,323
1628162100,274
1628163000,286
1628163900,239
1628164800,224
1628165700,200
1628166600,225
1628167500,194
1628168400,163
1628169300,153
1628170200,180
1628171100,247
1628172000,254
1628172900,212
1628173800,232
1628174700,227
1628175600,242
1628176500,277
1628177400,275
1628178300,293
1628179200,270
1628180100,256
1628181000,246
1628181900,243
1628182800,238
1628183700,246
1628184600,236
1628185500,253
1628186400,264
1628187300,364
1628188200,329
1628189100,354
1628190000,296
1628190900,315
1628191800,291
1628192700,275
1628193600,285
1628194500,212
1628195400,194
1628196300,215
1628197200,177
1628198100,147
1628199000,140
1628199900,157
1628200800,129
1628201700,125
1628202600,130
1628203500,141
1628204400,140
1628205300,131
1628206200,130
1628207100,140
1628208000,142
1628208900,140
1628209800,149
1628210700,162
1628211600,142
1628212500,151
1628213400,151
1628214300,152
1628215200,161
1628216100,160
1628217000,160
1628217900,145
1628218800,158
1628219700,150
1628220600,149
1628221500,163
1628222400,167
1628223300,210
1628224200,159
1628225100,178
1628226000,158
1628226900,127
1628227800,140
1628228700,203
1628229600,247
1628230500,387
1628231400,501
1628232300,437
1628233200,306
1628234100,294
1628235000,297
1628235900,308
1628236800,414
1628237700,492
1628238600,394
1628239500,565
1628240400,446
1628241300,570
1628242200,557
1628243100,434
1628244000,376
1628244900,399
1628245800,368
1628246700,268
1628247600,271
1628248500,277
1628249400,373
1628250300,342
1628251200,290
1628252100,282
1628253000,267
1628253900,336
1628254800,339
1628255700,296
1628256600,273
1628257500,291
1628258400,292
1628259300,250
1628260200,345
1628261100,358
1628262000,265
1628262900,370
1628263800,228
1628264700,240
1628265600,263
1628266500,209
1628267400,234
1628268300,228
1628269200,304
1628270100,313
1628271000,462
1628271900,665
1628272800,326
1628273700,286
1628274600,619
1628275500,592
1628276400,289
1628277300,344
1628278200,340
1628279100,343
1628280000,328
1628280900,241
1628281800,222
1628282700,218
1628283600,179
1628284500,138
1628285400,165
1628286300,140
1628287200,145
1628288100,140
1628289000,149
1628289900,158
1628290800,129
1628291700,150
1628292600,120
1628293500,136
1628294400,128
1628295300,129
1628296200,121
1628297100,134
1628298000,140
1628298900,147
1628299800,138
1628300700,139
1628301600,148
1628302500,158
1628303400,157
1628304300,148
1628305200,157
1628306100,143
1628307000,153
1628307900,135
1628308800,170
1628309700,174
1628310600,244
1628311500,150
1628312400,201
1628313300,204
1628314200,681
1628315100,722
1628316000,404
1628316900,315
1628317800,288
1628318700,293
1628319600,302
1628320500,349
1628321400,408
1628322300,302
1628323200,249
1628324100,269
1628325000,270
1628325900,283
1628326800,236
1628327700,229
1628328600,462
1628329500,252
1628330400,349
1628331300,225
1628332200,234
1628333100,276
1628334000,644
1628334900,577
1628335800,615
1628336700,431
1628337600,291
1628338500,298
1628339400,239
1628340300,217
1628341200,206
1628342100,241
1628343000,195
1628343900,205
1628344800,225
1628345700,173
1628346600,193
1628347500,257
1628348400,287
1628349300,299
1628350200,522
1628351100,313
1628352000,391
1628352900,234
1628353800,223
1628354700,226
1628355600,232
1628356500,324
1628357400,214
1628358300,246
1628359200,269
1628360100,232
1628361000,222
1628361900,239
1628362800,258
1628363700,256
1628364600,270
1628365500,274
1628366400,290
1628367300,256
1628368200,227
1628369100,222
1628370000,262
1628370900,208
1628371800,185
1628372700,177
1628373600,195
1628374500,181
1628375400,186
1628376300,145
1628377200,142
1628378100,142
1628379000,137
1628379900,144
1628380800,142
1628381700,133
1628382600,128
1628383500,148
1628384400,140
1628385300,160
1628386200,139
1628387100,138
1628388000,140
1628388900,158
1628389800,154
1628390700,141
1628391600,150
1628392500,150
1628393400,149
1628394300,130
1628395200,148
1628396100,146
1628397000,154
1628397900,140
1628398800,149
1628399700,140
1628400600,139
1628401500,213
1628402400,162
1628403300,209
1628404200,214
1628405100,162
1628406000,245
1628406900,355
1628407800,286
1628408700,665
1628409600,303
1628410500,292
1628411400,279
1628412300,285
1628413200,568
1628414100,345
1628415000,306
1628415900,400
1628416800,918
1628417700,292
1628418600,314
1628419500,246
1628420400,212
1628421300,353
1628422200,718
1628423100,266
1628424000,274
1628424900,740
1628425800,450
1628426700,249
1628427600,345
1628428500,268
1628429400,244
1628430300,195
1628431200,225
1628432100,229
1628433000,503
1628433900,255
1628434800,207
1628435700,248
1628436600,233
1628437500,207
1628438400,213
1628439300,259
1628440200,225
1628441100,203
1628442000,194
1628442900,188
1628443800,177
1628444700,215
1628445600,187
1628446500,185
1628447400,191
1628448300,224
1628449200,216
1628450100,225
1628451000,215
1628451900,293
1628452800,277
1628453700,183
1628454600,164
1628455500,145
1628456400,173
1628457300,153
1628458200,163
1628459100,121
1628460000,163
1628460900,139
1628461800,145
1628462700,129
1628463600,163
1628464500,150
1628465400,141
1628466300,127
1628467200,126
1628468100,135
1628469000,118
1628469900,127
1628470800,118
1628471700,141
1628472600,120
1628473500,139
1628474400,124
1628475300,135
1628476200,137
1628477100,132
1628478000,146
1628478900,141
1628479800,158
1628480700,117
1628481600,150
1628482500,130
1628483400,155
1628484300,142
1628485200,152
1628486100,141
1628487000,139
1628487900,151
1628488800,139
1628489700,206
1628490600,209
1628491500,154
1628492400,143
1628493300,159
1628494200,762
1628495100,454
1628496000,387
1628496900,234
1628497800,266
1628498700,289
1628499600,263
1628500500,432
1628501400,300
1628502300,274
1628503200,443
1628504100,273
1628505000,258
1628505900,212
1628506800,222
1628507700,209
1628508600,202
1628509500,196
1628510400,223
1628511300,204
1628512200,224
1628513100,210
1628514000,215
1628514900,199
1628515800,185
1628516700,224
1628517600,215
1628518500,228
1628519400,298
1628520300,256
1628521200,271
1628522100,260
1628523000,208
1628523900,220
1628524800,250
1628525700,797
1628526600,231
1628527500,232
1628528400,230
1628529300,224
1628530200,250
1628531100,785
1628532000,339
1628532900,346
1628533800,695
1628534700,620
1628535600,339
1628536500,340
1628537400,312
1628538300,302
1628539200,273
1628540100,216
1628541000,192
1628541900,178
1628542800,187
1628543700,144
1628544600,128
1628545500,144
1628546400,155
1628547300,129
1628548200,143
1628549100,151
1628550000,154
1628550900,139
1628551800,133
1628552700,150
1628553600,149
1628554500,130
1628555400,139
1628556300,150
1628557200,160
1628558100,130
1628559000,147
1628559900,159
1628560800,164
1628561700,135
1628562600,138
1628563500,137
1628564400,147
1628565300,130
1628566200,139
1628567100,138
1628568000,155
1628568900,197
1628569800,151
1628570700,146
1628571600,181
1628572500,131
1628573400,141
1628574300,155
1628575200,202
1628576100,188
1628577000,261
1628577900,236
1628578800,309
1628579700,242
1628580600,205
1628581500,197
1628582400,162
1628583300,154
1628584200,157
1628585100,216
1628586000,225
1628586900,227
1628587800,779
1628588700,263
1628589600,227
1628590500,285
1628591400,279
1628592300,306
1628593200,205
1628594100,220
1628595000,217
1628595900,204
1628596800,211
1628597700,227
1628598600,245
1628599500,300
1628600400,332
1628601300,249
1628602200,241
1628603100,222
1628604000,293
1628604900,265
1628605800,308
1628606700,199
1628607600,233
1628608500,258
1628609400,239
1628610300,280
1628611200,263
1628612100,272
1628613000,295
1628613900,303
1628614800,332
1628615700,343
1628616600,363
1628617500,354
1628618400,381
1628619300,379
1628620200,429
1628621100,444
1628622000,438
1628622900,426
1628623800,407
1628624700,407
1628625600,381
1628626500,381
1628627400,304
1628628300,231
1628629200,175
1628630100,182
1628631000,164
1628631900,168
1628632800,125
1628633700,130
1628634600,136
1628635500,146
1628636400,128
1628637300,137
1628638200,128
1628639100,154
1628640000,142
1628640900,141
1628641800,127
1628642700,157
1628643600,163
1628644500,133
1628645400,162
1628646300,161
1628647200,160
1628648100,147
1628649000,151
1628649900,147
1628650800,147
1628651700,140
1628652600,158
1628653500,140
1628654400,150
1628655300,207
1628656200,198
1628657100,147
1628658000,160
1628658900,145
1628659800,146
1628660700,141
1628661600,147
1628662500,141
1628663400,152
1628664300,302
1628665200,234
1628666100,259
1628667000,295
1628667900,219
1628668800,274
1628669700,246
1628670600,220
1628671500,225
1628672400,339
1628673300,241
1628674200,221
1628675100,497
1628676000,597
1628676900,324
1628677800,226
1628678700,243
1628679600,248
1628680500,233
1628681400,359
1628682300,247
1628683200,293
1628684100,349
1628685000,273
1628685900,253
1628686800,256
1628687700,294
1628688600,214
1628689500,231
1628690400,230
1628691300,440
1628692200,230
1628693100,272
1628694000,255
1628694900,281
1628695800,282
1628696700,262
1628697600,243
1628698500,242
1628699400,247
1628700300,323
1628701200,284
1628702100,289
1628703000,340
1628703900,383
1628704800,400
1628705700,379
1628706600,417
1628707500,402
1628708400,417
1628709300,379
1628710200,391
1628711100,407
1628712000,319
1628712900,292
1628713800,191
1628714700,199
1628715600,190
1628716500,180
1628717400,139
1628718300,158
1628719200,153
1628720100,147
1628721000,144
1628721900,148
1628722800,140
1628723700,141
1628724600,129
1628725500,152
1628726400,146
1628727300,146
1628728200,141
1628729100,150
1628730000,146
1628730900,131
1628731800,134
1628732700,146
1628733600,148
1628734500,146
1628735400,146
1628736300,148
1628737200,161
1628738100,127
1628739000,138
1628739900,145
1628740800,146
1628741700,127
1628742600,141
1628743500,138
1628744400,465
1628745300,164
1628746200,160
1628747100,173
1628748000,483
1628748900,697
1628749800,433
1628750700,186
1628751600,226
1628752500,230
1628753400,254
1628754300,252
1628755200,325
1628756100,326
1628757000,388
1628757900,436
1628758800,356
1628759700,337
1628760600,383
1628761500,858
1628762400,724
1628763300,709
1628764200,246
1628765100,335
1628766000,244
1628766900,226
1628767800,527
1628768700,379
1628769600,363
1628770500,298
1628771400,257
1628772300,290
1628773200,240
1628774100,253
1628775000,224
1628775900,337
1628776800,289
1628777700,246
1628778600,340
1628779500,338
1628780400,276
1628781300,662
1628782200,448
1628783100,266
1628784000,472
1628784900,701
1628785800,274
1628786700,278
1628787600,313
1628788500,348
1628789400,367
1628790300,340
1628791200,333
1628792100,312
1628793000,337
1628793900,373
1628794800,397
1628795700,362
1628796600,323
1628797500,344
1628798400,315
1628799300,290
1628800200,270
1628801100,255
1628802000,223
1628802900,237
1628803800,204
1628804700,189
1628805600,194
1628806500,175
1628807400,199
1628808300,205
1628809200,199
1628810100,174
1628811000,199
1628811900,200
1628812800,183
1628813700,188
1628814600,200
1628815500,208
1628816400,211
1628817300,169
1628818200,197
1628819100,198
1628820000,181
1628820900,182
1628821800,197
1628822700,197
1628823600,194
1628824500,168
1628825400,175
1628826300,185
1628827200,184
1628828100,190
1628829000,230
1628829900,216
1628830800,191
1628831700,191
1628832600,192
1628833500,182
1628834400,181
1628835300,161
1628836200,184
1628837100,212
1628838000,240
1628838900,229
1628839800,251
1628840700,205
1628841600,210
1628842500,253
1628843400,241
1628844300,314
1628845200,494
1628846100,291
1628847000,208
1628847900,620
1628848800,304
1628849700,236
1628850600,255
1628851500,243
1628852400,196
1628853300,207
1628854200,182
1628855100,326
1628856000,341
1628856900,302
1628857800,252
1628858700,304
1628859600,306
1628860500,241
1628861400,399
1628862300,377
1628863200,477
1628864100,385
1628865000,375
1628865900,352
1628866800,447
1628867700,538
1628868600,673
1628869500,509
1628870400,606
1628871300,533
1628872200,458
1628873100,269
1628874000,257
1628874900,280
1628875800,277
1628876700,283
1628877600,338
1628878500,369
1628879400,445
1628880300,398
1628881200,413
1628882100,416
1628883000,390
1628883900,401
1628884800,365
1628885700,262
1628886600,230
1628887500,228
1628888400,178
1628889300,200
1628890200,189
1628891100,163
1628892000,123
1628892900,142
1628893800,127
1628894700,139
1628895600,132
1628896500,141
1628897400,134
1628898300,131
1628899200,135
1628900100,134
1628901000,141
1628901900,155
1628902800,155
1628903700,158
1628904600,157
1628905500,137
1628906400,170
1628907300,159
1628908200,161
1628909100,147
1628910000,153
1628910900,153
1628911800,157
1628912700,133
1628913600,156
1628914500,171
1628915400,174
1628916300,191
1628917200,172
1628918100,153
1628919000,236
1628919900,160
1628920800,277
1628921700,213
1628922600,264
1628923500,379
1628924400,407
1628925300,410
1628926200,436
1628927100,423
1628928000,591
1628928900,510
1628929800,682
1628930700,803
1628931600,806
1628932500,661
1628933400,667
1628934300,376
1628935200,379
1628936100,458
1628937000,405
1628937900,371
1628938800,382
1628939700,383
1628940600,400
1628941500,428
1628942400,419
1628943300,573
1628944200,416
1628945100,418
1628946000,494
1628946900,570
1628947800,622
1628948700,646
1628949600,573
1628950500,663
1628951400,900
1628952300,1272
1628953200,1000
1628954100,409
1628955000,556
1628955900,889
1628956800,431
1628957700,255
1628958600,248
1628959500,207
1628960400,194
1628961300,213
1628962200,303
1628963100,234
1628964000,233
1628964900,369
1628965800,472
1628966700,467
1628967600,485
1628968500,446
1628969400,274
1628970300,217
1628971200,213
1628972100,216
1628973000,243
1628973900,236
1628974800,237
1628975700,225
1628976600,200
1628977500,186
1628978400,196
1628979300,124
1628980200,152
1628981100,142
1628982000,146
1628982900,138
1628983800,149
1628984700,172
1628985600,155
1628986500,135
1628987400,142
1628988300,138
1628989200,150
1628990100,138
1628991000,142
1628991900,136
1628992800,142
1628993700,150
1628994600,143
1628995500,148
1628996400,141
1628997300,155
1628998200,162
1628999100,151
1629000000,161
1629000900,145
1629001800,160
1629002700,145
1629003600,145
1629004500,160
1629005400,143
1629006300,148
1629007200,124
1629008100,147
1629009000,151
1629009900,157
1629010800,666
1629011700,320
1629012600,228
1629013500,258
1629014400,315
1629015300,393
1629016200,284
1629017100,158
1629018000,276
1629018900,163
1629019800,168
1629020700,196
1629021600,261
1629022500,238
1629023400,289
1629024300,426
1629025200,417
1629026100,219
1629027000,227
1629027900,218
1629028800,218
1629029700,220
1629030600,232
1629031500,167
1629032400,149
1629033300,181
1629034200,232
1629035100,224
1629036000,235
1629036900,233
1629037800,268
1629038700,225
1629039600,210
1629040500,222
1629041400,220
1629042300,212
1629043200,212
1629044100,237
1629045000,218
1629045900,231
1629046800,211
1629047700,283
1629048600,202
1629049500,213
1629050400,206
1629051300,199
1629052200,207
1629053100,215
1629054000,220
1629054900,217
1629055800,223
1629056700,217
1629057600,208
1629058500,211
1629059400,186
1629060300,181
1629061200,190
1629062100,173
1629063000,172
1629063900,165
1629064800,132
1629065700,141
1629066600,153
1629067500,157
1629068400,126
1629069300,153
1629070200,151
1629071100,147
1629072000,129
1629072900,147
1629073800,157
1629074700,146
1629075600,128
1629076500,141
1629077400,160
1629078300,137
1629079200,146
1629080100,151
1629081000,172
1629081900,152
1629082800,140
1629083700,132
1629084600,157
1629085500,136
1629086400,146
1629087300,137
1629088200,153
1629089100,133
1629090000,138
1629090900,129
1629091800,137
1629092700,145
1629093600,129
1629094500,149
1629095400,150
1629096300,231
1629097200,164
1629098100,212
1629099000,240
1629099900,688
1629100800,441
1629101700,300
1629102600,249
1629103500,296
1629104400,289
1629105300,284
1629106200,268
1629107100,249
1629108000,261
1629108900,261
1629109800,403
1629110700,742
1629111600,285
1629112500,241
1629113400,727
1629114300,471
1629115200,206
1629116100,205
1629117000,214
1629117900,217
1629118800,185
1629119700,162
1629120600,197
1629121500,207
1629122400,508
1629123300,473
1629124200,275
1629125100,261
1629126000,222
1629126900,228
1629127800,249
1629128700,237
1629129600,710
1629130500,788
1629131400,699
1629132300,1001
1629133200,524
1629134100,183
1629135000,183
1629135900,193
1629136800,215
1629137700,177
1629138600,185
1629139500,261
1629140400,274
1629141300,248
1629142200,232
1629143100,277
1629144000,296
1629144900,269
1629145800,198
1629146700,184
1629147600,185
1629148500,190
1629149400,178
1629150300,181
1629151200,149
1629152100,165
1629153000,145
1629153900,156
1629154800,135
1629155700,152
1629156600,130
1629157500,144
1629158400,150
1629159300,149
1629160200,138
1629161100,135
1629162000,149
1629162900,147
1629163800,127
1629164700,140
1629165600,151
1629166500,158
1629167400,149
1629168300,144
1629169200,161
1629170100,156
1629171000,133
1629171900,140
1629172800,156
1629173700,185
1629174600,140
1629175500,150
1629176400,647
1629177300,202
1629178200,137
1629179100,135
1629180000,144
1629180900,160
1629181800,187
1629182700,164
1629183600,192
1629184500,368
1629185400,306
1629186300,391
1629187200,359
1629188100,297
1629189000,335
1629189900,244
1629190800,258
1629191700,284
1629192600,387
1629193500,386
1629194400,276
1629195300,527
1629196200,236
1629197100,394
1629198000,271
1629198900,330
1629199800,276
1629200700,214
1629201600,206
1629202500,227
1629203400,231
1629204300,243
1629205200,301
1629206100,250
1629207000,247
1629207900,237
1629208800,184
1629209700,222
1629210600,200
1629211500,201
1629212400,244
1629213300,267
1629214200,311
1629215100,850
1629216000,334
1629216900,575
1629217800,311
1629218700,434
1629219600,304
1629220500,348
1629221400,284
1629222300,386
1629223200,471
1629224100,602
1629225000,658
1629225900,681
1629226800,758
1629227700,776
1629228600,735
1629229500,711
1629230400,767
1629231300,864
1629232200,410
1629233100,381
1629234000,368
1629234900,338
1629235800,394
1629236700,727
1629237600,306
1629238500,188
1629239400,600
1629240300,341
1629241200,156
1629242100,151
1629243000,119
1629243900,149
1629244800,151
1629245700,129
1629246600,138
1629247500,148
1629248400,151
1629249300,143
1629250200,124
1629251100,149
1629252000,160
1629252900,130
1629253800,138
1629254700,151
1629255600,148
1629256500,140
1629257400,125
1629258300,137
1629259200,134
1629260100,135
1629261000,268
1629261900,589
1629262800,551
1629263700,531
1629264600,542
1629265500,548
1629266400,532
1629267300,553
1629268200,498
1629269100,479
1629270000,478
1629270900,449
1629271800,333
1629272700,318
1629273600,255
1629274500,150
1629275400,177
1629276300,160
1629277200,171
1629278100,153
1629279000,206
1629279900,165
1629280800,166
1629281700,214
1629282600,209
1629283500,204
1629284400,213
1629285300,206
1629286200,206
1629287100,201
1629288000,214
1629288900,215
1629289800,205
1629290700,173
1629291600,179
1629292500,206
1629293400,213
1629294300,204
1629295200,205
1629296100,196
1629297000,225
1629297900,243
1629298800,275
1629299700,755
1629300600,601
1629301500,248
1629302400,252
1629303300,267
1629304200,289
1629305100,263
1629306000,236
1629306900,237
1629307800,267
1629308700,273
1629309600,268
1629310500,276
1629311400,287
1629312300,291
1629313200,300
1629314100,289
1629315000,287
1629315900,257
1629316800,218
1629317700,202
1629318600,213
1629319500,214
1629320400,207
1629321300,194
1629322200,204
1629323100,198
1629324000,177
1629324900,133
1629325800,142
1629326700,132
1629327600,128
1629328500,135
1629329400,131
1629330300,129
1629331200,126
1629332100,142
1629333000,132
1629333900,128
1629334800,146
1629335700,152
1629336600,141
1629337500,129
1629338400,147
1629339300,143
1629340200,149
1629341100,136
1629342000,146
1629342900,147
1629343800,131
1629344700,146
1629345600,145
1629346500,142
1629347400,134
1629348300,171
1629349200,178
1629350100,186
1629351000,144
1629351900,154
1629352800,159
1629353700,175
1629354600,161
1629355500,580
1629356400,347
1629357300,256
1629358200,261
1629359100,242
1629360000,470
1629360900,270
1629361800,305
1629362700,281
1629363600,308
1629364500,262
1629365400,267
1629366300,222
1629367200,504
1629368100,661
1629369000,516
1629369900,672
1629370800,910
1629371700,1108
1629372600,700
1629373500,274
1629374400,467
1629375300,565
1629376200,247
1629377100,237
1629378000,213
1629378900,175
1629379800,177
1629380700,177
1629381600,213
1629382500,184
1629383400,298
1629384300,233
1629385200,209
1629386100,243
1629387000,260
1629387900,293
1629388800,277
1629389700,306
1629390600,405
1629391500,357
1629392400,398
1629393300,361
1629394200,273
1629395100,286
1629396000,292
1629396900,310
1629397800,290
1629398700,310
1629399600,336
1629400500,334
1629401400,339
1629402300,341
1629403200,336
1629404100,202
1629405000,205
1629405900,179
1629406800,198
1629407700,191
1629408600,177
1629409500,194
1629410400,195
1629411300,156
1629412200,150
1629413100,164
1629414000,151
1629414900,133
1629415800,145
1629416700,157
1629417600,138
1629418500,147
1629419400,129
1629420300,153
1629421200,148
1629422100,133
1629423000,148
1629423900,148
1629424800,138
1629425700,149
1629426600,133
1629427500,127
1629428400,125
1629429300,134
1629430200,127
1629431100,137
1629432000,135
1629432900,187
1629433800,140
1629434700,139
1629435600,131
1629436500,149
1629437400,138
1629438300,141
1629439200,161
1629440100,175
1629441000,155
1629441900,164
1629442800,183
1629443700,153
1629444600,200
1629445500,237
1629446400,290
1629447300,372
1629448200,294
1629449100,240
1629450000,229
1629450900,239
1629451800,342
1629452700,881
1629453600,581
1629454500,239
1629455400,479
1629456300,526
1629457200,335
1629458100,288
1629459000,282
1629459900,320
1629460800,327
1629461700,303
1629462600,376
1629463500,337
1629464400,259
1629465300,263
1629466200,265
1629467100,260
1629468000,357
1629468900,307
1629469800,291
1629470700,312
1629471600,292
1629472500,537
1629473400,354
1629474300,276
1629475200,236
1629476100,253
1629477000,247
1629477900,275
1629478800,272
1629479700,277
1629480600,264
1629481500,319
1629482400,292
1629483300,296
1629484200,315
1629485100,291
1629486000,287
1629486900,279
1629487800,257
1629488700,293
1629489600,305
1629490500,282
1629491400,222
1629492300,197
1629493200,202
1629494100,194
1629495000,185
1629495900,147
1629496800,138
1629497700,131
1629498600,141
1629499500,124
1629500400,134
1629501300,141
1629502200,137
1629503100,132
1629504000,126
1629504900,161
1629505800,138
1629506700,131
1629507600,146
1629508500,164
1629509400,121
1629510300,147
1629511200,154
1629512100,146
1629513000,128
1629513900,138
1629514800,160
1629515700,139
1629516600,130
1629517500,131
1629518400,154
1629519300,160
1629520200,206
1629521100,170
1629522000,197
1629522900,173
1629523800,209
1629524700,225
1629525600,235
1629526500,265
1629527400,246
1629528300,394
1629529200,423
1629530100,372
1629531000,341
1629531900,311
1629532800,486
1629533700,304
1629534600,265
1629535500,350
1629536400,311
1629537300,285
1629538200,276
1629539100,250
1629540000,320
1629540900,322
1629541800,285
1629542700,348
1629543600,365
1629544500,447
1629545400,325
1629546300,346
1629547200,258
1629548100,282
1629549000,264
1629549900,254
1629550800,439
1629551700,419
1629552600,426
1629553500,400
1629554400,510
1629555300,443
1629556200,518
1629557100,495
1629558000,639
1629558900,527
1629559800,584
1629560700,556
1629561600,536
1629562500,581
1629563400,432
1629564300,318
1629565200,909
1629566100,673
1629567000,511
1629567900,476
1629568800,446
1629569700,587
1629570600,678
1629571500,746
1629572400,639
1629573300,612
1629574200,678
1629575100,668
1629576000,708
1629576900,668
1629577800,694
1629578700,701
1629579600,714
1629580500,585
1629581400,252
1629582300,200
1629583200,192
1629584100,149
1629585000,129
1629585900,130
1629586800,135
1629587700,129
1629588600,117
1629589500,127
1629590400,143
1629591300,130
1629592200,120
1629593100,130
1629594000,145
1629594900,147
1629595800,150
1629596700,142
1629597600,130
1629598500,147
1629599400,131
1629600300,133
1629601200,149
1629602100,147
1629603000,145
1629603900,121
1629604800,142
1629605700,148
1629606600,134
1629607500,150
1629608400,393
1629609300,504
1629610200,452
1629611100,503
1629612000,501
1629612900,470
1629613800,801
1629614700,1064
1629615600,766
1629616500,1045
1629617400,732
1629618300,782
1629619200,546
1629620100,472
1629621000,392
1629621900,458
1629622800,877
1629623700,779
1629624600,1152
1629625500,799
1629626400,501
1629627300,611
1629628200,479
1629629100,518
1629630000,501
1629630900,455
1629631800,298
1629632700,206
1629633600,219
1629634500,230
1629635400,320
1629636300,413
1629637200,413
1629638100,469
1629639000,320
1629639900,342
1629640800,235
1629641700,197
1629642600,194
1629643500,232
1629644400,224
1629645300,255
1629646200,178
1629647100,319
1629648000,221
1629648900,348
1629649800,267
1629650700,305
1629651600,244
1629652500,292
1629653400,291
1629654300,289
1629655200,222
1629656100,463
1629657000,322
1629657900,308
1629658800,324
1629659700,384
1629660600,301
1629661500,308
1629662400,300
1629663300,269
1629664200,285
1629665100,274
1629666000,272
1629666900,251
1629667800,207
1629668700,193
1629669600,203
1629670500,186
1629671400,191
1629672300,177
1629673200,189
1629674100,190
1629675000,186
1629675900,176
1629676800,188
1629677700,200
1629678600,132
1629679500,128
1629680400,156
1629681300,157
1629682200,144
1629683100,147
1629684000,157
1629684900,138
1629685800,165
1629686700,147
1629687600,156
1629688500,140
1629689400,158
1629690300,147
1629691200,157
1629692100,136
1629693000,162
1629693900,148
1629694800,153
1629695700,135
1629696600,160
1629697500,146
1629698400,153
1629699300,130
1629700200,148
1629701100,201
1629702000,167
1629702900,207
1629703800,216
1629704700,165
1629705600,310
1629706500,446
1629707400,336
1629708300,358
1629709200,200
1629710100,371
1629711000,313
1629711900,191
1629712800,340
1629713700,412
1629714600,629
1629715500,962
1629716400,526
1629717300,286
1629718200,234
1629719100,215
1629720000,177
1629720900,170
1629721800,166
1629722700,156
1629723600,137
1629724500,182
1629725400,154
1629726300,160
1629727200,216
1629728100,307
1629729000,173
1629729900,156
1629730800,203
1629731700,184
1629732600,227
1629733500,146
1629734400,148
1629735300,167
1629736200,209
1629737100,246
1629738000,325
1629738900,356
1629739800,725
1629740700,293
1629741600,343
1629742500,335
1629743400,421
1629744300,556
1629745200,398
1629746100,383
1629747000,397
1629747900,323
1629748800,241
1629749700,208
1629750600,220
1629751500,217
1629752400,209
1629753300,189
1629754200,169
1629755100,153
1629756000,142
1629756900,130
1629757800,136
1629758700,129
1629759600,139
1629760500,122
1629761400,131
1629762300,122
1629763200,138
1629764100,135
1629765000,131
1629765900,126
1629766800,138
1629767700,138
1629768600,145
1629769500,137
1629770400,148
1629771300,128
1629772200,146
1629773100,119
1629774000,159
1629774900,135
1629775800,145
1629776700,150
1629777600,145
1629778500,141
1629779400,223
1629780300,133
1629781200,830
1629782100,794
1629783000,704
1629783900,362
1629784800,159
1629785700,145
1629786600,154
1629787500,222
1629788400,238
1629789300,168
1629790200,284
1629791100,345
1629792000,385
1629792900,277
1629793800,194
1629794700,554
1629795600,297
1629796500,338
1629797400,550
1629798300,197
1629799200,173
1629800100,193
1629801000,174
1629801900,270
1629802800,216
1629803700,203
1629804600,218
1629805500,234
1629806400,246
1629807300,253
1629808200,234
1629809100,308
1629810000,291
1629810900,290
1629811800,304
1629812700,267
1629813600,245
1629814500,237
1629815400,218
1629816300,265
1629817200,390
1629818100,241
1629819000,319
1629819900,352
1629820800,216
1629821700,210
1629822600,230
1629823500,263
1629824400,240
1629825300,245
1629826200,661
1629827100,579
1629828000,494
1629828900,280
1629829800,350
1629830700,412
1629831600,397
1629832500,391
1629833400,391
1629834300,369
1629835200,358
1629836100,350
1629837000,355
1629837900,354
1629838800,360
1629839700,332
1629840600,217
1629841500,179
1629842400,190
1629843300,185
1629844200,141
1629845100,120
1629846000,129
1629846900,128
1629847800,130
1629848700,118
1629849600,127
1629850500,131
1629851400,138
1629852300,121
1629853200,140
1629854100,150
1629855000,129
1629855900,134
1629856800,146
1629857700,152
1629858600,127
1629859500,138
1629860400,143
1629861300,142
1629862200,133
1629863100,142
1629864000,152
1629864900,159
1629865800,174
1629866700,134
1629867600,221
1629868500,196
1629869400,198
1629870300,540
1629871200,506
1629872100,265
1629873000,192
1629873900,190
1629874800,188
1629875700,216
1629876600,199
1629877500,374
1629878400,210
1629879300,350
1629880200,271
1629881100,337
1629882000,230
1629882900,224
1629883800,277
1629884700,452
1629885600,510
1629886500,306
1629887400,291
1629888300,309
1629889200,211
1629890100,213
1629891000,353
1629891900,197
1629892800,235
1629893700,248
1629894600,304
1629895500,459
1629896400,232
1629897300,215
1629898200,250
1629899100,247
1629900000,243
1629900900,225
1629901800,218
1629902700,207
1629903600,194
1629904500,191
1629905400,216
1629906300,225
1629907200,210
1629908100,204
1629909000,211
1629909900,201
1629910800,246
1629911700,238
1629912600,228
1629913500,262
1629914400,485
1629915300,319
1629916200,206
1629917100,166
1629918000,826
1629918900,847
1629919800,460
1629920700,393
1629921600,366
1629922500,268
1629923400,186
1629924300,197
1629925200,189
1629926100,171
1629927000,200
1629927900,182
1629928800,158
1629929700,140
1629930600,141
1629931500,147
1629932400,121
1629933300,127
1629934200,127
1629935100,124
1629936000,115
1629936900,130
1629937800,122
1629938700,136
1629939600,127
1629940500,133
1629941400,123
1629942300,142
1629943200,133
1629944100,138
1629945000,134
1629945900,143
1629946800,115
1629947700,151
1629948600,138
1629949500,148
1629950400,140
1629951300,149
1629952200,203
1629953100,174
1629954000,136
1629954900,152
1629955800,143
1629956700,138
1629957600,139
1629958500,148
1629959400,182
1629960300,193
1629961200,232
1629962100,232
1629963000,224
1629963900,286
1629964800,365
1629965700,269
1629966600,307
1629967500,221
1629968400,297
1629969300,315
1629970200,241
1629971100,251
1629972000,669
1629972900,272
1629973800,252
1629974700,249
1629975600,241
1629976500,196
1629977400,183
1629978300,167
1629979200,185
1629980100,187
1629981000,195
1629981900,199
1629982800,192
1629983700,201
1629984600,193
1629985500,207
1629986400,271
1629987300,225
1629988200,223
1629989100,228
1629990000,204
1629990900,205
1629991800,235
1629992700,321
1629993600,307
1629994500,343
1629995400,302
1629996300,280
1629997200,281
1629998100,428
1629999000,436
1629999900,422
1630000800,378
1630001700,491
1630002600,464
1630003500,423
1630004400,364
1630005300,356
1630006200,368
1630007100,332
1630008000,351
1630008900,349
1630009800,257
1630010700,178
1630011600,203
1630012500,202
1630013400,182
1630014300,184
1630015200,196
1630016100,152
1630017000,147
1630017900,131
1630018800,155
1630019700,133
1630020600,128
1630021500,118
1630022400,132
1630023300,129
1630024200,127
1630025100,119
1630026000,155
1630026900,136
1630027800,125
1630028700,130
1630029600,148
1630030500,152
1630031400,126
1630032300,141
1630033200,147
1630034100,133
1630035000,138
1630035900,151
1630036800,168
1630037700,159
1630038600,476
1630039500,295
1630040400,215
1630041300,156
1630042200,162
1630043100,204
1630044000,202
1630044900,177
1630045800,161
1630046700,183
1630047600,178
1630048500,181
1630049400,171
1630050300,191
1630051200,226
1630052100,190
1630053000,154
1630053900,216
1630054800,195
1630055700,213
1630056600,206
1630057500,213
1630058400,221
1630059300,351
1630060200,418
1630061100,258
1630062000,232
1630062900,221
1630063800,427
1630064700,360
1630065600,241
1630066500,262
1630067400,277
1630068300,311
1630069200,258
1630070100,235
1630071000,235
1630071900,216
1630072800,180
1630073700,167
1630074600,177
1630075500,159
1630076400,295
1630077300,198
1630078200,187
1630079100,128
1630080000,153
1630080900,173
1630081800,277
1630082700,363
1630083600,184
1630084500,188
1630085400,237
1630086300,179
1630087200,162
1630088100,167
1630089000,284
1630089900,315
1630090800,306
1630091700,284
1630092600,311
1630093500,309
1630094400,272
1630095300,291
1630096200,225
1630097100,214
1630098000,180
1630098900,182
1630099800,195
1630100700,226
1630101600,215
1630102500,227
1630103400,201
1630104300,168
1630105200,136
1630106100,142
1630107000,132
1630107900,132
1630108800,123
1630109700,129
1630110600,132
1630111500,132
1630112400,133
1630113300,140
1630114200,133
1630115100,135
1630116000,118
1630116900,148
1630117800,149
1630118700,147
1630119600,130
1630120500,137
1630121400,148
1630122300,129
1630123200,140
1630124100,155
1630125000,206
1630125900,152
1630126800,165
1630127700,160
1630128600,139
1630129500,144
1630130400,150
1630131300,377
1630132200,238
1630133100,280
1630134000,217
1630134900,323
1630135800,292
1630136700,337
1630137600,282
1630138500,303
1630139400,312
1630140300,341
1630141200,377
1630142100,294
1630143000,310
1630143900,311
1630144800,261
1630145700,254
1630146600,284
1630147500,208
1630148400,192
1630149300,180
1630150200,253
1630151100,214
1630152000,238
1630152900,448
1630153800,945
1630154700,618
1630155600,598
1630156500,274
1630157400,296
1630158300,310
1630159200,283
1630160100,247
1630161000,317
1630161900,301
1630162800,252
1630163700,243
1630164600,214
1630165500,160
1630166400,155
1630167300,174
1630168200,154
1630169100,159
1630170000,291
1630170900,281
1630171800,180
1630172700,212
1630173600,250
1630174500,345
1630175400,337
1630176300,316
1630177200,294
1630178100,269
1630179000,279
1630179900,186
1630180800,256
1630181700,225
1630182600,236
1630183500,210
1630184400,224
1630185300,216
1630186200,239
1630187100,219
1630188000,186
1630188900,140
1630189800,173
1630190700,129
1630191600,118
1630192500,132
1630193400,130
1630194300,100
1630195200,130
1630196100,131
1630197000,125
1630197900,111
1630198800,139
1630199700,151
1630200600,136
1630201500,115
1630202400,131
1630203300,133
1630204200,125
1630205100,122
1630206000,137
1630206900,125
1630207800,120
1630208700,120
1630209600,140
1630210500,121
1630211400,128
1630212300,120
1630213200,175
1630214100,222
1630215000,149
1630215900,237
1630216800,186
1630217700,201
1630218600,329
1630219500,448
1630220400,337
1630221300,211
1630222200,231
1630223100,226
1630224000,231
1630224900,222
1630225800,207
1630226700,213
1630227600,338
1630228500,223
1630229400,227
1630230300,722
1630231200,1130
1630232100,278
1630233000,276
1630233900,285
1630234800,272
1630235700,286
1630236600,378
1630237500,279
1630238400,270
1630239300,287
1630240200,246
1630241100,250
1630242000,242
1630242900,242
1630243800,237
1630244700,294
1630245600,311
1630246500,252
1630247400,380
1630248300,777
1630249200,407
1630250100,271
1630251000,340
1630251900,275
1630252800,298
1630253700,273
1630254600,309
1630255500,288
1630256400,257
1630257300,248
1630258200,282
1630259100,282
1630260000,318
1630260900,366
1630261800,357
1630262700,363
1630263600,361
1630264500,375
1630265400,364
1630266300,353
1630267200,308
1630268100,259
1630269000,218
1630269900,221
1630270800,235
1630271700,201
1630272600,178
1630273500,179
1630274400,151
1630275300,129
1630276200,143
1630277100,156
1630278000,155
1630278900,151
1630279800,140
1630280700,153
1630281600,144
1630282500,131
1630283400,143
1630284300,154
1630285200,139
1630286100,153
1630287000,158
1630287900,164
1630288800,154
1630289700,138
1630290600,140
1630291500,143
1630292400,141
1630293300,132
1630294200,139
1630295100,141
1630296000,142
1630296900,143
1630297800,142
1630298700,142
1630299600,142
1630300500,146
1630301400,158
1630302300,156
1630303200,160
1630304100,137
1630305000,165
1630305900,272
1630306800,204
1630307700,178
1630308600,540
1630309500,532
1630310400,391
1630311300,417
1630312200,507
1630313100,303
1630314000,332
1630314900,331
1630315800,356
1630316700,822
1630317600,537
1630318500,706
1630319400,501
1630320300,361
1630321200,244
1630322100,254
1630323000,276
1630323900,245
1630324800,224
1630325700,224
1630326600,231
1630327500,201
1630328400,192
1630329300,200
1630330200,216
1630331100,202
1630332000,198
1630332900,203
1630333800,248
1630334700,235
1630335600,285
1630336500,479
1630337400,464
1630338300,256
1630339200,267
1630340100,226
1630341000,227
1630341900,212
1630342800,209
1630343700,218
1630344600,224
1630345500,209
1630346400,226
1630347300,239
1630348200,225
1630349100,225
1630350000,319
1630350900,336
1630351800,326
1630352700,320
1630353600,308
1630354500,324
1630355400,253
1630356300,195
1630357200,186
1630358100,209
1630359000,200
1630359900,196
1630360800,196
1630361700,204
1630362600,155
1630363500,170
1630364400,155
1630365300,161
1630366200,131
1630367100,164
1630368000,138
1630368900,146
1630369800,133
1630370700,179
1630371600,151
1630372500,154
1630373400,134
1630374300,166
1630375200,153
1630376100,155
1630377000,132
1630377900,144
1630378800,136
1630379700,135
1630380600,133
1630381500,138
1630382400,144
1630383300,138
1630384200,219
1630385100,147
1630386000,164
1630386900,155
1630387800,141
1630388700,329
1630389600,681
1630390500,461
1630391400,188
1630392300,211
1630393200,286
1630394100,176
1630395000,264
1630395900,454
1630396800,344
1630397700,266
1630398600,268
1630399500,263
1630400400,552
1630401300,749
1630402200,426
1630403100,522
1630404000,557
1630404900,398
1630405800,423
1630406700,275
1630407600,551
1630408500,569
1630409400,262
1630410300,358
1630411200,344
1630412100,323
1630413000,340
1630413900,288
1630414800,311
1630415700,253
1630416600,282
1630417500,254
1630418400,235
1630419300,209
1630420200,204
1630421100,196
1630422000,548
1630422900,651
1630423800,231
1630424700,195
1630425600,221
1630426500,200
1630427400,206
1630428300,197
1630429200,210
1630430100,239
1630431000,245
1630431900,238
1630432800,262
1630433700,256
1630434600,249
1630435500,228
1630436400,236
1630437300,216
1630438200,230
1630439100,234
1630440000,256
1630440900,238
1630441800,244
1630442700,256
1630443600,282
1630444500,244
1630445400,223
1630446300,206
1630447200,201
1630448100,185
1630449000,154
1630449900,143
1630450800,163
1630451700,165
1630452600,148
1630453500,150
1630454400,129
1630455300,152
1630456200,140
1630457100,142
1630458000,160
1630458900,168
1630459800,150
1630460700,154
1630461600,134
1630462500,171
1630463400,149
1630464300,139
1630465200,137
1630466100,150
1630467000,130
1630467900,139
1630468800,131
1630469700,165
1630470600,206
1630471500,170
1630472400,136
1630473300,208
1630474200,153
1630475100,236
1630476000,485
1630476900,207
1630477800,281
1630478700,220
1630479600,239
1630480500,233
1630481400,246
1630482300,190
1630483200,244
1630484100,204
1630485000,191
1630485900,350
1630486800,407
1630487700,453
1630488600,198
1630489500,196
1630490400,207
1630491300,211
1630492200,415
1630493100,650
1630494000,320
1630494900,289
1630495800,290
1630496700,223
1630497600,243
1630498500,557
1630499400,393
1630500300,340
1630501200,385
1630502100,343
1630503000,317
1630503900,257
1630504800,382
1630505700,235
1630506600,224
1630507500,193
1630508400,207
1630509300,206
1630510200,203
1630511100,377
1630512000,230
1630512900,230
1630513800,354
1630514700,258
1630515600,252
1630516500,269
1630517400,260
1630518300,265
1630519200,347
1630520100,365
1630521000,367
1630521900,380
1630522800,373
1630523700,333
1630524600,310
1630525500,313
1630526400,270
1630527300,237
1630528200,221
1630529100,249
1630530000,217
1630530900,187
1630531800,181
1630532700,210
1630533600,189
1630534500,198
1630535400,194
1630536300,150
1630537200,149
1630538100,144
1630539000,134
1630539900,158
1630540800,145
1630541700,147
1630542600,131
1630543500,151
1630544400,149
1630545300,148
1630546200,134
1630547100,154
1630548000,149
1630548900,144
1630549800,133
1630550700,144
1630551600,134
1630552500,122
1630553400,129
1630554300,127
1630555200,136
1630556100,212
1630557000,163
1630557900,173
1630558800,177
1630559700,189
1630560600,157
1630561500,182
1630562400,179
1630563300,167
1630564200,167
1630565100,174
1630566000,296
1630566900,289
1630567800,257
1630568700,283
1630569600,228
1630570500,230
1630571400,319
1630572300,234
1630573200,219
1630574100,205
1630575000,240
1630575900,191
1630576800,199
1630577700,190
1630578600,214
1630579500,195
1630580400,194
1630581300,244
1630582200,312
1630583100,317
1630584000,205
1630584900,224
1630585800,243
1630586700,240
1630587600,276
1630588500,264
1630589400,252
1630590300,234
1630591200,263
1630592100,214
1630593000,200
1630593900,212
1630594800,188
1630595700,218
1630596600,212
1630597500,236
1630598400,215
1630599300,238
1630600200,242
1630601100,224
1630602000,278
1630602900,590
1630603800,528
1630604700,295
1630605600,245
1630606500,238
1630607400,250
1630608300,254
1630609200,255
1630610100,393
1630611000,265
1630611900,265
1630612800,253
1630613700,261
1630614600,244
1630615500,235
1630616400,232
1630617300,232
1630618200,218
1630619100,237
1630620000,223
1630620900,193
1630621800,196
1630622700,181
1630623600,165
1630624500,191
1630625400,182
1630626300,158
1630627200,129
1630628100,144
1630629000,144
1630629900,143
1630630800,146
1630631700,146
1630632600,157
1630633500,138
1630634400,153
1630635300,152
1630636200,144
1630637100,136
1630638000,142
1630638900,167
1630639800,150
1630640700,158
1630641600,143
1630642500,160
1630643400,150
1630644300,158
1630645200,134
1630646100,154
1630647000,134
1630647900,143
1630648800,130
1630649700,153
1630650600,132
1630651500,274
1630652400,238
1630653300,174
1630654200,160
1630655100,192
1630656000,213
1630656900,209
1630657800,257
1630658700,224
1630659600,225
1630660500,250
1630661400,248
1630662300,250
1630663200,249
1630664100,269
1630665000,267
1630665900,261
1630666800,247
1630667700,232
1630668600,294
1630669500,254
1630670400,225
1630671300,270
1630672200,238
1630673100,220
1630674000,235
1630674900,224
1630675800,248
1630676700,224
1630677600,218
1630678500,250
1630679400,239
1630680300,273
1630681200,451
1630682100,260
1630683000,806
1630683900,598
1630684800,462
1630685700,293
1630686600,235
1630687500,399
1630688400,529
1630689300,256
1630690200,238
1630691100,250
1630692000,265
1630692900,250
1630693800,266
1630694700,327
1630695600,270
1630696500,252
1630697400,245
1630698300,252
1630699200,268
1630700100,273
1630701000,246
1630701900,249
1630702800,236
1630703700,207
1630704600,205
1630705500,220
1630706400,184
1630707300,175
1630708200,194
1630709100,205
1630710000,186
1630710900,185
1630711800,151
1630712700,132
1630713600,123
1630714500,120
1630715400,133
1630716300,134
1630717200,138
1630718100,137
1630719000,157
1630719900,134
1630720800,141
1630721700,137
1630722600,156
1630723500,162
1630724400,154
1630725300,157
1630726200,134
1630727100,165
1630728000,141
1630728900,147
1630729800,150
1630730700,167
1630731600,152
1630732500,146
1630733400,146
1630734300,162
1630735200,139
1630736100,200
1630737000,706
1630737900,192
1630738800,194
1630739700,153
1630740600,180
1630741500,201
1630742400,176
1630743300,165
1630744200,165
1630745100,174
1630746000,183
1630746900,220
1630747800,231
1630748700,231
1630749600,213
1630750500,236
1630751400,233
1630752300,216
1630753200,203
1630754100,187
1630755000,184
1630755900,173
1630756800,174
1630757700,187
1630758600,174
1630759500,221
1630760400,215
1630761300,205
1630762200,207
1630763100,218
1630764000,256
1630764900,254
1630765800,205
1630766700,227
1630767600,186
1630768500,223
1630769400,543
1630770300,388
1630771200,164
1630772100,179
1630773000,209
1630773900,210
1630774800,188
1630775700,208
1630776600,228
1630777500,205
1630778400,202
1630779300,214
1630780200,205
1630781100,198
1630782000,212
1630782900,199
1630783800,223
1630784700,181
1630785600,210
1630786500,184
1630787400,231
1630788300,239
1630789200,227
1630790100,193
1630791000,197
1630791900,150
1630792800,162
1630793700,135
1630794600,146
1630795500,132
1630796400,173
1630797300,148
1630798200,156
1630799100,129
1630800000,141
1630800900,141
1630801800,143
1630802700,146
1630803600,157
1630804500,152
1630805400,162
1630806300,136
1630807200,157
1630808100,140
1630809000,155
1630809900,135
1630810800,149
1630811700,139
1630812600,149
1630813500,150
1630814400,148
1630815300,139
1630816200,145
1630817100,139
1630818000,156
1630818900,139
1630819800,150
1630820700,141
1630821600,161
1630822500,145
1630823400,155
1630824300,170
1630825200,185
1630826100,175
1630827000,170
1630827900,242
1630828800,200
1630829700,241
1630830600,249
1630831500,264
1630832400,248
1630833300,262
1630834200,241
1630835100,219
1630836000,242
1630836900,275
1630837800,247
1630838700,213
1630839600,223
1630840500,275
1630841400,228
1630842300,225
1630843200,230
1630844100,428
1630845000,292
1630845900,328
1630846800,382
1630847700,233
1630848600,224
1630849500,195
1630850400,177
1630851300,241
1630852200,203
1630853100,234
1630854000,203
1630854900,205
1630855800,185
1630856700,175
1630857600,182
1630858500,174
1630859400,150
1630860300,636
1630861200,436
1630862100,211
1630863000,268
1630863900,201
1630864800,217
1630865700,229
1630866600,200
1630867500,197
1630868400,205
1630869300,174
1630870200,171
1630871100,173
1630872000,253
1630872900,191
1630873800,198
1630874700,188
1630875600,186
1630876500,226
1630877400,192
1630878300,166
1630879200,150
1630880100,156
1630881000,146
1630881900,160
1630882800,148
1630883700,157
1630884600,128
1630885500,168
1630886400,146
1630887300,150
1630888200,117
1630889100,138
1630890000,147
1630890900,145
1630891800,137
1630892700,147
1630893600,144
1630894500,146
1630895400,139
1630896300,150
1630897200,140
1630898100,154
1630899000,144
1630899900,146
1630900800,140
1630901700,137
1630902600,150
1630903500,147
1630904400,144
1630905300,140
1630906200,143
1630907100,153
1630908000,148
1630908900,132
1630909800,147
1630910700,140
1630911600,159
1630912500,186
1630913400,890
1630914300,206
1630915200,225
1630916100,205
1630917000,240
1630917900,250
1630918800,260
1630919700,235
1630920600,247
1630921500,531
1630922400,365
1630923300,264
1630924200,266
1630925100,253
1630926000,265
1630926900,235
1630927800,275
1630928700,847
1630929600,460
1630930500,256
1630931400,227
1630932300,251
1630933200,277
1630934100,272
1630935000,284
1630935900,246
1630936800,263
1630937700,274
1630938600,255
1630939500,221
1630940400,218
1630941300,615
1630942200,346
1630943100,196
1630944000,212
1630944900,191
1630945800,212
1630946700,207
1630947600,249
1630948500,246
1630949400,253
1630950300,245
1630951200,257
1630952100,244
1630953000,272
1630953900,229
1630954800,240
1630955700,304
1630956600,237
1630957500,231
1630958400,233
1630959300,224
1630960200,234
1630961100,246
1630962000,226
1630962900,193
1630963800,172
1630964700,169
1630965600,160
1630966500,152
1630967400,151
1630968300,139
1630969200,163
1630970100,152
1630971000,132
1630971900,150
1630972800,136
1630973700,161
1630974600,138
1630975500,145
1630976400,148
1630977300,152
1630978200,142
1630979100,141
1630980000,133
1630980900,145
1630981800,151
1630982700,144
1630983600,145
1630984500,138
1630985400,146
1630986300,146
1630987200,145
1630988100,139
1630989000,147
1630989900,141
1630990800,160
1630991700,139
1630992600,149
1630993500,140
1630994400,142
1630995300,152
1630996200,164
1630997100,193
1630998000,221
1630998900,294
1630999800,169
1631000700,168
1631001600,188
1631002500,188
1631003400,210
1631004300,205
1631005200,171
1631006100,169
1631007000,154
1631007900,185
1631008800,245
1631009700,214
1631010600,214
1631011500,634
1631012400,394
1631013300,219
1631014200,216
1631015100,218
1631016000,206
1631016900,188
1631017800,159
1631018700,167
1631019600,173
1631020500,158
1631021400,316
1631022300,169
1631023200,203
1631024100,189
1631025000,205
1631025900,185
1631026800,156
1631027700,215
1631028600,160
1631029500,199
1631030400,194
1631031300,183
1631032200,182
1631033100,186
1631034000,192
1631034900,180
1631035800,182
1631036700,216
1631037600,215
1631038500,195
1631039400,196
1631040300,186
1631041200,219
1631042100,176
1631043000,187
1631043900,176
1631044800,238
1631045700,181
1631046600,188
1631047500,188
1631048400,221
1631049300,200
1631050200,202
1631051100,203
1631052000,273
1631052900,262
1631053800,249
1631054700,174
1631055600,168
1631056500,146
1631057400,149
1631058300,145
1631059200,143
1631060100,154
1631061000,139
1631061900,154
1631062800,164
1631063700,139
1631064600,146
1631065500,145
1631066400,141
1631067300,147
1631068200,145
1631069100,154
1631070000,138
1631070900,145
1631071800,134
1631072700,157
1631073600,141
1631074500,150
1631075400,144
1631076300,152
1631077200,157
1631078100,147
1631079000,135
1631079900,169
1631080800,190
1631081700,257
1631082600,227
1631083500,189
1631084400,210
1631085300,194
1631086200,178
1631087100,241
1631088000,782
1631088900,580
1631089800,485
1631090700,550
1631091600,355
1631092500,259
1631093400,231
1631094300,230
1631095200,255
1631096100,519
1631097000,496
1631097900,500
1631098800,279
1631099700,246
1631100600,251
1631101500,244
1631102400,213
1631103300,208
1631104200,229
1631105100,244
1631106000,221
1631106900,208
1631107800,194
1631108700,201
1631109600,208
1631110500,185
1631111400,195
1631112300,251
1631113200,322
1631114100,230
1631115000,218
1631115900,254
1631116800,219
1631117700,213
1631118600,240
1631119500,222
1631120400,234
1631121300,236
1631122200,257
1631123100,251
1631124000,298
1631124900,324
1631125800,334
1631126700,309
1631127600,385
1631128500,424
1631129400,366
1631130300,333
1631131200,287
1631132100,236
1631133000,197
1631133900,179
1631134800,191
1631135700,183
1631136600,190
1631137500,179
1631138400,212
1631139300,177
1631140200,164
1631141100,144
1631142000,155
1631142900,162
1631143800,159
1631144700,143
1631145600,127
1631146500,148
1631147400,158
1631148300,137
1631149200,162
1631150100,161
1631151000,169
1631151900,138
1631152800,151
1631153700,141
1631154600,156
1631155500,147
1631156400,144
1631157300,136
1631158200,147
1631159100,152
1631160000,150
1631160900,140
1631161800,150
1631162700,143
1631163600,156
1631164500,527
1631165400,259
1631166300,232
1631167200,195
1631168100,210
1631169000,276
1631169900,250
1631170800,183
1631171700,266
1631172600,262
1631173500,290
1631174400,290
1631175300,279
1631176200,298
1631177100,330
1631178000,276
1631178900,363
1631179800,708
1631180700,416
1631181600,547
1631182500,416
1631183400,697
1631184300,324
1631185200,331
1631186100,264
1631187000,918
1631187900,920
1631188800,780
1631189700,745
1631190600,408
1631191500,227
1631192400,211
1631193300,240
1631194200,236
1631195100,276
1631196000,218
1631196900,354
1631197800,540
1631198700,258
1631199600,261
1631200500,278
1631201400,231
1631202300,253
1631203200,215
1631204100,224
1631205000,234
1631205900,244
1631206800,351
1631207700,493
1631208600,495
1631209500,689
1631210400,676
1631211300,707
1631212200,651
1631213100,570
1631214000,524
1631214900,513
1631215800,419
1631216700,320
1631217600,295
1631218500,337
1631219400,295
1631220300,230
1631221200,206
1631222100,220
1631223000,207
1631223900,220
1631224800,232
1631225700,215
1631226600,183
1631227500,187
1631228400,175
1631229300,173
1631230200,146
1631231100,139
1631232000,139
1631232900,156
1631233800,131
1631234700,161
1631235600,159
1631236500,164
1631237400,170
1631238300,147
1631239200,153
1631240100,161
1631241000,136
1631241900,152
1631242800,133
1631243700,143
1631244600,133
1631245500,150
1631246400,136
1631247300,143
1631248200,146
1631249100,145
1631250000,151
1631250900,162
1631251800,153
1631252700,226
1631253600,228
1631254500,213
1631255400,157
1631256300,162
1631257200,170
1631258100,165
1631259000,210
1631259900,176
1631260800,177
1631261700,194
1631262600,188
1631263500,228
1631264400,255
1631265300,290
1631266200,242
1631267100,255
1631268000,277
1631268900,574
1631269800,814
1631270700,1070
1631271600,707
1631272500,504
1631273400,461
1631274300,307
1631275200,294
1631276100,432
1631277000,288
1631277900,259
1631278800,273
1631279700,274
1631280600,247
1631281500,249
1631282400,290
1631283300,287
1631284200,249
1631285100,302
1631286000,315
1631286900,267
1631287800,289
1631288700,296
1631289600,271
1631290500,248
1631291400,539
1631292300,371
1631293200,256
1631294100,235
1631295000,338
1631295900,544
1631296800,372
1631297700,339
1631298600,329
1631299500,373
1631300400,396
1631301300,355
1631302200,353
1631303100,340
1631304000,294
1631304900,227
1631305800,255
1631306700,224
1631307600,219
1631308500,216
1631309400,200
1631310300,206
1631311200,207
1631312100,186
1631313000,162
1631313900,167
1631314800,140
1631315700,136
1631316600,149
1631317500,140
1631318400,159
1631319300,122
1631320200,149
1631321100,140
1631322000,144
1631322900,140
1631323800,174
1631324700,154
1631325600,167
1631326500,146
1631327400,163
1631328300,135
1631329200,142
1631330100,141
1631331000,150
1631331900,134
1631332800,142
1631333700,136
1631334600,167
1631335500,137
1631336400,151
1631337300,135
1631338200,169
1631339100,165
1631340000,160
1631340900,140
1631341800,287
1631342700,186
1631343600,187
1631344500,242
1631345400,231
1631346300,241
1631347200,233
1631348100,243
1631349000,251
1631349900,225
1631350800,238
1631351700,246
1631352600,257
1631353500,355
1631354400,432
1631355300,741
1631356200,1255
1631357100,883
1631358000,375
1631358900,373
1631359800,677
1631360700,874
1631361600,670
1631362500,438
1631363400,312
1631364300,314
1631365200,335
1631366100,377
1631367000,530
1631367900,397
1631368800,886
1631369700,795
1631370600,830
1631371500,519
1631372400,561
1631373300,575
1631374200,575
1631375100,575
1631376000,669
1631376900,519
1631377800,777
1631378700,848
1631379600,551
1631380500,379
1631381400,428
1631382300,586
1631383200,484
1631384100,422
1631385000,418
1631385900,460
1631386800,441
1631387700,428
1631388600,425
1631389500,410
1631390400,377
1631391300,323
1631392200,286
1631393100,274
1631394000,293
1631394900,283
1631395800,276
1631396700,255
1631397600,245
1631398500,243
1631399400,255
1631400300,245
1631401200,221
1631402100,244
1631403000,213
1631403900,148
1631404800,126
1631405700,151
1631406600,153
1631407500,164
1631408400,133
1631409300,173
1631410200,165
1631411100,156
1631412000,143
1631412900,167
1631413800,163
1631414700,176
1631415600,143
1631416500,151
1631417400,135
1631418300,151
1631419200,140
1631420100,137
1631421000,147
1631421900,144
1631422800,161
1631423700,138
1631424600,167
1631425500,180
1631426400,196
1631427300,251
1631428200,679
1631429100,754
1631430000,747
1631430900,295
1631431800,317
1631432700,388
1631433600,400
1631434500,424
1631435400,424
1631436300,449
1631437200,299
1631438100,290
1631439000,298
1631439900,865
1631440800,973
1631441700,1104
1631442600,879
1631443500,532
1631444400,409
1631445300,435
1631446200,688
1631447100,415
1631448000,520
1631448900,409
1631449800,850
1631450700,956
1631451600,513
1631452500,556
1631453400,473
1631454300,481
1631455200,316
1631456100,335
1631457000,295
1631457900,317
1631458800,748
1631459700,740
1631460600,584
1631461500,291
1631462400,287
1631463300,674
1631464200,616
1631465100,370
1631466000,334
1631466900,380
1631467800,447
1631468700,428
1631469600,421
1631470500,402
1631471400,394
1631472300,430
1631473200,368
1631474100,389
1631475000,362
1631475900,380
1631476800,338
1631477700,371
1631478600,314
1631479500,262
1631480400,242
1631481300,240
1631482200,228
1631483100,216
1631484000,188
1631484900,190
1631485800,192
1631486700,156
1631487600,158
1631488500,158
1631489400,156
1631490300,143
1631491200,163
1631492100,156
1631493000,152
1631493900,131
1631494800,152
1631495700,159
1631496600,154
1631497500,146
1631498400,159
1631499300,161
1631500200,172
1631501100,157
1631502000,159
1631502900,164
1631503800,136
1631504700,156
1631505600,133
1631506500,144
1631507400,135
1631508300,154
1631509200,145
1631510100,151
1631511000,140
1631511900,148
1631512800,146
1631513700,174
1631514600,266
1631515500,240
1631516400,240
1631517300,232
1631518200,193
1631519100,264
1631520000,266
1631520900,272
1631521800,270
1631522700,292
1631523600,341
1631524500,506
1631525400,784
1631526300,490
1631527200,350
1631528100,318
1631529000,295
1631529900,339
1631530800,298
1631531700,302
1631532600,379
1631533500,287
1631534400,262
1631535300,273
1631536200,253
1631537100,268
1631538000,276
1631538900,290
1631539800,314
1631540700,400
1631541600,291
1631542500,313
1631543400,290
1631544300,275
1631545200,254
1631546100,261
1631547000,260
1631547900,260
1631548800,288
1631549700,286
1631550600,304
1631551500,606
1631552400,308
1631553300,356
1631554200,313
1631555100,406
1631556000,423
1631556900,422
1631557800,433
1631558700,796
1631559600,419
1631560500,372
1631561400,344
1631562300,738
1631563200,545
1631564100,336
1631565000,273
1631565900,225
1631566800,208
1631567700,211
1631568600,210
1631569500,204
1631570400,204
1631571300,212
1631572200,181
1631573100,157
1631574000,162
1631574900,166
1631575800,142
1631576700,145
1631577600,149
1631578500,130
1631579400,165
1631580300,153
1631581200,161
1631582100,157
1631583000,147
1631583900,152
1631584800,148
1631585700,152
1631586600,145
1631587500,161
1631588400,147
1631589300,157
1631590200,146
1631591100,170
1631592000,180
1631592900,161
1631593800,159
1631594700,154
1631595600,159
1631596500,168
1631597400,169
1631598300,262
1631599200,216
1631600100,240
1631601000,221
1631601900,215
1631602800,319
1631603700,288
1631604600,346
1631605500,341
1631606400,290
1631607300,301
1631608200,295
1631609100,346
1631610000,312
1631610900,223
1631611800,518
1631612700,354
1631613600,237
1631614500,227
1631615400,369
1631616300,231
1631617200,262
1631618100,221
1631619000,174
1631619900,179
1631620800,170
1631621700,178
1631622600,139
1631623500,278
1631624400,244
1631625300,318
1631626200,312
1631627100,278
1631628000,263
1631628900,245
1631629800,308
1631630700,317
1631631600,452
1631632500,321
1631633400,303
1631634300,404
1631635200,335
1631636100,451
1631637000,425
1631637900,456
1631638800,397
1631639700,379
1631640600,370
1631641500,429
1631642400,358
1631643300,424
1631644200,395
1631645100,403
1631646000,388
1631646900,360
1631647800,344
1631648700,339
1631649600,268
1631650500,251
1631651400,241
1631652300,198
1631653200,206
1631654100,202
1631655000,215
1631655900,188
1631656800,184
1631657700,159
1631658600,146
1631659500,166
1631660400,153
1631661300,163
1631662200,151
1631663100,137
1631664000,144
1631664900,145
1631665800,140
1631666700,149
1631667600,141
1631668500,134
1631669400,162
1631670300,145
1631671200,142
1631672100,138
1631673000,144
1631673900,144
1631674800,138
1631675700,157
1631676600,148
1631677500,176
1631678400,175
1631679300,186
1631680200,155
1631681100,173
1631682000,166
1631682900,176
1631683800,168
1631684700,164
1631685600,262
1631686500,200
1631687400,205
1631688300,179
1631689200,193
1631690100,197
1631691000,228
1631691900,716
1631692800,922
1631693700,362
1631694600,320
1631695500,387
1631696400,441
1631697300,429
1631698200,418
1631699100,615
1631700000,344
1631700900,267
1631701800,701
1631702700,920
1631703600,444
1631704500,643
1631705400,266
1631706300,281
1631707200,313
1631708100,638
1631709000,581
1631709900,299
1631710800,240
1631711700,222
1631712600,231
1631713500,230
1631714400,254
1631715300,218
1631716200,296
1631717100,255
1631718000,285
1631718900,404
1631719800,403
1631720700,416
1631721600,392
1631722500,331
1631723400,303
1631724300,279
1631725200,266
1631726100,284
1631727000,357
1631727900,297
1631728800,364
1631729700,451
1631730600,429
1631731500,363
1631732400,379
1631733300,371
1631734200,381
1631735100,355
1631736000,380
1631736900,351
1631737800,309
1631738700,217
1631739600,209
1631740500,197
1631741400,188
1631742300,195
1631743200,191
1631744100,187
1631745000,150
1631745900,126
1631746800,117
1631747700,111
1631748600,172
1631749500,172
1631750400,179
1631751300,168
1631752200,171
1631753100,176
1631754000,189
1631754900,188
1631755800,165
1631756700,159
1631757600,168
1631758500,168
1631759400,175
1631760300,164
1631761200,153
1631762100,165
1631763000,176
1631763900,179
1631764800,174
1631765700,189
1631766600,173
1631767500,195
1631768400,195
1631769300,285
1631770200,181
1631771100,282
1631772000,403
1631772900,355
1631773800,336
1631774700,271
1631775600,362
1631776500,459
1631777400,568
1631778300,440
1631779200,275
1631780100,302
1631781000,279
1631781900,280
1631782800,301
1631783700,288
1631784600,515
1631785500,790
1631786400,751
1631787300,559
1631788200,676
1631789100,399
1631790000,412
1631790900,519
1631791800,292
1631792700,368
1631793600,270
1631794500,843
1631795400,349
1631796300,259
1631797200,310
1631798100,299
1631799000,291
1631799900,477
1631800800,269
1631801700,269
1631802600,262
1631803500,318
1631804400,310
1631805300,368
1631806200,392
1631807100,457
1631808000,587
1631808900,827
1631809800,455
1631810700,443
1631811600,415
1631812500,358
1631813400,429
1631814300,404
1631815200,411
1631816100,399
1631817000,406
1631817900,377
1631818800,381
1631819700,356
1631820600,363
1631821500,339
1631822400,305
1631823300,232
1631824200,181
1631825100,204
1631826000,175
1631826900,210
1631827800,191
1631828700,200
1631829600,167
1631830500,167
1631831400,171
1631832300,151
1631833200,136
1631834100,143
1631835000,144
1631835900,147
1631836800,129
1631837700,137
1631838600,146
1631839500,132
1631840400,143
1631841300,148
1631842200,146
1631843100,137
1631844000,137
1631844900,123
1631845800,129
1631846700,119
1631847600,128
1631848500,130
1631849400,125
1631850300,142
1631851200,159
1631852100,143
1631853000,152
1631853900,146
1631854800,792
1631855700,852
1631856600,896
1631857500,522
1631858400,361
1631859300,483
1631860200,447
1631861100,398
1631862000,367
1631862900,394
1631863800,391
1631864700,366
1631865600,780
1631866500,646
1631867400,554
1631868300,814
1631869200,940
1631870100,686
1631871000,664
1631871900,460
1631872800,632
1631873700,395
1631874600,411
1631875500,534
1631876400,423
1631877300,286
1631878200,284
1631879100,266
1631880000,257
1631880900,254
1631881800,351
1631882700,293
1631883600,384
1631884500,487
1631885400,475
1631886300,402
1631887200,408
1631888100,432
1631889000,434
1631889900,385
1631890800,655
1631891700,757
1631892600,1018
1631893500,974
1631894400,919
1631895300,1379
1631896200,1214
1631897100,667
1631898000,491
1631898900,471
1631899800,428
1631900700,493
1631901600,366
1631902500,351
1631903400,362
1631904300,358
1631905200,356
1631906100,365
1631907000,349
1631907900,333
1631908800,305
1631909700,235
1631910600,232
1631911500,227
1631912400,232
1631913300,224
1631914200,173
1631915100,200
1631916000,188
1631916900,176
1631917800,193
1631918700,163
1631919600,149
1631920500,136
1631921400,132
1631922300,139
1631923200,157
1631924100,120
1631925000,147
1631925900,139
1631926800,150
1631927700,139
1631928600,138
1631929500,139
1631930400,147
1631931300,129
1631932200,132
1631933100,120
1631934000,129
1631934900,120
1631935800,138
1631936700,121
1631937600,124
1631938500,135
1631939400,131
1631940300,142
1631941200,277
1631942100,668
1631943000,322
1631943900,434
1631944800,320
1631945700,323
1631946600,726
1631947500,803
1631948400,509
1631949300,253
1631950200,277
1631951100,259
1631952000,232
1631952900,248
1631953800,291
1631954700,272
1631955600,286
1631956500,257
1631957400,392
1631958300,411
1631959200,408
1631960100,261
1631961000,250
1631961900,273
1631962800,346
1631963700,497
1631964600,478
1631965500,431
1631966400,440
1631967300,910
1631968200,502
1631969100,494
1631970000,563
1631970900,568
1631971800,611
1631972700,592
1631973600,882
1631974500,925
1631975400,1002
1631976300,584
1631977200,283
1631978100,318
1631979000,454
1631979900,315
1631980800,321
1631981700,350
1631982600,333
1631983500,232
1631984400,256
1631985300,312
1631986200,366
1631987100,294
1631988000,270
1631988900,241
1631989800,330
1631990700,227
1631991600,240
1631992500,237
1631993400,223
1631994300,219
1631995200,235
1631996100,229
1631997000,196
1631997900,176
1631998800,179
1631999700,187
1632000600,180
1632001500,179
1632002400,209
1632003300,174
1632004200,177
1632005100,131
1632006000,118
1632006900,143
1632007800,122
1632008700,127
1632009600,99
1632010500,127
1632011400,125
1632012300,113
1632013200,110
1632014100,126
1632015000,133
1632015900,133
1632016800,102
1632017700,119
1632018600,105
1632019500,108
1632020400,104
1632021300,98
1632022200,107
1632023100,107
1632024000,106
1632024900,110
1632025800,108
1632026700,102
1632027600,186
1632028500,140
1632029400,186
1632030300,169
1632031200,137
1632032100,141
1632033000,197
1632033900,694
1632034800,491
1632035700,355
1632036600,749
1632037500,476
1632038400,328
1632039300,311
1632040200,699
1632041100,660
1632042000,412
1632042900,622
1632043800,839
1632044700,420
1632045600,363
1632046500,510
1632047400,369
1632048300,494
1632049200,904
1632050100,841
1632051000,649
1632051900,568
1632052800,532
1632053700,458
1632054600,362
1632055500,457
1632056400,338
1632057300,326
1632058200,362
1632059100,375
1632060000,404
1632060900,483
1632061800,625
1632062700,271
1632063600,251
1632064500,548
1632065400,793
1632066300,517
1632067200,258
1632068100,273
1632069000,220
1632069900,474
1632070800,403
1632071700,841
1632072600,550
1632073500,909
1632074400,875
1632075300,778
1632076200,360
1632077100,327
1632078000,307
1632078900,320
1632079800,301
1632080700,304
1632081600,241
1632082500,243
1632083400,199
1632084300,137
1632085200,133
1632086100,148
1632087000,126
1632087900,142
1632088800,147
1632089700,130
1632090600,110
1632091500,145
1632092400,147
1632093300,136
1632094200,121
1632095100,139
1632096000,144
1632096900,139
1632097800,117
1632098700,137
1632099600,141
1632100500,135
1632101400,124
1632102300,138
1632103200,140
1632104100,144
1632105000,121
1632105900,114
1632106800,122
1632107700,125
1632108600,127
1632109500,112
1632110400,123
1632111300,120
1632112200,142
1632113100,114
1632114000,124
1632114900,124
1632115800,147
1632116700,132
1632117600,142
1632118500,133
1632119400,130
1632120300,429
1632121200,583
1632122100,951
1632123000,354
1632123900,248
1632124800,291
1632125700,330
1632126600,416
1632127500,389
1632128400,443
1632129300,359
1632130200,183
1632131100,168
1632132000,162
1632132900,171
1632133800,173
1632134700,155
1632135600,142
1632136500,153
1632137400,145
1632138300,163
1632139200,142
1632140100,156
1632141000,224
1632141900,263
1632142800,234
1632143700,256
1632144600,251
1632145500,255
1632146400,238
1632147300,222
1632148200,193
1632149100,188
1632150000,216
1632150900,225
1632151800,209
1632152700,243
1632153600,244
1632154500,359
1632155400,230
1632156300,236
1632157200,245
1632158100,257
1632159000,328
1632159900,434
1632160800,325
1632161700,298
1632162600,316
1632163500,368
1632164400,329
1632165300,356
1632166200,373
1632167100,272
1632168000,236
1632168900,229
1632169800,212
1632170700,213
1632171600,188
1632172500,157
1632173400,149
1632174300,159
1632175200,181
1632176100,156
1632177000,153
1632177900,143
1632178800,158
1632179700,152
1632180600,160
1632181500,152
1632182400,161
1632183300,150
1632184200,155
1632185100,156
1632186000,153
1632186900,150
1632187800,169
1632188700,153
1632189600,155
1632190500,146
1632191400,149
1632192300,168
1632193200,133
1632194100,141
1632195000,142
1632195900,177
1632196800,163
1632197700,171
1632198600,154
1632199500,172
1632200400,168
1632201300,148
1632202200,167
1632203100,186
1632204000,248
1632204900,167
1632205800,176
1632206700,179
1632207600,176
1632208500,165
1632209400,161
1632210300,149
1632211200,156
1632212100,205
1632213000,237
1632213900,219
1632214800,212
1632215700,239
1632216600,496
1632217500,284
1632218400,438
1632219300,298
1632220200,310
1632221100,447
1632222000,437
1632222900,293
1632223800,350
1632224700,332
1632225600,246
1632226500,265
1632227400,259
1632228300,257
1632229200,251
1632230100,266
1632231000,263
1632231900,286
1632232800,255
1632233700,248
1632234600,265
1632235500,260
1632236400,270
1632237300,291
1632238200,286
1632239100,410
1632240000,318
1632240900,387
1632241800,347
1632242700,500
1632243600,533
1632244500,552
1632245400,423
1632246300,463
1632247200,931
1632248100,494
1632249000,411
1632249900,415
1632250800,402
1632251700,396
1632252600,401
1632253500,379
1632254400,364
1632255300,226
1632256200,200
1632257100,196
1632258000,198
1632258900,212
1632259800,182
1632260700,180
1632261600,150
1632262500,158
1632263400,153
1632264300,159
1632265200,156
1632266100,155
1632267000,166
1632267900,136
1632268800,158
1632269700,140
1632270600,159
1632271500,156
1632272400,158
1632273300,161
1632274200,142
1632275100,160
1632276000,164
1632276900,140
1632277800,156
1632278700,160
1632279600,167
1632280500,151
1632281400,159
1632282300,173
1632283200,179
1632284100,148
1632285000,161
1632285900,148
1632286800,167
1632287700,157
1632288600,164
1632289500,234
1632290400,156
1632291300,147
1632292200,150
1632293100,175
1632294000,208
1632294900,322
1632295800,326
1632296700,336
1632297600,423
1632298500,321
1632299400,312
1632300300,291
1632301200,292
1632302100,548
1632303000,623
1632303900,238
1632304800,601
1632305700,453
1632306600,375
1632307500,269
1632308400,265
1632309300,232
1632310200,232
1632311100,331
1632312000,315
1632312900,294
1632313800,324
1632314700,204
1632315600,218
1632316500,234
1632317400,231
1632318300,233
1632319200,230
1632320100,227
1632321000,343
1632321900,409
1632322800,354
1632323700,286
1632324600,275
1632325500,326
1632326400,317
1632327300,279
1632328200,383
1632329100,389
1632330000,423
1632330900,418
1632331800,431
1632332700,444
1632333600,461
1632334500,446
1632335400,431
1632336300,398
1632337200,392
1632338100,392
1632339000,367
1632339900,376
1632340800,374
1632341700,291
1632342600,220
1632343500,216
1632344400,210
1632345300,218
1632346200,199
1632347100,204
1632348000,193
1632348900,184
1632349800,140
1632350700,135
1632351600,145
1632352500,151
1632353400,136
1632354300,149
1632355200,139
1632356100,131
1632357000,153
1632357900,166
1632358800,152
1632359700,142
1632360600,158
1632361500,170
1632362400,153
1632363300,143
1632364200,143
1632365100,157
1632366000,149
1632366900,150
1632367800,140
1632368700,169
1632369600,166
1632370500,157
1632371400,150
1632372300,153
1632373200,194
1632374100,600
1632375000,305
1632375900,206
1632376800,208
1632377700,548
1632378600,487
1632379500,375
1632380400,224
1632381300,334
1632382200,676
1632383100,184
1632384000,174
1632384900,198
1632385800,224
1632386700,404
1632387600,228
1632388500,211
1632389400,207
1632390300,198
1632391200,204
1632392100,256
1632393000,209
1632393900,167
1632394800,141
1632395700,155
1632396600,155
1632397500,148
1632398400,170
1632399300,180
1632400200,202
1632401100,211
1632402000,281
1632402900,239
1632403800,257
1632404700,241
1632405600,249
1632406500,239
1632407400,239
1632408300,264
1632409200,262
1632410100,396
1632411000,425
1632411900,397
1632412800,382
1632413700,373
1632414600,336
1632415500,497
1632416400,354
1632417300,403
1632418200,412
1632419100,416
1632420000,422
1632420900,470
1632421800,495
1632422700,478
1632423600,445
1632424500,442
1632425400,424
1632426300,429
1632427200,394
1632428100,402
1632429000,391
1632429900,350
1632430800,327
1632431700,329
1632432600,259
1632433500,245
1632434400,193
1632435300,191
1632436200,177
1632437100,170
1632438000,165
1632438900,189
1632439800,143
1632440700,161
1632441600,148
1632442500,153
1632443400,144
1632444300,156
1632445200,152
1632446100,157
1632447000,162
1632447900,155
1632448800,158
1632449700,174
1632450600,165
1632451500,157
1632452400,167
1632453300,181
1632454200,145
1632455100,200
1632456000,191
1632456900,200
1632457800,174
1632458700,183
1632459600,182
1632460500,190
1632461400,241
1632462300,165
1632463200,159
1632464100,209
1632465000,217
1632465900,229
1632466800,352
1632467700,444
1632468600,405
1632469500,352
1632470400,368
1632471300,529
1632472200,444
1632473100,345
1632474000,293
1632474900,322
1632475800,505
1632476700,641
1632477600,508
1632478500,350
1632479400,293
1632480300,305
1632481200,224
1632482100,337
1632483000,302
1632483900,296
1632484800,319
1632485700,283
1632486600,386
1632487500,311
1632488400,364
1632489300,274
1632490200,273
1632491100,283
1632492000,249
1632492900,250
1632493800,370
1632494700,311
1632495600,257
1632496500,297
1632497400,437
1632498300,354
1632499200,259
1632500100,294
1632501000,376
1632501900,474
1632502800,439
1632503700,601
1632504600,567
1632505500,845
1632506400,491
1632507300,496
1632508200,484
1632509100,904
1632510000,668
1632510900,524
1632511800,527
1632512700,473
1632513600,528
1632514500,334
1632515400,247
1632516300,286
1632517200,275
1632518100,270
1632519000,262
1632519900,299
1632520800,289
1632521700,222
1632522600,186
1632523500,197
1632524400,165
1632525300,166
1632526200,206
1632527100,216
1632528000,183
1632528900,184
1632529800,215
1632530700,197
1632531600,181
1632532500,165
1632533400,182
1632534300,179
1632535200,182
1632536100,194
1632537000,216
1632537900,186
1632538800,167
1632539700,172
1632540600,156
1632541500,181
1632542400,215
1632543300,193
1632544200,168
1632545100,170
1632546000,167
1632546900,204
1632547800,298
1632548700,183
1632549600,256
1632550500,257
1632551400,277
1632552300,324
1632553200,278
1632554100,266
1632555000,232
1632555900,263
1632556800,303
1632557700,335
1632558600,232
1632559500,221
1632560400,236
1632561300,313
1632562200,257
1632563100,247
1632564000,452
1632564900,351
1632565800,271
1632566700,418
1632567600,504
1632568500,562
1632569400,432
1632570300,352
1632571200,260
1632572100,283
1632573000,252
1632573900,233
1632574800,223
1632575700,262
1632576600,273
1632577500,259
1632578400,451
1632579300,451
1632580200,372
1632581100,358
1632582000,387
1632582900,384
1632583800,469
1632584700,325
1632585600,241
1632586500,394
1632587400,382
1632588300,292
1632589200,303
1632590100,443
1632591000,488
1632591900,492
1632592800,453
1632593700,432
1632594600,460
1632595500,478
1632596400,437
1632597300,427
1632598200,421
1632599100,450
1632600000,431
1632600900,393
1632601800,301
1632602700,300
1632603600,285
1632604500,243
1632605400,214
1632606300,230
1632607200,229
1632608100,232
1632609000,188
1632609900,168
1632610800,181
1632611700,237
1632612600,199
1632613500,184
1632614400,208
1632615300,218
1632616200,178
1632617100,176
1632618000,228
1632618900,211
1632619800,174
1632620700,207
1632621600,215
1632622500,218
1632623400,167
1632624300,165
1632625200,235
1632626100,204
1632627000,179
1632627900,192
1632628800,225
1632629700,169
1632630600,166
1632631500,222
1632632400,207
1632633300,190
1632634200,218
1632635100,187
1632636000,164
1632636900,193
1632637800,229
1632638700,300
1632639600,239
1632640500,255
1632641400,187
1632642300,338
1632643200,778
1632644100,857
1632645000,338
1632645900,547
1632646800,519
1632647700,547
1632648600,484
1632649500,408
1632650400,387
1632651300,484
1632652200,947
1632653100,944
1632654000,472
1632654900,327
1632655800,412
1632656700,492
1632657600,346
1632658500,279
1632659400,320
1632660300,592
1632661200,903
1632662100,758
1632663000,516
1632663900,624
1632664800,408
1632665700,389
1632666600,391
1632667500,448
1632668400,724
1632669300,316
1632670200,331
1632671100,295
1632672000,273
1632672900,350
1632673800,358
1632674700,364
1632675600,362
1632676500,361
1632677400,405
1632678300,400
1632679200,408
1632680100,355
1632681000,407
1632681900,386
1632682800,356
1632683700,323
1632684600,364
1632685500,371
1632686400,329
1632687300,332
1632688200,308
1632689100,301
1632690000,220
1632690900,191
1632691800,194
1632692700,260
1632693600,279
1632694500,256
1632695400,251
1632696300,183
1632697200,237
1632698100,250
1632699000,205
1632699900,184
1632700800,224
1632701700,247
1632702600,183
1632703500,205
1632704400,234
1632705300,222
1632706200,180
1632707100,220
1632708000,225
1632708900,186
1632709800,202
1632710700,223
1632711600,224
1632712500,162
1632713400,190
1632714300,211
1632715200,182
1632716100,191
1632717000,220
1632717900,219
1632718800,165
1632719700,202
1632720600,240
1632721500,162
1632722400,224
1632723300,369
1632724200,250
1632725100,209
1632726000,264
1632726900,277
1632727800,540
1632728700,262
1632729600,253
1632730500,327
1632731400,354
1632732300,296
1632733200,349
1632734100,350
1632735000,314
1632735900,256
1632736800,332
1632737700,372
1632738600,329
1632739500,283
1632740400,268
1632741300,305
1632742200,359
1632743100,252
1632744000,237
1632744900,275
1632745800,283
1632746700,262
1632747600,229
1632748500,274
1632749400,283
1632750300,310
1632751200,244
1632752100,294
1632753000,320
1632753900,759
1632754800,977
1632755700,272
1632756600,323
1632757500,354
1632758400,335
1632759300,277
1632760200,320
1632761100,382
1632762000,400
1632762900,432
1632763800,483
1632764700,474
1632765600,404
1632766500,440
1632767400,492
1632768300,479
1632769200,419
1632770100,389
1632771000,404
1632771900,349
1632772800,267
1632773700,249
1632774600,273
1632775500,240
1632776400,217
1632777300,218
1632778200,205
1632779100,250
1632780000,244
1632780900,254
1632781800,250
1632782700,197
1632783600,168
1632784500,238
1632785400,194
1632786300,178
1632787200,207
1632788100,229
1632789000,197
1632789900,162
1632790800,236
1632791700,228
1632792600,182
1632793500,152
1632794400,221
1632795300,218
1632796200,184
1632797100,155
1632798000,217
1632798900,216
1632799800,189
1632800700,169
1632801600,250
1632802500,347
1632803400,245
1632804300,208
1632805200,258
1632806100,235
1632807000,202
1632807900,219
1632808800,242
1632809700,252
1632810600,250
1632811500,222
1632812400,265
1632813300,262
1632814200,217
1632815100,216
1632816000,259
1632816900,265
1632817800,214
1632818700,360
1632819600,379
1632820500,356
1632821400,940
1632822300,605
1632823200,833
1632824100,311
1632825000,264
1632825900,290
1632826800,356
1632827700,291
1632828600,262
1632829500,237
1632830400,307
1632831300,313
1632832200,272
1632833100,254
1632834000,329
1632834900,344
1632835800,303
1632836700,267
1632837600,241
1632838500,288
1632839400,329
1632840300,291
1632841200,327
1632842100,300
1632843000,312
1632843900,267
1632844800,285
1632845700,391
1632846600,422
1632847500,415
1632848400,560
1632849300,612
1632850200,520
1632851100,269
1632852000,303
1632852900,375
1632853800,348
1632854700,322
1632855600,379
1632856500,386
1632857400,360
1632858300,287
1632859200,316
1632860100,317
1632861000,272
1632861900,265
1632862800,303
1632863700,260
1632864600,249
1632865500,241
1632866400,255
1632867300,236
1632868200,213
1632869100,163
1632870000,209
1632870900,228
1632871800,175
1632872700,182
1632873600,227
1632874500,206
1632875400,167
1632876300,212
1632877200,216
1632878100,207
1632879000,174
1632879900,203
1632880800,217
1632881700,166
1632882600,159
1632883500,215
1632884400,198
1632885300,166
1632886200,162
1632887100,243
1632888000,204
1632888900,185
1632889800,316
1632890700,252
1632891600,200
1632892500,500
1632893400,482
1632894300,661
1632895200,273
1632896100,238
1632897000,406
1632897900,493
1632898800,585
1632899700,187
1632900600,289
1632901500,296
1632902400,279
1632903300,308
1632904200,373
1632905100,352
1632906000,313
1632906900,344
1632907800,445
1632908700,729
1632909600,356
1632910500,310
1632911400,305
1632912300,399
1632913200,306
1632914100,273
1632915000,276
1632915900,417
1632916800,467
1632917700,491
1632918600,304
1632919500,215
1632920400,182
1632921300,270
1632922200,305
1632923100,242
1632924000,411
1632924900,334
1632925800,340
1632926700,412
1632927600,476
1632928500,450
1632929400,393
1632930300,411
1632931200,491
1632932100,565
1632933000,413
1632933900,407
1632934800,533
1632935700,457
1632936600,432
1632937500,465
1632938400,427
1632939300,431
1632940200,472
1632941100,494
1632942000,426
1632942900,398
1632943800,408
1632944700,456
1632945600,422
1632946500,373
1632947400,305
1632948300,297
1632949200,236
1632950100,212
1632951000,232
1632951900,272
1632952800,286
1632953700,234
1632954600,210
1632955500,157
1632956400,194
1632957300,205
1632958200,170
1632959100,156
1632960000,215
1632960900,200
1632961800,165
1632962700,173
1632963600,223
1632964500,204
1632965400,162
1632966300,205
1632967200,232
1632968100,206
1632969000,157
1632969900,219
1632970800,213
1632971700,223
1632972600,172
1632973500,219
1632974400,254
1632975300,283
1632976200,253
1632977100,249
1632978000,264
1632978900,215
1632979800,200
1632980700,219
1632981600,238
1632982500,182
1632983400,214
1632984300,242
1632985200,239
1632986100,180
1632987000,180
1632987900,255
1632988800,275
1632989700,538
1632990600,763
1632991500,549
1632992400,483
1632993300,383
1632994200,282
1632995100,414
1632996000,503
1632996900,653
1632997800,292
1632998700,362
1632999600,275
1633000500,215
1633001400,213
1633002300,277
1633003200,265
1633004100,201
1633005000,212
1633005900,266
1633006800,230
1633007700,259
1633008600,214
1633009500,262
1633010400,253
1633011300,312
1633012200,278
1633013100,617
1633014000,612
1633014900,339
1633015800,390
1633016700,374
1633017600,774
1633018500,369
1633019400,235
1633020300,270
1633021200,337
1633022100,311
1633023000,355
1633023900,415
1633024800,379
1633025700,388
1633026600,433
1633027500,396
1633028400,358
1633029300,341
1633030200,377
1633031100,368
1633032000,298
1633032900,294
1633033800,370
1633034700,256
1633035600,193
1633036500,198
1633037400,203
1633038300,234
1633039200,233
1633040100,226
1633041000,206
1633041900,183
1633042800,197
1633043700,225
1633044600,184
1633045500,172
1633046400,221
1633047300,203
1633048200,177
1633049100,177
1633050000,245
1633050900,201
1633051800,167
1633052700,196
1633053600,236
1633054500,199
1633055400,148
1633056300,174
1633057200,221
1633058100,203
1633059000,148
1633059900,228
1633060800,236
1633061700,279
1633062600,185
1633063500,238
1633064400,268
1633065300,233
1633066200,227
1633067100,220
1633068000,228
1633068900,185
1633069800,202
1633070700,225
1633071600,238
1633072500,178
1633073400,157
1633074300,270
1633075200,469
1633076100,305
1633077000,272
1633077900,309
1633078800,276
1633079700,216
1633080600,238
1633081500,290
1633082400,456
1633083300,563
1633084200,434
1633085100,366
1633086000,279
1633086900,262
1633087800,452
1633088700,349
1633089600,282
1633090500,278
1633091400,305
1633092300,309
1633093200,319
1633094100,264
1633095000,308
1633095900,308
1633096800,248
1633097700,245
1633098600,282
1633099500,259
1633100400,225
1633101300,323
1633102200,343
1633103100,413
1633104000,515
1633104900,362
1633105800,399
1633106700,343
1633107600,395
1633108500,501
1633109400,497
1633110300,461
1633111200,448
1633112100,491
1633113000,463
1633113900,417
1633114800,436
1633115700,529
1633116600,484
1633117500,385
1633118400,297
1633119300,335
1633120200,339
1633121100,270
1633122000,284
1633122900,289
1633123800,227
1633124700,244
1633125600,235
1633126500,236
1633127400,224
1633128300,183
1633129200,191
1633130100,231
1633131000,186
1633131900,178
1633132800,223
1633133700,229
1633134600,165
1633135500,181
1633136400,225
1633137300,224
1633138200,165
1633139100,203
1633140000,235
1633140900,209
1633141800,166
1633142700,191
1633143600,240
1633144500,199
1633145400,176
1633146300,195
1633147200,234
1633148100,299
1633149000,224
1633149900,213
1633150800,347
1633151700,293
1633152600,227
1633153500,295
1633154400,335
1633155300,319
1633156200,325
1633157100,369
1633158000,420
1633158900,414
1633159800,416
1633160700,539
1633161600,552
1633162500,472
1633163400,467
1633164300,541
1633165200,533
1633166100,1031
1633167000,1208
1633167900,862
1633168800,718
1633169700,729
1633170600,502
1633171500,656
1633172400,406
1633173300,320
1633174200,384
1633175100,764
1633176000,887
1633176900,559
1633177800,560
1633178700,671
1633179600,530
1633180500,577
1633181400,558
1633182300,587
1633183200,635
1633184100,1223
1633185000,1101
1633185900,643
1633186800,479
1633187700,339
1633188600,405
1633189500,396
1633190400,308
1633191300,279
1633192200,305
1633193100,410
1633194000,412
1633194900,372
1633195800,406
1633196700,469
1633197600,374
1633198500,472
1633199400,438
1633200300,409
1633201200,374
1633202100,393
1633203000,511
1633203900,503
1633204800,316
1633205700,361
1633206600,457
1633207500,328
1633208400,250
1633209300,212
1633210200,200
1633211100,251
1633212000,250
1633212900,248
1633213800,201
1633214700,164
1633215600,171
1633216500,208
1633217400,164
1633218300,150
1633219200,207
1633220100,212
1633221000,148
1633221900,165
1633222800,201
1633223700,204
1633224600,147
1633225500,156
1633226400,190
1633227300,195
1633228200,134
1633229100,145
1633230000,194
1633230900,171
1633231800,148
1633232700,171
1633233600,197
1633234500,151
1633235400,166
1633236300,194
1633237200,204
1633238100,152
1633239000,156
1633239900,198
1633240800,641
1633241700,699
1633242600,271
1633243500,342
1633244400,476
1633245300,474
1633246200,302
1633247100,288
1633248000,294
1633248900,265
1633249800,659
1633250700,378
1633251600,301
1633252500,261
1633253400,287
1633254300,699
1633255200,611
1633256100,367
1633257000,346
1633257900,331
1633258800,504
1633259700,369
1633260600,269
1633261500,320
1633262400,387
1633263300,776
1633264200,317
1633265100,293
1633266000,316
1633266900,317
1633267800,268
1633268700,284
1633269600,315
1633270500,319
1633271400,256
1633272300,248
1633273200,321
1633274100,299
1633275000,400
1633275900,528
1633276800,320
1633277700,646
1633278600,621
1633279500,609
1633280400,490
1633281300,298
1633282200,267
1633283100,326
1633284000,391
1633284900,299
1633285800,288
1633286700,341
1633287600,336
1633288500,289
1633289400,380
1633290300,370
1633291200,316
1633292100,270
1633293000,312
1633293900,334
1633294800,338
1633295700,236
1633296600,230
1633297500,271
1633298400,214
1633299300,194
1633300200,152
1633301100,159
1633302000,181
1633302900,212
1633303800,151
1633304700,164
1633305600,195
1633306500,205
1633307400,144
1633308300,163
1633309200,203
1633310100,212
1633311000,145
1633311900,173
1633312800,190
1633313700,179
1633314600,161
1633315500,186
1633316400,202
1633317300,174
1633318200,153
1633319100,198
1633320000,193
1633320900,136
1633321800,142
1633322700,190
1633323600,198
1633324500,127
1633325400,140
1633326300,313
1633327200,267
1633328100,190
1633329000,238
1633329900,388
1633330800,439
1633331700,348
1633332600,336
1633333500,399
1633334400,594
1633335300,1334
1633336200,898
1633337100,468
1633338000,500
1633338900,337
1633339800,376
1633340700,469
1633341600,354
1633342500,300
1633343400,377
1633344300,322
1633345200,216
1633346100,213
1633347000,222
1633347900,290
1633348800,254
1633349700,220
1633350600,225
1633351500,266
1633352400,263
1633353300,219
1633354200,232
1633355100,210
1633356000,225
1633356900,175
1633357800,159
1633358700,180
1633359600,232
1633360500,198
1633361400,172
1633362300,212
1633363200,256
1633364100,235
1633365000,206
1633365900,472
1633366800,346
1633367700,337
1633368600,532
1633369500,482
1633370400,411
1633371300,387
1633372200,410
1633373100,404
1633374000,350
1633374900,335
1633375800,382
1633376700,309
1633377600,209
1633378500,193
1633379400,208
1633380300,202
1633381200,161
1633382100,143
1633383000,153
1633383900,196
1633384800,221
1633385700,212
1633386600,175
1633387500,144
1633388400,184
1633389300,199
1633390200,160
1633391100,157
1633392000,211
1633392900,186
1633393800,161
1633394700,169
1633395600,200
1633396500,193
1633397400,149
1633398300,186
1633399200,204
1633400100,184
1633401000,146
1633401900,178
1633402800,207
1633403700,180
1633404600,143
1633405500,207
1633406400,236
1633407300,253
1633408200,249
1633409100,222
1633410000,321
1633410900,246
1633411800,185
1633412700,440
1633413600,386
1633414500,214
1633415400,187
1633416300,309
1633417200,712
1633418100,183
1633419000,173
1633419900,230
1633420800,219
1633421700,202
1633422600,154
1633423500,193
1633424400,219
1633425300,226
1633426200,203
1633427100,188
1633428000,366
1633428900,277
1633429800,210
1633430700,252
1633431600,280
1633432500,215
1633433400,221
1633434300,326
1633435200,301
1633436100,230
1633437000,272
1633437900,299
1633438800,293
1633439700,206
1633440600,358
1633441500,400
1633442400,373
1633443300,245
1633444200,274
1633445100,221
1633446000,199
1633446900,184
1633447800,291
1633448700,279
1633449600,366
1633450500,329
1633451400,409
1633452300,452
1633453200,522
1633454100,414
1633455000,459
1633455900,443
1633456800,390
1633457700,373
1633458600,391
1633459500,432
1633460400,398
1633461300,405
1633462200,378
1633463100,372
1633464000,341
1633464900,306
1633465800,272
1633466700,235
1633467600,201
1633468500,154
1633469400,176
1633470300,207
1633471200,227
1633472100,213
1633473000,184
1633473900,166
1633474800,194
1633475700,212
1633476600,165
1633477500,198
1633478400,226
1633479300,207
1633480200,153
1633481100,198
1633482000,233
1633482900,198
1633483800,150
1633484700,179
1633485600,223
1633486500,179
1633487400,154
1633488300,178
1633489200,220
1633490100,189
1633491000,157
1633491900,202
1633492800,257
1633493700,321
1633494600,249
1633495500,327
1633496400,327
1633497300,255
1633498200,508
1633499100,690
1633500000,282
1633500900,267
1633501800,222
1633502700,253
1633503600,270
1633504500,227
1633505400,342
1633506300,333
1633507200,246
1633508100,215
1633509000,200
1633509900,237
1633510800,369
1633511700,965
1633512600,701
1633513500,652
1633514400,470
1633515300,208
1633516200,203
1633517100,227
1633518000,209
1633518900,242
1633519800,321
1633520700,203
1633521600,184
1633522500,298
1633523400,226
1633524300,260
1633525200,208
1633526100,264
1633527000,263
1633527900,263
1633528800,249
1633529700,821
1633530600,353
1633531500,474
1633532400,329
1633533300,255
1633534200,228
1633535100,233
1633536000,285
1633536900,211
1633537800,201
1633538700,203
1633539600,242
1633540500,193
1633541400,181
1633542300,193
1633543200,166
1633544100,188
1633545000,169
1633545900,184
1633546800,158
1633547700,188
1633548600,206
1633549500,169
1633550400,196
1633551300,230
1633552200,193
1633553100,197
1633554000,153
1633554900,181
1633555800,156
1633556700,202
1633557600,225
1633558500,186
1633559400,146
1633560300,133
1633561200,136
1633562100,132
1633563000,159
1633563900,138
1633564800,185
1633565700,187
1633566600,149
1633567500,143
1633568400,132
1633569300,172
1633570200,148
1633571100,183
1633572000,205
1633572900,189
1633573800,146
1633574700,160
1633575600,139
1633576500,152
1633577400,145
1633578300,217
1633579200,237
1633580100,271
1633581000,274
1633581900,250
1633582800,261
1633583700,206
1633584600,167
1633585500,176
1633586400,160
1633587300,150
1633588200,151
1633589100,188
1633590000,245
1633590900,176
1633591800,171
1633592700,141
1633593600,163
1633594500,131
1633595400,167
1633596300,235
1633597200,218
1633598100,149
1633599000,155
1633599900,138
1633600800,176
1633601700,165
1633602600,167
1633603500,185
1633604400,244
1633605300,202
1633606200,192
1633607100,184
1633608000,429
1633608900,218
1633609800,194
1633610700,203
1633611600,195
1633612500,213
1633613400,225
1633614300,172
1633615200,160
1633616100,221
1633617000,194
1633617900,185
1633618800,182
1633619700,198
1633620600,216
1633621500,200
1633622400,207
1633623300,218
1633624200,280
1633625100,449
1633626000,369
1633626900,340
1633627800,336
1633628700,326
1633629600,310
1633630500,317
1633631400,330
1633632300,313
1633633200,308
1633634100,334
1633635000,310
1633635900,312
1633636800,306
1633637700,207
1633638600,157
1633639500,129
1633640400,140
1633641300,132
1633642200,150
1633643100,142
1633644000,154
1633644900,134
1633645800,151
1633646700,144
1633647600,151
1633648500,147
1633649400,144
1633650300,142
1633651200,145
1633652100,134
1633653000,142
1633653900,145
1633654800,145
1633655700,137
1633656600,163
1633657500,145
1633658400,149
1633659300,148
1633660200,148
1633661100,177
1633662000,192
1633662900,175
1633663800,150
1633664700,174
1633665600,256
1633666500,195
1633667400,223
1633668300,200
1633669200,194
1633670100,233
1633671000,180
1633671900,184
1633672800,190
1633673700,593
1633674600,200
1633675500,194
1633676400,205
1633677300,193
1633678200,167
1633679100,179
1633680000,168
1633680900,205
1633681800,323
1633682700,275
1633683600,292
1633684500,249
1633685400,327
1633686300,231
1633687200,196
1633688100,180
1633689000,179
1633689900,196
1633690800,192
1633691700,234
1633692600,305
1633693500,258
1633694400,182
1633695300,183
1633696200,208
1633697100,187
1633698000,198
1633698900,210
1633699800,192
1633700700,193
1633701600,168
1633702500,136
1633703400,154
1633704300,154
1633705200,160
1633706100,126
1633707000,171
1633707900,260
1633708800,278
1633709700,503
1633710600,320
1633711500,317
1633712400,331
1633713300,321
1633714200,433
1633715100,413
1633716000,419
1633716900,407
1633717800,397
1633718700,412
1633719600,414
1633720500,380
1633721400,374
1633722300,365
1633723200,360
1633724100,304
1633725000,255
1633725900,263
1633726800,218
1633727700,213
1633728600,205
1633729500,218
1633730400,212
1633731300,207
1633732200,195
1633733100,201
1633734000,210
1633734900,213
1633735800,187
1633736700,159
1633737600,172
1633738500,158
1633739400,155
1633740300,151
1633741200,181
1633742100,164
1633743000,163
1633743900,155
1633744800,175
1633745700,155
1633746600,159
1633747500,150
1633748400,171
1633749300,157
1633750200,163
1633751100,153
1633752000,178
1633752900,325
1633753800,212
1633754700,196
1633755600,244
1633756500,349
1633757400,489
1633758300,210
1633759200,528
1633760100,272
1633761000,666
1633761900,428
1633762800,276
1633763700,233
1633764600,240
1633765500,232
1633766400,231
1633767300,257
1633768200,297
1633769100,446
1633770000,553
1633770900,308
1633771800,520
1633772700,442
1633773600,577
1633774500,506
1633775400,452
1633776300,340
1633777200,394
1633778100,334
1633779000,450
1633779900,961
1633780800,566
1633781700,313
1633782600,358
1633783500,303
1633784400,325
1633785300,430
1633786200,345
1633787100,478
1633788000,555
1633788900,436
1633789800,464
1633790700,468
1633791600,399
1633792500,378
1633793400,281
1633794300,278
1633795200,198
1633796100,190
1633797000,148
1633797900,128
1633798800,142
1633799700,125
1633800600,133
1633801500,126
1633802400,158
1633803300,177
1633804200,184
1633805100,210
1633806000,176
1633806900,180
1633807800,184
1633808700,208
1633809600,306
1633810500,261
1633811400,242
1633812300,201
1633813200,194
1633814100,209
1633815000,153
1633815900,143
1633816800,145
1633817700,184
1633818600,130
1633819500,118
1633820400,129
1633821300,145
1633822200,120
1633823100,129
1633824000,136
1633824900,193
1633825800,136
1633826700,116
1633827600,107
1633828500,116
1633829400,124
1633830300,117
1633831200,107
1633832100,116
1633833000,113
1633833900,139
1633834800,112
1633835700,120
1633836600,116
1633837500,139
1633838400,125
1633839300,134
1633840200,126
1633841100,124
1633842000,133
1633842900,130
1633843800,118
1633844700,134
1633845600,146
1633846500,136
1633847400,262
1633848300,242
1633849200,387
1633850100,249
1633851000,242
1633851900,284
1633852800,276
1633853700,624
1633854600,469
1633855500,506
1633856400,306
1633857300,296
1633858200,277
1633859100,579
1633860000,880
1633860900,700
1633861800,426
1633862700,327
1633863600,300
1633864500,253
1633865400,266
1633866300,274
1633867200,257
1633868100,437
1633869000,398
1633869900,295
1633870800,406
1633871700,346
1633872600,369
1633873500,370
1633874400,426
1633875300,331
1633876200,327
1633877100,340
1633878000,582
1633878900,533
1633879800,413
1633880700,407
1633881600,462
1633882500,915
1633883400,503
1633884300,442
1633885200,1009
1633886100,763
1633887000,352
1633887900,315
1633888800,334
1633889700,371
1633890600,321
1633891500,328
1633892400,317
1633893300,296
1633894200,302
1633895100,308
1633896000,301
1633896900,262
1633897800,286
1633898700,290
1633899600,282
1633900500,247
1633901400,249
1633902300,215
1633903200,154
1633904100,135
1633905000,146
1633905900,162
1633906800,154
1633907700,134
1633908600,150
1633909500,165
1633910400,147
1633911300,144
1633912200,137
1633913100,161
1633914000,152
1633914900,135
1633915800,126
1633916700,134
1633917600,140
1633918500,136
1633919400,129
1633920300,135
1633921200,134
1633922100,154
1633923000,128
1633923900,131
1633924800,137
1633925700,147
1633926600,160
1633927500,171
1633928400,134
1633929300,127
1633930200,148
1633931100,207
1633932000,160
1633932900,241
1633933800,257
1633934700,705
1633935600,609
1633936500,423
1633937400,437
1633938300,476
1633939200,354
1633940100,940
1633941000,943
1633941900,787
1633942800,747
1633943700,565
1633944600,257
1633945500,214
1633946400,197
1633947300,253
1633948200,203
1633949100,238
1633950000,446
1633950900,297
1633951800,168
1633952700,207
1633953600,232
1633954500,271
1633955400,230
1633956300,252
1633957200,309
1633958100,265
1633959000,263
1633959900,244
1633960800,222
1633961700,257
1633962600,202
1633963500,219
1633964400,209
1633965300,198
1633966200,230
1633967100,238
1633968000,243
1633968900,213
1633969800,525
1633970700,270
1633971600,255
1633972500,205
1633973400,198
1633974300,183
1633975200,265
1633976100,222
1633977000,230
1633977900,179
1633978800,187
1633979700,194
1633980600,202
1633981500,222
1633982400,222
1633983300,230
1633984200,273
1633985100,228
1633986000,242
1633986900,218
1633987800,167
1633988700,133
1633989600,149
1633990500,139
1633991400,145
1633992300,153
1633993200,137
1633994100,144
1633995000,157
1633995900,141
1633996800,150
1633997700,143
1633998600,153
1633999500,144
1634000400,149
1634001300,148
1634002200,135
1634003100,124
1634004000,140
1634004900,130
1634005800,133
1634006700,125
1634007600,135
1634008500,146
1634009400,208
1634010300,213
1634011200,271
1634012100,358
1634013000,245
1634013900,320
1634014800,345
1634015700,301
1634016600,302
1634017500,253
1634018400,250
1634019300,209
1634020200,221
1634021100,213
1634022000,209
1634022900,194
1634023800,160
1634024700,142
1634025600,186
1634026500,172
1634027400,188
1634028300,178
1634029200,185
1634030100,341
1634031000,238
1634031900,261
1634032800,211
1634033700,275
1634034600,244
1634035500,293
1634036400,245
1634037300,282
1634038200,169
1634039100,222
1634040000,228
1634040900,197
1634041800,211
1634042700,183
1634043600,255
1634044500,221
1634045400,201
1634046300,193
1634047200,203
1634048100,232
1634049000,198
1634049900,209
1634050800,239
1634051700,232
1634052600,241
1634053500,248
1634054400,302
1634055300,333
1634056200,354
1634057100,425
1634058000,392
1634058900,364
1634059800,411
1634060700,389
1634061600,347
1634062500,347
1634063400,356
1634064300,358
1634065200,374
1634066100,354
1634067000,370
1634067900,301
1634068800,219
1634069700,194
1634070600,200
1634071500,155
1634072400,150
1634073300,149
1634074200,135
1634075100,168
1634076000,151
1634076900,198
1634077800,154
1634078700,159
1634079600,157
1634080500,153
1634081400,127
1634082300,152
1634083200,158
1634084100,150
1634085000,138
1634085900,146
1634086800,155
1634087700,160
1634088600,138
1634089500,126
1634090400,135
1634091300,128
1634092200,141
1634093100,131
1634094000,136
1634094900,141
1634095800,196
1634096700,167
1634097600,167
1634098500,244
1634099400,233
1634100300,237
1634101200,233
1634102100,236
1634103000,534
1634103900,318
1634104800,254
1634105700,257
1634106600,368
1634107500,717
1634108400,327
1634109300,324
1634110200,302
1634111100,308
1634112000,349
1634112900,440
1634113800,506
1634114700,392
1634115600,381
1634116500,346
1634117400,274
1634118300,339
1634119200,259
1634120100,181
1634121000,203
1634121900,280
1634122800,238
1634123700,149
1634124600,318
1634125500,374
1634126400,215
1634127300,221
1634128200,226
1634129100,227
1634130000,230
1634130900,250
1634131800,600
1634132700,224
1634133600,327
1634134500,287
1634135400,233
1634136300,254
1634137200,276
1634138100,301
1634139000,270
1634139900,330
1634140800,417
1634141700,334
1634142600,305
1634143500,377
1634144400,395
1634145300,398
1634146200,372
1634147100,385
1634148000,408
1634148900,399
1634149800,402
1634150700,376
1634151600,404
1634152500,441
1634153400,384
1634154300,244
1634155200,208
1634156100,201
1634157000,166
1634157900,138
1634158800,154
1634159700,164
1634160600,129
1634161500,138
1634162400,134
1634163300,141
1634164200,141
1634165100,148
1634166000,187
1634166900,158
1634167800,139
1634168700,148
1634169600,143
1634170500,154
1634171400,160
1634172300,133
1634173200,166
1634174100,161
1634175000,142
1634175900,148
1634176800,157
1634177700,152
1634178600,200
1634179500,189
1634180400,154
1634181300,153
1634182200,129
1634183100,181
1634184000,170
1634184900,255
1634185800,199
1634186700,215
1634187600,227
1634188500,672
1634189400,568
1634190300,417
1634191200,209
1634192100,162
1634193000,166
1634193900,164
1634194800,183
1634195700,174
1634196600,166
1634197500,164
1634198400,192
1634199300,355
1634200200,244
1634201100,144
1634202000,143
1634202900,145
1634203800,146
1634204700,161
1634205600,167
1634206500,159
1634207400,213
1634208300,204
1634209200,255
1634210100,225
1634211000,311
1634211900,447
1634212800,215
1634213700,290
1634214600,236
1634215500,312
1634216400,243
1634217300,254
1634218200,241
1634219100,211
1634220000,254
1634220900,508
1634221800,302
1634222700,289
1634223600,302
1634224500,246
1634225400,418
1634226300,416
1634227200,412
1634228100,617
1634229000,483
1634229900,460
1634230800,477
1634231700,379
1634232600,350
1634233500,379
1634234400,389
1634235300,426
1634236200,366
1634237100,416
1634238000,373
1634238900,383
1634239800,381
1634240700,383
1634241600,337
1634242500,199
1634243400,166
1634244300,138
1634245200,157
1634246100,129
1634247000,153
1634247900,157
1634248800,156
1634249700,194
1634250600,182
1634251500,153
1634252400,134
1634253300,148
1634254200,128
1634255100,135
1634256000,132
1634256900,135
1634257800,186
1634258700,190
1634259600,148
1634260500,138
1634261400,135
1634262300,145
1634263200,164
1634264100,144
1634265000,171
1634265900,199
1634266800,160
1634267700,140
1634268600,151
1634269500,193
1634270400,240
1634271300,264
1634272200,174
1634273100,312
1634274000,250
1634274900,266
1634275800,235
1634276700,587
1634277600,184
1634278500,172
1634279400,272
1634280300,235
1634281200,185
1634282100,176
1634283000,175
1634283900,183
1634284800,210
1634285700,228
1634286600,275
1634287500,476
1634288400,187
1634289300,178
1634290200,173
1634291100,673
1634292000,592
1634292900,446
1634293800,554
1634294700,596
1634295600,549
1634296500,615
1634297400,554
1634298300,497
1634299200,375
1634300100,391
1634301000,385
1634301900,586
1634302800,468
1634303700,424
1634304600,418
1634305500,423
1634306400,473
1634307300,879
1634308200,739
1634309100,763
1634310000,663
1634310900,502
1634311800,353
1634312700,388
1634313600,473
1634314500,527
1634315400,481
1634316300,477
1634317200,488
1634318100,497
1634319000,536
1634319900,500
1634320800,457
1634321700,452
1634322600,461
1634323500,532
1634324400,523
1634325300,501
1634326200,419
1634327100,418
1634328000,436
1634328900,304
1634329800,270
1634330700,251
1634331600,263
1634332500,260
1634333400,222
1634334300,210
1634335200,243
1634336100,203
1634337000,150
1634337900,157
1634338800,130
1634339700,139
1634340600,129
1634341500,150
1634342400,170
1634343300,202
1634344200,151
1634345100,140
1634346000,149
1634346900,159
1634347800,156
1634348700,144
1634349600,152
1634350500,198
1634351400,187
1634352300,138
1634353200,153
1634354100,158
1634355000,151
1634355900,127
1634356800,185
1634357700,283
1634358600,199
1634359500,210
1634360400,268
1634361300,183
1634362200,214
1634363100,197
1634364000,273
1634364900,201
1634365800,358
1634366700,370
1634367600,330
1634368500,320
1634369400,348
1634370300,343
1634371200,414
1634372100,372
1634373000,385
1634373900,361
1634374800,391
1634375700,315
1634376600,236
1634377500,301
1634378400,334
1634379300,549
1634380200,275
1634381100,254
1634382000,242
1634382900,293
1634383800,977
1634384700,672
1634385600,396
1634386500,432
1634387400,380
1634388300,294
1634389200,330
1634390100,449
1634391000,694
1634391900,660
1634392800,445
1634393700,403
1634394600,618
1634395500,478
1634396400,343
1634397300,303
1634398200,335
1634399100,969
1634400000,1171
1634400900,797
1634401800,331
1634402700,444
1634403600,467
1634404500,425
1634405400,411
1634406300,407
1634407200,392
1634408100,433
1634409000,385
1634409900,367
1634410800,410
1634411700,328
1634412600,308
1634413500,310
1634414400,280
1634415300,310
1634416200,370
1634417100,249
1634418000,220
1634418900,201
1634419800,209
1634420700,173
1634421600,179
1634422500,156
1634423400,143
1634424300,142
1634425200,157
1634426100,162
1634427000,224
1634427900,161
1634428800,158
1634429700,146
1634430600,141
1634431500,151
1634432400,154
1634433300,153
1634434200,154
1634435100,128
1634436000,131
1634436900,195
1634437800,171
1634438700,142
1634439600,126
1634440500,133
1634441400,132
1634442300,148
1634443200,136
1634444100,191
1634445000,170
1634445900,136
1634446800,157
1634447700,146
1634448600,149
1634449500,183
1634450400,178
1634451300,141
1634452200,218
1634453100,193
1634454000,219
1634454900,314
1634455800,436
1634456700,773
1634457600,949
1634458500,470
1634459400,499
1634460300,637
1634461200,578
1634462100,533
1634463000,536
1634463900,429
1634464800,437
1634465700,441
1634466600,278
1634467500,552
1634468400,1186
1634469300,1636
1634470200,1443
1634471100,1352
1634472000,1046
1634472900,899
1634473800,303
1634474700,398
1634475600,440
1634476500,542
1634477400,572
1634478300,533
1634479200,511
1634480100,552
1634481000,1000
1634481900,415
1634482800,392
1634483700,480
1634484600,411
1634485500,462
1634486400,287
1634487300,301
1634488200,286
1634489100,337
1634490000,795
1634490900,969
1634491800,636
1634492700,443
1634493600,442
1634494500,492
1634495400,928
1634496300,635
1634497200,441
1634498100,397
1634499000,390
1634499900,374
1634500800,362
1634501700,309
1634502600,309
1634503500,228
1634504400,199
1634505300,195
1634506200,171
1634507100,157
1634508000,182
1634508900,163
1634509800,177
1634510700,141
1634511600,150
1634512500,204
1634513400,192
1634514300,162
1634515200,151
1634516100,143
1634517000,140
1634517900,159
1634518800,147
1634519700,164
1634520600,132
1634521500,182
1634522400,211
1634523300,159
1634524200,211
1634525100,152
1634526000,158
1634526900,146
1634527800,137
1634528700,158
1634529600,165
1634530500,131
1634531400,188
1634532300,161
1634533200,129
1634534100,137
1634535000,138
1634535900,139
1634536800,198
1634537700,286
1634538600,187
1634539500,186
1634540400,176
1634541300,280
1634542200,497
1634543100,300
1634544000,214
1634544900,171
1634545800,382
1634546700,550
1634547600,437
1634548500,435
1634549400,303
1634550300,294
1634551200,380
1634552100,423
1634553000,412
1634553900,436
1634554800,402
1634555700,339
1634556600,395
1634557500,415
1634558400,388
1634559300,412
1634560200,351
1634561100,511
1634562000,444
1634562900,603
1634563800,560
1634564700,377
1634565600,444
1634566500,410
1634567400,974
1634568300,591
1634569200,467
1634570100,427
1634571000,433
1634571900,505
1634572800,508
1634573700,413
1634574600,372
1634575500,363
1634576400,356
1634577300,353
1634578200,368
1634579100,457
1634580000,389
1634580900,309
1634581800,341
1634582700,428
1634583600,443
1634584500,441
1634585400,391
1634586300,360
1634587200,353
1634588100,274
1634589000,215
1634589900,192
1634590800,158
1634591700,130
1634592600,141
1634593500,187
1634594400,200
1634595300,165
1634596200,142
1634597100,134
1634598000,152
1634598900,149
1634599800,149
1634600700,157
1634601600,149
1634602500,138
1634603400,169
1634604300,206
1634605200,206
1634606100,153
1634607000,151
1634607900,150
1634608800,152
1634609700,142
1634610600,155
1634611500,149
1634612400,205
1634613300,198
1634614200,159
1634615100,170
1634616000,201
1634616900,383
1634617800,267
1634618700,203
1634619600,255
1634620500,409
1634621400,286
1634622300,191
1634623200,185
1634624100,198
1634625000,234
1634625900,250
1634626800,241
1634627700,301
1634628600,201
1634629500,201
1634630400,219
1634631300,345
1634632200,264
1634633100,259
1634634000,233
1634634900,259
1634635800,246
1634636700,278
1634637600,256
1634638500,227
1634639400,281
1634640300,170
1634641200,170
1634642100,159
1634643000,162
1634643900,176
1634644800,209
1634645700,226
1634646600,260
1634647500,202
1634648400,215
1634649300,195
1634650200,207
1634651100,231
1634652000,199
1634652900,225
1634653800,247
1634654700,255
1634655600,341
1634656500,304
1634657400,252
1634658300,256
1634659200,265
1634660100,351
1634661000,433
1634661900,561
1634662800,575
1634663700,388
1634664600,382
1634665500,407
1634666400,429
1634667300,520
1634668200,481
1634669100,415
1634670000,382
1634670900,344
1634671800,341
1634672700,367
1634673600,297
1634674500,207
1634675400,150
1634676300,140
1634677200,139
1634678100,127
1634679000,137
1634679900,179
1634680800,200
1634681700,150
1634682600,145
1634683500,136
1634684400,135
1634685300,156
1634686200,156
1634687100,154
1634688000,206
1634688900,192
1634689800,128
1634690700,156
1634691600,159
1634692500,164
1634693400,134
1634694300,185
1634695200,199
1634696100,163
1634697000,145
1634697900,138
1634698800,145
1634699700,177
1634700600,194
1634701500,180
1634702400,192
1634703300,303
1634704200,277
1634705100,222
1634706000,317
1634706900,253
1634707800,292
1634708700,632
1634709600,288
1634710500,293
1634711400,301
1634712300,344
1634713200,305
1634714100,282
1634715000,275
1634715900,330
1634716800,264
1634717700,312
1634718600,336
1634719500,331
1634720400,542
1634721300,386
1634722200,370
1634723100,310
1634724000,321
1634724900,336
1634725800,342
1634726700,328
1634727600,296
1634728500,186
1634729400,310
1634730300,325
1634731200,221
1634732100,212
1634733000,191
1634733900,180
1634734800,195
1634735700,178
1634736600,159
1634737500,153
1634738400,178
1634739300,218
1634740200,236
1634741100,206
1634742000,201
1634742900,212
1634743800,198
1634744700,253
1634745600,299
1634746500,348
1634747400,392
1634748300,594
1634749200,604
1634750100,527
1634751000,399
1634751900,374
1634752800,344
1634753700,324
1634754600,489
1634755500,628
1634756400,411
1634757300,362
1634758200,384
1634759100,787
1634760000,440
1634760900,158
1634761800,148
1634762700,123
1634763600,115
1634764500,131
1634765400,122
1634766300,124
1634767200,122
1634768100,124
1634769000,116
1634769900,142
1634770800,123
1634771700,140
1634772600,194
1634773500,136
1634774400,129
1634775300,142
1634776200,146
1634777100,123
1634778000,150
1634778900,143
1634779800,138
1634780700,125
1634781600,151
1634782500,134
1634783400,154
1634784300,115
1634785200,135
1634786100,181
1634787000,162
1634787900,155
1634788800,157
1634789700,255
1634790600,235
1634791500,191
1634792400,164
1634793300,191
1634794200,171
1634795100,194
1634796000,185
1634796900,165
1634797800,150
1634798700,165
1634799600,163
1634800500,199
1634801400,682
1634802300,368
1634803200,390
1634804100,517
1634805000,280
1634805900,261
1634806800,308
1634807700,267
1634808600,173
1634809500,413
1634810400,294
1634811300,326
1634812200,208
1634813100,186
1634814000,310
1634814900,256
1634815800,255
1634816700,269
1634817600,216
1634818500,194
1634819400,223
1634820300,228
1634821200,294
1634822100,233
1634823000,129
1634823900,154
1634824800,155
1634825700,139
1634826600,318
1634827500,161
1634828400,213
1634829300,254
1634830200,237
1634831100,508
1634832000,483
1634832900,594
1634833800,979
1634834700,602
1634835600,612
1634836500,722
1634837400,815
1634838300,816
1634839200,750
1634840100,743
1634841000,760
1634841900,666
1634842800,566
1634843700,565
1634844600,508
1634845500,451
1634846400,341
1634847300,320
1634848200,294
1634849100,306
1634850000,298
1634850900,221
1634851800,197
1634852700,178
1634853600,136
1634854500,167
1634855400,140
1634856300,149
1634857200,168
1634858100,179
1634859000,121
1634859900,125
1634860800,122
1634861700,121
1634862600,133
1634863500,120
1634864400,130
1634865300,136
1634866200,126
1634867100,125
1634868000,139
1634868900,131
1634869800,143
1634870700,156
1634871600,202
1634872500,144
1634873400,148
1634874300,161
1634875200,205
1634876100,209
1634877000,259
1634877900,240
1634878800,198
1634879700,217
1634880600,349
1634881500,726
1634882400,721
1634883300,244
1634884200,191
1634885100,203
1634886000,199
1634886900,194
1634887800,211
1634888700,248
1634889600,197
1634890500,249
1634891400,217
1634892300,204
1634893200,234
1634894100,194
1634895000,226
1634895900,334
1634896800,768
1634897700,212
1634898600,675
1634899500,839
1634900400,901
1634901300,731
1634902200,257
1634903100,606
1634904000,222
1634904900,209
1634905800,232
1634906700,197
1634907600,205
1634908500,198
1634909400,247
1634910300,260
1634911200,312
1634912100,262
1634913000,280
1634913900,477
1634914800,778
1634915700,294
1634916600,300
1634917500,451
1634918400,518
1634919300,779
1634920200,452
1634921100,468
1634922000,442
1634922900,839
1634923800,870
1634924700,498
1634925600,491
1634926500,450
1634927400,423
1634928300,449
1634929200,460
1634930100,478
1634931000,489
1634931900,486
1634932800,362
1634933700,366
1634934600,325
1634935500,269
1634936400,241
1634937300,222
1634938200,213
1634939100,189
1634940000,178
1634940900,178
1634941800,195
1634942700,191
1634943600,190
1634944500,179
1634945400,234
1634946300,200
1634947200,205
1634948100,136
1634949000,144
1634949900,131
1634950800,144
1634951700,136
1634952600,152
1634953500,117
1634954400,144
1634955300,137
1634956200,152
1634957100,172
1634958000,170
1634958900,154
1634959800,134
1634960700,126
1634961600,128
1634962500,206
1634963400,174
1634964300,233
1634965200,215
1634966100,224
1634967000,247
1634967900,277
1634968800,216
1634969700,232
1634970600,306
1634971500,264
1634972400,308
1634973300,322
1634974200,406
1634975100,321
1634976000,355
1634976900,378
1634977800,400
1634978700,483
1634979600,881
1634980500,677
1634981400,540
1634982300,842
1634983200,442
1634984100,377
1634985000,513
1634985900,465
1634986800,475
1634987700,548
1634988600,403
1634989500,368
1634990400,405
1634991300,403
1634992200,356
1634993100,386
1634994000,412
1634994900,370
1634995800,356
1634996700,501
1634997600,375
1634998500,302
1634999400,296
1635000300,412
1635001200,469
1635002100,499
1635003000,493
1635003900,496
1635004800,645
1635005700,413
1635006600,960
1635007500,399
1635008400,308
1635009300,455
1635010200,460
1635011100,380
1635012000,352
1635012900,376
1635013800,420
1635014700,446
1635015600,330
1635016500,322
1635017400,322
1635018300,313
1635019200,243
1635020100,231
1635021000,153
1635021900,140
1635022800,190
1635023700,157
1635024600,136
1635025500,189
1635026400,197
1635027300,158
1635028200,167
1635029100,129
1635030000,155
1635030900,146
1635031800,197
1635032700,190
1635033600,164
1635034500,180
1635035400,198
1635036300,148
1635037200,154
1635038100,158
1635039000,158
1635039900,132
1635040800,196
1635041700,185
1635042600,149
1635043500,146
1635044400,135
1635045300,157
1635046200,195
1635047100,195
1635048000,158
1635048900,144
1635049800,137
1635050700,192
1635051600,182
1635052500,161
1635053400,139
1635054300,227
1635055200,179
1635056100,256
1635057000,380
1635057900,298
1635058800,484
1635059700,683
1635060600,681
1635061500,542
1635062400,512
1635063300,608
1635064200,1028
1635065100,663
1635066000,590
1635066900,1148
1635067800,869
1635068700,650
1635069600,604
1635070500,369
1635071400,394
1635072300,383
1635073200,523
1635074100,381
1635075000,319
1635075900,296
1635076800,542
1635077700,677
1635078600,570
1635079500,640
1635080400,525
1635081300,305
1635082200,337
1635083100,408
1635084000,359
1635084900,481
1635085800,345
1635086700,290
1635087600,331
1635088500,521
1635089400,547
1635090300,590
1635091200,710
1635092100,454
1635093000,457
1635093900,549
1635094800,502
1635095700,493
1635096600,403
1635097500,405
1635098400,378
1635099300,428
1635100200,417
1635101100,508
1635102000,447
1635102900,396
1635103800,356
1635104700,356
1635105600,355
1635106500,421
1635107400,384
1635108300,351
1635109200,337
1635110100,270
1635111000,205
1635111900,231
1635112800,220
1635113700,180
1635114600,151
1635115500,133
1635116400,155
1635117300,146
1635118200,192
1635119100,199
1635120000,177
1635120900,146
1635121800,152
1635122700,139
1635123600,161
1635124500,159
1635125400,213
1635126300,178
1635127200,145
1635128100,159
1635129000,131
1635129900,133
1635130800,140
1635131700,195
1635132600,178
1635133500,139
1635134400,131
1635135300,145
1635136200,135
1635137100,160
1635138000,193
1635138900,200
1635139800,147
1635140700,150
1635141600,134
1635142500,164
1635143400,192
1635144300,192
1635145200,304
1635146100,236
1635147000,178
1635147900,171
1635148800,367
1635149700,304
1635150600,212
1635151500,256
1635152400,275
1635153300,314
1635154200,435
1635155100,373
1635156000,345
1635156900,489
1635157800,1016
1635158700,744
1635159600,694
1635160500,410
1635161400,426
1635162300,456
1635163200,589
1635164100,303
1635165000,322
1635165900,295
1635166800,720
1635167700,567
1635168600,224
1635169500,208
1635170400,233
1635171300,252
1635172200,226
1635173100,263
1635174000,272
1635174900,363
1635175800,275
1635176700,240
1635177600,262
1635178500,395
1635179400,422
1635180300,390
1635181200,786
1635182100,453
1635183000,428
1635183900,434
1635184800,431
1635185700,463
1635186600,433
1635187500,446
1635188400,423
1635189300,423
1635190200,445
1635191100,423
1635192000,423
1635192900,472
1635193800,505
1635194700,460
1635195600,384
1635196500,330
1635197400,271
1635198300,221
1635199200,156
1635200100,138
1635201000,127
1635201900,202
1635202800,208
1635203700,206
1635204600,203
1635205500,145
1635206400,144
1635207300,168
1635208200,153
1635209100,137
1635210000,148
1635210900,152
1635211800,175
1635212700,201
1635213600,168
1635214500,148
1635215400,155
1635216300,139
1635217200,148
1635218100,136
1635219000,197
1635219900,178
1635220800,154
1635221700,130
1635222600,142
1635223500,135
1635224400,172
1635225300,197
1635226200,176
1635227100,142
1635228000,255
1635228900,168
1635229800,215
1635230700,318
1635231600,347
1635232500,332
1635233400,428
1635234300,599
1635235200,579
1635236100,625
1635237000,584
1635237900,334
1635238800,440
1635239700,360
1635240600,327
1635241500,295
1635242400,253
1635243300,288
1635244200,165
1635245100,176
1635246000,154
1635246900,195
1635247800,202
1635248700,150
1635249600,219
1635250500,264
1635251400,279
1635252300,285
1635253200,280
1635254100,299
1635255000,268
1635255900,203
1635256800,188
1635257700,217
1635258600,282
1635259500,335
1635260400,650
1635261300,663
1635262200,683
1635263100,546
1635264000,594
1635264900,615
1635265800,596
1635266700,317
1635267600,397
1635268500,362
1635269400,348
1635270300,362
1635271200,384
1635272100,370
1635273000,368
1635273900,709
1635274800,735
1635275700,592
1635276600,401
1635277500,317
1635278400,323
1635279300,316
1635280200,370
1635281100,392
1635282000,314
1635282900,315
1635283800,301
1635284700,216
1635285600,192
1635286500,205
1635287400,198
1635288300,227
1635289200,192
1635290100,198
1635291000,150
1635291900,152
1635292800,138
1635293700,149
1635294600,139
1635295500,149
1635296400,145
1635297300,181
1635298200,197
1635299100,150
1635300000,143
1635300900,149
1635301800,150
1635302700,138
1635303600,144
1635304500,143
1635305400,204
1635306300,187
1635307200,145
1635308100,135
1635309000,160
1635309900,191
1635310800,179
1635311700,137
1635312600,144
1635313500,149
1635314400,644
1635315300,531
1635316200,237
1635317100,262
1635318000,345
1635318900,584
1635319800,225
1635320700,212
1635321600,247
1635322500,659
1635323400,411
1635324300,242
1635325200,201
1635326100,177
1635327000,198
1635327900,285
1635328800,224
1635329700,162
1635330600,291
1635331500,822
1635332400,687
1635333300,702
1635334200,495
1635335100,196
1635336000,554
1635336900,586
1635337800,328
1635338700,415
1635339600,433
1635340500,439
1635341400,497
1635342300,436
1635343200,414
1635344100,339
1635345000,292
1635345900,269
1635346800,185
1635347700,205
1635348600,214
1635349500,378
1635350400,445
1635351300,440
1635352200,483
1635353100,391
1635354000,386
1635354900,423
1635355800,406
1635356700,444
1635357600,423
1635358500,341
1635359400,332
1635360300,336
1635361200,335
1635362100,329
1635363000,380
1635363900,372
1635364800,346
1635365700,332
1635366600,302
1635367500,311
1635368400,228
1635369300,222
1635370200,259
1635371100,200
1635372000,167
1635372900,171
1635373800,145
1635374700,154
1635375600,141
1635376500,160
1635377400,204
1635378300,182
1635379200,135
1635380100,159
1635381000,147
1635381900,145
1635382800,140
1635383700,176
1635384600,224
1635385500,180
1635386400,133
1635387300,138
1635388200,131
1635389100,143
1635390000,130
1635390900,132
1635391800,183
1635392700,183
1635393600,154
1635394500,139
1635395400,128
1635396300,142
1635397200,135
1635398100,160
1635399000,212
1635399900,223
1635400800,226
1635401700,180
1635402600,205
1635403500,185
1635404400,187
1635405300,300
1635406200,399
1635407100,254
1635408000,655
1635408900,275
1635409800,341
1635410700,244
1635411600,350
1635412500,346
1635413400,13
1635414300,195
1635415200,162
1635416100,206
1635417000,213
1635417900,214
1635418800,577
1635419700,241
1635420600,603
1635421500,469
1635422400,380
1635423300,319
1635424200,234
1635425100,581
1635426000,345
1635426900,335
1635427800,304
1635428700,529
1635429600,573
1635430500,285
1635431400,226
1635432300,253
1635433200,357
1635434100,290
1635435000,425
1635435900,351
1635436800,426
1635437700,548
1635438600,376
1635439500,401
1635440400,345
1635441300,301
1635442200,326
1635443100,287
1635444000,261
1635444900,275
1635445800,289
1635446700,300
1635447600,310
1635448500,347
1635449400,319
1635450300,336
1635451200,403
1635452100,355
1635453000,343
1635453900,337
1635454800,397
1635455700,288
1635456600,237
1635457500,215
1635458400,237
1635459300,184
1635460200,161
1635461100,160
1635462000,218
1635462900,178
1635463800,160
1635464700,149
1635465600,166
1635466500,135
1635467400,148
1635468300,150
1635469200,179
1635470100,221
1635471000,151
1635471900,155
1635472800,151
1635473700,147
1635474600,151
1635475500,154
1635476400,183
1635477300,190
1635478200,152
1635479100,157
1635480000,157
1635480900,136
1635481800,134
1635482700,179
1635483600,181
1635484500,134
1635485400,149
1635486300,323
1635487200,161
1635488100,180
1635489000,189
1635489900,157
1635490800,252
1635491700,205
1635492600,211
1635493500,243
1635494400,475
1635495300,207
1635496200,396
1635497100,172
1635498000,179
1635498900,214
1635499800,264
1635500700,291
1635501600,296
1635502500,271
1635503400,246
1635504300,218
1635505200,225
1635506100,220
1635507000,277
1635507900,460
1635508800,263
1635509700,192
1635510600,184
1635511500,256
1635512400,227
1635513300,306
1635514200,312
1635515100,267
1635516000,247
1635516900,214
1635517800,245
1635518700,282
1635519600,252
1635520500,279
1635521400,255
1635522300,348
1635523200,445
1635524100,448
1635525000,474
1635525900,472
1635526800,402
1635527700,414
1635528600,383
1635529500,393
1635530400,378
1635531300,419
1635532200,445
1635533100,429
1635534000,398
1635534900,370
1635535800,349
1635536700,320
1635537600,298
1635538500,322
1635539400,278
1635540300,210
1635541200,189
1635542100,193
1635543000,182
1635543900,154
1635544800,147
1635545700,151
1635546600,161
1635547500,188
1635548400,198
1635549300,167
1635550200,148
1635551100,129
1635552000,139
1635552900,129
1635553800,146
1635554700,140
1635555600,147
1635556500,128
1635557400,203
1635558300,194
1635559200,154
1635560100,150
1635561000,148
1635561900,143
1635562800,143
1635563700,154
1635564600,188
1635565500,211
1635566400,149
1635567300,152
1635568200,144
1635569100,144
1635570000,147
1635570900,140
1635571800,158
1635572700,193
1635573600,176
1635574500,149
1635575400,666
1635576300,257
1635577200,259
1635578100,246
1635579000,241
1635579900,216
1635580800,293
1635581700,379
1635582600,282
1635583500,482
1635584400,801
1635585300,316
1635586200,372
1635587100,383
1635588000,321
1635588900,397
1635589800,394
1635590700,289
1635591600,269
1635592500,309
1635593400,654
1635594300,722
1635595200,1061
1635596100,548
1635597000,310
1635597900,197
1635598800,492
1635599700,556
1635600600,196
1635601500,182
1635602400,261
1635603300,329
1635604200,215
1635605100,247
1635606000,243
1635606900,234
1635607800,288
1635608700,234
1635609600,240
1635610500,285
1635611400,350
1635612300,465
1635613200,634
1635614100,484
1635615000,417
1635615900,400
1635616800,342
1635617700,319
1635618600,464
1635619500,441
1635620400,381
1635621300,358
1635622200,347
1635623100,352
1635624000,370
1635624900,376
1635625800,340
1635626700,362
1635627600,313
1635628500,308
1635629400,218
1635630300,203
1635631200,239
1635632100,169
1635633000,193
1635633900,207
1635634800,210
1635635700,137
1635636600,149
1635637500,161
1635638400,135
1635639300,148
1635640200,145
1635641100,155
1635642000,174
1635642900,196
1635643800,162
1635644700,154
1635645600,133
1635646500,149
1635647400,161
1635648300,154
1635649200,200
1635650100,173
1635651000,128
1635651900,138
1635652800,139
1635653700,127
1635654600,147
1635655500,162
1635656400,191
1635657300,165
1635658200,143
1635659100,136
1635660000,139
1635660900,142
1635661800,149
1635662700,213
1635663600,266
1635664500,154
1635665400,196
1635666300,203
1635667200,230
1635668100,410
1635669000,293
1635669900,255
1635670800,207
1635671700,266
1635672600,262
1635673500,287
1635674400,279
1635675300,625
1635676200,497
1635677100,513
1635678000,323
1635678900,295
1635679800,430
1635680700,384
1635681600,311
1635682500,266
1635683400,284
1635684300,273
1635685200,286
1635686100,386
1635687000,277
1635687900,527
1635688800,290
1635689700,297
1635690600,269
1635691500,378
1635692400,367
1635693300,408
1635694200,437
1635695100,408
1635696000,390
1635696900,487
1635697800,937
1635698700,628
1635699600,552
1635700500,542
1635701400,494
1635702300,829
1635703200,652
1635704100,465
1635705000,480
1635705900,891
1635706800,1098
1635707700,1025
1635708600,927
1635709500,697
1635710400,902
1635711300,415
1635712200,463
1635713100,444
1635714000,393
1635714900,318
1635715800,266
1635716700,247
1635717600,226
1635718500,175
1635719400,189
1635720300,218
1635721200,219
1635722100,197
1635723000,173
1635723900,134
1635724800,153
1635725700,149
1635726600,163
1635727500,145
1635728400,138
1635729300,153
1635730200,212
1635731100,158
1635732000,152
1635732900,145
1635733800,156
1635734700,147
1635735600,197
1635736500,193
1635737400,154
1635738300,127
1635739200,139
1635740100,127
1635741000,157
1635741900,129
1635742800,174
1635743700,183
1635744600,155
1635745500,146
1635746400,141
1635747300,135
1635748200,145
1635749100,174
1635750000,270
1635750900,185
1635751800,148
1635752700,160
1635753600,269
1635754500,310
1635755400,268
1635756300,234
1635757200,220
1635758100,232
1635759000,267
1635759900,257
1635760800,284
1635761700,288
1635762600,525
1635763500,730
1635764400,413
1635765300,263
1635766200,351
1635767100,253
1635768000,297
1635768900,284
1635769800,297
1635770700,289
1635771600,279
1635772500,225
1635773400,458
1635774300,550
1635775200,299
1635776100,241
1635777000,335
1635777900,413
1635778800,239
1635779700,197
1635780600,189
1635781500,251
1635782400,325
1635783300,293
1635784200,284
1635785100,349
1635786000,349
1635786900,485
1635787800,360
1635788700,365
1635789600,626
1635790500,998
1635791400,849
1635792300,855
1635793200,747
1635794100,424
1635795000,360
1635795900,357
1635796800,363
1635797700,324
1635798600,375
1635799500,373
1635800400,312
1635801300,235
1635802200,192
1635803100,155
1635804000,153
1635804900,140
1635805800,164
1635806700,179
1635807600,223
1635808500,173
1635809400,163
1635810300,145
1635811200,171
1635812100,160
1635813000,139
1635813900,162
1635814800,207
1635815700,210
1635816600,137
1635817500,149
1635818400,150
1635819300,154
1635820200,156
1635821100,220
1635822000,171
1635822900,152
1635823800,139
1635824700,141
1635825600,145
1635826500,130
1635827400,137
1635828300,171
1635829200,192
1635830100,167
1635831000,242
1635831900,226
1635832800,190
1635833700,380
1635834600,262
1635835500,477
1635836400,683
1635837300,754
1635838200,610
1635839100,578
1635840000,865
1635840900,649
1635841800,456
1635842700,411
1635843600,365
1635844500,365
1635845400,377
1635846300,610
1635847200,784
1635848100,623
1635849000,637
1635849900,473
1635850800,490
1635851700,400
1635852600,431
1635853500,522
1635854400,365
1635855300,307
1635856200,413
1635857100,486
1635858000,436
1635858900,491
1635859800,403
1635860700,400
1635861600,263
1635862500,288
1635863400,338
1635864300,425
1635865200,324
1635866100,269
1635867000,216
1635867900,175
1635868800,205
1635869700,256
1635870600,243
1635871500,301
1635872400,377
1635873300,1077
1635874200,623
1635875100,353
1635876000,397
1635876900,411
1635877800,397
1635878700,395
1635879600,405
1635880500,420
1635881400,395
1635882300,362
1635883200,337
1635884100,349
1635885000,321
1635885900,329
1635886800,327
1635887700,316
1635888600,294
1635889500,210
1635890400,201
1635891300,150
1635892200,140
1635893100,156
1635894000,152
1635894900,136
1635895800,197
1635896700,199
1635897600,157
1635898500,156
1635899400,148
1635900300,194
1635901200,175
1635902100,157
1635903000,153
1635903900,156
1635904800,130
1635905700,170
1635906600,203
1635907500,191
1635908400,140
1635909300,149
1635910200,151
1635911100,158
1635912000,138
1635912900,138
1635913800,135
1635914700,149
1635915600,189
1635916500,148
1635917400,165
1635918300,302
1635919200,229
1635920100,174
1635921000,143
1635921900,254
1635922800,168
1635923700,377
1635924600,423
1635925500,481
1635926400,458
1635927300,474
1635928200,451
1635929100,412
1635930000,498
1635930900,511
1635931800,531
1635932700,494
1635933600,602
1635934500,607
1635935400,693
1635936300,391
1635937200,332
1635938100,239
1635939000,341
1635939900,803
1635940800,294
1635941700,296
1635942600,400
1635943500,789
1635944400,775
1635945300,393
1635946200,404
1635947100,474
1635948000,496
1635948900,542
1635949800,586
1635950700,432
1635951600,371
1635952500,364
1635953400,419
1635954300,367
1635955200,388
1635956100,567
1635957000,580
1635957900,548
1635958800,360
1635959700,375
1635960600,423
1635961500,489
1635962400,462
1635963300,415
1635964200,410
1635965100,422
1635966000,397
1635966900,421
1635967800,502
1635968700,377
1635969600,375
1635970500,378
1635971400,351
1635972300,390
1635973200,376
1635974100,336
1635975000,312
1635975900,198
1635976800,196
1635977700,142
1635978600,138
1635979500,155
1635980400,217
1635981300,161
1635982200,146
1635983100,135
1635984000,145
1635984900,151
1635985800,139
1635986700,167
1635987600,203
1635988500,178
1635989400,141
1635990300,157
1635991200,147
1635992100,140
1635993000,144
1635993900,166
1635994800,222
1635995700,163
1635996600,148
1635997500,144
1635998400,154
1635999300,129
1636000200,138
1636001100,173
1636002000,180
1636002900,216
1636003800,197
1636004700,185
1636005600,215
1636006500,493
1636007400,458
1636008300,690
1636009200,927
1636010100,869
1636011000,635
1636011900,534
1636012800,662
1636013700,514
1636014600,612
1636015500,601
1636016400,494
1636017300,499
1636018200,546
1636019100,481
1636020000,728
1636020900,674
1636021800,1130
1636022700,855
1636023600,277
1636024500,277
1636025400,328
1636026300,316
1636027200,480
1636028100,493
1636029000,399
1636029900,366
1636030800,361
1636031700,433
1636032600,420
1636033500,449
1636034400,521
1636035300,453
1636036200,434
1636037100,419
1636038000,421
1636038900,536
1636039800,531
1636040700,491
1636041600,494
1636042500,487
1636043400,566
1636044300,669
1636045200,666
1636046100,822
1636047000,688
1636047900,599
1636048800,418
1636049700,364
1636050600,528
1636051500,598
1636052400,471
1636053300,617
1636054200,524
1636055100,463
1636056000,439
1636056900,451
1636057800,389
1636058700,395
1636059600,392
1636060500,405
1636061400,346
1636062300,231
1636063200,221
1636064100,205
1636065000,202
1636065900,237
1636066800,218
1636067700,137
1636068600,148
1636069500,152
1636070400,157
1636071300,136
1636072200,145
1636073100,198
1636074000,180
1636074900,155
1636075800,157
1636076700,147
1636077600,155
1636078500,137
1636079400,155
1636080300,185
1636081200,199
1636082100,150
1636083000,166
1636083900,148
1636084800,181
1636085700,200
1636086600,128
1636087500,133
1636088400,126
1636089300,136
1636090200,222
1636091100,228
1636092000,228
1636092900,186
1636093800,199
1636094700,640
1636095600,667
1636096500,241
1636097400,353
1636098300,407
1636099200,213
1636100100,218
1636101000,470
1636101900,430
1636102800,229
1636103700,256
1636104600,288
1636105500,827
1636106400,333
1636107300,367
1636108200,504
1636109100,387
1636110000,316
1636110900,300
1636111800,383
1636112700,576
1636113600,494
1636114500,545
1636115400,583
1636116300,736
1636117200,726
1636118100,327
1636119000,251
1636119900,250
1636120800,451
1636121700,418
1636122600,332
1636123500,335
1636124400,285
1636125300,302
1636126200,370
1636127100,458
1636128000,525
1636128900,513
1636129800,577
1636130700,406
1636131600,376
1636132500,418
1636133400,467
1636134300,449
1636135200,502
1636136100,533
1636137000,508
1636137900,458
1636138800,464
1636139700,532
1636140600,425
1636141500,417
1636142400,424
1636143300,433
1636144200,433
1636145100,477
1636146000,359
1636146900,620
1636147800,514
1636148700,286
1636149600,242
1636150500,250
1636151400,257
1636152300,270
1636153200,229
1636154100,217
1636155000,155
1636155900,136
1636156800,160
1636157700,145
1636158600,136
1636159500,146
1636160400,187
1636161300,217
1636162200,148
1636163100,151
1636164000,145
1636164900,161
1636165800,165
1636166700,207
1636167600,160
1636168500,150
1636169400,133
1636170300,146
1636171200,161
1636172100,144
1636173000,150
1636173900,182
1636174800,180
1636175700,151
1636176600,227
1636177500,192
1636178400,224
1636179300,733
1636180200,194
1636181100,182
1636182000,211
1636182900,276
1636183800,281
1636184700,258
1636185600,212
1636186500,255
1636187400,232
1636188300,220
1636189200,330
1636190100,227
1636191000,312
1636191900,357
1636192800,328
1636193700,366
1636194600,594
1636195500,734
1636196400,448
1636197300,306
1636198200,331
1636199100,248
1636200000,386
1636200900,543
1636201800,417
1636202700,302
1636203600,332
1636204500,419
1636205400,820
1636206300,439
1636207200,270
1636208100,297
1636209000,312
1636209900,392
1636210800,501
1636211700,493
1636212600,508
1636213500,504
1636214400,518
1636215300,669
1636216200,538
1636217100,688
1636218000,723
1636218900,662
1636219800,590
1636220700,588
1636221600,550
1636222500,543
1636223400,490
1636224300,484
1636225200,480
1636226100,489
1636227000,506
1636227900,504
1636228800,505
1636229700,443
1636230600,449
1636231500,421
1636232400,397
1636233300,410
1636234200,395
1636235100,360
1636236000,349
1636236900,319
1636237800,285
1636238700,267
1636239600,264
1636240500,180
1636241400,185
1636242300,179
1636243200,173
1636244100,135
1636245000,130
1636245900,144
1636246800,122
1636247700,147
1636248600,148
1636249500,143
1636250400,133
1636251300,126
1636252200,148
1636253100,145
1636254000,134
1636254900,136
1636255800,147
1636256700,137
1636257600,132
1636258500,157
1636259400,196
1636260300,166
1636261200,118
1636262100,127
1636263000,118
1636263900,133
1636264800,124
1636265700,119
1636266600,137
1636267500,122
1636268400,132
1636269300,236
1636270200,165
1636271100,204
1636272000,249
1636272900,361
1636273800,764
1636274700,278
1636275600,328
1636276500,385
1636277400,360
1636278300,420
1636279200,344
1636280100,721
1636281000,482
1636281900,598
1636282800,632
1636283700,672
1636284600,607
1636285500,274
1636286400,316
1636287300,273
1636288200,390
1636289100,335
1636290000,271
1636290900,296
1636291800,290
1636292700,306
1636293600,282
1636294500,410
1636295400,241
1636296300,311
1636297200,297
1636298100,327
1636299000,326
1636299900,501
1636300800,704
1636301700,521
1636302600,476
1636303500,448
1636304400,502
1636305300,465
1636306200,575
1636307100,476
1636308000,397
1636308900,390
1636309800,385
1636310700,410
1636311600,383
1636312500,403
1636313400,369
1636314300,364
1636315200,438
1636316100,400
1636317000,398
1636317900,429
1636318800,358
1636319700,281
1636320600,231
1636321500,171
1636322400,179
1636323300,169
1636324200,169
1636325100,161
1636326000,212
1636326900,157
1636327800,134
1636328700,158
1636329600,134
1636330500,170
1636331400,153
1636332300,159
1636333200,137
1636334100,212
1636335000,201
1636335900,153
1636336800,153
1636337700,149
1636338600,191
1636339500,200
1636340400,153
1636341300,163
1636342200,155
1636343100,135
1636344000,150
1636344900,159
1636345800,149
1636346700,165
1636347600,138
1636348500,195
1636349400,182
1636350300,132
1636351200,339
1636352100,440
1636353000,163
1636353900,153
1636354800,174
1636355700,494
1636356600,614
1636357500,286
1636358400,592
1636359300,388
1636360200,225
1636361100,285
1636362000,391
1636362900,428
1636363800,289
1636364700,209
1636365600,207
1636366500,190
1636367400,199
1636368300,173
1636369200,262
1636370100,294
1636371000,245
1636371900,336
1636372800,312
1636373700,281
1636374600,222
1636375500,238
1636376400,292
1636377300,211
1636378200,217
1636379100,208
1636380000,266
1636380900,253
1636381800,225
1636382700,258
1636383600,240
1636384500,223
1636385400,284
1636386300,589
1636387200,720
1636388100,387
1636389000,431
1636389900,492
1636390800,432
1636391700,360
1636392600,487
1636393500,502
1636394400,442
1636395300,414
1636396200,396
1636397100,814
1636398000,900
1636398900,860
1636399800,840
1636400700,408
1636401600,399
1636402500,358
1636403400,364
1636404300,405
1636405200,421
1636406100,429
1636407000,336
1636407900,289
1636408800,327
1636409700,294
1636410600,258
1636411500,218
1636412400,204
1636413300,157
1636414200,144
1636415100,131
1636416000,170
1636416900,153
1636417800,150
1636418700,138
1636419600,157
1636420500,141
1636421400,219
1636422300,187
1636423200,176
1636424100,215
1636425000,148
1636425900,159
1636426800,159
1636427700,141
1636428600,139
1636429500,141
1636430400,147
1636431300,139
1636432200,198
1636433100,189
1636434000,166
1636434900,137
1636435800,236
1636436700,399
1636437600,393
1636438500,642
1636439400,160
1636440300,168
1636441200,194
1636442100,547
1636443000,632
1636443900,183
1636444800,182
1636445700,168
1636446600,199
1636447500,281
1636448400,279
1636449300,217
1636450200,173
1636451100,178
1636452000,152
1636452900,204
1636453800,201
1636454700,160
1636455600,155
1636456500,446
1636457400,484
1636458300,225
1636459200,227
1636460100,200
1636461000,203
1636461900,203
1636462800,233
1636463700,292
1636464600,298
1636465500,362
1636466400,364
1636467300,340
1636468200,374
1636469100,374
1636470000,294
1636470900,194
1636471800,203
1636472700,315
1636473600,356
1636474500,413
1636475400,468
1636476300,426
1636477200,508
1636478100,594
1636479000,480
1636479900,455
1636480800,365
1636481700,429
1636482600,501
1636483500,503
1636484400,514
1636485300,597
1636486200,563
1636487100,443
1636488000,441
1636488900,432
1636489800,473
1636490700,425
1636491600,419
1636492500,400
1636493400,311
1636494300,230
1636495200,177
1636496100,188
1636497000,175
1636497900,180
1636498800,197
1636499700,196
1636500600,159
1636501500,149
1636502400,155
1636503300,133
1636504200,158
1636505100,147
1636506000,176
1636506900,207
1636507800,182
1636508700,156
1636509600,133
1636510500,173
1636511400,141
1636512300,146
1636513200,139
1636514100,134
1636515000,148
1636515900,150
1636516800,195
1636517700,191
1636518600,170
1636519500,137
1636520400,140
1636521300,228
1636522200,177
1636523100,268
1636524000,213
1636524900,266
1636525800,249
1636526700,205
1636527600,163
1636528500,169
1636529400,369
1636530300,306
1636531200,314
1636532100,332
1636533000,326
1636533900,326
1636534800,290
1636535700,253
1636536600,266
1636537500,355
1636538400,237
1636539300,386
1636540200,537
1636541100,511
1636542000,306
1636542900,235
1636543800,241
1636544700,243
1636545600,245
1636546500,311
1636547400,380
1636548300,227
1636549200,194
1636550100,257
1636551000,212
1636551900,263
1636552800,278
1636553700,301
1636554600,370
1636555500,416
1636556400,480
1636557300,380
1636558200,376
1636559100,384
1636560000,598
1636560900,530
1636561800,364
1636562700,349
1636563600,502
1636564500,399
1636565400,482
1636566300,399
1636567200,359
1636568100,344
1636569000,383
1636569900,401
1636570800,396
1636571700,407
1636572600,381
1636573500,427
1636574400,411
1636575300,415
1636576200,385
1636577100,335
1636578000,330
1636578900,266
1636579800,164
1636580700,156
1636581600,141
1636582500,161
1636583400,142
1636584300,139
1636585200,178
1636586100,189
1636587000,157
1636587900,150
1636588800,141
1636589700,150
1636590600,141
1636591500,202
1636592400,197
1636593300,176
1636594200,204
1636595100,193
1636596000,162
1636596900,161
1636597800,208
1636598700,185
1636599600,130
1636600500,140
1636601400,143
1636602300,139
1636603200,129
1636604100,190
1636605000,188
1636605900,168
1636606800,189
1636607700,287
1636608600,242
1636609500,219
1636610400,219
1636611300,233
1636612200,551
1636613100,441
1636614000,555
1636614900,433
1636615800,233
1636616700,237
1636617600,245
1636618500,233
1636619400,262
1636620300,281
1636621200,208
1636622100,171
1636623000,362
1636623900,260
1636624800,210
1636625700,220
1636626600,300
1636627500,458
1636628400,442
1636629300,262
1636630200,384
1636631100,217
1636632000,711
1636632900,330
1636633800,241
1636634700,228
1636635600,225
1636636500,224
1636637400,193
1636638300,211
1636639200,278
1636640100,272
1636641000,239
1636641900,241
1636642800,232
1636643700,240
1636644600,272
1636645500,377
1636646400,342
1636647300,365
1636648200,318
1636649100,358
1636650000,421
1636650900,469
1636651800,322
1636652700,287
1636653600,318
1636654500,316
1636655400,285
1636656300,238
1636657200,299
1636658100,302
1636659000,312
1636659900,339
1636660800,382
1636661700,341
1636662600,311
1636663500,351
1636664400,296
1636665300,282
1636666200,240
1636667100,247
1636668000,234
1636668900,223
1636669800,219
1636670700,299
1636671600,285
1636672500,212
1636673400,133
1636674300,140
1636675200,150
1636676100,141
1636677000,158
1636677900,142
1636678800,146
1636679700,148
1636680600,196
1636681500,184
1636682400,166
1636683300,150
1636684200,152
1636685100,141
1636686000,133
1636686900,162
1636687800,153
1636688700,200
1636689600,195
1636690500,150
1636691400,149
1636692300,164
1636693200,176
1636694100,303
1636695000,416
1636695900,702
1636696800,313
1636697700,288
1636698600,275
1636699500,258
1636700400,319
1636701300,252
1636702200,221
1636703100,180
1636704000,136
1636704900,252
1636705800,234
1636706700,662
1636707600,752
1636708500,531
1636709400,374
1636710300,312
1636711200,299
1636712100,541
1636713000,336
1636713900,276
1636714800,324
1636715700,306
1636716600,328
1636717500,354
1636718400,377
1636719300,281
1636720200,357
1636721100,292
1636722000,268
1636722900,307
1636723800,292
1636724700,292
1636725600,375
1636726500,480
1636727400,454
1636728300,387
1636729200,409
1636730100,307
1636731000,512
1636731900,334
1636732800,315
1636733700,379
1636734600,369
1636735500,434
1636736400,377
1636737300,839
1636738200,1115
1636739100,893
1636740000,797
1636740900,440
1636741800,437
1636742700,428
1636743600,392
1636744500,391
1636745400,432
1636746300,470
1636747200,393
1636748100,357
1636749000,392
1636749900,345
1636750800,327
1636751700,321
1636752600,290
1636753500,244
1636754400,236
1636755300,271
1636756200,229
1636757100,280
1636758000,239
1636758900,191
1636759800,137
1636760700,149
1636761600,139
1636762500,132
1636763400,151
1636764300,131
1636765200,139
1636766100,134
1636767000,131
1636767900,188
1636768800,201
1636769700,152
1636770600,130
1636771500,153
1636772400,156
1636773300,148
1636774200,154
1636775100,158
1636776000,155
1636776900,195
1636777800,194
1636778700,156
1636779600,159
1636780500,176
1636781400,280
1636782300,220
1636783200,298
1636784100,667
1636785000,733
1636785900,485
1636786800,219
1636787700,278
1636788600,266
1636789500,268
1636790400,214
1636791300,254
1636792200,253
1636793100,249
1636794000,203
1636794900,326
1636795800,890
1636796700,795
1636797600,741
1636798500,560
1636799400,687
1636800300,505
1636801200,426
1636802100,209
1636803000,197
1636803900,185
1636804800,169
1636805700,172
1636806600,166
1636807500,165
1636808400,173
1636809300,209
1636810200,185
1636811100,234
1636812000,226
1636812900,245
1636813800,325
1636814700,321
1636815600,325
1636816500,271
1636817400,382
1636818300,451
1636819200,352
1636820100,299
1636821000,301
1636821900,342
1636822800,365
1636823700,391
1636824600,470
1636825500,649
1636826400,665
1636827300,660
1636828200,654
1636829100,644
1636830000,712
1636830900,1156
1636831800,701
1636832700,469
1636833600,379
1636834500,424
1636835400,451
1636836300,356
1636837200,333
1636838100,270
1636839000,307
1636839900,335
1636840800,382
1636841700,305
1636842600,311
1636843500,300
1636844400,308
1636845300,221
1636846200,188
1636847100,165
1636848000,191
1636848900,206
1636849800,186
1636850700,154
1636851600,155
1636852500,133
1636853400,214
1636854300,213
1636855200,167
1636856100,133
1636857000,143
1636857900,165
1636858800,192
1636859700,183
1636860600,140
1636861500,142
1636862400,131
1636863300,175
1636864200,201
1636865100,175
1636866000,169
1636866900,138
1636867800,204
1636868700,225
1636869600,208
1636870500,155
1636871400,191
1636872300,307
1636873200,240
1636874100,326
1636875000,300
1636875900,251
1636876800,325
1636877700,438
1636878600,313
1636879500,317
1636880400,305
1636881300,267
1636882200,629
1636883100,601
1636884000,506
1636884900,388
1636885800,249
1636886700,276
1636887600,468
1636888500,503
1636889400,273
1636890300,279
1636891200,487
1636892100,422
1636893000,411
1636893900,346
1636894800,374
1636895700,349
1636896600,313
1636897500,420
1636898400,513
1636899300,454
1636900200,339
1636901100,311
1636902000,333
1636902900,355
1636903800,393
1636904700,406
1636905600,500
1636906500,531
1636907400,449
1636908300,463
1636909200,463
1636910100,569
1636911000,1055
1636911900,1074
1636912800,1073
1636913700,972
1636914600,637
1636915500,545
1636916400,381
1636917300,388
1636918200,404
1636919100,665
1636920000,448
1636920900,358
1636921800,341
1636922700,483
1636923600,1145
1636924500,400
1636925400,436
1636926300,395
1636927200,259
1636928100,251
1636929000,259
1636929900,319
1636930800,279
1636931700,249
1636932600,254
1636933500,250
1636934400,268
1636935300,228
1636936200,254
1636937100,255
1636938000,252
1636938900,318
1636939800,240
1636940700,194
1636941600,519
1636942500,159
1636943400,185
1636944300,166
1636945200,466
1636946100,504
1636947000,165
1636947900,135
1636948800,138
1636949700,140
1636950600,133
1636951500,146
1636952400,172
1636953300,209
1636954200,153
1636955100,155
1636956000,163
1636956900,144
1636957800,157
1636958700,158
1636959600,167
1636960500,207
1636961400,183
1636962300,165
1636963200,251
1636964100,156
1636965000,246
1636965900,247
1636966800,231
1636967700,210
1636968600,442
1636969500,828
1636970400,393
1636971300,330
1636972200,751
1636973100,457
1636974000,355
1636974900,333
1636975800,352
1636976700,297
1636977600,280
1636978500,318
1636979400,331
1636980300,298
1636981200,338
1636982100,287
1636983000,298
1636983900,305
1636984800,337
1636985700,522
1636986600,339
1636987500,340
1636988400,359
1636989300,371
1636990200,407
1636991100,438
1636992000,519
1636992900,499
1636993800,434
1636994700,432
1636995600,466
1636996500,460
1636997400,398
1636998300,311
1636999200,321
1637000100,381
1637001000,310
1637001900,302
1637002800,310
1637003700,333
1637004600,442
1637005500,435
1637006400,507
1637007300,415
1637008200,394
1637009100,386
1637010000,335
1637010900,232
1637011800,241
1637012700,252
1637013600,174
1637014500,157
1637015400,147
1637016300,162
1637017200,154
1637018100,146
1637019000,168
1637019900,187
1637020800,196
1637021700,157
1637022600,154
1637023500,144
1637024400,155
1637025300,210
1637026200,169
1637027100,154
1637028000,149
1637028900,163
1637029800,168
1637030700,214
1637031600,169
1637032500,128
1637033400,138
1637034300,141
1637035200,147
1637036100,134
1637037000,146
1637037900,208
1637038800,254
1637039700,229
1637040600,220
1637041500,255
1637042400,213
1637043300,575
1637044200,404
1637045100,294
1637046000,276
1637046900,241
1637047800,243
1637048700,337
1637049600,229
1637050500,327
1637051400,276
1637052300,277
1637053200,266
1637054100,286
1637055000,227
1637055900,247
1637056800,310
1637057700,694
1637058600,808
1637059500,361
1637060400,377
1637061300,386
1637062200,318
1637063100,315
1637064000,552
1637064900,561
1637065800,362
1637066700,388
1637067600,407
1637068500,959
1637069400,497
1637070300,362
1637071200,425
1637072100,392
1637073000,460
1637073900,345
1637074800,432
1637075700,411
1637076600,431
1637077500,510
1637078400,517
1637079300,526
1637080200,656
1637081100,587
1637082000,468
1637082900,462
1637083800,451
1637084700,462
1637085600,452
1637086500,459
1637087400,455
1637088300,513
1637089200,485
1637090100,396
1637091000,461
1637091900,436
1637092800,395
1637093700,354
1637094600,351
1637095500,348
1637096400,331
1637097300,318
1637098200,250
1637099100,217
1637100000,208
1637100900,170
1637101800,153
1637102700,145
1637103600,205
1637104500,164
1637105400,161
1637106300,159
1637107200,156
1637108100,141
1637109000,142
1637109900,159
1637110800,161
1637111700,150
1637112600,207
1637113500,172
1637114400,149
1637115300,180
1637116200,202
1637117100,156
1637118000,159
1637118900,131
1637119800,145
1637120700,136
1637121600,145
1637122500,132
1637123400,132
1637124300,209
1637125200,213
1637126100,178
1637127000,175
1637127900,274
1637128800,205
1637129700,253
1637130600,227
1637131500,265
1637132400,325
1637133300,315
1637134200,311
1637135100,359
1637136000,289
1637136900,211
1637137800,234
1637138700,251
1637139600,288
1637140500,325
1637141400,355
1637142300,520
1637143200,276
1637144100,657
1637145000,631
1637145900,323
1637146800,258
1637147700,294
1637148600,224
1637149500,203
1637150400,177
1637151300,165
1637152200,162
1637153100,182
1637154000,135
1637154900,137
1637155800,133
1637156700,126
1637157600,139
1637158500,158
1637159400,155
1637160300,151
1637161200,138
1637162100,168
1637163000,213
1637163900,196
1637164800,304
1637165700,745
1637166600,470
1637167500,477
1637168400,419
1637169300,347
1637170200,371
1637171100,325
1637172000,339
1637172900,331
1637173800,366
1637174700,373
1637175600,363
1637176500,351
1637177400,348
1637178300,404
1637179200,397
1637180100,361
1637181000,346
1637181900,348
1637182800,332
1637183700,312
1637184600,220
1637185500,166
1637186400,150
1637187300,163
1637188200,145
1637189100,160
1637190000,143
1637190900,155
1637191800,161
1637192700,154
1637193600,225
1637194500,189
1637195400,167
1637196300,205
1637197200,192
1637198100,169
1637199000,163
1637199900,160
1637200800,187
1637201700,217
1637202600,169
1637203500,159
1637204400,154
1637205300,165
1637206200,157
1637207100,175
1637208000,170
1637208900,159
1637209800,162
1637210700,222
1637211600,251
1637212500,192
1637213400,246
1637214300,330
1637215200,274
1637216100,268
1637217000,207
1637217900,623
1637218800,739
1637219700,741
1637220600,480
1637221500,327
1637222400,320
1637223300,295
1637224200,364
1637225100,345
1637226000,323
1637226900,341
1637227800,414
1637228700,448
1637229600,346
1637230500,368
1637231400,1141
1637232300,951
1637233200,827
1637234100,379
1637235000,339
1637235900,356
1637236800,328
1637237700,298
1637238600,484
1637239500,344
1637240400,438
1637241300,333
1637242200,273
1637243100,266
1637244000,299
1637244900,271
1637245800,339
1637246700,335
1637247600,380
1637248500,331
1637249400,328
1637250300,475
1637251200,463
1637252100,518
1637253000,435
1637253900,438
1637254800,433
1637255700,405
1637256600,467
1637257500,451
1637258400,421
1637259300,495
1637260200,576
1637261100,482
1637262000,408
1637262900,375
1637263800,357
1637264700,382
1637265600,365
1637266500,356
1637267400,362
1637268300,339
1637269200,359
1637270100,367
1637271000,290
1637271900,221
1637272800,208
1637273700,195
1637274600,206
1637275500,200
1637276400,211
1637277300,198
1637278200,240
1637279100,256
1637280000,194
1637280900,186
1637281800,247
1637282700,208
1637283600,189
1637284500,183
1637285400,187
1637286300,197
1637287200,198
1637288100,195
1637289000,183
1637289900,222
1637290800,256
1637291700,229
1637292600,182
1637293500,221
1637294400,186
1637295300,200
1637296200,207
1637297100,233
1637298000,300
1637298900,317
1637299800,183
1637300700,196
1637301600,266
1637302500,247
1637303400,203
1637304300,194
1637305200,555
1637306100,259
1637307000,216
1637307900,173
1637308800,361
1637309700,578
1637310600,180
1637311500,214
1637312400,174
1637313300,168
1637314200,153
1637315100,199
1637316000,176
1637316900,178
1637317800,178
1637318700,222
1637319600,205
1637320500,205
1637321400,191
1637322300,207
1637323200,189
1637324100,206
1637325000,201
1637325900,201
1637326800,206
1637327700,208
1637328600,256
1637329500,229
1637330400,341
1637331300,320
1637332200,290
1637333100,221
1637334000,182
1637334900,187
1637335800,228
1637336700,310
1637337600,524
1637338500,1108
1637339400,426
1637340300,451
1637341200,471
1637342100,399
1637343000,403
1637343900,391
1637344800,399
1637345700,385
1637346600,411
1637347500,360
1637348400,340
1637349300,340
1637350200,385
1637351100,322
1637352000,336
1637352900,343
1637353800,321
1637354700,332
1637355600,312
1637356500,322
1637357400,307
1637358300,305
1637359200,286
1637360100,223
1637361000,142
1637361900,188
1637362800,171
1637363700,143
1637364600,145
1637365500,132
1637366400,141
1637367300,124
1637368200,144
1637369100,143
1637370000,142
1637370900,133
1637371800,142
1637372700,134
1637373600,147
1637374500,137
1637375400,140
1637376300,134
1637377200,139
1637378100,137
1637379000,161
1637379900,187
1637380800,178
1637381700,133
1637382600,132
1637383500,150
1637384400,139
1637385300,148
1637386200,239
1637387100,180
1637388000,259
1637388900,213
1637389800,245
1637390700,258
1637391600,276
1637392500,227
1637393400,166
1637394300,159
1637395200,166
1637396100,149
1637397000,186
1637397900,187
1637398800,202
1637399700,164
1637400600,183
1637401500,205
1637402400,169
1637403300,284
1637404200,677
1637405100,526
1637406000,265
1637406900,240
1637407800,303
1637408700,315
1637409600,318
1637410500,580
1637411400,253
1637412300,376
1637413200,323
1637414100,586
1637415000,417
1637415900,268
1637416800,252
1637417700,240
1637418600,246
1637419500,289
1637420400,221
1637421300,283
1637422200,374
1637423100,473
1637424000,486
1637424900,464
1637425800,710
1637426700,1307
1637427600,1072
1637428500,667
1637429400,667
1637430300,612
1637431200,527
1637432100,526
1637433000,522
1637433900,476
1637434800,457
1637435700,397
1637436600,400
1637437500,396
1637438400,404
1637439300,376
1637440200,345
1637441100,340
1637442000,344
1637442900,305
1637443800,291
1637444700,204
1637445600,181
1637446500,182
1637447400,190
1637448300,152
1637449200,145
1637450100,156
1637451000,151
1637451900,141
1637452800,132
1637453700,148
1637454600,155
1637455500,142
1637456400,135
1637457300,143
1637458200,146
1637459100,158
1637460000,124
1637460900,135
1637461800,144
1637462700,187
1637463600,150
1637464500,136
1637465400,122
1637466300,132
1637467200,133
1637468100,136
1637469000,139
1637469900,149
1637470800,143
1637471700,146
1637472600,141
1637473500,151
1637474400,135
1637475300,147
1637476200,149
1637477100,140
1637478000,166
1637478900,858
1637479800,521
1637480700,497
1637481600,247
1637482500,275
1637483400,639
1637484300,289
1637485200,371
1637486100,273
1637487000,742
1637487900,499
1637488800,264
1637489700,276
1637490600,332
1637491500,330
1637492400,1164
1637493300,733
1637494200,904
1637495100,529
1637496000,533
1637496900,759
1637497800,322
1637498700,317
1637499600,297
1637500500,385
1637501400,560
1637502300,319
1637503200,352
1637504100,432
1637505000,370
1637505900,290
1637506800,349
1637507700,393
1637508600,486
1637509500,565
1637510400,614
1637511300,484
1637512200,474
1637513100,435
1637514000,377
1637514900,348
1637515800,365
1637516700,392
1637517600,324
1637518500,389
1637519400,368
1637520300,358
1637521200,308
1637522100,329
1637523000,325
1637523900,328
1637524800,326
1637525700,341
1637526600,350
1637527500,324
1637528400,320
1637529300,297
1637530200,277
1637531100,295
1637532000,231
1637532900,299
1637533800,263
1637534700,235
1637535600,172
1637536500,175
1637537400,190
1637538300,162
1637539200,156
1637540100,150
1637541000,166
1637541900,153
1637542800,175
1637543700,163
1637544600,169
1637545500,153
1637546400,167
1637547300,169
1637548200,222
1637549100,171
1637550000,162
1637550900,169
1637551800,167
1637552700,160
1637553600,146
1637554500,167
1637555400,139
1637556300,159
1637557200,150
1637558100,148
1637559000,138
1637559900,147
1637560800,143
1637561700,167
1637562600,150
1637563500,206
1637564400,194
1637565300,195
1637566200,734
1637567100,631
1637568000,285
1637568900,340
1637569800,235
1637570700,236
1637571600,281
1637572500,307
1637573400,424
1637574300,257
1637575200,276
1637576100,259
1637577000,255
1637577900,308
1637578800,302
1637579700,281
1637580600,280
1637581500,240
1637582400,246
1637583300,252
1637584200,718
1637585100,840
1637586000,709
1637586900,956
1637587800,541
1637588700,218
1637589600,224
1637590500,198
1637591400,200
1637592300,309
1637593200,414
1637594100,407
1637595000,614
1637595900,651
1637596800,480
1637597700,453
1637598600,425
1637599500,1531
1637600400,930
1637601300,446
1637602200,385
1637603100,383
1637604000,389
1637604900,391
1637605800,259
1637606700,279
1637607600,314
1637608500,405
1637609400,333
1637610300,276
1637611200,313
1637612100,296
1637613000,243
1637613900,321
1637614800,310
1637615700,286
1637616600,226
1637617500,231
1637618400,226
1637619300,217
1637620200,221
1637621100,143
1637622000,134
1637622900,167
1637623800,132
1637624700,158
1637625600,148
1637626500,156
1637627400,133
1637628300,164
1637629200,152
1637630100,152
1637631000,207
1637631900,174
1637632800,163
1637633700,161
1637634600,137
1637635500,150
1637636400,154
1637637300,130
1637638200,167
1637639100,146
1637640000,158
1637640900,155
1637641800,139
1637642700,158
1637643600,235
1637644500,186
1637645400,265
1637646300,259
1637647200,187
1637648100,167
1637649000,168
1637649900,136
1637650800,142
1637651700,136
1637652600,166
1637653500,157
1637654400,206
1637655300,262
1637656200,262
1637657100,224
1637658000,198
1637658900,215
1637659800,208
1637660700,214
1637661600,212
1637662500,199
1637663400,199
1637664300,287
1637665200,421
1637666100,225
1637667000,182
1637667900,169
1637668800,160
1637669700,153
1637670600,383
1637671500,254
1637672400,251
1637673300,310
1637674200,230
1637675100,214
1637676000,216
1637676900,206
1637677800,202
1637678700,170
1637679600,141
1637680500,158
1637681400,714
1637682300,751
1637683200,678
1637684100,285
1637685000,382
1637685900,445
1637686800,424
1637687700,399
1637688600,499
1637689500,419
1637690400,370
1637691300,417
1637692200,356
1637693100,341
1637694000,289
1637694900,294
1637695800,449
1637696700,346
1637697600,371
1637698500,375
1637699400,321
1637700300,322
1637701200,298
1637702100,295
1637703000,226
1637703900,161
1637704800,138
1637705700,150
1637706600,132
1637707500,167
1637708400,140
1637709300,149
1637710200,148
1637711100,157
1637712000,150
1637712900,149
1637713800,146
1637714700,137
1637715600,129
1637716500,161
1637717400,194
1637718300,163
1637719200,129
1637720100,145
1637721000,141
1637721900,148
1637722800,135
1637723700,138
1637724600,147
1637725500,158
1637726400,149
1637727300,155
1637728200,143
1637729100,178
1637730000,232
1637730900,237
1637731800,271
1637732700,199
1637733600,191
1637734500,206
1637735400,197
1637736300,184
1637737200,177
1637738100,306
1637739000,249
1637739900,244
1637740800,146
1637741700,177
1637742600,280
1637743500,302
1637744400,213
1637745300,165
1637746200,204
1637747100,183
1637748000,260
1637748900,173
1637749800,183
1637750700,190
1637751600,184
1637752500,229
1637753400,230
1637754300,224
1637755200,247
1637756100,218
1637757000,223
1637757900,407
1637758800,278
1637759700,287
1637760600,295
1637761500,286
1637762400,269
1637763300,314
1637764200,260
1637765100,218
1637766000,212
1637766900,311
1637767800,237
1637768700,368
1637769600,394
1637770500,448
1637771400,838
1637772300,642
1637773200,477
1637774100,573
1637775000,763
1637775900,400
1637776800,369
1637777700,314
1637778600,249
1637779500,372
1637780400,320
1637781300,311
1637782200,365
1637783100,381
1637784000,363
1637784900,361
1637785800,313
1637786700,320
1637787600,318
1637788500,285
1637789400,289
1637790300,232
1637791200,226
1637792100,233
1637793000,235
1637793900,152
1637794800,165
1637795700,151
1637796600,165
1637797500,159
1637798400,200
1637799300,184
1637800200,136
1637801100,138
1637802000,144
1637802900,140
1637803800,132
1637804700,141
1637805600,144
1637806500,163
1637807400,136
1637808300,147
1637809200,149
1637810100,160
1637811000,152
1637811900,171
1637812800,146
1637813700,157
1637814600,143
1637815500,180
1637816400,269
1637817300,251
1637818200,336
1637819100,223
1637820000,260
1637820900,221
1637821800,257
1637822700,267
1637823600,218
1637824500,182
1637825400,177
1637826300,228
1637827200,177
1637828100,167
1637829000,218
1637829900,250
1637830800,263
1637831700,194
1637832600,197
1637833500,202
1637834400,204
1637835300,227
1637836200,304
1637837100,325
1637838000,288
1637838900,215
1637839800,369
1637840700,278
1637841600,234
1637842500,252
1637843400,274
1637844300,325
1637845200,186
1637846100,241
1637847000,205
1637847900,180
1637848800,171
1637849700,166
1637850600,164
1637851500,164
1637852400,173
1637853300,196
1637854200,253
1637855100,613
1637856000,316
1637856900,320
1637857800,349
1637858700,652
1637859600,745
1637860500,296
1637861400,336
1637862300,329
1637863200,533
1637864100,296
1637865000,288
1637865900,326
1637866800,328
1637867700,347
1637868600,388
1637869500,438
1637870400,351
1637871300,370
1637872200,376
1637873100,432
1637874000,384
1637874900,279
1637875800,219
1637876700,245
1637877600,245
1637878500,232
1637879400,238
1637880300,237
1637881200,211
1637882100,197
1637883000,138
1637883900,143
1637884800,147
1637885700,156
1637886600,146
1637887500,151
1637888400,147
1637889300,155
1637890200,171
1637891100,192
1637892000,160
1637892900,145
1637893800,129
1637894700,134
1637895600,134
1637896500,154
1637897400,193
1637898300,192
1637899200,136
1637900100,133
1637901000,149
1637901900,170
1637902800,209
1637903700,161
1637904600,175
1637905500,162
1637906400,218
1637907300,200
1637908200,200
1637909100,672
1637910000,767
1637910900,367
1637911800,290
1637912700,223
1637913600,214
1637914500,204
1637915400,222
1637916300,302
1637917200,218
1637918100,203
1637919000,180
1637919900,176
1637920800,175
1637921700,262
1637922600,874
1637923500,863
1637924400,868
1637925300,646
1637926200,290
1637927100,247
1637928000,227
1637928900,242
1637929800,255
1637930700,237
1637931600,267
1637932500,263
1637933400,201
1637934300,228
1637935200,250
1637936100,284
1637937000,279
1637937900,249
1637938800,236
1637939700,254
1637940600,240
1637941500,235
1637942400,232
1637943300,327
1637944200,383
1637945100,483
1637946000,422
1637946900,358
1637947800,385
1637948700,370
1637949600,299
1637950500,226
1637951400,195
1637952300,222
1637953200,208
1637954100,204
1637955000,369
1637955900,336
1637956800,615
1637957700,697
1637958600,618
1637959500,350
1637960400,405
1637961300,353
1637962200,712
1637963100,530
1637964000,309
1637964900,300
1637965800,294
1637966700,243
1637967600,231
1637968500,246
1637969400,184
1637970300,170
1637971200,146
1637972100,146
1637973000,148
1637973900,146
1637974800,145
1637975700,171
1637976600,149
1637977500,158
1637978400,133
1637979300,161
1637980200,163
1637981100,200
1637982000,196
1637982900,147
1637983800,148
1637984700,140
1637985600,166
1637986500,144
1637987400,148
1637988300,134
1637989200,142
1637990100,148
1637991000,156
1637991900,155
1637992800,146
1637993700,212
1637994600,197
1637995500,401
1637996400,585
1637997300,372
1637998200,206
1637999100,246
1638000000,623
1638000900,607
1638001800,610
1638002700,481
1638003600,453
1638004500,397
1638005400,356
1638006300,366
1638007200,385
1638008100,378
1638009000,400
1638009900,461
1638010800,380
1638011700,339
1638012600,345
1638013500,423
1638014400,396
1638015300,348
1638016200,709
1638017100,487
1638018000,668
1638018900,305
1638019800,627
1638020700,554
1638021600,318
1638022500,422
1638023400,380
1638024300,498
1638025200,1003
1638026100,883
1638027000,1028
1638027900,909
1638028800,705
1638029700,686
1638030600,647
1638031500,661
1638032400,597
1638033300,567
1638034200,451
1638035100,446
1638036000,386
1638036900,327
1638037800,371
1638038700,395
1638039600,633
1638040500,795
1638041400,665
1638042300,571
1638043200,518
1638044100,491
1638045000,462
1638045900,475
1638046800,398
1638047700,352
1638048600,261
1638049500,235
1638050400,186
1638051300,185
1638052200,179
1638053100,191
1638054000,186
1638054900,165
1638055800,149
1638056700,142
1638057600,137
1638058500,174
1638059400,161
1638060300,144
1638061200,160
1638062100,150
1638063000,150
1638063900,161
1638064800,172
1638065700,161
1638066600,145
1638067500,155
1638068400,170
1638069300,152
1638070200,185
1638071100,217
1638072000,193
1638072900,172
1638073800,194
1638074700,173
1638075600,153
1638076500,174
1638077400,153
1638078300,166
1638079200,134
1638080100,160
1638081000,209
1638081900,207
1638082800,258
1638083700,348
1638084600,665
1638085500,221
1638086400,343
1638087300,695
1638088200,337
1638089100,402
1638090000,820
1638090900,554
1638091800,500
1638092700,321
1638093600,677
1638094500,831
1638095400,790
1638096300,588
1638097200,478
1638098100,1140
1638099000,483
1638099900,278
1638100800,369
1638101700,314
1638102600,289
1638103500,542
1638104400,482
1638105300,297
1638106200,320
1638107100,323
1638108000,406
1638108900,290
1638109800,295
1638110700,684
1638111600,330
1638112500,473
1638113400,394
1638114300,708
1638115200,838
1638116100,436
1638117000,458
1638117900,858
1638118800,834
1638119700,529
1638120600,511
1638121500,453
1638122400,361
1638123300,347
1638124200,405
1638125100,357
1638126000,365
1638126900,434
1638127800,370
1638128700,340
1638129600,321
1638130500,440
1638131400,329
1638132300,315
1638133200,315
1638134100,300
1638135000,259
1638135900,220
1638136800,214
1638137700,144
1638138600,140
1638139500,133
1638140400,165
1638141300,191
1638142200,206
1638143100,141
1638144000,135
1638144900,153
1638145800,150
1638146700,160
1638147600,146
1638148500,168
1638149400,170
1638150300,162
1638151200,151
1638152100,154
1638153000,155
1638153900,151
1638154800,159
1638155700,160
1638156600,163
1638157500,132
1638158400,204
1638159300,229
1638160200,195
1638161100,148
1638162000,151
1638162900,183
1638163800,164
1638164700,140
1638165600,132
1638166500,196
1638167400,182
1638168300,170
1638169200,150
1638170100,144
1638171000,189
1638171900,654
1638172800,343
1638173700,237
1638174600,500
1638175500,976
1638176400,910
1638177300,512
1638178200,471
1638179100,527
1638180000,871
1638180900,416
1638181800,308
1638182700,253
1638183600,226
1638184500,820
1638185400,1226
1638186300,1021
1638187200,848
1638188100,397
1638189000,350
1638189900,356
1638190800,374
1638191700,331
1638192600,317
1638193500,319
1638194400,304
1638195300,301
1638196200,282
1638197100,270
1638198000,352
1638198900,254
1638199800,243
1638200700,243
1638201600,300
1638202500,659
1638203400,631
1638204300,609
1638205200,631
1638206100,718
1638207000,581
1638207900,440
1638208800,464
1638209700,493
1638210600,720
1638211500,561
1638212400,492
1638213300,480
1638214200,457
1638215100,468
1638216000,385
1638216900,532
1638217800,358
1638218700,352
1638219600,305
1638220500,200
1638221400,159
1638222300,152
1638223200,147
1638224100,157
1638225000,135
1638225900,142
1638226800,132
1638227700,151
1638228600,134
1638229500,160
1638230400,145
1638231300,147
1638232200,140
1638233100,164
1638234000,151
1638234900,159
1638235800,141
1638236700,218
1638237600,212
1638238500,147
1638239400,154
1638240300,153
1638241200,162
1638242100,153
1638243000,155
1638243900,161
1638244800,188
1638245700,200
1638246600,199
1638247500,243
1638248400,522
1638249300,192
1638250200,163
1638251100,169
1638252000,146
1638252900,241
1638253800,166
1638254700,228
1638255600,221
1638256500,166
1638257400,147
1638258300,149
1638259200,182
1638260100,207
1638261000,193
1638261900,220
1638262800,263
1638263700,326
1638264600,222
1638265500,231
1638266400,244
1638267300,434
1638268200,426
1638269100,235
1638270000,205
1638270900,278
1638271800,731
1638272700,310
1638273600,163
1638274500,273
1638275400,343
1638276300,185
1638277200,250
1638278100,225
1638279000,248
1638279900,249
1638280800,252
1638281700,195
1638282600,218
1638283500,272
1638284400,259
1638285300,352
1638286200,269
1638287100,307
1638288000,345
1638288900,600
1638289800,824
1638290700,545
1638291600,441
1638292500,378
1638293400,405
1638294300,417
1638295200,347
1638296100,405
1638297000,416
1638297900,458
1638298800,423
1638299700,348
1638300600,343
1638301500,326
1638302400,320
1638303300,353
1638304200,366
1638305100,321
1638306000,239
1638306900,223
1638307800,198
1638308700,169
1638309600,129
1638310500,141
1638311400,140
1638312300,150
1638313200,140
1638314100,137
1638315000,131
1638315900,202
1638316800,182
1638317700,141
1638318600,133
1638319500,160
1638320400,156
1638321300,151
1638322200,154
1638323100,147
1638324000,143
1638324900,161
1638325800,161
1638326700,142
1638327600,163
1638328500,171
1638329400,217
1638330300,198
1638331200,141
1638332100,152
1638333000,171
1638333900,255
1638334800,271
1638335700,312
1638336600,227
1638337500,277
1638338400,194
1638339300,199
1638340200,168
1638341100,180
1638342000,137
1638342900,145
1638343800,136
1638344700,132
1638345600,148
1638346500,134
1638347400,147
1638348300,148
1638349200,174
1638350100,203
1638351000,215
1638351900,168
1638352800,152
1638353700,160
1638354600,163
1638355500,171
1638356400,246
1638357300,308
1638358200,253
1638359100,218
1638360000,320
1638360900,182
1638361800,249
1638362700,265
1638363600,243
1638364500,338
1638365400,229
1638366300,229
1638367200,263
1638368100,221
1638369000,215
1638369900,285
1638370800,302
1638371700,282
1638372600,270
1638373500,262
1638374400,219
1638375300,653
1638376200,642
1638377100,526
1638378000,406
1638378900,425
1638379800,326
1638380700,323
1638381600,360
1638382500,348
1638383400,283
1638384300,256
1638385200,259
1638386100,260
1638387000,272
1638387900,301
1638388800,309
1638389700,261
1638390600,241
1638391500,288
1638392400,315
1638393300,250
1638394200,239
1638395100,174
1638396000,150
1638396900,147
1638397800,160
1638398700,144
1638399600,152
1638400500,140
1638401400,148
1638402300,149
1638403200,195
1638404100,200
1638405000,169
1638405900,151
1638406800,153
1638407700,170
1638408600,137
1638409500,139
1638410400,144
1638411300,152
1638412200,145
1638413100,140
1638414000,139
1638414900,180
1638415800,193
1638416700,181
1638417600,158
1638418500,207
1638419400,217
1638420300,266
1638421200,216
1638422100,234
1638423000,181
1638423900,210
1638424800,245
1638425700,247
1638426600,238
1638427500,222
1638428400,198
1638429300,179
1638430200,158
1638431100,188
1638432000,173
1638432900,170
1638433800,173
1638434700,371
1638435600,237
1638436500,175
1638437400,210
1638438300,303
1638439200,245
1638440100,286
1638441000,150
1638441900,149
1638442800,155
1638443700,157
1638444600,165
1638445500,157
1638446400,151
1638447300,594
1638448200,513
1638449100,561
1638450000,540
1638450900,184
1638451800,388
1638452700,392
1638453600,360
1638454500,370
1638455400,342
1638456300,315
1638457200,337
1638458100,242
1638459000,258
1638459900,207
1638460800,227
1638461700,330
1638462600,387
1638463500,902
1638464400,559
1638465300,512
1638466200,467
1638467100,332
1638468000,773
1638468900,379
1638469800,359
1638470700,445
1638471600,474
1638472500,574
1638473400,782
1638474300,343
1638475200,329
1638476100,334
1638477000,397
1638477900,359
1638478800,318
1638479700,252
1638480600,185
1638481500,147
1638482400,217
1638483300,158
1638484200,138
1638485100,133
1638486000,149
1638486900,151
1638487800,139
1638488700,182
1638489600,180
1638490500,148
1638491400,134
1638492300,155
1638493200,140
1638494100,164
1638495000,148
1638495900,150
1638496800,146
1638497700,163
1638498600,137
1638499500,154
1638500400,178
1638501300,208
1638502200,217
1638503100,150
1638504000,168
1638504900,194
1638505800,194
1638506700,253
1638507600,210
1638508500,323
1638509400,219
1638510300,191
1638511200,254
1638512100,272
1638513000,218
1638513900,215
1638514800,159
1638515700,163
1638516600,168
1638517500,163
1638518400,226
1638519300,210
1638520200,206
1638521100,172
1638522000,353
1638522900,245
1638523800,222
1638524700,186
1638525600,260
1638526500,192
1638527400,273
1638528300,274
1638529200,301
1638530100,227
1638531000,246
1638531900,221
1638532800,303
1638533700,237
1638534600,328
1638535500,342
1638536400,294
1638537300,242
1638538200,224
1638539100,233
1638540000,231
1638540900,234
1638541800,356
1638542700,319
1638543600,255
1638544500,739
1638545400,526
1638546300,634
1638547200,748
1638548100,628
1638549000,444
1638549900,378
1638550800,472
1638551700,505
1638552600,550
1638553500,630
1638554400,990
1638555300,510
1638556200,511
1638557100,454
1638558000,730
1638558900,1407
1638559800,946
1638560700,589
1638561600,419
1638562500,404
1638563400,491
1638564300,478
1638565200,434
1638566100,338
1638567000,323
1638567900,292
1638568800,235
1638569700,263
1638570600,251
1638571500,253
1638572400,229
1638573300,182
1638574200,171
1638575100,149
1638576000,140
1638576900,156
1638577800,168
1638578700,167
1638579600,154
1638580500,134
1638581400,156
1638582300,134
1638583200,138
1638584100,183
1638585000,193
1638585900,185
1638586800,131
1638587700,139
1638588600,168
1638589500,138
1638590400,167
1638591300,208
1638592200,216
1638593100,220
1638594000,210
1638594900,209
1638595800,199
1638596700,509
1638597600,504
1638598500,304
1638599400,273
1638600300,278
1638601200,215
1638602100,257
1638603000,240
1638603900,329
1638604800,390
1638605700,403
1638606600,328
1638607500,269
1638608400,255
1638609300,289
1638610200,364
1638611100,174
1638612000,162
1638612900,204
1638613800,191
1638614700,192
1638615600,182
1638616500,181
1638617400,178
1638618300,495
1638619200,712
1638620100,650
1638621000,221
1638621900,191
1638622800,174
1638623700,222
1638624600,306
1638625500,281
1638626400,306
1638627300,250
1638628200,218
1638629100,227
1638630000,382
1638630900,903
1638631800,788
1638632700,718
1638633600,629
1638634500,391
1638635400,354
1638636300,300
1638637200,570
1638638100,625
1638639000,344
1638639900,332
1638640800,339
1638641700,352
1638642600,201
1638643500,204
1638644400,282
1638645300,368
1638646200,333
1638647100,246
1638648000,222
1638648900,289
1638649800,286
1638650700,181
1638651600,174
1638652500,179
1638653400,192
1638654300,180
1638655200,182
1638656100,173
1638657000,175
1638657900,212
1638658800,234
1638659700,194
1638660600,166
1638661500,149
1638662400,152
1638663300,164
1638664200,156
1638665100,177
1638666000,204
1638666900,173
1638667800,163
1638668700,144
1638669600,144
1638670500,130
1638671400,147
1638672300,130
1638673200,139
1638674100,195
1638675000,193
1638675900,153
1638676800,136
1638677700,138
1638678600,151
1638679500,169
1638680400,212
1638681300,213
1638682200,181
1638683100,160
1638684000,162
1638684900,209
1638685800,217
1638686700,219
1638687600,481
1638688500,427
1638689400,208
1638690300,305
1638691200,282
1638692100,235
1638693000,363
1638693900,487
1638694800,250
1638695700,733
1638696600,417
1638697500,280
1638698400,230
1638699300,222
1638700200,226
1638701100,410
1638702000,825
1638702900,996
1638703800,876
1638704700,796
1638705600,718
1638706500,564
1638707400,269
1638708300,270
1638709200,305
1638710100,331
1638711000,324
1638711900,316
1638712800,275
1638713700,235
1638714600,259
1638715500,305
1638716400,388
1638717300,507
1638718200,535
1638719100,503
1638720000,429
1638720900,344
1638721800,620
1638722700,520
1638723600,731
1638724500,512
1638725400,862
1638726300,892
1638727200,501
1638728100,270
1638729000,255
1638729900,239
1638730800,289
1638731700,388
1638732600,413
1638733500,515
1638734400,444
1638735300,411
1638736200,377
1638737100,408
1638738000,394
1638738900,348
1638739800,312
1638740700,331
1638741600,357
1638742500,306
1638743400,256
1638744300,253
1638745200,282
1638746100,183
1638747000,163
1638747900,150
1638748800,136
1638749700,159
1638750600,157
1638751500,163
1638752400,158
1638753300,159
1638754200,152
1638755100,168
1638756000,136
1638756900,134
1638757800,162
1638758700,193
1638759600,169
1638760500,141
1638761400,142
1638762300,130
1638763200,152
1638764100,138
1638765000,146
1638765900,179
1638766800,202
1638767700,208
1638768600,172
1638769500,164
1638770400,141
1638771300,174
1638772200,228
1638773100,220
1638774000,199
1638774900,213
1638775800,262
1638776700,333
1638777600,714
1638778500,813
1638779400,833
1638780300,652
1638781200,665
1638782100,508
1638783000,358
1638783900,1103
1638784800,952
1638785700,1257
1638786600,662
1638787500,820
1638788400,745
1638789300,386
1638790200,827
1638791100,458
1638792000,340
1638792900,311
1638793800,294
1638794700,298
1638795600,316
1638796500,361
1638797400,368
1638798300,420
1638799200,420
1638800100,486
1638801000,404
1638801900,342
1638802800,252
1638803700,312
1638804600,304
1638805500,281
1638806400,299
1638807300,517
1638808200,471
1638809100,406
1638810000,425
1638810900,432
1638811800,440
1638812700,559
1638813600,524
1638814500,473
1638815400,511
1638816300,488
1638817200,741
1638818100,478
1638819000,407
1638819900,424
1638820800,433
1638821700,475
1638822600,528
1638823500,424
1638824400,359
1638825300,327
1638826200,318
1638827100,284
1638828000,262
1638828900,263
1638829800,276
1638830700,189
1638831600,173
1638832500,153
1638833400,177
1638834300,228
1638835200,232
1638836100,156
1638837000,175
1638837900,167
1638838800,172
1638839700,167
1638840600,159
1638841500,173
1638842400,173
1638843300,164
1638844200,163
1638845100,150
1638846000,148
1638846900,148
1638847800,162
1638848700,207
1638849600,207
1638850500,183
1638851400,168
1638852300,206
1638853200,299
1638854100,324
1638855000,671
1638855900,577
1638856800,228
1638857700,207
1638858600,235
1638859500,209
1638860400,157
1638861300,166
1638862200,196
1638863100,225
1638864000,217
1638864900,210
1638865800,214
1638866700,179
1638867600,234
1638868500,190
1638869400,174
1638870300,164
1638871200,174
1638872100,164
1638873000,170
1638873900,154
1638874800,166
1638875700,158
1638876600,176
1638877500,159
1638878400,162
1638879300,168
1638880200,175
1638881100,273
1638882000,358
1638882900,525
1638883800,191
1638884700,196
1638885600,198
1638886500,184
1638887400,197
1638888300,217
1638889200,211
1638890100,230
1638891000,229
1638891900,179
1638892800,298
1638893700,292
1638894600,266
1638895500,339
1638896400,325
1638897300,353
1638898200,341
1638899100,339
1638900000,466
1638900900,357
1638901800,319
1638902700,373
1638903600,350
1638904500,294
1638905400,346
1638906300,449
1638907200,329
1638908100,324
1638909000,328
1638909900,382
1638910800,399
1638911700,304
1638912600,274
1638913500,191
1638914400,152
1638915300,156
1638916200,165
1638917100,142
1638918000,175
1638918900,162
1638919800,167
1638920700,181
1638921600,197
1638922500,157
1638923400,155
1638924300,146
1638925200,164
1638926100,178
1638927000,154
1638927900,159
1638928800,146
1638929700,157
1638930600,143
1638931500,192
1638932400,201
1638933300,143
1638934200,144
1638935100,134
1638936000,163
1638936900,152
1638937800,172
1638938700,236
1638939600,245
1638940500,293
1638941400,281
1638942300,204
1638943200,222
1638944100,278
1638945000,211
1638945900,327
1638946800,290
1638947700,314
1638948600,295
1638949500,251
1638950400,265
1638951300,229
1638952200,229
1638953100,253
1638954000,276
1638954900,242
1638955800,223
1638956700,200
1638957600,172
1638958500,164
1638959400,136
1638960300,145
1638961200,149
1638962100,291
1638963000,231
1638963900,258
1638964800,456
1638965700,328
1638966600,252
1638967500,273
1638968400,240
1638969300,276
1638970200,219
1638971100,184
1638972000,189
1638972900,208
1638973800,186
1638974700,269
1638975600,269
1638976500,257
1638977400,237
1638978300,254
1638979200,662
1638980100,588
1638981000,378
1638981900,367
1638982800,344
1638983700,337
1638984600,355
1638985500,310
1638986400,230
1638987300,288
1638988200,333
1638989100,317
1638990000,328
1638990900,399
1638991800,260
1638992700,292
1638993600,330
1638994500,592
1638995400,359
1638996300,342
1638997200,332
1638998100,230
1638999000,236
1638999900,194
1639000800,151
1639001700,152
1639002600,148
1639003500,194
1639004400,185
1639005300,166
1639006200,136
1639007100,147
1639008000,152
1639008900,160
1639009800,172
1639010700,171
1639011600,218
1639012500,241
1639013400,223
1639014300,155
1639015200,167
1639016100,174
1639017000,158
1639017900,161
1639018800,148
1639019700,158
1639020600,193
1639021500,220
1639022400,151
1639023300,166
1639024200,170
1639025100,207
1639026000,178
1639026900,240
1639027800,221
1639028700,240
1639029600,253
1639030500,610
1639031400,710
1639032300,521
1639033200,176
1639034100,339
1639035000,396
1639035900,262
1639036800,202
1639037700,248
1639038600,185
1639039500,190
1639040400,293
1639041300,254
1639042200,282
1639043100,218
1639044000,261
1639044900,210
1639045800,233
1639046700,250
1639047600,240
1639048500,276
1639049400,669
1639050300,849
1639051200,743
1639052100,710
1639053000,562
1639053900,300
1639054800,249
1639055700,225
1639056600,184
1639057500,293
1639058400,302
1639059300,240
1639060200,248
1639061100,258
1639062000,384
1639062900,295
1639063800,267
1639064700,407
1639065600,364
1639066500,370
1639067400,425
1639068300,435
1639069200,398
1639070100,387
1639071000,719
1639071900,459
1639072800,493
1639073700,495
1639074600,490
1639075500,451
1639076400,650
1639077300,834
1639078200,507
1639079100,510
1639080000,470
1639080900,759
1639081800,750
1639082700,427
1639083600,415
1639084500,354
1639085400,301
1639086300,293
1639087200,326
1639088100,243
1639089000,236
1639089900,222
1639090800,217
1639091700,146
1639092600,163
1639093500,152
1639094400,137
1639095300,144
1639096200,152
1639097100,172
1639098000,145
1639098900,154
1639099800,160
1639100700,146
1639101600,159
1639102500,166
1639103400,219
1639104300,178
1639105200,146
1639106100,155
1639107000,193
1639107900,141
1639108800,150
1639109700,161
1639110600,151
1639111500,217
1639112400,245
1639113300,299
1639114200,202
1639115100,180
1639116000,164
1639116900,234
1639117800,185
1639118700,169
1639119600,204
1639120500,268
1639121400,296
1639122300,276
1639123200,256
1639124100,265
1639125000,257
1639125900,217
1639126800,222
1639127700,274
1639128600,392
1639129500,282
1639130400,743
1639131300,596
1639132200,484
1639133100,583
1639134000,385
1639134900,327
1639135800,286
1639136700,352
1639137600,398
1639138500,374
1639139400,280
1639140300,248
1639141200,261
1639142100,324
1639143000,313
1639143900,284
1639144800,395
1639145700,414
1639146600,367
1639147500,326
1639148400,369
1639149300,343
1639150200,377
1639151100,623
1639152000,737
1639152900,450
1639153800,430
1639154700,349
1639155600,379
1639156500,470
1639157400,492
1639158300,388
1639159200,382
1639160100,404
1639161000,355
1639161900,356
1639162800,370
1639163700,398
1639164600,407
1639165500,322
1639166400,318
1639167300,366
1639168200,363
1639169100,308
1639170000,387
1639170900,361
1639171800,220
1639172700,155
1639173600,133
1639174500,140
1639175400,142
1639176300,130
1639177200,147
1639178100,141
1639179000,154
1639179900,152
1639180800,139
1639181700,135
1639182600,141
1639183500,148
1639184400,156
1639185300,178
1639186200,155
1639187100,136
1639188000,181
1639188900,206
1639189800,168
1639190700,156
1639191600,160
1639192500,160
1639193400,172
1639194300,144
1639195200,159
1639196100,176
1639197000,195
1639197900,233
1639198800,192
1639199700,239
1639200600,233
1639201500,168
1639202400,264
1639203300,164
1639204200,175
1639205100,177
1639206000,185
1639206900,197
1639207800,252
1639208700,235
1639209600,213
1639210500,401
1639211400,295
1639212300,285
1639213200,283
1639214100,244
1639215000,256
1639215900,270
1639216800,225
1639217700,188
1639218600,195
1639219500,205
1639220400,213
1639221300,194
1639222200,431
1639223100,319
1639224000,273
1639224900,440
1639225800,381
1639226700,331
1639227600,270
1639228500,222
1639229400,228
1639230300,235
1639231200,199
1639232100,295
1639233000,260
1639233900,233
1639234800,177
1639235700,509
1639236600,438
1639237500,382
1639238400,420
1639239300,689
1639240200,724
1639241100,609
1639242000,401
1639242900,341
1639243800,301
1639244700,324
1639245600,290
1639246500,283
1639247400,379
1639248300,427
1639249200,415
1639250100,384
1639251000,406
1639251900,380
1639252800,365
1639253700,368
1639254600,384
1639255500,361
1639256400,342
1639257300,281
1639258200,318
1639259100,317
1639260000,313
1639260900,244
1639261800,218
1639262700,225
1639263600,243
1639264500,206
1639265400,188
1639266300,144
1639267200,157
1639268100,142
1639269000,149
1639269900,176
1639270800,158
1639271700,141
1639272600,147
1639273500,157
1639274400,179
1639275300,205
1639276200,170
1639277100,158
1639278000,147
1639278900,142
1639279800,157
1639280700,160
1639281600,131
1639282500,168
1639283400,214
1639284300,211
1639285200,148
1639286100,153
1639287000,160
1639287900,154
1639288800,200
1639289700,191
1639290600,169
1639291500,158
1639292400,135
1639293300,248
1639294200,215
1639295100,243
1639296000,265
1639296900,228
1639297800,655
1639298700,367
1639299600,321
1639300500,282
1639301400,326
1639302300,369
1639303200,383
1639304100,378
1639305000,1053
1639305900,1070
1639306800,870
1639307700,412
1639308600,710
1639309500,564
1639310400,351
1639311300,395
1639312200,340
1639313100,910
1639314000,947
1639314900,826
1639315800,833
1639316700,726
1639317600,814
1639318500,299
1639319400,344
1639320300,333
1639321200,399
1639322100,388
1639323000,320
1639323900,285
1639324800,362
1639325700,309
1639326600,292
1639327500,288
1639328400,330
1639329300,633
1639330200,1315
1639331100,1168
1639332000,1314
1639332900,525
1639333800,429
1639334700,438
1639335600,509
1639336500,806
1639337400,666
1639338300,607
1639339200,527
1639340100,547
1639341000,927
1639341900,512
1639342800,433
1639343700,429
1639344600,405
1639345500,465
1639346400,324
1639347300,209
1639348200,138
1639349100,142
1639350000,146
1639350900,134
1639351800,141
1639352700,141
1639353600,155
1639354500,203
1639355400,201
1639356300,156
1639357200,160
1639358100,162
1639359000,137
1639359900,183
1639360800,157
1639361700,136
1639362600,153
1639363500,149
1639364400,157
1639365300,203
1639366200,214
1639367100,166
1639368000,156
1639368900,139
1639369800,148
1639370700,167
1639371600,157
1639372500,153
1639373400,213
1639374300,213
1639375200,174
1639376100,150
1639377000,152
1639377900,139
1639378800,193
1639379700,194
1639380600,181
1639381500,181
1639382400,332
1639383300,343
1639384200,278
1639385100,252
1639386000,285
1639386900,360
1639387800,373
1639388700,389
1639389600,350
1639390500,279
1639391400,280
1639392300,214
1639393200,176
1639394100,223
1639395000,206
1639395900,185
1639396800,164
1639397700,149
1639398600,169
1639399500,213
1639400400,207
1639401300,175
1639402200,174
1639403100,164
1639404000,161
1639404900,147
1639405800,299
1639406700,247
1639407600,185
1639408500,177
1639409400,202
1639410300,304
1639411200,385
1639412100,409
1639413000,415
1639413900,429
1639414800,466
1639415700,414
1639416600,470
1639417500,580
1639418400,425
1639419300,422
1639420200,476
1639421100,453
1639422000,397
1639422900,395
1639423800,436
1639424700,596
1639425600,693
1639426500,428
1639427400,394
1639428300,402
1639429200,834
1639430100,448
1639431000,328
1639431900,374
1639432800,345
1639433700,265
1639434600,203
1639435500,154
1639436400,145
1639437300,149
1639438200,129
1639439100,140
1639440000,183
1639440900,198
1639441800,137
1639442700,138
1639443600,148
1639444500,156
1639445400,163
1639446300,146
1639447200,178
1639448100,207
1639449000,185
1639449900,140
1639450800,147
1639451700,155
1639452600,158
1639453500,148
1639454400,162
1639455300,203
1639456200,206
1639457100,180
1639458000,214
1639458900,226
1639459800,212
1639460700,171
1639461600,149
1639462500,172
1639463400,133
1639464300,138
1639465200,169
1639466100,211
1639467000,223
1639467900,192
1639468800,225
1639469700,202
1639470600,234
1639471500,213
1639472400,174
1639473300,168
1639474200,170
1639475100,172
1639476000,229
1639476900,220
1639477800,187
1639478700,161
1639479600,167
1639480500,149
1639481400,146
1639482300,140
1639483200,190
1639484100,223
1639485000,151
1639485900,153
1639486800,157
1639487700,160
1639488600,230
1639489500,233
1639490400,253
1639491300,197
1639492200,211
1639493100,621
1639494000,606
1639494900,585
1639495800,369
1639496700,540
1639497600,614
1639498500,495
1639499400,565
1639500300,531
1639501200,531
1639502100,403
1639503000,753
1639503900,433
1639504800,362
1639505700,381
1639506600,346
1639507500,402
1639508400,415
1639509300,370
1639510200,396
1639511100,323
1639512000,338
1639512900,365
1639513800,389
1639514700,367
1639515600,309
1639516500,289
1639517400,173
1639518300,165
1639519200,218
1639520100,155
1639521000,140
1639521900,200
1639522800,195
1639523700,155
1639524600,128
1639525500,132
1639526400,135
1639527300,159
1639528200,216
1639529100,157
1639530000,145
1639530900,160
1639531800,128
1639532700,182
1639533600,210
1639534500,170
1639535400,132
1639536300,146
1639537200,160
1639538100,185
1639539000,212
1639539900,182
1639540800,165
1639541700,213
1639542600,201
1639543500,197
1639544400,201
1639545300,235
1639546200,275
1639547100,302
1639548000,257
1639548900,209
1639549800,181
1639550700,176
1639551600,446
1639552500,521
1639553400,222
1639554300,204
1639555200,185
1639556100,174
1639557000,205
1639557900,190
1639558800,145
1639559700,150
1639560600,143
1639561500,221
1639562400,222
1639563300,210
1639564200,183
1639565100,191
1639566000,459
1639566900,443
1639567800,235
1639568700,249
1639569600,256
1639570500,330
1639571400,276
1639572300,260
1639573200,219
1639574100,171
1639575000,260
1639575900,275
1639576800,229
1639577700,248
1639578600,208
1639579500,269
1639580400,275
1639581300,265
1639582200,231
1639583100,252
1639584000,760
1639584900,488
1639585800,511
1639586700,445
1639587600,550
1639588500,581
1639589400,437
1639590300,420
1639591200,414
1639592100,458
1639593000,616
1639593900,707
1639594800,386
1639595700,506
1639596600,517
1639597500,709
1639598400,633
1639599300,299
1639600200,362
1639601100,365
1639602000,283
1639602900,205
1639603800,182
1639604700,161
1639605600,204
1639606500,172
1639607400,143
1639608300,199
1639609200,208
1639610100,142
1639611000,132
1639611900,147
1639612800,136
1639613700,144
1639614600,131
1639615500,152
1639616400,204
1639617300,155
1639618200,140
1639619100,140
1639620000,179
1639620900,162
1639621800,139
1639622700,145
1639623600,179
1639624500,199
1639625400,191
1639626300,157
1639627200,151
1639628100,181
1639629000,220
1639629900,226
1639630800,243
1639631700,322
1639632600,199
1639633500,243
1639634400,228
1639635300,212
1639636200,287
1639637100,320
1639638000,292
1639638900,334
1639639800,352
1639640700,263
1639641600,376
1639642500,380
1639643400,373
1639644300,241
1639645200,228
1639646100,191
1639647000,185
1639647900,234
1639648800,198
1639649700,163
1639650600,156
1639651500,181
1639652400,357
1639653300,308
1639654200,258
1639655100,252
1639656000,253
1639656900,283
1639657800,312
1639658700,362
1639659600,321
1639660500,286
1639661400,281
1639662300,250
1639663200,345
1639664100,284
1639665000,301
1639665900,280
1639666800,277
1639667700,222
1639668600,213
1639669500,459
1639670400,407
1639671300,672
1639672200,377
1639673100,575
1639674000,399
1639674900,523
1639675800,382
1639676700,415
1639677600,479
1639678500,441
1639679400,416
1639680300,400
1639681200,441
1639682100,385
1639683000,347
1639683900,359
1639684800,452
1639685700,407
1639686600,343
1639687500,296
1639688400,282
1639689300,247
1639690200,184
1639691100,156
1639692000,164
1639692900,161
1639693800,157
1639694700,212
1639695600,221
1639696500,201
1639697400,159
1639698300,138
1639699200,137
1639700100,144
1639701000,140
1639701900,141
1639702800,182
1639703700,182
1639704600,151
1639705500,146
1639706400,156
1639707300,146
1639708200,193
1639709100,197
1639710000,158
1639710900,140
1639711800,157
1639712700,193
1639713600,202
1639714500,171
1639715400,144
1639716300,188
1639717200,281
1639718100,311
1639719000,187
1639719900,195
1639720800,241
1639721700,267
1639722600,217
1639723500,190
1639724400,184
1639725300,202
1639726200,210
1639727100,214
1639728000,441
1639728900,364
1639729800,185
1639730700,155
1639731600,215
1639732500,183
1639733400,296
1639734300,217
1639735200,213
1639736100,226
1639737000,250
1639737900,231
1639738800,856
1639739700,656
1639740600,215
1639741500,309
1639742400,249
1639743300,317
1639744200,288
1639745100,373
1639746000,315
1639746900,289
1639747800,260
1639748700,285
1639749600,356
1639750500,400
1639751400,306
1639752300,280
1639753200,337
1639754100,360
1639755000,430
1639755900,492
1639756800,455
1639757700,517
1639758600,517
1639759500,550
1639760400,510
1639761300,545
1639762200,505
1639763100,442
1639764000,293
1639764900,263
1639765800,292
1639766700,392
1639767600,310
1639768500,264
1639769400,217
1639770300,215
1639771200,262
1639772100,324
1639773000,311
1639773900,232
1639774800,259
1639775700,286
1639776600,190
1639777500,191
1639778400,167
1639779300,157
1639780200,166
1639781100,222
1639782000,208
1639782900,209
1639783800,163
1639784700,165
1639785600,134
1639786500,152
1639787400,172
1639788300,200
1639789200,191
1639790100,146
1639791000,157
1639791900,163
1639792800,155
1639793700,195
1639794600,194
1639795500,144
1639796400,138
1639797300,128
1639798200,153
1639799100,189
1639800000,199
1639800900,159
1639801800,145
1639802700,173
1639803600,242
1639804500,232
1639805400,200
1639806300,176
1639807200,259
1639808100,209
1639809000,203
1639809900,162
1639810800,199
1639811700,243
1639812600,307
1639813500,204
1639814400,193
1639815300,196
1639816200,328
1639817100,273
1639818000,260
1639818900,213
1639819800,335
1639820700,231
1639821600,276
1639822500,283
1639823400,218
1639824300,259
1639825200,313
1639826100,330
1639827000,206
1639827900,208
1639828800,170
1639829700,178
1639830600,263
1639831500,238
1639832400,196
1639833300,299
1639834200,234
1639835100,257
1639836000,298
1639836900,286
1639837800,209
1639838700,185
1639839600,231
1639840500,245
1639841400,339
1639842300,287
1639843200,309
1639844100,334
1639845000,716
1639845900,930
1639846800,1134
1639847700,645
1639848600,437
1639849500,368
1639850400,428
1639851300,432
1639852200,434
1639853100,588
1639854000,490
1639854900,534
1639855800,454
1639856700,423
1639857600,443
1639858500,472
1639859400,388
1639860300,450
1639861200,383
1639862100,406
1639863000,394
1639863900,332
1639864800,255
1639865700,233
1639866600,230
1639867500,234
1639868400,267
1639869300,287
1639870200,202
1639871100,138
1639872000,128
1639872900,135
1639873800,129
1639874700,137
1639875600,139
1639876500,197
1639877400,204
1639878300,166
1639879200,143
1639880100,145
1639881000,148
1639881900,154
1639882800,162
1639883700,221
1639884600,191
1639885500,177
1639886400,147
1639887300,141
1639888200,157
1639889100,165
1639890000,211
1639890900,197
1639891800,194
1639892700,161
1639893600,168
1639894500,149
1639895400,163
1639896300,168
1639897200,211
1639898100,207
1639899000,185
1639899900,601
1639900800,631
1639901700,302
1639902600,210
1639903500,237
1639904400,236
1639905300,229
1639906200,258
1639907100,318
1639908000,287
1639908900,276
1639909800,297
1639910700,354
1639911600,841
1639912500,1112
1639913400,813
1639914300,505
1639915200,337
1639916100,308
1639917000,317
1639917900,297
1639918800,328
1639919700,520
1639920600,635
1639921500,361
1639922400,291
1639923300,310
1639924200,459
1639925100,346
1639926000,311
1639926900,298
1639927800,354
1639928700,406
1639929600,510
1639930500,744
1639931400,543
1639932300,789
1639933200,1218
1639934100,1859
1639935000,1541
1639935900,1123
1639936800,694
1639937700,457
1639938600,442
1639939500,501
1639940400,410
1639941300,394
1639942200,523
1639943100,1276
1639944000,830
1639944900,516
1639945800,513
1639946700,750
1639947600,760
1639948500,346
1639949400,357
1639950300,387
1639951200,352
1639952100,275
1639953000,212
1639953900,210
1639954800,197
1639955700,214
1639956600,194
1639957500,134
1639958400,147
1639959300,133
1639960200,139
1639961100,128
1639962000,144
1639962900,144
1639963800,166
1639964700,230
1639965600,169
1639966500,137
1639967400,151
1639968300,138
1639969200,162
1639970100,147
1639971000,204
1639971900,193
1639972800,178
1639973700,153
1639974600,140
1639975500,153
1639976400,154
1639977300,201
1639978200,216
1639979100,177
1639980000,171
1639980900,160
1639981800,173
1639982700,209
1639983600,215
1639984500,184
1639985400,156
1639986300,230
1639987200,506
1639988100,696
1639989000,337
1639989900,241
1639990800,276
1639991700,553
1639992600,824
1639993500,660
1639994400,651
1639995300,774
1639996200,854
1639997100,695
1639998000,614
1639998900,458
1639999800,327
1640000700,573
1640001600,608
1640002500,223
1640003400,244
1640004300,283
1640005200,321
1640006100,225
1640007000,238
1640007900,285
1640008800,351
1640009700,358
1640010600,523
1640011500,365
1640012400,322
1640013300,319
1640014200,372
1640015100,426
1640016000,394
1640016900,449
1640017800,549
1640018700,345
1640019600,346
1640020500,766
1640021400,385
1640022300,508
1640023200,512
1640024100,529
1640025000,787
1640025900,492
1640026800,494
1640027700,447
1640028600,500
1640029500,557
1640030400,386
1640031300,439
1640032200,523
1640033100,488
1640034000,460
1640034900,407
1640035800,318
1640036700,313
1640037600,223
1640038500,183
1640039400,159
1640040300,214
1640041200,200
1640042100,206
1640043000,195
1640043900,156
1640044800,148
1640045700,136
1640046600,141
1640047500,129
1640048400,128
1640049300,191
1640050200,181
1640051100,146
1640052000,163
1640052900,149
1640053800,134
1640054700,151
1640055600,139
1640056500,205
1640057400,209
1640058300,195
1640059200,141
1640060100,163
1640061000,150
1640061900,195
1640062800,578
1640063700,483
1640064600,350
1640065500,472
1640066400,601
1640067300,274
1640068200,222
1640069100,211
1640070000,686
1640070900,431
1640071800,229
1640072700,282
1640073600,365
1640074500,401
1640075400,362
1640076300,325
1640077200,512
1640078100,576
1640079000,630
1640079900,440
1640080800,430
1640081700,501
1640082600,891
1640083500,1288
1640084400,695
1640085300,275
1640086200,372
1640087100,356
1640088000,520
1640088900,774
1640089800,301
1640090700,354
1640091600,295
1640092500,297
1640093400,383
1640094300,290
1640095200,355
1640096100,295
1640097000,291
1640097900,238
1640098800,319
1640099700,309
1640100600,347
1640101500,294
1640102400,361
1640103300,361
1640104200,352
1640105100,372
1640106000,466
1640106900,730
1640107800,1133
1640108700,620
1640109600,671
1640110500,607
1640111400,493
1640112300,503
1640113200,417
1640114100,383
1640115000,351
1640115900,371
1640116800,388
1640117700,380
1640118600,328
1640119500,321
1640120400,310
1640121300,307
1640122200,233
1640123100,217
1640124000,214
1640124900,162
1640125800,142
1640126700,202
1640127600,218
1640128500,191
1640129400,160
1640130300,158
1640131200,151
1640132100,139
1640133000,132
1640133900,144
1640134800,132
1640135700,143
1640136600,133
1640137500,141
1640138400,206
1640139300,188
1640140200,172
1640141100,130
1640142000,160
1640142900,155
1640143800,138
1640144700,159
1640145600,156
1640146500,193
1640147400,208
1640148300,169
1640149200,162
1640150100,147
1640151000,164
1640151900,238
1640152800,439
1640153700,315
1640154600,312
1640155500,282
1640156400,345
1640157300,300
1640158200,364
1640159100,395
1640160000,402
1640160900,309
1640161800,316
1640162700,360
1640163600,315
1640164500,387
1640165400,491
1640166300,393
1640167200,483
1640168100,523
1640169000,721
1640169900,465
1640170800,466
1640171700,437
1640172600,418
1640173500,298
1640174400,267
1640175300,217
1640176200,264
1640177100,340
1640178000,320
1640178900,394
1640179800,384
1640180700,502
1640181600,258
1640182500,210
1640183400,284
1640184300,279
1640185200,362
1640186100,458
1640187000,920
1640187900,552
1640188800,498
1640189700,668
1640190600,773
1640191500,462
1640192400,448
1640193300,879
1640194200,557
1640195100,501
1640196000,501
1640196900,826
1640197800,986
1640198700,644
1640199600,505
1640200500,463
1640201400,554
1640202300,447
1640203200,477
1640204100,388
1640205000,404
1640205900,467
1640206800,400
1640207700,346
1640208600,257
1640209500,243
1640210400,245
1640211300,224
1640212200,260
1640213100,204
1640214000,156
1640214900,150
1640215800,153
1640216700,150
1640217600,159
1640218500,137
1640219400,130
1640220300,139
1640221200,140
1640222100,146
1640223000,159
1640223900,148
1640224800,204
1640225700,196
1640226600,143
1640227500,131
1640228400,157
1640229300,154
1640230200,166
1640231100,163
1640232000,161
1640232900,209
1640233800,206
1640234700,159
1640235600,145
1640236500,240
1640237400,241
1640238300,214
1640239200,248
1640240100,259
1640241000,244
1640241900,198
1640242800,153
1640243700,161
1640244600,192
1640245500,297
1640246400,1029
1640247300,909
1640248200,907
1640249100,699
1640250000,674
1640250900,608
1640251800,513
1640252700,543
1640253600,554
1640254500,1161
1640255400,876
1640256300,1285
1640257200,969
1640258100,784
1640259000,707
1640259900,610
1640260800,244
1640261700,226
1640262600,243
1640263500,705
1640264400,661
1640265300,256
1640266200,215
1640267100,155
1640268000,158
1640268900,600
1640269800,716
1640270700,695
1640271600,714
1640272500,505
1640273400,373
1640274300,423
1640275200,351
1640276100,316
1640277000,286
1640277900,421
1640278800,336
1640279700,336
1640280600,321
1640281500,352
1640282400,349
1640283300,337
1640284200,326
1640285100,314
1640286000,334
1640286900,320
1640287800,364
1640288700,384
1640289600,400
1640290500,433
1640291400,537
1640292300,506
1640293200,521
1640294100,363
1640295000,345
1640295900,382
1640296800,318
1640297700,214
1640298600,155
1640299500,176
1640300400,176
1640301300,175
1640302200,159
1640303100,165
1640304000,167
1640304900,154
1640305800,186
1640306700,187
1640307600,172
1640308500,132
1640309400,127
1640310300,137
1640311200,139
1640312100,152
1640313000,159
1640313900,136
1640314800,134
1640315700,148
1640316600,161
1640317500,149
1640318400,189
1640319300,212
1640320200,187
1640321100,162
1640322000,153
1640322900,162
1640323800,141
1640324700,160
1640325600,156
1640326500,191
1640327400,196
1640328300,221
1640329200,196
1640330100,258
1640331000,221
1640331900,687
1640332800,325
1640333700,287
1640334600,498
1640335500,766
1640336400,566
1640337300,455
1640338200,346
1640339100,526
1640340000,284
1640340900,317
1640341800,489
1640342700,371
1640343600,382
1640344500,353
1640345400,347
1640346300,275
1640347200,263
1640348100,347
1640349000,275
1640349900,279
1640350800,330
1640351700,330
1640352600,228
1640353500,282
1640354400,288
1640355300,221
1640356200,207
1640357100,249
1640358000,267
1640358900,257
1640359800,253
1640360700,284
1640361600,329
1640362500,350
1640363400,1109
1640364300,450
1640365200,199
1640366100,203
1640367000,237
1640367900,324
1640368800,324
1640369700,301
1640370600,277
1640371500,249
1640372400,263
1640373300,252
1640374200,264
1640375100,293
1640376000,280
1640376900,260
1640377800,331
1640378700,332
1640379600,315
1640380500,314
1640381400,339
1640382300,336
1640383200,419
1640384100,252
1640385000,419
1640385900,309
1640386800,305
1640387700,295
1640388600,269
1640389500,269
1640390400,272
1640391300,198
1640392200,178
1640393100,138
1640394000,137
1640394900,128
1640395800,136
1640396700,126
1640397600,131
1640398500,146
1640399400,149
1640400300,148
1640401200,129
1640402100,135
1640403000,150
1640403900,207
1640404800,214
1640405700,181
1640406600,155
1640407500,137
1640408400,170
1640409300,156
1640410200,160
1640411100,154
1640412000,136
1640412900,164
1640413800,210
1640414700,196
1640415600,212
1640416500,226
1640417400,191
1640418300,262
1640419200,227
1640420100,258
1640421000,276
1640421900,435
1640422800,500
1640423700,1339
1640424600,757
1640425500,791
1640426400,612
1640427300,834
1640428200,1199
1640429100,469
1640430000,291
1640430900,330
1640431800,276
1640432700,306
1640433600,354
1640434500,327
1640435400,349
1640436300,321
1640437200,476
1640438100,524
1640439000,425
1640439900,477
1640440800,423
1640441700,360
1640442600,310
1640443500,329
1640444400,311
1640445300,322
1640446200,378
1640447100,384
1640448000,367
1640448900,903
1640449800,726
1640450700,735
1640451600,668
1640452500,652
1640453400,439
1640454300,524
1640455200,486
1640456100,484
1640457000,463
1640457900,481
1640458800,425
1640459700,459
1640460600,434
1640461500,482
1640462400,457
1640463300,394
1640464200,358
1640465100,377
1640466000,378
1640466900,382
1640467800,387
1640468700,387
1640469600,386
1640470500,314
1640471400,261
1640472300,236
1640473200,246
1640474100,200
1640475000,220
1640475900,205
1640476800,173
1640477700,202
1640478600,178
1640479500,151
1640480400,134
1640481300,138
1640482200,155
1640483100,138
1640484000,137
1640484900,135
1640485800,127
1640486700,144
1640487600,147
1640488500,140
1640489400,131
1640490300,158
1640491200,231
1640492100,205
1640493000,158
1640493900,168
1640494800,143
1640495700,157
1640496600,152
1640497500,159
1640498400,173
1640499300,215
1640500200,229
1640501100,183
1640502000,144
1640502900,178
1640503800,215
1640504700,316
1640505600,183
1640506500,210
1640507400,427
1640508300,438
1640509200,984
1640510100,372
1640511000,276
1640511900,735
1640512800,1317
1640513700,1191
1640514600,846
1640515500,382
1640516400,875
1640517300,479
1640518200,271
1640519100,300
1640520000,526
1640520900,296
1640521800,309
1640522700,335
1640523600,287
1640524500,280
1640525400,267
1640526300,292
1640527200,408
1640528100,309
1640529000,285
1640529900,322
1640530800,247
1640531700,263
1640532600,271
1640533500,268
1640534400,258
1640535300,330
1640536200,452
1640537100,487
1640538000,832
1640538900,477
1640539800,446
1640540700,450
1640541600,811
1640542500,1492
1640543400,529
1640544300,328
1640545200,374
1640546100,333
1640547000,422
1640547900,402
1640548800,482
1640549700,734
1640550600,646
1640551500,486
1640552400,486
1640553300,320
1640554200,291
1640555100,243
1640556000,250
1640556900,261
1640557800,271
1640558700,253
1640559600,213
1640560500,182
1640561400,173
1640562300,156
1640563200,142
1640564100,152
1640565000,165
1640565900,156
1640566800,159
1640567700,133
1640568600,137
1640569500,141
1640570400,131
1640571300,138
1640572200,148
1640573100,153
1640574000,160
1640574900,136
1640575800,191
1640576700,187
1640577600,182
1640578500,161
1640579400,150
1640580300,159
1640581200,155
1640582100,209
1640583000,209
1640583900,189
1640584800,157
1640585700,155
1640586600,155
1640587500,147
1640588400,168
1640589300,230
1640590200,204
1640591100,198
1640592000,173
1640592900,813
1640593800,404
1640594700,504
1640595600,280
1640596500,229
1640597400,555
1640598300,462
1640599200,266
1640600100,336
1640601000,439
1640601900,257
1640602800,378
1640603700,572
1640604600,338
1640605500,218
1640606400,234
1640607300,264
1640608200,350
1640609100,286
1640610000,305
1640610900,230
1640611800,219
1640612700,359
1640613600,228
1640614500,251
1640615400,240
1640616300,368
1640617200,294
1640618100,378
1640619000,415
1640619900,409
1640620800,422
1640621700,481
1640622600,680
1640623500,361
1640624400,383
1640625300,379
1640626200,381
1640627100,414
1640628000,551
1640628900,631
1640629800,904
1640630700,869
1640631600,553
1640632500,520
1640633400,424
1640634300,448
1640635200,405
1640636100,367
1640637000,368
1640637900,389
1640638800,445
1640639700,390
1640640600,350
1640641500,297
1640642400,214
1640643300,176
1640644200,165
1640645100,173
1640646000,165
1640646900,137
1640647800,161
1640648700,152
1640649600,152
1640650500,163
1640651400,208
1640652300,191
1640653200,166
1640654100,154
1640655000,165
1640655900,183
1640656800,146
1640657700,134
1640658600,144
1640659500,141
1640660400,137
1640661300,158
1640662200,141
1640663100,139
1640664000,153
1640664900,153
1640665800,155
1640666700,148
1640667600,162
1640668500,136
1640669400,218
1640670300,225
1640671200,178
1640672100,159
1640673000,156
1640673900,154
1640674800,161
1640675700,224
1640676600,360
1640677500,444
1640678400,295
1640679300,242
1640680200,634
1640681100,291
1640682000,694
1640682900,675
1640683800,721
1640684700,591
1640685600,192
1640686500,216
1640687400,210
1640688300,248
1640689200,809
1640690100,388
1640691000,185
1640691900,226
1640692800,223
1640693700,267
1640694600,292
1640695500,239
1640696400,574
1640697300,894
1640698200,742
1640699100,707
1640700000,492
1640700900,432
1640701800,449
1640702700,381
1640703600,386
1640704500,490
1640705400,510
1640706300,751
1640707200,370
1640708100,324
1640709000,367
1640709900,766
1640710800,699
1640711700,549
1640712600,387
1640713500,306
1640714400,229
1640715300,253
1640716200,196
1640717100,175
1640718000,231
1640718900,271
1640719800,628
1640720700,662
1640721600,336
1640722500,313
1640723400,331
1640724300,322
1640725200,260
1640726100,238
1640727000,224
1640727900,443
1640728800,220
1640729700,234
1640730600,270
1640731500,191
1640732400,206
1640733300,221
1640734200,183
1640735100,150
1640736000,161
1640736900,161
1640737800,158
1640738700,164
1640739600,163
1640740500,156
1640741400,129
1640742300,130
1640743200,142
1640744100,139
1640745000,211
1640745900,196
1640746800,168
1640747700,132
1640748600,145
1640749500,143
1640750400,131
1640751300,165
1640752200,144
1640753100,148
1640754000,170
1640754900,172
1640755800,199
1640756700,207
1640757600,212
1640758500,153
1640759400,163
1640760300,223
1640761200,215
1640762100,190
1640763000,143
1640763900,156
1640764800,196
1640765700,202
1640766600,202
1640767500,195
1640768400,314
1640769300,951
1640770200,306
1640771100,312
1640772000,224
1640772900,224
1640773800,211
1640774700,189
1640775600,235
1640776500,323
1640777400,231
1640778300,245
1640779200,208
1640780100,248
1640781000,315
1640781900,494
1640782800,398
1640783700,384
1640784600,638
1640785500,595
1640786400,410
1640787300,347
1640788200,410
1640789100,385
1640790000,510
1640790900,479
1640791800,482
1640792700,535
1640793600,701
1640794500,538
1640795400,763
1640796300,620
1640797200,821
1640798100,732
1640799000,308
1640799900,611
1640800800,271
1640801700,380
1640802600,396
1640803500,706
1640804400,896
1640805300,524
1640806200,487
1640807100,504
1640808000,591
1640808900,452
1640809800,413
1640810700,364
1640811600,331
1640812500,319
1640813400,334
1640814300,322
1640815200,339
1640816100,279
1640817000,213
1640817900,245
1640818800,193
1640819700,214
1640820600,166
1640821500,134
1640822400,159
1640823300,151
1640824200,155
1640825100,167
1640826000,134
1640826900,170
1640827800,162
1640828700,144
1640829600,136
1640830500,154
1640831400,134
1640832300,132
1640833200,142
1640834100,131
1640835000,152
1640835900,187
1640836800,206
1640837700,202
1640838600,175
1640839500,156
1640840400,140
1640841300,611
1640842200,428
1640843100,206
1640844000,242
1640844900,223
1640845800,329
1640846700,695
1640847600,260
1640848500,185
1640849400,191
1640850300,169
1640851200,210
1640852100,273
1640853000,338
1640853900,229
1640854800,263
1640855700,275
1640856600,291
1640857500,319
1640858400,233
1640859300,256
1640860200,248
1640861100,266
1640862000,653
1640862900,570
1640863800,370
1640864700,204
1640865600,202
1640866500,206
1640867400,363
1640868300,390
1640869200,366
1640870100,312
1640871000,282
1640871900,343
1640872800,570
1640873700,759
1640874600,452
1640875500,479
1640876400,513
1640877300,686
1640878200,766
1640879100,668
1640880000,484
1640880900,497
1640881800,381
1640882700,355
1640883600,357
1640884500,804
1640885400,339
1640886300,314
1640887200,351
1640888100,361
1640889000,362
1640889900,393
1640890800,555
1640891700,425
1640892600,394
1640893500,345
1640894400,497
1640895300,389
1640896200,346
1640897100,325
1640898000,309
1640898900,314
1640899800,283
1640900700,167
1640901600,167
1640902500,165
1640903400,146
1640904300,149
1640905200,159
1640906100,146
1640907000,148
1640907900,147
1640908800,156
1640909700,152
1640910600,148
1640911500,155
1640912400,160
1640913300,206
1640914200,190
1640915100,158
1640916000,143
1640916900,134
1640917800,162
1640918700,137
1640919600,132
1640920500,134
1640921400,128
1640922300,157
1640923200,157
1640924100,212
1640925000,191
1640925900,160
1640926800,179
1640927700,157
1640928600,154
1640929500,151
1640930400,157
1640931300,145
1640932200,191
1640933100,230
1640934000,217
1640934900,169
1640935800,150
1640936700,167
1640937600,225
1640938500,637
1640939400,626
1640940300,307
1640941200,239
1640942100,288
1640943000,702
1640943900,846
1640944800,759
1640945700,822
1640946600,956
1640947500,1000
1640948400,777
1640949300,385
1640950200,729
1640951100,291
1640952000,320
1640952900,439
1640953800,908
1640954700,911
1640955600,736
1640956500,335
1640957400,184
1640958300,187
1640959200,272
1640960100,252
1640961000,337
1640961900,472
1640962800,486
1640963700,808
1640964600,496
1640965500,507
1640966400,423
1640967300,401
1640968200,707
1640969100,740
1640970000,421
1640970900,393
1640971800,458
1640972700,444
1640973600,322
1640974500,262
1640975400,534
1640976300,647
1640977200,432
1640978100,290
1640979000,302
1640979900,336
1640980800,270
1640981700,194
1640982600,210
1640983500,209
1640984400,237
1640985300,217
1640986200,221
1640987100,281
1640988000,271
1640988900,319
1640989800,298
1640990700,343
1640991600,265
1640992500,464
1640993400,441
1640994300,282
1640995200,281
1640996100,324
1640997000,302
1640997900,302
1640998800,274
1640999700,282
1641000600,185
1641001500,153
1641002400,136
1641003300,195
1641004200,201
1641005100,148
1641006000,138
1641006900,132
1641007800,132
1641008700,148
1641009600,165
1641010500,139
1641011400,133
1641012300,147
1641013200,175
1641014100,159
1641015000,177
1641015900,210
1641016800,187
1641017700,179
1641018600,161
1641019500,154
1641020400,163
1641021300,198
1641022200,219
1641023100,190
1641024000,169
1641024900,152
1641025800,156
1641026700,146
1641027600,283
1641028500,288
1641029400,396
1641030300,754
1641031200,432
1641032100,299
1641033000,228
1641033900,206
1641034800,245
1641035700,271
1641036600,237
1641037500,237
1641038400,264
1641039300,250
1641040200,205
1641041100,200
1641042000,248
1641042900,243
1641043800,232
1641044700,205
1641045600,203
1641046500,331
1641047400,410
1641048300,371
1641049200,296
1641050100,345
1641051000,692
1641051900,590
1641052800,771
1641053700,961
1641054600,597
1641055500,601
1641056400,446
1641057300,526
1641058200,336
1641059100,348
1641060000,405
1641060900,374
1641061800,511
1641062700,441
1641063600,380
1641064500,331
1641065400,314
1641066300,421
1641067200,431
1641068100,397
1641069000,358
1641069900,422
1641070800,406
1641071700,406
1641072600,395
1641073500,418
1641074400,450
1641075300,399
1641076200,418
1641077100,379
1641078000,416
1641078900,377
1641079800,194
1641080700,166
1641081600,163
1641082500,132
1641083400,166
1641084300,155
1641085200,159
1641086100,158
1641087000,148
1641087900,166
1641088800,161
1641089700,140
1641090600,139
1641091500,134
1641092400,142
1641093300,164
1641094200,211
1641095100,193
1641096000,157
1641096900,153
1641097800,132
1641098700,154
1641099600,159
1641100500,147
1641101400,150
1641102300,164
1641103200,223
1641104100,195
1641105000,208
1641105900,179
1641106800,156
1641107700,146
1641108600,168
1641109500,263
1641110400,232
1641111300,228
1641112200,239
1641113100,190
1641114000,754
1641114900,446
1641115800,445
1641116700,773
1641117600,668
1641118500,492
1641119400,887
1641120300,487
1641121200,419
1641122100,312
1641123000,445
1641123900,740
1641124800,306
1641125700,328
1641126600,353
1641127500,302
1641128400,299
1641129300,280
1641130200,340
1641131100,375
1641132000,382
1641132900,445
1641133800,407
1641134700,480
1641135600,375
1641136500,380
1641137400,878
1641138300,830
1641139200,555
1641140100,383
1641141000,353
1641141900,1117
1641142800,712
1641143700,1119
1641144600,514
1641145500,391
1641146400,435
1641147300,489
1641148200,463
1641149100,492
1641150000,882
1641150900,424
1641151800,458
1641152700,440
1641153600,740
1641154500,871
1641155400,437
1641156300,462
1641157200,395
1641158100,334
1641159000,380
1641159900,322
1641160800,281
1641161700,235
1641162600,255
1641163500,251
1641164400,247
1641165300,229
1641166200,256
1641167100,176
1641168000,174
1641168900,163
1641169800,192
1641170700,201
1641171600,193
1641172500,161
1641173400,155
1641174300,160
1641175200,155
1641176100,167
1641177000,145
1641177900,138
1641178800,133
1641179700,151
1641180600,148
1641181500,188
1641182400,172
1641183300,163
1641184200,169
1641185100,147
1641186000,141
1641186900,171
1641187800,162
1641188700,163
1641189600,169
1641190500,163
1641191400,162
1641192300,168
1641193200,166
1641194100,169
1641195000,171
1641195900,251
1641196800,336
1641197700,639
1641198600,224
1641199500,321
1641200400,327
1641201300,351
1641202200,316
1641203100,303
1641204000,412
1641204900,457
1641205800,725
1641206700,753
1641207600,512
1641208500,532
1641209400,231
1641210300,247
1641211200,227
1641212100,277
1641213000,319
1641213900,290
1641214800,269
1641215700,244
1641216600,227
1641217500,350
1641218400,342
1641219300,309
1641220200,407
1641221100,367
1641222000,358
1641222900,445
1641223800,398
1641224700,422
1641225600,491
1641226500,832
1641227400,437
1641228300,557
1641229200,509
1641230100,452
1641231000,486
1641231900,496
1641232800,545
1641233700,469
1641234600,560
1641235500,417
1641236400,392
1641237300,453
1641238200,420
1641239100,367
1641240000,447
1641240900,982
1641241800,467
1641242700,455
1641243600,432
1641244500,421
1641245400,446
1641246300,350
1641247200,305
1641248100,269
1641249000,235
1641249900,375
1641250800,278
1641251700,256
1641252600,270
1641253500,170
1641254400,189
1641255300,151
1641256200,148
1641257100,164
1641258000,142
1641258900,170
1641259800,167
1641260700,158
1641261600,168
1641262500,143
1641263400,156
1641264300,145
1641265200,138
1641266100,144
1641267000,139
1641267900,152
1641268800,146
1641269700,145
1641270600,157
1641271500,137
1641272400,154
1641273300,244
1641274200,356
1641275100,288
1641276000,282
1641276900,300
1641277800,198
1641278700,180
1641279600,171
1641280500,274
1641281400,563
1641282300,346
1641283200,297
1641284100,348
1641285000,357
1641285900,291
1641286800,224
1641287700,266
1641288600,484
1641289500,538
1641290400,271
1641291300,452
1641292200,573
1641293100,710
1641294000,621
1641294900,314
1641295800,320
1641296700,620
1641297600,412
1641298500,560
1641299400,437
1641300300,530
1641301200,925
1641302100,627
1641303000,440
1641303900,487
1641304800,430
1641305700,436
1641306600,393
1641307500,376
1641308400,378
1641309300,375
1641310200,417
1641311100,476
1641312000,474
1641312900,473
1641313800,458
1641314700,503
1641315600,626
1641316500,490
1641317400,551
1641318300,556
1641319200,560
1641320100,510
1641321000,436
1641321900,826
1641322800,833
1641323700,486
1641324600,465
1641325500,460
1641326400,482
1641327300,463
1641328200,490
1641329100,464
1641330000,416
1641330900,366
1641331800,378
1641332700,386
1641333600,285
1641334500,287
1641335400,273
1641336300,210
1641337200,182
1641338100,163
1641339000,156
1641339900,134
1641340800,169
1641341700,161
1641342600,157
1641343500,160
1641344400,202
1641345300,203
1641346200,203
1641347100,188
1641348000,217
1641348900,171
1641349800,154
1641350700,130
1641351600,134
1641352500,140
1641353400,153
1641354300,146
1641355200,135
1641356100,132
1641357000,140
1641357900,147
1641358800,188
1641359700,306
1641360600,242
1641361500,218
1641362400,227
1641363300,233
1641364200,233
1641365100,217
1641366000,242
1641366900,242
1641367800,235
1641368700,391
1641369600,277
1641370500,218
1641371400,322
1641372300,897
1641373200,826
1641374100,367
1641375000,970
1641375900,525
1641376800,390
1641377700,496
1641378600,550
1641379500,435
1641380400,422
1641381300,432
1641382200,1182
1641383100,995
1641384000,729
1641384900,629
1641385800,481
1641386700,427
1641387600,489
1641388500,455
1641389400,373
1641390300,295
1641391200,254
1641392100,264
1641393000,253
1641393900,405
1641394800,301
1641395700,346
1641396600,361
1641397500,378
1641398400,558
1641399300,533
1641400200,429
1641401100,501
1641402000,476
1641402900,522
1641403800,551
1641404700,548
1641405600,880
1641406500,883
1641407400,617
1641408300,549
1641409200,761
1641410100,708
1641411000,542
1641411900,486
1641412800,510
1641413700,946
1641414600,541
1641415500,456
1641416400,425
1641417300,554
1641418200,600
1641419100,504
1641420000,471
1641420900,396
1641421800,332
1641422700,277
1641423600,279
1641424500,338
1641425400,214
1641426300,268
1641427200,259
1641428100,245
1641429000,230
1641429900,237
1641430800,186
1641431700,185
1641432600,197
1641433500,187
1641434400,199
1641435300,171
1641436200,196
1641437100,195
1641438000,221
1641438900,224
1641439800,211
1641440700,220
1641441600,214
1641442500,183
1641443400,188
1641444300,176
1641445200,192
1641446100,174
1641447000,187
1641447900,239
1641448800,249
1641449700,251
1641450600,243
1641451500,254
1641452400,222
1641453300,248
1641454200,316
1641455100,273
1641456000,295
1641456900,301
1641457800,606
1641458700,650
1641459600,400
1641460500,314
1641461400,344
1641462300,447
1641463200,427
1641464100,1007
1641465000,372
1641465900,958
1641466800,866
1641467700,464
1641468600,596
1641469500,734
1641470400,418
1641471300,355
1641472200,595
1641473100,1344
1641474000,1153
1641474900,789
1641475800,634
1641476700,384
1641477600,246
1641478500,266
1641479400,332
1641480300,355
1641481200,259
1641482100,276
1641483000,398
1641483900,408
1641484800,355
1641485700,436
1641486600,428
1641487500,439
1641488400,869
1641489300,473
1641490200,483
1641491100,405
1641492000,405
1641492900,499
1641493800,500
1641494700,501
1641495600,482
1641496500,443
1641497400,444
1641498300,310
1641499200,367
1641500100,391
1641501000,346
1641501900,355
1641502800,330
1641503700,215
1641504600,206
1641505500,186
1641506400,216
1641507300,166
1641508200,152
1641509100,145
1641510000,166
1641510900,141
1641511800,146
1641512700,171
1641513600,205
1641514500,209
1641515400,190
1641516300,201
1641517200,187
1641518100,135
1641519000,165
1641519900,165
1641520800,168
1641521700,153
1641522600,132
1641523500,159
1641524400,151
1641525300,147
1641526200,153
1641527100,140
1641528000,190
1641528900,178
1641529800,187
1641530700,179
1641531600,251
1641532500,328
1641533400,192
1641534300,182
1641535200,186
1641536100,259
1641537000,226
1641537900,239
1641538800,234
1641539700,235
1641540600,213
1641541500,187
1641542400,476
1641543300,349
1641544200,324
1641545100,392
1641546000,302
1641546900,265
1641547800,303
1641548700,289
1641549600,281
1641550500,259
1641551400,365
1641552300,264
1641553200,253
1641554100,347
1641555000,264
1641555900,288
1641556800,267
1641557700,267
1641558600,292
1641559500,274
1641560400,392
1641561300,206
1641562200,192
1641563100,264
1641564000,261
1641564900,201
1641565800,203
1641566700,213
1641567600,221
1641568500,252
1641569400,380
1641570300,289
1641571200,306
1641572100,295
1641573000,426
1641573900,726
1641574800,505
1641575700,380
1641576600,569
1641577500,741
1641578400,475
1641579300,417
1641580200,458
1641581100,376
1641582000,428
1641582900,461
1641583800,563
1641584700,628
1641585600,878
1641586500,452
1641587400,489
1641588300,441
1641589200,392
1641590100,299
1641591000,265
1641591900,295
1641592800,196
1641593700,137
1641594600,164
1641595500,141
1641596400,144
1641597300,132
1641598200,145
1641599100,139
1641600000,150
1641600900,212
1641601800,201
1641602700,209
1641603600,199
1641604500,199
1641605400,195
1641606300,198
1641607200,181
1641608100,145
1641609000,159
1641609900,161
1641610800,163
1641611700,152
1641612600,152
1641613500,217
1641614400,212
1641615300,189
1641616200,218
1641617100,202
1641618000,261
1641618900,332
1641619800,196
1641620700,188
1641621600,176
1641622500,171
1641623400,169
1641624300,220
1641625200,163
1641626100,196
1641627000,244
1641627900,243
1641628800,258
1641629700,197
1641630600,201
1641631500,170
1641632400,175
1641633300,179
1641634200,166
1641635100,178
1641636000,159
1641636900,364
1641637800,383
1641638700,432
1641639600,314
1641640500,309
1641641400,306
1641642300,232
1641643200,219
1641644100,219
1641645000,247
1641645900,421
1641646800,260
1641647700,211
1641648600,161
1641649500,146
1641650400,154
1641651300,139
1641652200,147
1641653100,157
1641654000,172
1641654900,231
1641655800,278
1641656700,338
1641657600,404
1641658500,354
1641659400,375
1641660300,406
1641661200,376
1641662100,346
1641663000,341
1641663900,419
1641664800,316
1641665700,403
1641666600,361
1641667500,421
1641668400,388
1641669300,413
1641670200,378
1641671100,419
1641672000,389
1641672900,374
1641673800,342
1641674700,320
1641675600,302
1641676500,294
1641677400,293
1641678300,314
1641679200,438
1641680100,310
1641681000,267
1641681900,314
1641682800,341
1641683700,227
1641684600,158
1641685500,159
1641686400,170
1641687300,147
1641688200,155
1641689100,159
1641690000,153
1641690900,145
1641691800,158
1641692700,199
1641693600,208
1641694500,168
1641695400,151
1641696300,140
1641697200,163
1641698100,147
1641699000,154
1641699900,158
1641700800,166
1641701700,217
1641702600,209
1641703500,209
1641704400,157
1641705300,154
1641706200,166
1641707100,157
1641708000,167
1641708900,198
1641709800,222
1641710700,202
1641711600,193
1641712500,474
1641713400,220
1641714300,199
1641715200,298
1641716100,455
1641717000,695
1641717900,347
1641718800,422
1641719700,769
1641720600,688
1641721500,781
1641722400,318
1641723300,244
1641724200,277
1641725100,314
1641726000,495
1641726900,827
1641727800,882
1641728700,767
1641729600,665
1641730500,942
1641731400,474
1641732300,291
1641733200,500
1641734100,816
1641735000,480
1641735900,489
1641736800,445
1641737700,789
1641738600,818
1641739500,494
1641740400,423
1641741300,470
1641742200,571
1641743100,532
1641744000,579
1641744900,574
1641745800,582
1641746700,592
1641747600,668
1641748500,631
1641749400,622
1641750300,1103
1641751200,744
1641752100,544
1641753000,565
1641753900,624
1641754800,546
1641755700,520
1641756600,611
1641757500,601
1641758400,568
1641759300,479
1641760200,499
1641761100,502
1641762000,467
1641762900,524
1641763800,513
1641764700,461
1641765600,395
1641766500,346
1641767400,325
1641768300,244
1641769200,216
1641770100,199
1641771000,177
1641771900,161
1641772800,156
1641773700,163
1641774600,154
1641775500,151
1641776400,169
1641777300,215
1641778200,216
1641779100,184
1641780000,193
1641780900,154
1641781800,157
1641782700,173
1641783600,153
1641784500,163
1641785400,151
1641786300,133
1641787200,155
1641788100,143
1641789000,189
1641789900,202
1641790800,191
1641791700,198
1641792600,190
1641793500,209
1641794400,145
1641795300,186
1641796200,225
1641797100,203
1641798000,222
1641798900,205
1641799800,202
1641800700,581
1641801600,339
1641802500,294
1641803400,284
1641804300,378
1641805200,306
1641806100,776
1641807000,1081
1641807900,1373
1641808800,858
1641809700,823
1641810600,1083
1641811500,762
1641812400,705
1641813300,693
1641814200,957
1641815100,583
1641816000,313
1641816900,349
1641817800,491
1641818700,935
1641819600,908
1641820500,738
1641821400,378
1641822300,339
1641823200,378
1641824100,324
1641825000,517
1641825900,407
1641826800,371
1641827700,438
1641828600,818
1641829500,873
1641830400,1178
1641831300,835
1641832200,500
1641833100,431
1641834000,398
1641834900,340
1641835800,324
1641836700,345
1641837600,402
1641838500,483
1641839400,520
1641840300,466
1641841200,478
1641842100,499
1641843000,529
1641843900,510
1641844800,557
1641845700,449
1641846600,457
1641847500,446
1641848400,370
1641849300,265
1641850200,245
1641851100,270
1641852000,237
1641852900,226
1641853800,160
1641854700,175
1641855600,188
1641856500,201
1641857400,214
1641858300,208
1641859200,156
1641860100,152
1641861000,154
1641861900,165
1641862800,159
1641863700,165
1641864600,154
1641865500,161
1641866400,144
1641867300,160
1641868200,181
1641869100,221
1641870000,220
1641870900,201
1641871800,200
1641872700,182
1641873600,145
1641874500,150
1641875400,135
1641876300,153
1641877200,225
1641878100,327
1641879000,238
1641879900,224
1641880800,216
1641881700,165
1641882600,184
1641883500,229
1641884400,207
1641885300,180
1641886200,195
1641887100,283
1641888000,466
1641888900,413
1641889800,416
1641890700,311
1641891600,223
1641892500,169
1641893400,166
1641894300,157
1641895200,199
1641896100,213
1641897000,226
1641897900,177
1641898800,143
1641899700,157
1641900600,153
1641901500,172
1641902400,195
1641903300,187
1641904200,163
1641905100,164
1641906000,159
1641906900,181
1641907800,220
1641908700,261
1641909600,260
1641910500,228
1641911400,221
1641912300,257
1641913200,248
1641914100,334
1641915000,562
1641915900,469
1641916800,358
1641917700,405
1641918600,605
1641919500,399
1641920400,484
1641921300,613
1641922200,498
1641923100,433
1641924000,402
1641924900,308
1641925800,335
1641926700,420
1641927600,385
1641928500,427
1641929400,396
1641930300,338
1641931200,346
1641932100,350
1641933000,361
1641933900,352
1641934800,288
1641935700,255
1641936600,281
1641937500,299
1641938400,244
1641939300,162
1641940200,153
1641941100,148
1641942000,151
1641942900,145
1641943800,161
1641944700,151
1641945600,164
1641946500,188
1641947400,211
1641948300,218
1641949200,191
1641950100,199
1641951000,151
1641951900,155
1641952800,149
1641953700,167
1641954600,171
1641955500,148
1641956400,143
1641957300,159
1641958200,184
1641959100,219
1641960000,208
1641960900,212
1641961800,203
1641962700,200
1641963600,214
1641964500,177
1641965400,242
1641966300,161
1641967200,237
1641968100,226
1641969000,212
1641969900,290
1641970800,711
1641971700,214
1641972600,270
1641973500,209
1641974400,224
1641975300,212
1641976200,287
1641977100,200
1641978000,651
1641978900,923
1641979800,694
1641980700,377
1641981600,357
1641982500,347
1641983400,355
1641984300,314
1641985200,296
1641986100,466
1641987000,962
1641987900,786
1641988800,728
1641989700,310
1641990600,273
1641991500,256
1641992400,257
1641993300,263
1641994200,239
1641995100,244
1641996000,491
1641996900,216
1641997800,197
1641998700,215
1641999600,220
1642000500,268
1642001400,485
1642002300,482
1642003200,946
1642004100,808
1642005000,512
1642005900,402
1642006800,748
1642007700,577
1642008600,453
1642009500,456
1642010400,660
1642011300,963
1642012200,401
1642013100,409
1642014000,544
1642014900,625
1642015800,486
1642016700,419
1642017600,742
1642018500,634
1642019400,392
1642020300,403
1642021200,386
1642022100,837
1642023000,538
1642023900,152
1642024800,181
1642025700,144
1642026600,141
1642027500,207
1642028400,209
1642029300,206
1642030200,207
1642031100,184
1642032000,156
1642032900,153
1642033800,160
1642034700,144
1642035600,162
1642036500,157
1642037400,150
1642038300,163
1642039200,214
1642040100,235
1642041000,176
1642041900,141
1642042800,156
1642043700,176
1642044600,155
1642045500,195
1642046400,217
1642047300,203
1642048200,197
1642049100,176
1642050000,204
1642050900,322
1642051800,225
1642052700,220
1642053600,237
1642054500,284
1642055400,219
1642056300,271
1642057200,179
1642058100,163
1642059000,204
1642059900,223
1642060800,227
1642061700,192
1642062600,202
1642063500,461
1642064400,289
1642065300,235
1642066200,452
1642067100,325
1642068000,311
1642068900,194
1642069800,167
1642070700,187
1642071600,202
1642072500,177
1642073400,162
1642074300,196
1642075200,214
1642076100,203
1642077000,166
1642077900,158
1642078800,158
1642079700,136
1642080600,179
1642081500,280
1642082400,258
1642083300,194
1642084200,171
1642085100,222
1642086000,213
1642086900,220
1642087800,227
1642088700,279
1642089600,402
1642090500,635
1642091400,639
1642092300,590
1642093200,436
1642094100,407
1642095000,451
1642095900,428
1642096800,590
1642097700,647
1642098600,469
1642099500,457
1642100400,512
1642101300,393
1642102200,452
1642103100,517
1642104000,466
1642104900,438
1642105800,414
1642106700,369
1642107600,276
1642108500,196
1642109400,161
1642110300,136
1642111200,142
1642112100,138
1642113000,146
1642113900,155
1642114800,152
1642115700,198
1642116600,188
1642117500,212
1642118400,187
1642119300,141
1642120200,153
1642121100,164
1642122000,155
1642122900,154
1642123800,168
1642124700,160
1642125600,151
1642126500,157
1642127400,189
1642128300,223
1642129200,203
1642130100,196
1642131000,164
1642131900,154
1642132800,163
1642133700,142
1642134600,165
1642135500,195
1642136400,214
1642137300,344
1642138200,230
1642139100,223
1642140000,262
1642140900,206
1642141800,214
1642142700,214
1642143600,215
1642144500,204
1642145400,218
1642146300,190
1642147200,182
1642148100,217
1642149000,424
1642149900,385
1642150800,300
1642151700,239
1642152600,203
1642153500,333
1642154400,177
1642155300,230
1642156200,253
1642157100,220
1642158000,170
1642158900,180
1642159800,398
1642160700,337
1642161600,211
1642162500,233
1642163400,242
1642164300,217
1642165200,231
1642166100,370
1642167000,454
1642167900,322
1642168800,276
1642169700,240
1642170600,269
1642171500,312
1642172400,286
1642173300,281
1642174200,232
1642175100,299
1642176000,288
1642176900,395
1642177800,625
1642178700,504
1642179600,547
1642180500,484
1642181400,464
1642182300,467
1642183200,446
1642184100,339
1642185000,299
1642185900,377
1642186800,502
1642187700,391
1642188600,403
1642189500,458
1642190400,394
1642191300,337
1642192200,380
1642193100,369
1642194000,335
1642194900,249
1642195800,185
1642196700,214
1642197600,229
1642198500,169
1642199400,142
1642200300,165
1642201200,161
1642202100,220
1642203000,218
1642203900,198
1642204800,195
1642205700,141
1642206600,141
1642207500,139
1642208400,149
1642209300,145
1642210200,153
1642211100,156
1642212000,163
1642212900,202
1642213800,202
1642214700,198
1642215600,177
1642216500,166
1642217400,199
1642218300,213
1642219200,201
1642220100,164
1642221000,152
1642221900,167
1642222800,212
1642223700,297
1642224600,204
1642225500,321
1642226400,358
1642227300,276
1642228200,340
1642229100,289
1642230000,258
1642230900,191
1642231800,175
1642232700,210
1642233600,277
1642234500,269
1642235400,257
1642236300,261
1642237200,240
1642238100,207
1642239000,215
1642239900,257
1642240800,252
1642241700,492
1642242600,465
1642243500,968
1642244400,952
1642245300,881
1642246200,325
1642247100,541
1642248000,279
1642248900,275
1642249800,294
1642250700,612
1642251600,519
1642252500,370
1642253400,425
1642254300,353
1642255200,440
1642256100,297
1642257000,318
1642257900,350
1642258800,400
1642259700,883
1642260600,566
1642261500,906
1642262400,678
1642263300,977
1642264200,877
1642265100,481
1642266000,645
1642266900,833
1642267800,1227
1642268700,1122
1642269600,994
1642270500,742
1642271400,470
1642272300,471
1642273200,476
1642274100,521
1642275000,440
1642275900,444
1642276800,475
1642277700,443
1642278600,542
1642279500,476
1642280400,451
1642281300,444
1642282200,436
1642283100,388
1642284000,327
1642284900,280
1642285800,260
1642286700,176
1642287600,160
1642288500,183
1642289400,223
1642290300,191
1642291200,167
1642292100,159
1642293000,156
1642293900,157
1642294800,165
1642295700,144
1642296600,151
1642297500,166
1642298400,147
1642299300,143
1642300200,188
1642301100,186
1642302000,190
1642302900,149
1642303800,142
1642304700,145
1642305600,156
1642306500,152
1642307400,135
1642308300,160
1642309200,164
1642310100,192
1642311000,214
1642311900,221
1642312800,197
1642313700,202
1642314600,169
1642315500,157
1642316400,149
1642317300,292
1642318200,254
1642319100,283
1642320000,251
1642320900,663
1642321800,279
1642322700,697
1642323600,537
1642324500,448
1642325400,463
1642326300,959
1642327200,702
1642328100,756
1642329000,661
1642329900,763
1642330800,687
1642331700,506
1642332600,354
1642333500,658
1642334400,670
1642335300,494
1642336200,573
1642337100,752
1642338000,750
1642338900,630
1642339800,636
1642340700,631
1642341600,873
1642342500,849
1642343400,637
1642344300,551
1642345200,413
1642346100,909
1642347000,993
1642347900,733
1642348800,758
1642349700,646
1642350600,610
1642351500,581
1642352400,482
1642353300,520
1642354200,729
1642355100,698
1642356000,487
1642356900,464
1642357800,449
1642358700,444
1642359600,480
1642360500,475
1642361400,426
1642362300,492
1642363200,458
1642364100,478
1642365000,399
1642365900,395
1642366800,396
1642367700,394
1642368600,342
1642369500,315
1642370400,277
1642371300,180
1642372200,174
1642373100,163
1642374000,173
1642374900,242
1642375800,216
1642376700,208
1642377600,183
1642378500,147
1642379400,159
1642380300,144
1642381200,180
1642382100,163
1642383000,209
1642383900,208
1642384800,138
1642385700,159
1642386600,138
1642387500,149
1642388400,143
1642389300,130
1642390200,138
1642391100,146
1642392000,194
1642392900,208
1642393800,159
1642394700,166
1642395600,141
1642396500,160
1642397400,149
1642398300,180
1642399200,206
1642400100,200
1642401000,203
1642401900,167
1642402800,218
1642403700,237
1642404600,186
1642405500,173
1642406400,335
1642407300,1037
1642408200,854
1642409100,284
1642410000,391
1642410900,488
1642411800,788
1642412700,811
1642413600,532
1642414500,469
1642415400,424
1642416300,453
1642417200,608
1642418100,1372
1642419000,1093
1642419900,490
1642420800,345
1642421700,286
1642422600,271
1642423500,281
1642424400,730
1642425300,272
1642426200,235
1642427100,766
1642428000,1126
1642428900,1439
1642429800,733
1642430700,387
1642431600,325
1642432500,350
1642433400,389
1642434300,432
1642435200,440
1642436100,454
1642437000,431
1642437900,778
1642438800,995
1642439700,788
1642440600,541
1642441500,510
1642442400,457
1642443300,419
1642444200,460
1642445100,490
1642446000,708
1642446900,501
1642447800,520
1642448700,558
1642449600,532
1642450500,449
1642451400,440
1642452300,400
1642453200,419
1642454100,297
1642455000,250
1642455900,201
1642456800,221
1642457700,192
1642458600,161
1642459500,178
1642460400,155
1642461300,171
1642462200,160
1642463100,162
1642464000,203
1642464900,191
1642465800,175
1642466700,160
1642467600,142
1642468500,218
1642469400,211
1642470300,173
1642471200,146
1642472100,155
1642473000,160
1642473900,132
1642474800,142
1642475700,140
1642476600,144
1642477500,158
1642478400,189
1642479300,187
1642480200,142
1642481100,151
1642482000,202
1642482900,312
1642483800,206
1642484700,275
1642485600,201
1642486500,198
1642487400,234
1642488300,212
1642489200,187
1642490100,171
1642491000,155
1642491900,158
1642492800,145
1642493700,179
1642494600,243
1642495500,147
1642496400,191
1642497300,223
1642498200,206
1642499100,190
1642500000,164
1642500900,182
1642501800,188
1642502700,182
1642503600,237
1642504500,389
1642505400,979
1642506300,451
1642507200,263
1642508100,172
1642509000,190
1642509900,546
1642510800,465
1642511700,272
1642512600,281
1642513500,423
1642514400,782
1642515300,365
1642516200,334
1642517100,217
1642518000,283
1642518900,321
1642519800,312
1642520700,460
1642521600,844
1642522500,531
1642523400,786
1642524300,721
1642525200,738
1642526100,922
1642527000,1052
1642527900,863
1642528800,924
1642529700,809
1642530600,930
1642531500,867
1642532400,791
1642533300,684
1642534200,698
1642535100,471
1642536000,495
1642536900,386
1642537800,389
1642538700,394
1642539600,394
1642540500,337
1642541400,282
1642542300,221
1642543200,217
1642544100,180
1642545000,171
1642545900,141
1642546800,155
1642547700,169
1642548600,156
1642549500,156
1642550400,152
1642551300,154
1642552200,156
1642553100,175
1642554000,233
1642554900,213
1642555800,154
1642556700,148
1642557600,160
1642558500,159
1642559400,161
1642560300,142
1642561200,146
1642562100,135
1642563000,143
1642563900,142
1642564800,158
1642565700,180
1642566600,184
1642567500,193
1642568400,197
1642569300,269
1642570200,315
1642571100,264
1642572000,235
1642572900,197
1642573800,205
1642574700,256
1642575600,549
1642576500,352
1642577400,166
1642578300,184
1642579200,179
1642580100,185
1642581000,193
1642581900,225
1642582800,227
1642583700,168
1642584600,264
1642585500,245
1642586400,218
1642587300,179
1642588200,167
1642589100,190
1642590000,179
1642590900,486
1642591800,307
1642592700,170
1642593600,163
1642594500,408
1642595400,375
1642596300,318
1642597200,323
1642598100,358
1642599000,288
1642599900,352
1642600800,414
1642601700,400
1642602600,291
1642603500,391
1642604400,279
1642605300,254
1642606200,263
1642607100,269
1642608000,339
1642608900,823
1642609800,1152
1642610700,691
1642611600,747
1642612500,877
1642613400,703
1642614300,657
1642615200,597
1642616100,577
1642617000,480
1642617900,517
1642618800,618
1642619700,533
1642620600,500
1642621500,563
1642622400,484
1642623300,436
1642624200,421
1642625100,408
1642626000,391
1642626900,333
1642627800,342
1642628700,343
1642629600,283
1642630500,177
1642631400,181
1642632300,175
1642633200,141
1642634100,232
1642635000,231
1642635900,210
1642636800,168
1642637700,154
1642638600,169
1642639500,176
1642640400,139
1642641300,163
1642642200,158
1642643100,156
1642644000,170
1642644900,164
1642645800,206
1642646700,212
1642647600,156
1642648500,142
1642649400,153
1642650300,151
1642651200,153
1642652100,138
1642653000,134
1642653900,146
1642654800,255
1642655700,354
1642656600,227
1642657500,193
1642658400,183
1642659300,180
1642660200,226
1642661100,286
1642662000,199
1642662900,209
1642663800,198
1642664700,179
1642665600,149
1642666500,166
1642667400,167
1642668300,180
1642669200,607
1642670100,185
1642671000,449
1642671900,472
1642672800,562
1642673700,767
1642674600,332
1642675500,326
1642676400,290
1642677300,243
1642678200,231
1642679100,227
1642680000,253
1642680900,288
1642681800,287
1642682700,259
1642683600,219
1642684500,201
1642685400,288
1642686300,257
1642687200,292
1642688100,265
1642689000,263
1642689900,255
1642690800,254
1642691700,309
1642692600,259
1642693500,239
1642694400,431
1642695300,1238
1642696200,605
1642697100,644
1642698000,916
1642698900,928
1642699800,706
1642700700,715
1642701600,708
1642702500,1286
1642703400,1015
1642704300,862
1642705200,824
1642706100,792
1642707000,721
1642707900,697
1642708800,564
1642709700,535
1642710600,463
1642711500,460
1642712400,472
1642713300,745
1642714200,802
1642715100,532
1642716000,296
1642716900,277
1642717800,249
1642718700,218
1642719600,201
1642720500,245
1642721400,173
1642722300,151
1642723200,161
1642724100,196
1642725000,218
1642725900,198
1642726800,162
1642727700,173
1642728600,145
1642729500,156
1642730400,162
1642731300,166
1642732200,163
1642733100,142
1642734000,219
1642734900,195
1642735800,174
1642736700,209
1642737600,185
1642738500,155
1642739400,140
1642740300,148
1642741200,234
1642742100,322
1642743000,215
1642743900,224
1642744800,843
1642745700,804
1642746600,684
1642747500,476
1642748400,197
1642749300,212
1642750200,357
1642751100,285
1642752000,237
1642752900,218
1642753800,180
1642754700,162
1642755600,159
1642756500,165
1642757400,210
1642758300,322
1642759200,225
1642760100,482
1642761000,395
1642761900,420
1642762800,374
1642763700,316
1642764600,301
1642765500,279
1642766400,297
1642767300,354
1642768200,444
1642769100,287
1642770000,270
1642770900,316
1642771800,310
1642772700,349
1642773600,429
1642774500,375
1642775400,339
1642776300,319
1642777200,339
1642778100,309
1642779000,319
1642779900,674
1642780800,487
1642781700,564
1642782600,452
1642783500,417
1642784400,466
1642785300,936
1642786200,724
1642787100,837
1642788000,975
1642788900,721
1642789800,436
1642790700,465
1642791600,507
1642792500,453
1642793400,460
1642794300,412
1642795200,394
1642796100,325
1642797000,364
1642797900,332
1642798800,285
1642799700,312
1642800600,214
1642801500,162
1642802400,177
1642803300,157
1642804200,159
1642805100,173
1642806000,165
1642806900,151
1642807800,159
1642808700,152
1642809600,165
1642810500,202
1642811400,220
1642812300,197
1642813200,155
1642814100,145
1642815000,154
1642815900,164
1642816800,172
1642817700,162
1642818600,169
1642819500,159
1642820400,158
1642821300,168
1642822200,186
1642823100,209
1642824000,153
1642824900,133
1642825800,141
1642826700,134
1642827600,203
1642828500,236
1642829400,288
1642830300,231
1642831200,246
1642832100,237
1642833000,223
1642833900,190
1642834800,259
1642835700,211
1642836600,279
1642837500,232
1642838400,186
1642839300,180
1642840200,169
1642841100,190
1642842000,212
1642842900,219
1642843800,248
1642844700,226
1642845600,185
1642846500,181
1642847400,181
1642848300,231
1642849200,343
1642850100,767
1642851000,602
1642851900,477
1642852800,527
1642853700,216
1642854600,659
1642855500,336
1642856400,324
1642857300,500
1642858200,300
1642859100,301
1642860000,383
1642860900,380
1642861800,334
1642862700,331
1642863600,385
1642864500,353
1642865400,380
1642866300,410
1642867200,369
1642868100,415
1642869000,497
1642869900,478
1642870800,405
1642871700,410
1642872600,428
1642873500,410
1642874400,315
1642875300,373
1642876200,382
1642877100,394
1642878000,354
1642878900,342
1642879800,323
1642880700,312
1642881600,317
1642882500,315
1642883400,308
1642884300,359
1642885200,354
1642886100,333
1642887000,258
1642887900,237
1642888800,268
1642889700,277
1642890600,211
1642891500,170
1642892400,144
1642893300,151
1642894200,156
1642895100,159
1642896000,222
1642896900,219
1642897800,177
1642898700,150
1642899600,147
1642900500,155
1642901400,163
1642902300,140
1642903200,170
1642904100,169
1642905000,154
1642905900,202
1642906800,209
1642907700,196
1642908600,141
1642909500,133
1642910400,156
1642911300,141
1642912200,143
1642913100,147
1642914000,139
1642914900,182
1642915800,201
1642916700,193
1642917600,195
1642918500,160
1642919400,184
1642920300,220
1642921200,269
1642922100,363
1642923000,302
1642923900,427
1642924800,381
1642925700,357
1642926600,441
1642927500,400
1642928400,428
1642929300,466
1642930200,446
1642931100,442
1642932000,429
1642932900,446
1642933800,450
1642934700,1189
1642935600,751
1642936500,448
1642937400,489
1642938300,468
1642939200,948
1642940100,760
1642941000,642
1642941900,723
1642942800,551
1642943700,858
1642944600,856
1642945500,658
1642946400,677
1642947300,586
1642948200,835
1642949100,475
1642950000,346
1642950900,436
1642951800,391
1642952700,684
1642953600,533
1642954500,441
1642955400,387
1642956300,400
1642957200,412
1642958100,426
1642959000,436
1642959900,794
1642960800,506
1642961700,567
1642962600,827
1642963500,972
1642964400,551
1642965300,559
1642966200,558
1642967100,789
1642968000,860
1642968900,408
1642969800,399
1642970700,431
1642971600,533
1642972500,368
1642973400,317
1642974300,318
1642975200,261
1642976100,212
1642977000,166
1642977900,150
1642978800,148
1642979700,144
1642980600,138
1642981500,175
1642982400,152
1642983300,164
1642984200,144
1642985100,198
1642986000,224
1642986900,202
1642987800,160
1642988700,155
1642989600,181
1642990500,150
1642991400,152
1642992300,163
1642993200,158
1642994100,162
1642995000,144
1642995900,203
1642996800,229
1642997700,181
1642998600,165
1642999500,157
1643000400,167
1643001300,166
1643002200,152
1643003100,239
1643004000,195
1643004900,198
1643005800,190
1643006700,140
1643007600,153
1643008500,146
1643009400,274
1643010300,759
1643011200,771
1643012100,323
1643013000,300
1643013900,532
1643014800,575
1643015700,443
1643016600,483
1643017500,418
1643018400,1172
1643019300,1414
1643020200,1517
1643021100,1056
1643022000,898
1643022900,467
1643023800,391
1643024700,428
1643025600,359
1643026500,382
1643027400,839
1643028300,472
1643029200,329
1643030100,318
1643031000,278
1643031900,538
1643032800,546
1643033700,534
1643034600,273
1643035500,317
1643036400,435
1643037300,368
1643038200,332
1643039100,424
1643040000,390
1643040900,411
1643041800,356
1643042700,374
1643043600,437
1643044500,466
1643045400,408
1643046300,353
1643047200,325
1643048100,314
1643049000,327
1643049900,317
1643050800,318
1643051700,342
1643052600,351
1643053500,370
1643054400,319
1643055300,274
1643056200,318
1643057100,326
1643058000,293
1643058900,196
1643059800,191
1643060700,229
1643061600,214
1643062500,181
1643063400,153
1643064300,155
1643065200,158
1643066100,165
1643067000,167
1643067900,194
1643068800,229
1643069700,218
1643070600,185
1643071500,175
1643072400,166
1643073300,188
1643074200,198
1643075100,179
1643076000,177
1643076900,246
1643077800,227
1643078700,180
1643079600,189
1643080500,193
1643081400,177
1643082300,195
1643083200,166
1643084100,226
1643085000,238
1643085900,180
1643086800,251
1643087700,316
1643088600,210
1643089500,195
1643090400,199
1643091300,271
1643092200,259
1643093100,277
1643094000,211
1643094900,215
1643095800,205
1643096700,250
1643097600,241
1643098500,232
1643099400,206
1643100300,183
1643101200,189
1643102100,194
1643103000,178
1643103900,170
1643104800,199
1643105700,214
1643106600,184
1643107500,168
1643108400,177
1643109300,166
1643110200,166
1643111100,143
1643112000,174
1643112900,246
1643113800,251
1643114700,245
1643115600,424
1643116500,302
1643117400,265
1643118300,220
1643119200,295
1643120100,268
1643121000,272
1643121900,236
1643122800,218
1643123700,312
1643124600,308
1643125500,463
1643126400,528
1643127300,495
1643128200,358
1643129100,544
1643130000,631
1643130900,574
1643131800,398
1643132700,383
1643133600,472
1643134500,913
1643135400,720
1643136300,512
1643137200,429
1643138100,434
1643139000,419
1643139900,347
1643140800,377
1643141700,457
1643142600,496
1643143500,442
1643144400,316
1643145300,269
1643146200,152
1643147100,163
1643148000,166
1643148900,152
1643149800,158
1643150700,153
1643151600,153
1643152500,196
1643153400,203
1643154300,185
1643155200,169
1643156100,174
1643157000,151
1643157900,151
1643158800,164
1643159700,166
1643160600,150
1643161500,201
1643162400,231
1643163300,195
1643164200,160
1643165100,166
1643166000,162
1643166900,169
1643167800,179
1643168700,192
1643169600,224
1643170500,186
1643171400,180
1643172300,163
1643173200,232
1643174100,317
1643175000,198
1643175900,193
1643176800,273
1643177700,287
1643178600,221
1643179500,167
1643180400,176
1643181300,164
1643182200,198
1643183100,202
1643184000,244
1643184900,255
1643185800,237
1643186700,456
1643187600,385
1643188500,300
1643189400,272
1643190300,268
1643191200,685
1643192100,768
1643193000,691
1643193900,330
1643194800,305
1643195700,267
1643196600,368
1643197500,391
1643198400,181
1643199300,158
1643200200,151
1643201100,167
1643202000,160
1643202900,191
1643203800,209
1643204700,220
1643205600,192
1643206500,164
1643207400,180
1643208300,182
1643209200,227
1643210100,225
1643211000,225
1643211900,220
1643212800,404
1643213700,452
1643214600,759
1643215500,815
1643216400,640
1643217300,401
1643218200,441
1643219100,465
1643220000,431
1643220900,682
1643221800,366
1643222700,391
1643223600,391
1643224500,479
1643225400,362
1643226300,456
1643227200,471
1643228100,492
1643229000,395
1643229900,374
1643230800,279
1643231700,241
1643232600,206
1643233500,178
1643234400,195
1643235300,160
1643236200,156
1643237100,158
1643238000,152
1643238900,233
1643239800,211
1643240700,215
1643241600,218
1643242500,219
1643243400,185
1643244300,169
1643245200,178
1643246100,150
1643247000,159
1643247900,179
1643248800,171
1643249700,211
1643250600,201
1643251500,231
1643252400,212
1643253300,167
1643254200,156
1643255100,166
1643256000,165
1643256900,173
1643257800,211
1643258700,216
1643259600,271
1643260500,284
1643261400,198
1643262300,181
1643263200,182
1643264100,268
1643265000,195
1643265900,169
1643266800,209
1643267700,271
1643268600,262
1643269500,446
1643270400,665
1643271300,578
1643272200,431
1643273100,298
1643274000,179
1643274900,178
1643275800,201
1643276700,360
1643277600,465
1643278500,380
1643279400,296
1643280300,201
1643281200,253
1643282100,225
1643283000,248
1643283900,294
1643284800,538
1643285700,398
1643286600,306
1643287500,354
1643288400,314
1643289300,249
1643290200,270
1643291100,279
1643292000,327
1643292900,337
1643293800,333
1643294700,299
1643295600,335
1643296500,230
1643297400,214
1643298300,186
1643299200,359
1643300100,547
1643301000,496
1643301900,338
1643302800,327
1643303700,369
1643304600,349
1643305500,401
1643306400,368
1643307300,422
1643308200,360
1643309100,391
1643310000,372
1643310900,517
1643311800,373
1643312700,442
1643313600,441
1643314500,372
1643315400,382
1643316300,359
1643317200,365
1643318100,342
1643319000,223
1643319900,175
1643320800,151
1643321700,149
1643322600,149
1643323500,145
1643324400,171
1643325300,147
1643326200,162
1643327100,200
1643328000,198
1643328900,216
1643329800,177
1643330700,172
1643331600,167
1643332500,168
1643333400,144
1643334300,167
1643335200,164
1643336100,187
1643337000,214
1643337900,221
1643338800,206
1643339700,158
1643340600,149
1643341500,154
1643342400,167
1643343300,160
1643344200,184
1643345100,219
1643346000,327
1643346900,466
1643347800,345
1643348700,440
1643349600,280
1643350500,220
1643351400,207
1643352300,444
1643353200,500
1643354100,279
1643355000,254
1643355900,218
1643356800,667
1643357700,318
1643358600,153
1643359500,199
1643360400,181
1643361300,216
1643362200,215
1643363100,349
1643364000,346
1643364900,602
1643365800,491
1643366700,300
1643367600,304
1643368500,265
1643369400,404
1643370300,305
1643371200,302
1643372100,262
1643373000,263
1643373900,247
1643374800,240
1643375700,226
1643376600,204
1643377500,185
1643378400,247
1643379300,351
1643380200,368
1643381100,218
1643382000,234
1643382900,264
1643383800,313
1643384700,797
1643385600,454
1643386500,343
1643387400,384
1643388300,471
1643389200,419
1643390100,391
1643391000,348
1643391900,356
1643392800,335
1643393700,336
1643394600,417
1643395500,402
1643396400,315
1643397300,359
1643398200,317
1643399100,384
1643400000,293
1643400900,321
1643401800,336
1643402700,332
1643403600,244
1643404500,177
1643405400,143
1643406300,143
1643407200,148
1643408100,150
1643409000,163
1643409900,152
1643410800,158
1643411700,213
1643412600,226
1643413500,213
1643414400,223
1643415300,199
1643416200,195
1643417100,164
1643418000,152
1643418900,165
1643419800,165
1643420700,167
1643421600,156
1643422500,219
1643423400,215
1643424300,200
1643425200,178
1643426100,150
1643427000,155
1643427900,165
1643428800,157
1643429700,167
1643430600,203
1643431500,217
1643432400,247
1643433300,392
1643434200,239
1643435100,334
1643436000,521
1643436900,907
1643437800,529
1643438700,358
1643439600,322
1643440500,286
1643441400,462
1643442300,454
1643443200,268
1643444100,277
1643445000,281
1643445900,281
1643446800,250
1643447700,276
1643448600,692
1643449500,821
1643450400,366
1643451300,334
1643452200,490
1643453100,479
1643454000,378
1643454900,210
1643455800,175
1643456700,263
1643457600,217
1643458500,306
1643459400,213
1643460300,228
1643461200,263
1643462100,323
1643463000,288
1643463900,243
1643464800,221
1643465700,251
1643466600,290
1643467500,300
1643468400,249
1643469300,253
1643470200,483
1643471100,687
1643472000,324
1643472900,304
1643473800,337
1643474700,303
1643475600,560
1643476500,570
1643477400,637
1643478300,477
1643479200,603
1643480100,506
1643481000,440
1643481900,364
1643482800,334
1643483700,320
1643484600,364
1643485500,356
1643486400,347
1643487300,324
1643488200,344
1643489100,328
1643490000,300
1643490900,247
1643491800,226
1643492700,216
1643493600,173
1643494500,170
1643495400,165
1643496300,152
1643497200,175
1643498100,222
1643499000,215
1643499900,219
1643500800,196
1643501700,215
1643502600,182
1643503500,147
1643504400,151
1643505300,149
1643506200,146
1643507100,140
1643508000,147
1643508900,157
1643509800,162
1643510700,221
1643511600,197
1643512500,196
1643513400,197
1643514300,150
1643515200,181
1643516100,197
1643517000,166
1643517900,193
1643518800,211
1643519700,214
1643520600,187
1643521500,158
1643522400,186
1643523300,162
1643524200,166
1643525100,181
1643526000,211
1643526900,227
1643527800,455
1643528700,882
1643529600,364
1643530500,208
1643531400,162
1643532300,187
1643533200,170
1643534100,190
1643535000,276
1643535900,225
1643536800,224
1643537700,202
1643538600,259
1643539500,727
1643540400,825
1643541300,285
1643542200,316
1643543100,589
1643544000,1044
1643544900,465
1643545800,361
1643546700,315
1643547600,504
1643548500,737
1643549400,408
1643550300,418
1643551200,370
1643552100,305
1643553000,302
1643553900,391
1643554800,344
1643555700,347
1643556600,280
1643557500,193
1643558400,260
1643559300,380
1643560200,364
1643561100,283
1643562000,319
1643562900,410
1643563800,390
1643564700,483
1643565600,653
1643566500,504
1643567400,478
1643568300,411
1643569200,426
1643570100,373
1643571000,425
1643571900,427
1643572800,420
1643573700,463
1643574600,421
1643575500,367
1643576400,365
1643577300,330
1643578200,302
1643579100,352
1643580000,393
1643580900,307
1643581800,258
1643582700,232
1643583600,210
1643584500,188
1643585400,195
1643586300,257
1643587200,212
1643588100,198
1643589000,160
1643589900,161
1643590800,168
1643591700,153
1643592600,157
1643593500,143
1643594400,181
1643595300,202
1643596200,202
1643597100,192
1643598000,166
1643598900,152
1643599800,142
1643600700,147
1643601600,177
1643602500,170
1643603400,170
1643604300,201
1643605200,220
1643606100,192
1643607000,213
1643607900,190
1643608800,182
1643609700,173
1643610600,144
1643611500,177
1643612400,219
1643613300,205
1643614200,220
1643615100,264
1643616000,481
1643616900,969
1643617800,711
1643618700,434
1643619600,290
1643620500,323
1643621400,333
1643622300,312
1643623200,302
1643624100,631
1643625000,1395
1643625900,1397
1643626800,1315
1643627700,1168
1643628600,586
1643629500,370
1643630400,540
1643631300,751
1643632200,789
1643633100,401
1643634000,342
1643634900,314
1643635800,451
1643636700,789
1643637600,395
1643638500,402
1643639400,328
1643640300,211
1643641200,206
1643642100,247
1643643000,282
1643643900,698
1643644800,849
1643645700,424
1643646600,443
1643647500,1186
1643648400,930
1643649300,327
1643650200,373
1643651100,1222
1643652000,823
1643652900,751
1643653800,396
1643654700,753
1643655600,833
1643656500,439
1643657400,369
1643658300,530
1643659200,337
1643660100,426
1643661000,437
1643661900,446
1643662800,390
1643663700,342
1643664600,285
1643665500,250
1643666400,355
1643667300,219
1643668200,169
1643669100,163
1643670000,160
1643670900,220
1643671800,214
1643672700,221
1643673600,216
1643674500,226
1643675400,188
1643676300,153
1643677200,152
1643678100,164
1643679000,152
1643679900,163
1643680800,147
1643681700,156
1643682600,205
1643683500,189
1643684400,198
1643685300,200
1643686200,164
1643687100,142
1643688000,153
1643688900,161
1643689800,217
1643690700,204
1643691600,264
1643692500,370
1643693400,294
1643694300,319
1643695200,210
1643696100,218
1643697000,205
1643697900,167
1643698800,176
1643699700,210
1643700600,194
1643701500,218
1643702400,238
1643703300,185
1643704200,253
1643705100,256
1643706000,217
1643706900,213
1643707800,157
1643708700,148
1643709600,141
1643710500,156
1643711400,349
1643712300,466
1643713200,311
1643714100,309
1643715000,423
1643715900,326
1643716800,309
1643717700,275
1643718600,302
1643719500,461
1643720400,338
1643721300,353
1643722200,270
1643723100,257
1643724000,470
1643724900,268
1643725800,240
1643726700,257
1643727600,244
1643728500,245
1643729400,233
1643730300,299
1643731200,344
1643732100,632
1643733000,523
1643733900,327
1643734800,360
1643735700,412
1643736600,375
1643737500,433
1643738400,522
1643739300,449
1643740200,531
1643741100,572
1643742000,487
1643742900,479
1643743800,489
1643744700,513
1643745600,436
1643746500,503
1643747400,512
1643748300,499
1643749200,384
1643750100,452
1643751000,343
1643751900,337
1643752800,321
1643753700,238
1643754600,194
1643755500,176
1643756400,175
1643757300,208
1643758200,220
1643759100,211
1643760000,208
1643760900,149
1643761800,163
1643762700,171
1643763600,225
1643764500,221
1643765400,190
1643766300,149
1643767200,137
1643768100,147
1643769000,153
1643769900,150
1643770800,186
1643771700,205
1643772600,209
1643773500,195
1643774400,171
1643775300,146
1643776200,165
1643777100,174
1643778000,256
1643778900,369
1643779800,248
1643780700,250
1643781600,231
1643782500,243
1643783400,201
1643784300,194
1643785200,187
1643786100,184
1643787000,635
1643787900,439
1643788800,252
1643789700,267
1643790600,655
1643791500,361
1643792400,242
1643793300,263
1643794200,316
1643795100,317
1643796000,481
1643796900,544
1643797800,422
1643798700,332
1643799600,231
1643800500,500
1643801400,546
1643802300,346
1643803200,344
1643804100,280
1643805000,267
1643805900,276
1643806800,293
1643807700,227
1643808600,247
1643809500,251
1643810400,264
1643811300,304
1643812200,247
1643813100,275
1643814000,252
1643814900,280
1643815800,270
1643816700,244
1643817600,538
1643818500,665
1643819400,490
1643820300,406
1643821200,397
1643822100,450
1643823000,470
1643823900,517
1643824800,493
1643825700,817
1643826600,705
1643827500,453
1643828400,576
1643829300,585
1643830200,536
1643831100,430
1643832000,426
1643832900,511
1643833800,573
1643834700,560
1643835600,438
1643836500,403
1643837400,326
1643838300,247
1643839200,199
1643840100,192
1643841000,159
1643841900,157
1643842800,151
1643843700,171
1643844600,227
1643845500,203
1643846400,214
1643847300,211
1643848200,170
1643849100,152
1643850000,162
1643850900,183
1643851800,171
1643852700,139
1643853600,147
1643854500,148
1643855400,200
1643856300,213
1643857200,204
1643858100,203
1643859000,183
1643859900,161
1643860800,146
1643861700,190
1643862600,227
1643863500,263
1643864400,271
1643865300,205
1643866200,175
1643867100,142
1643868000,181
1643868900,166
1643869800,189
1643870700,285
1643871600,471
1643872500,489
1643873400,314
1643874300,389
1643875200,403
1643876100,926
1643877000,769
1643877900,459
1643878800,298
1643879700,250
1643880600,244
1643881500,228
1643882400,231
1643883300,219
1643884200,305
1643885100,367
1643886000,393
1643886900,488
1643887800,341
1643888700,349
1643889600,611
1643890500,525
1643891400,476
1643892300,401
1643893200,295
1643894100,239
1643895000,221
1643895900,177
1643896800,219
1643897700,366
1643898600,358
1643899500,382
1643900400,420
1643901300,461
1643902200,496
1643903100,571
1643904000,545
1643904900,644
1643905800,503
1643906700,552
1643907600,641
1643908500,665
1643909400,775
1643910300,774
1643911200,755
1643912100,725
1643913000,752
1643913900,743
1643914800,659
1643915700,548
1643916600,473
1643917500,435
1643918400,496
1643919300,438
1643920200,360
1643921100,428
1643922000,426
1643922900,393
1643923800,312
1643924700,180
1643925600,169
1643926500,155
1643927400,166
1643928300,166
1643929200,172
1643930100,163
1643931000,158
1643931900,207
1643932800,210
1643933700,213
1643934600,180
1643935500,159
1643936400,165
1643937300,156
1643938200,153
1643939100,155
1643940000,169
1643940900,138
1643941800,152
1643942700,142
1643943600,185
1643944500,197
1643945400,204
1643946300,214
1643947200,147
1643948100,147
1643949000,134
1643949900,174
1643950800,253
1643951700,374
1643952600,243
1643953500,510
1643954400,356
1643955300,206
1643956200,221
1643957100,212
1643958000,210
1643958900,466
1643959800,315
1643960700,226
1643961600,216
1643962500,245
1643963400,254
1643964300,244
1643965200,216
1643966100,204
1643967000,225
1643967900,267
1643968800,262
1643969700,352
1643970600,236
1643971500,543
1643972400,325
1643973300,249
1643974200,270
1643975100,269
1643976000,283
1643976900,263
1643977800,227
1643978700,231
1643979600,205
1643980500,229
1643981400,257
1643982300,264
1643983200,230
1643984100,221
1643985000,206
1643985900,199
1643986800,169
1643987700,218
1643988600,367
1643989500,292
1643990400,364
1643991300,680
1643992200,292
1643993100,479
1643994000,758
1643994900,515
1643995800,400
1643996700,397
1643997600,409
1643998500,830
1643999400,512
1644000300,346
1644001200,292
1644002100,286
1644003000,298
1644003900,284
1644004800,390
1644005700,347
1644006600,407
1644007500,385
1644008400,336
1644009300,280
1644010200,301
1644011100,315
1644012000,256
1644012900,236
1644013800,197
1644014700,142
1644015600,164
1644016500,162
1644017400,177
1644018300,166
1644019200,158
1644020100,171
1644021000,205
1644021900,198
1644022800,202
1644023700,187
1644024600,161
1644025500,169
1644026400,150
1644027300,146
1644028200,145
1644029100,146
1644030000,178
1644030900,196
1644031800,194
1644032700,192
1644033600,153
1644034500,146
1644035400,153
1644036300,137
1644037200,172
1644038100,284
1644039000,254
1644039900,240
1644040800,246
1644041700,286
1644042600,185
1644043500,176
1644044400,220
1644045300,285
1644046200,345
1644047100,253
1644048000,264
1644048900,254
1644049800,231
1644050700,220
1644051600,230
1644052500,675
1644053400,680
1644054300,550
1644055200,493
1644056100,371
1644057000,325
1644057900,327
1644058800,293
1644059700,398
1644060600,317
1644061500,240
1644062400,276
1644063300,302
1644064200,497
1644065100,343
1644066000,382
1644066900,443
1644067800,522
1644068700,517
1644069600,529
1644070500,245
1644071400,194
1644072300,201
1644073200,205
1644074100,248
1644075000,297
1644075900,317
1644076800,301
1644077700,336
1644078600,393
1644079500,378
1644080400,377
1644081300,307
1644082200,366
1644083100,250
1644084000,293
1644084900,742
1644085800,316
1644086700,306
1644087600,302
1644088500,487
1644089400,694
1644090300,391
1644091200,326
1644092100,338
1644093000,339
1644093900,325
1644094800,381
1644095700,452
1644096600,424
1644097500,379
1644098400,303
1644099300,232
1644100200,158
1644101100,169
1644102000,162
1644102900,183
1644103800,166
1644104700,149
1644105600,174
1644106500,213
1644107400,198
1644108300,218
1644109200,194
1644110100,170
1644111000,162
1644111900,146
1644112800,168
1644113700,168
1644114600,156
1644115500,145
1644116400,154
1644117300,150
1644118200,179
1644119100,208
1644120000,187
1644120900,192
1644121800,150
1644122700,158
1644123600,155
1644124500,176
1644125400,151
1644126300,154
1644127200,185
1644128100,218
1644129000,207
1644129900,233
1644130800,188
1644131700,296
1644132600,211
1644133500,423
1644134400,496
1644135300,263
1644136200,260
1644137100,502
1644138000,687
1644138900,575
1644139800,490
1644140700,461
1644141600,619
1644142500,496
1644143400,677
1644144300,708
1644145200,746
1644146100,373
1644147000,527
1644147900,465
1644148800,795
1644149700,729
1644150600,581
1644151500,1107
1644152400,573
1644153300,497
1644154200,499
1644155100,486
1644156000,417
1644156900,476
1644157800,337
1644158700,375
1644159600,743
1644160500,485
1644161400,318
1644162300,352
1644163200,378
1644164100,524
1644165000,506
1644165900,506
1644166800,503
1644167700,939
1644168600,926
1644169500,898
1644170400,583
1644171300,601
1644172200,587
1644173100,562
1644174000,526
1644174900,1018
1644175800,967
1644176700,663
1644177600,502
1644178500,506
1644179400,528
1644180300,500
1644181200,486
1644182100,354
1644183000,272
1644183900,221
1644184800,189
1644185700,162
1644186600,173
1644187500,166
1644188400,149
1644189300,186
1644190200,223
1644191100,205
1644192000,201
1644192900,168
1644193800,169
1644194700,168
1644195600,160
1644196500,168
1644197400,167
1644198300,168
1644199200,160
1644200100,189
1644201000,233
1644201900,209
1644202800,193
1644203700,156
1644204600,153
1644205500,149
1644206400,166
1644207300,145
1644208200,141
1644209100,145
1644210000,172
1644210900,197
1644211800,217
1644212700,219
1644213600,185
1644214500,165
1644215400,163
1644216300,170
1644217200,153
1644218100,187
1644219000,493
1644219900,293
1644220800,219
1644221700,440
1644222600,436
1644223500,846
1644224400,370
1644225300,924
1644226200,700
1644227100,1202
1644228000,1043
1644228900,622
1644229800,656
1644230700,596
1644231600,687
1644232500,609
1644233400,303
1644234300,467
1644235200,323
1644236100,315
1644237000,316
1644237900,342
1644238800,315
1644239700,335
1644240600,283
1644241500,298
1644242400,272
1644243300,285
1644244200,308
1644245100,371
1644246000,411
1644246900,331
1644247800,291
1644248700,430
1644249600,386
1644250500,458
1644251400,448
1644252300,496
1644253200,461
1644254100,790
1644255000,636
1644255900,454
1644256800,503
1644257700,516
1644258600,419
1644259500,439
1644260400,562
1644261300,562
1644262200,513
1644263100,473
1644264000,516
1644264900,371
1644265800,332
1644266700,310
1644267600,315
1644268500,243
1644269400,270
1644270300,210
1644271200,218
1644272100,175
1644273000,166
1644273900,141
1644274800,175
1644275700,161
1644276600,160
1644277500,157
1644278400,166
1644279300,175
1644280200,212
1644281100,197
1644282000,213
1644282900,168
1644283800,152
1644284700,170
1644285600,165
1644286500,163
1644287400,154
1644288300,146
1644289200,174
1644290100,159
1644291000,195
1644291900,187
1644292800,200
1644293700,168
1644294600,145
1644295500,171
1644296400,237
1644297300,261
1644298200,219
1644299100,295
1644300000,253
1644300900,272
1644301800,192
1644302700,167
1644303600,172
1644304500,155
1644305400,261
1644306300,178
1644307200,196
1644308100,212
1644309000,199
1644309900,233
1644310800,182
1644311700,147
1644312600,159
1644313500,162
1644314400,170
1644315300,167
1644316200,160
1644317100,161
1644318000,164
1644318900,277
1644319800,262
1644320700,200
1644321600,291
1644322500,715
1644323400,654
1644324300,211
1644325200,223
1644326100,224
1644327000,212
1644327900,209
1644328800,317
1644329700,275
1644330600,707
1644331500,822
1644332400,844
1644333300,582
1644334200,346
1644335100,332
1644336000,285
1644336900,571
1644337800,451
1644338700,300
1644339600,588
1644340500,909
1644341400,609
1644342300,732
1644343200,610
1644344100,517
1644345000,475
1644345900,469
1644346800,917
1644347700,613
1644348600,396
1644349500,409
1644350400,537
1644351300,484
1644352200,423
1644353100,393
1644354000,312
1644354900,217
1644355800,177
1644356700,169
1644357600,172
1644358500,170
1644359400,184
1644360300,179
1644361200,193
1644362100,213
1644363000,242
1644363900,227
1644364800,230
1644365700,230
1644366600,220
1644367500,179
1644368400,177
1644369300,161
1644370200,172
1644371100,190
1644372000,178
1644372900,226
1644373800,233
1644374700,228
1644375600,222
1644376500,174
1644377400,164
1644378300,162
1644379200,168
1644380100,153
1644381000,187
1644381900,230
1644382800,304
1644383700,371
1644384600,245
1644385500,239
1644386400,224
1644387300,204
1644388200,195
1644389100,191
1644390000,544
1644390900,311
1644391800,238
1644392700,229
1644393600,312
1644394500,708
1644395400,322
1644396300,164
1644397200,167
1644398100,375
1644399000,361
1644399900,322
1644400800,280
1644401700,550
1644402600,458
1644403500,337
1644404400,285
1644405300,256
1644406200,337
1644407100,298
1644408000,336
1644408900,332
1644409800,268
1644410700,189
1644411600,188
1644412500,183
1644413400,192
1644414300,202
1644415200,250
1644416100,457
1644417000,356
1644417900,309
1644418800,286
1644419700,377
1644420600,697
1644421500,469
1644422400,510
1644423300,572
1644424200,411
1644425100,232
1644426000,224
1644426900,235
1644427800,209
1644428700,327
1644429600,259
1644430500,347
1644431400,373
1644432300,364
1644433200,426
1644434100,399
1644435000,412
1644435900,360
1644436800,337
1644437700,326
1644438600,327
1644439500,344
1644440400,285
1644441300,298
1644442200,327
1644443100,236
1644444000,160
1644444900,169
1644445800,210
1644446700,179
1644447600,181
1644448500,174
1644449400,222
1644450300,216
1644451200,214
1644452100,203
1644453000,164
1644453900,177
1644454800,162
1644455700,177
1644456600,172
1644457500,205
1644458400,218
1644459300,215
1644460200,217
1644461100,178
1644462000,180
1644462900,168
1644463800,156
1644464700,180
1644465600,230
1644466500,228
1644467400,220
1644468300,206
1644469200,234
1644470100,367
1644471000,242
1644471900,235
1644472800,204
1644473700,220
1644474600,173
1644475500,162
1644476400,521
1644477300,538
1644478200,426
1644479100,464
1644480000,248
1644480900,206
1644481800,189
1644482700,475
1644483600,359
1644484500,304
1644485400,257
1644486300,361
1644487200,304
1644488100,304
1644489000,265
1644489900,405
1644490800,360
1644491700,298
1644492600,272
1644493500,206
1644494400,251
1644495300,281
1644496200,359
1644497100,439
1644498000,264
1644498900,262
1644499800,349
1644500700,251
1644501600,249
1644502500,259
1644503400,336
1644504300,341
1644505200,381
1644506100,381
1644507000,393
1644507900,312
1644508800,304
1644509700,406
1644510600,454
1644511500,839
1644512400,802
1644513300,507
1644514200,499
1644515100,478
1644516000,529
1644516900,510
1644517800,504
1644518700,520
1644519600,518
1644520500,494
1644521400,404
1644522300,394
1644523200,426
1644524100,478
1644525000,490
1644525900,479
1644526800,361
1644527700,288
1644528600,223
1644529500,222
1644530400,177
1644531300,172
1644532200,168
1644533100,154
1644534000,172
1644534900,237
1644535800,213
1644536700,207
1644537600,197
1644538500,202
1644539400,186
1644540300,162
1644541200,181
1644542100,151
1644543000,155
1644543900,147
1644544800,227
1644545700,231
1644546600,233
1644547500,205
1644548400,232
1644549300,164
1644550200,165
1644551100,179
1644552000,172
1644552900,193
1644553800,212
1644554700,255
1644555600,294
1644556500,335
1644557400,242
1644558300,293
1644559200,314
1644560100,242
1644561000,256
1644561900,227
1644562800,341
1644563700,576
1644564600,367
1644565500,379
1644566400,351
1644567300,378
1644568200,298
1644569100,301
1644570000,233
1644570900,228
1644571800,244
1644572700,293
1644573600,280
1644574500,300
1644575400,221
1644576300,360
1644577200,281
1644578100,235
1644579000,208
1644579900,210
1644580800,219
1644581700,206
1644582600,202
1644583500,226
1644584400,209
1644585300,203
1644586200,185
1644587100,226
1644588000,215
1644588900,273
1644589800,220
1644590700,211
1644591600,215
1644592500,186
1644593400,173
1644594300,241
1644595200,871
1644596100,531
1644597000,619
1644597900,387
1644598800,375
1644599700,416
1644600600,495
1644601500,538
1644602400,472
1644603300,334
1644604200,325
1644605100,241
1644606000,233
1644606900,295
1644607800,254
1644608700,247
1644609600,317
1644610500,300
1644611400,289
1644612300,376
1644613200,269
1644614100,233
1644615000,241
1644615900,174
1644616800,155
1644617700,178
1644618600,200
1644619500,160
1644620400,158
1644621300,216
1644622200,225
1644623100,215
1644624000,217
1644624900,227
1644625800,211
1644626700,188
1644627600,173
1644628500,168
1644629400,172
1644630300,145
1644631200,176
1644632100,207
1644633000,214
1644633900,198
1644634800,215
1644635700,150
1644636600,149
1644637500,161
1644638400,190
1644639300,208
1644640200,205
1644641100,205
1644642000,157
1644642900,259
1644643800,232
1644644700,302
1644645600,382
1644646500,307
1644647400,272
1644648300,330
1644649200,346
1644650100,279
1644651000,746
1644651900,977
1644652800,287
1644653700,227
1644654600,196
1644655500,523
1644656400,532
1644657300,176
1644658200,192
1644659100,397
1644660000,443
1644660900,515
1644661800,313
1644662700,284
1644663600,345
1644664500,221
1644665400,317
1644666300,307
1644667200,293
1644668100,295
1644669000,281
1644669900,219
1644670800,222
1644671700,253
1644672600,283
1644673500,368
1644674400,297
1644675300,393
1644676200,353
1644677100,326
1644678000,413
1644678900,375
1644679800,389
1644680700,385
1644681600,388
1644682500,393
1644683400,332
1644684300,394
1644685200,517
1644686100,466
1644687000,477
1644687900,504
1644688800,622
1644689700,467
1644690600,782
1644691500,584
1644692400,470
1644693300,500
1644694200,475
1644695100,446
1644696000,444
1644696900,449
1644697800,498
1644698700,431
1644699600,436
1644700500,397
1644701400,324
1644702300,273
1644703200,250
1644704100,263
1644705000,251
1644705900,226
1644706800,212
1644707700,241
1644708600,240
1644709500,217
1644710400,183
1644711300,141
1644712200,150
1644713100,150
1644714000,164
1644714900,144
1644715800,148
1644716700,194
1644717600,212
1644718500,202
1644719400,194
1644720300,165
1644721200,160
1644722100,189
1644723000,212
1644723900,208
1644724800,202
1644725700,184
1644726600,149
1644727500,156
1644728400,167
1644729300,161
1644730200,180
1644731100,206
1644732000,239
1644732900,220
1644733800,189
1644734700,204
1644735600,323
1644736500,230
1644737400,372
1644738300,328
1644739200,496
1644740100,447
1644741000,407
1644741900,339
1644742800,289
1644743700,701
1644744600,703
1644745500,711
1644746400,442
1644747300,417
1644748200,316
1644749100,319
1644750000,375
1644750900,896
1644751800,412
1644752700,390
1644753600,401
1644754500,344
1644755400,406
1644756300,310
1644757200,307
1644758100,347
1644759000,297
1644759900,269
1644760800,247
1644761700,198
1644762600,184
1644763500,193
1644764400,202
1644765300,210
1644766200,189
1644767100,189
1644768000,200
1644768900,209
1644769800,233
1644770700,232
1644771600,225
1644772500,192
1644773400,175
1644774300,178
1644775200,197
1644776100,289
1644777000,236
1644777900,470
1644778800,832
1644779700,433
1644780600,337
1644781500,322
1644782400,273
1644783300,274
1644784200,250
1644785100,266
1644786000,241
1644786900,209
1644787800,339
1644788700,341
1644789600,310
1644790500,269
1644791400,241
1644792300,187
1644793200,148
1644794100,209
1644795000,214
1644795900,203
1644796800,208
1644797700,158
1644798600,148
1644799500,170
1644800400,200
1644801300,202
1644802200,189
1644803100,150
1644804000,162
1644804900,162
1644805800,148
1644806700,146
1644807600,149
1644808500,177
1644809400,204
1644810300,219
1644811200,222
1644812100,179
1644813000,166
1644813900,191
1644814800,212
1644815700,204
1644816600,199
1644817500,174
1644818400,158
1644819300,223
1644820200,216
1644821100,199
1644822000,172
1644822900,167
1644823800,215
1644824700,541
1644825600,838
1644826500,629
1644827400,940
1644828300,270
1644829200,295
1644830100,337
1644831000,479
1644831900,950
1644832800,322
1644833700,344
1644834600,583
1644835500,927
1644836400,784
1644837300,755
1644838200,920
1644839100,889
1644840000,929
1644840900,484
1644841800,531
1644842700,450
1644843600,398
1644844500,388
1644845400,702
1644846300,290
1644847200,268
1644848100,243
1644849000,602
1644849900,659
1644850800,298
1644851700,284
1644852600,280
1644853500,367
1644854400,749
1644855300,436
1644856200,362
1644857100,351
1644858000,332
1644858900,382
1644859800,681
1644860700,379
1644861600,501
1644862500,370
1644863400,443
1644864300,434
1644865200,385
1644866100,402
1644867000,426
1644867900,298
1644868800,300
1644869700,320
1644870600,271
1644871500,273
1644872400,346
1644873300,257
1644874200,217
1644875100,241
1644876000,215
1644876900,165
1644877800,144
1644878700,155
1644879600,176
1644880500,192
1644881400,223
1644882300,212
1644883200,208
1644884100,172
1644885000,152
1644885900,207
1644886800,209
1644887700,191
1644888600,157
1644889500,145
1644890400,155
1644891300,159
1644892200,219
1644893100,217
1644894000,194
1644894900,212
1644895800,168
1644896700,173
1644897600,167
1644898500,172
1644899400,160
1644900300,185
1644901200,227
1644902100,315
1644903000,272
1644903900,256
1644904800,224
1644905700,190
1644906600,559
1644907500,760
1644908400,529
1644909300,247
1644910200,265
1644911100,244
1644912000,207
1644912900,175
1644913800,131
1644914700,204
1644915600,181
1644916500,190
1644917400,231
1644918300,279
1644919200,288
1644920100,228
1644921000,243
1644921900,195
1644922800,217
1644923700,198
1644924600,195
1644925500,205
1644926400,212
1644927300,268
1644928200,278
1644929100,317
1644930000,242
1644930900,241
1644931800,273
1644932700,438
1644933600,294
1644934500,272
1644935400,275
1644936300,310
1644937200,313
1644938100,300
1644939000,285
1644939900,427
1644940800,841
1644941700,706
1644942600,699
1644943500,438
1644944400,513
1644945300,990
1644946200,807
1644947100,529
1644948000,852
1644948900,854
1644949800,805
1644950700,516
1644951600,339
1644952500,344
1644953400,353
1644954300,369
1644955200,359
1644956100,382
1644957000,491
1644957900,461
1644958800,393
1644959700,389
1644960600,388
1644961500,379
1644962400,294
1644963300,260
1644964200,282
1644965100,270
1644966000,249
1644966900,248
1644967800,183
1644968700,177
1644969600,232
1644970500,211
1644971400,214
1644972300,203
1644973200,149
1644974100,154
1644975000,149
1644975900,164
1644976800,150
1644977700,164
1644978600,219
1644979500,200
1644980400,207
1644981300,195
1644982200,206
1644983100,202
1644984000,220
1644984900,205
1644985800,212
1644986700,185
1644987600,165
1644988500,195
1644989400,204
1644990300,222
1644991200,210
1644992100,217
1644993000,251
1644993900,779
1644994800,231
1644995700,290
1644996600,228
1644997500,243
1644998400,256
1644999300,289
1645000200,428
1645001100,382
1645002000,395
1645002900,322
1645003800,289
1645004700,312
1645005600,341
1645006500,396
1645007400,540
1645008300,311
1645009200,568
1645010100,379
1645011000,293
1645011900,287
1645012800,605
1645013700,320
1645014600,205
1645015500,253
1645016400,259
1645017300,827
1645018200,534
1645019100,744
1645020000,280
1645020900,283
1645021800,414
1645022700,452
1645023600,335
1645024500,324
1645025400,280
1645026300,768
1645027200,793
1645028100,827
1645029000,914
1645029900,559
1645030800,670
1645031700,875
1645032600,955
1645033500,814
1645034400,881
1645035300,507
1645036200,483
1645037100,495
1645038000,437
1645038900,431
1645039800,439
1645040700,393
1645041600,566
1645042500,489
1645043400,472
1645044300,422
1645045200,472
1645046100,413
1645047000,301
1645047900,253
1645048800,263
1645049700,257
1645050600,197
1645051500,175
1645052400,190
1645053300,239
1645054200,230
1645055100,234
1645056000,220
1645056900,195
1645057800,170
1645058700,148
1645059600,159
1645060500,155
1645061400,163
1645062300,210
1645063200,201
1645064100,204
1645065000,363
1645065900,189
1645066800,162
1645067700,169
1645068600,162
1645069500,156
1645070400,198
1645071300,221
1645072200,358
1645073100,214
1645074000,228
1645074900,434
1645075800,371
1645076700,327
1645077600,475
1645078500,379
1645079400,247
1645080300,306
1645081200,263
1645082100,254
1645083000,318
1645083900,264
1645084800,312
1645085700,354
1645086600,287
1645087500,316
1645088400,313
1645089300,523
1645090200,383
1645091100,416
1645092000,462
1645092900,526
1645093800,641
1645094700,842
1645095600,700
1645096500,685
1645097400,579
1645098300,463
1645099200,614
1645100100,787
1645101000,432
1645101900,344
1645102800,263
1645103700,392
1645104600,705
1645105500,248
1645106400,269
1645107300,238
1645108200,296
1645109100,366
1645110000,292
1645110900,277
1645111800,315
1645112700,367
1645113600,671
1645114500,493
1645115400,454
1645116300,433
1645117200,472
1645118100,431
1645119000,629
1645119900,589
1645120800,598
1645121700,573
1645122600,540
1645123500,614
1645124400,869
1645125300,505
1645126200,498
1645127100,412
1645128000,440
1645128900,444
1645129800,392
1645130700,406
1645131600,402
1645132500,386
1645133400,329
1645134300,417
1645135200,290
1645136100,250
1645137000,254
1645137900,253
1645138800,264
1645139700,188
1645140600,185
1645141500,162
1645142400,230
1645143300,211
1645144200,227
1645145100,187
1645146000,150
1645146900,150
1645147800,143
1645148700,168
1645149600,166
1645150500,149
1645151400,241
1645152300,200
1645153200,277
1645154100,201
1645155000,195
1645155900,180
1645156800,165
1645157700,155
1645158600,162
1645159500,239
1645160400,353
1645161300,435
1645162200,252
1645163100,197
1645164000,165
1645164900,178
1645165800,174
1645166700,165
1645167600,159
1645168500,231
1645169400,223
1645170300,225
1645171200,188
1645172100,177
1645173000,180
1645173900,506
1645174800,356
1645175700,271
1645176600,353
1645177500,358
1645178400,378
1645179300,400
1645180200,428
1645181100,800
1645182000,555
1645182900,263
1645183800,274
1645184700,306
1645185600,678
1645186500,759
1645187400,873
1645188300,447
1645189200,314
1645190100,311
1645191000,252
1645191900,261
1645192800,383
1645193700,333
1645194600,361
1645195500,357
1645196400,363
1645197300,592
1645198200,1073
1645199100,853
1645200000,602
1645200900,337
1645201800,846
1645202700,416
1645203600,508
1645204500,583
1645205400,892
1645206300,806
1645207200,702
1645208100,530
1645209000,449
1645209900,408
1645210800,438
1645211700,358
1645212600,399
1645213500,364
1645214400,483
1645215300,403
1645216200,378
1645217100,343
1645218000,303
1645218900,345
1645219800,295
1645220700,323
1645221600,334
1645222500,320
1645223400,310
1645224300,217
1645225200,205
1645226100,241
1645227000,214
1645227900,211
1645228800,206
1645229700,182
1645230600,173
1645231500,152
1645232400,164
1645233300,153
1645234200,158
1645235100,144
1645236000,160
1645236900,154
1645237800,261
1645238700,216
1645239600,207
1645240500,201
1645241400,159
1645242300,158
1645243200,175
1645244100,177
1645245000,168
1645245900,186
1645246800,303
1645247700,385
1645248600,231
1645249500,721
1645250400,351
1645251300,237
1645252200,186
1645253100,193
1645254000,193
1645254900,204
1645255800,185
1645256700,185
1645257600,236
1645258500,316
1645259400,258
1645260300,249
1645261200,208
1645262100,189
1645263000,190
1645263900,207
1645264800,790
1645265700,675
1645266600,645
1645267500,497
1645268400,361
1645269300,363
1645270200,469
1645271100,766
1645272000,387
1645272900,366
1645273800,286
1645274700,617
1645275600,606
1645276500,472
1645277400,330
1645278300,285
1645279200,336
1645280100,333
1645281000,332
1645281900,327
1645282800,297
1645283700,256
1645284600,284
1645285500,277
1645286400,314
1645287300,321
1645288200,309
1645289100,396
1645290000,332
1645290900,377
1645291800,405
1645292700,410
1645293600,382
1645294500,332
1645295400,317
1645296300,385
1645297200,417
1645298100,324
1645299000,311
1645299900,355
1645300800,513
1645301700,594
1645302600,587
1645303500,689
1645304400,408
1645305300,546
1645306200,434
1645307100,482
1645308000,326
1645308900,232
1645309800,255
1645310700,220
1645311600,187
1645312500,165
1645313400,174
1645314300,198
1645315200,222
1645316100,193
1645317000,217
1645317900,177
1645318800,197
1645319700,208
1645320600,197
1645321500,196
1645322400,144
1645323300,153
1645324200,156
1645325100,183
1645326000,201
1645326900,159
1645327800,154
1645328700,155
1645329600,180
1645330500,145
1645331400,189
1645332300,210
1645333200,219
1645334100,208
1645335000,233
1645335900,187
1645336800,167
1645337700,184
1645338600,188
1645339500,354
1645340400,235
1645341300,220
1645342200,214
1645343100,220
1645344000,638
1645344900,401
1645345800,275
1645346700,293
1645347600,475
1645348500,582
1645349400,289
1645350300,283
1645351200,259
1645352100,709
1645353000,482
1645353900,248
1645354800,311
1645355700,895
1645356600,595
1645357500,1074
1645358400,868
1645359300,658
1645360200,366
1645361100,305
1645362000,622
1645362900,439
1645363800,411
1645364700,493
1645365600,414
1645366500,443
1645367400,527
1645368300,529
1645369200,352
1645370100,560
1645371000,804
1645371900,379
1645372800,363
1645373700,420
1645374600,430
1645375500,678
1645376400,626
1645377300,580
1645378200,698
1645379100,477
1645380000,449
1645380900,520
1645381800,482
1645382700,588
1645383600,632
1645384500,517
1645385400,574
1645386300,412
1645387200,398
1645388100,388
1645389000,402
1645389900,364
1645390800,393
1645391700,407
1645392600,258
1645393500,295
1645394400,240
1645395300,208
1645396200,190
1645397100,163
1645398000,188
1645398900,231
1645399800,234
1645400700,246
1645401600,220
1645402500,219
1645403400,166
1645404300,176
1645405200,177
1645406100,177
1645407000,163
1645407900,168
1645408800,176
1645409700,163
1645410600,176
1645411500,169
1645412400,171
1645413300,161
1645414200,203
1645415100,267
1645416000,212
1645416900,179
1645417800,152
1645418700,155
1645419600,169
1645420500,174
1645421400,174
1645422300,166
1645423200,239
1645424100,244
1645425000,227
1645425900,224
1645426800,338
1645427700,175
1645428600,339
1645429500,275
1645430400,324
1645431300,767
1645432200,277
1645433100,267
1645434000,289
1645434900,571
1645435800,853
1645436700,375
1645437600,910
1645438500,522
1645439400,642
1645440300,797
1645441200,532
1645442100,443
1645443000,307
1645443900,335
1645444800,244
1645445700,238
1645446600,262
1645447500,264
1645448400,287
1645449300,265
1645450200,253
1645451100,362
1645452000,389
1645452900,369
1645453800,323
1645454700,386
1645455600,411
1645456500,382
1645457400,376
1645458300,361
1645459200,332
1645460100,470
1645461000,491
1645461900,451
1645462800,397
1645463700,348
1645464600,337
1645465500,320
1645466400,339
1645467300,581
1645468200,452
1645469100,459
1645470000,569
1645470900,666
1645471800,702
1645472700,600
1645473600,600
1645474500,380
1645475400,356
1645476300,391
1645477200,398
1645478100,315
1645479000,370
1645479900,285
1645480800,298
1645481700,291
1645482600,276
1645483500,300
1645484400,189
1645485300,224
1645486200,243
1645487100,233
1645488000,199
1645488900,181
1645489800,179
1645490700,233
1645491600,162
1645492500,153
1645493400,169
1645494300,175
1645495200,180
1645496100,322
1645497000,298
1645497900,210
1645498800,181
1645499700,148
1645500600,151
1645501500,152
1645502400,158
1645503300,194
1645504200,209
1645505100,228
1645506000,359
1645506900,856
1645507800,968
1645508700,230
1645509600,220
1645510500,235
1645511400,226
1645512300,238
1645513200,217
1645514100,206
1645515000,192
1645515900,169
1645516800,184
1645517700,177
1645518600,188
1645519500,410
1645520400,405
1645521300,357
1645522200,209
1645523100,171
1645524000,186
1645524900,186
1645525800,355
1645526700,434
1645527600,278
1645528500,277
1645529400,221
1645530300,404
1645531200,402
1645532100,432
1645533000,334
1645533900,294
1645534800,289
1645535700,293
1645536600,374
1645537500,304
1645538400,257
1645539300,262
1645540200,279
1645541100,268
1645542000,314
1645542900,282
1645543800,261
1645544700,404
1645545600,243
1645546500,405
1645547400,456
1645548300,465
1645549200,546
1645550100,620
1645551000,768
1645551900,616
1645552800,810
1645553700,904
1645554600,697
1645555500,675
1645556400,686
1645557300,972
1645558200,879
1645559100,747
1645560000,719
1645560900,535
1645561800,484
1645562700,446
1645563600,389
1645564500,362
1645565400,331
1645566300,337
1645567200,268
1645568100,277
1645569000,258
1645569900,199
1645570800,229
1645571700,242
1645572600,197
1645573500,189
1645574400,239
1645575300,291
1645576200,193
1645577100,183
1645578000,184
1645578900,170
1645579800,153
1645580700,167
1645581600,174
1645582500,185
1645583400,223
1645584300,199
1645585200,237
1645586100,229
1645587000,190
1645587900,159
1645588800,211
1645589700,191
1645590600,186
1645591500,186
1645592400,365
1645593300,251
1645594200,338
1645595100,258
1645596000,214
1645596900,237
1645597800,169
1645598700,265
1645599600,251
1645600500,236
1645601400,184
1645602300,196
1645603200,212
1645604100,391
1645605000,296
1645605900,339
1645606800,254
1645607700,240
1645608600,262
1645609500,311
1645610400,307
1645611300,230
1645612200,293
1645613100,265
1645614000,365
1645614900,991
1645615800,335
1645616700,341
1645617600,347
1645618500,553
1645619400,628
1645620300,306
1645621200,241
1645622100,209
1645623000,230
1645623900,263
1645624800,226
1645625700,214
1645626600,201
1645627500,218
1645628400,216
1645629300,217
1645630200,224
1645631100,212
1645632000,303
1645632900,300
1645633800,810
1645634700,502
1645635600,449
1645636500,664
1645637400,919
1645638300,779
1645639200,648
1645640100,447
1645641000,434
1645641900,443
1645642800,602
1645643700,486
1645644600,442
1645645500,425
1645646400,418
1645647300,365
1645648200,369
1645649100,323
1645650000,300
1645650900,338
1645651800,252
1645652700,186
1645653600,227
1645654500,212
1645655400,162
1645656300,177
1645657200,176
1645658100,170
1645659000,165
1645659900,162
1645660800,154
1645661700,166
1645662600,231
1645663500,197
1645664400,164
1645665300,159
1645666200,170
1645667100,167
1645668000,175
1645668900,230
1645669800,301
1645670700,210
1645671600,164
1645672500,153
1645673400,169
1645674300,154
1645675200,147
1645676100,154
1645677000,187
1645677900,282
1645678800,406
1645679700,242
1645680600,311
1645681500,266
1645682400,229
1645683300,361
1645684200,693
1645685100,696
1645686000,489
1645686900,216
1645687800,223
1645688700,241
1645689600,288
1645690500,262
1645691400,202
1645692300,339
1645693200,402
1645694100,361
1645695000,265
1645695900,232
1645696800,269
1645697700,298
1645698600,963
1645699500,866
1645700400,913
1645701300,792
1645702200,682
1645703100,342
1645704000,229
1645704900,203
1645705800,204
1645706700,200
1645707600,322
1645708500,252
1645709400,250
1645710300,294
1645711200,201
1645712100,183
1645713000,241
1645713900,226
1645714800,236
1645715700,222
1645716600,205
1645717500,516
1645718400,560
1645719300,354
1645720200,405
1645721100,448
1645722000,435
1645722900,431
1645723800,416
1645724700,935
1645725600,390
1645726500,343
1645727400,307
1645728300,615
1645729200,864
1645730100,446
1645731000,411
1645731900,376
1645732800,507
1645733700,410
1645734600,406
1645735500,323
1645736400,294
1645737300,261
1645738200,219
1645739100,205
1645740000,144
1645740900,143
1645741800,138
1645742700,154
1645743600,177
1645744500,233
1645745400,211
1645746300,168
1645747200,161
1645748100,150
1645749000,153
1645749900,164
1645750800,164
1645751700,162
1645752600,135
1645753500,167
1645754400,159
1645755300,143
1645756200,216
1645757100,222
1645758000,167
1645758900,165
1645759800,140
1645760700,152
1645761600,158
1645762500,195
1645763400,205
1645764300,237
1645765200,314
1645766100,397
1645767000,237
1645767900,181
1645768800,227
1645769700,154
1645770600,207
1645771500,217
1645772400,479
1645773300,458
1645774200,500
1645775100,383
1645776000,263
1645776900,264
1645777800,295
1645778700,256
1645779600,180
1645780500,168
1645781400,167
1645782300,181
1645783200,186
1645784100,180
1645785000,193
1645785900,241
1645786800,237
1645787700,363
1645788600,235
1645789500,369
1645790400,409
1645791300,277
1645792200,659
1645793100,265
1645794000,252
1645794900,275
1645795800,247
1645796700,292
1645797600,257
1645798500,242
1645799400,235
1645800300,372
1645801200,264
1645802100,367
1645803000,394
1645803900,329
1645804800,309
1645805700,390
1645806600,325
1645807500,494
1645808400,751
1645809300,527
1645810200,475
1645811100,387
1645812000,519
1645812900,424
1645813800,412
1645814700,515
1645815600,483
1645816500,373
1645817400,364
1645818300,445
1645819200,365
1645820100,381
1645821000,389
1645821900,349
1645822800,372
1645823700,239
1645824600,210
1645825500,262
1645826400,196
1645827300,144
1645828200,136
1645829100,234
1645830000,151
1645830900,143
1645831800,213
1645832700,164
1645833600,151
1645834500,159
1645835400,156
1645836300,151
1645837200,140
1645838100,150
1645839000,173
1645839900,159
1645840800,146
1645841700,154
1645842600,219
1645843500,160
1645844400,145
1645845300,156
1645846200,201
1645847100,216
1645848000,192
1645848900,138
1645849800,147
1645850700,182
1645851600,368
1645852500,266
1645853400,232
1645854300,186
1645855200,244
1645856100,208
1645857000,182
1645857900,179
1645858800,166
1645859700,183
1645860600,169
1645861500,159
1645862400,148
1645863300,213
1645864200,247
1645865100,247
1645866000,186
1645866900,189
1645867800,433
1645868700,469
1645869600,300
1645870500,293
1645871400,347
1645872300,297
1645873200,320
1645874100,388
1645875000,425
1645875900,396
1645876800,728
1645877700,1048
1645878600,425
1645879500,454
1645880400,448
1645881300,900
1645882200,683
1645883100,281
1645884000,282
1645884900,294
1645885800,313
1645886700,268
1645887600,331
1645888500,224
1645889400,250
1645890300,277
1645891200,260
1645892100,365
1645893000,975
1645893900,725
1645894800,544
1645895700,548
1645896600,612
1645897500,544
1645898400,593
1645899300,545
1645900200,615
1645901100,541
1645902000,511
1645902900,489
1645903800,387
1645904700,371
1645905600,390
1645906500,353
1645907400,359
1645908300,345
1645909200,403
1645910100,412
1645911000,419
1645911900,336
1645912800,346
1645913700,280
1645914600,269
1645915500,193
1645916400,191
1645917300,259
1645918200,246
1645919100,198
1645920000,174
1645920900,155
1645921800,187
1645922700,182
1645923600,182
1645924500,173
1645925400,174
1645926300,169
1645927200,197
1645928100,159
1645929000,180
1645929900,174
1645930800,178
1645931700,190
1645932600,166
1645933500,178
1645934400,211
1645935300,221
1645936200,203
1645937100,179
1645938000,168
1645938900,170
1645939800,155
1645940700,168
1645941600,215
1645942500,241
1645943400,208
1645944300,262
1645945200,233
1645946100,324
1645947000,346
1645947900,295
1645948800,266
1645949700,209
1645950600,243
1645951500,263
1645952400,267
1645953300,258
1645954200,569
1645955100,364
1645956000,283
1645956900,363
1645957800,1159
1645958700,918
1645959600,519
1645960500,687
1645961400,386
1645962300,315
1645963200,286
1645964100,259
1645965000,236
1645965900,246
1645966800,321
1645967700,241
1645968600,221
1645969500,215
1645970400,263
1645971300,335
1645972200,412
1645973100,289
1645974000,680
1645974900,396
1645975800,701
1645976700,342
1645977600,382
1645978500,334
1645979400,710
1645980300,823
1645981200,514
1645982100,553
1645983000,556
1645983900,777
1645984800,518
1645985700,539
1645986600,448
1645987500,537
1645988400,523
1645989300,555
1645990200,612
1645991100,484
1645992000,440
1645992900,430
1645993800,426
1645994700,403
1645995600,400
1645996500,388
1645997400,397
1645998300,399
1645999200,412
1646000100,387
1646001000,264
1646001900,250
1646002800,255
1646003700,204
1646004600,177
1646005500,142
1646006400,157
1646007300,165
1646008200,197
1646009100,223
1646010000,216
1646010900,180
1646011800,148
1646012700,171
1646013600,161
1646014500,171
1646015400,150
1646016300,157
1646017200,165
1646018100,171
1646019000,152
1646019900,142
1646020800,170
1646021700,172
1646022600,142
1646023500,160
1646024400,196
1646025300,197
1646026200,184
1646027100,149
1646028000,154
1646028900,165
1646029800,155
1646030700,143
1646031600,205
1646032500,235
1646033400,350
1646034300,254
1646035200,215
1646036100,193
1646037000,181
1646037900,709
1646038800,440
1646039700,454
1646040600,457
1646041500,369
1646042400,649
1646043300,786
1646044200,642
1646045100,748
1646046000,548
1646046900,593
1646047800,710
1646048700,537
1646049600,493
1646050500,455
1646051400,367
1646052300,431
1646053200,561
1646054100,324
1646055000,290
1646055900,293
1646056800,876
1646057700,536
1646058600,469
1646059500,345
1646060400,347
1646061300,406
1646062200,411
1646063100,429
1646064000,445
1646064900,453
1646065800,413
1646066700,445
1646067600,501
1646068500,570
1646069400,584
1646070300,409
1646071200,353
1646072100,333
1646073000,401
1646073900,351
1646074800,466
1646075700,401
1646076600,479
1646077500,379
1646078400,377
1646079300,403
1646080200,357
1646081100,356
1646082000,411
1646082900,392
1646083800,328
1646084700,293
1646085600,291
1646086500,293
1646087400,248
1646088300,186
1646089200,158
1646090100,201
1646091000,215
1646091900,209
1646092800,184
1646093700,157
1646094600,156
1646095500,156
1646096400,141
1646097300,168
1646098200,218
1646099100,207
1646100000,167
1646100900,151
1646101800,160
1646102700,159
1646103600,151
1646104500,154
1646105400,158
1646106300,166
1646107200,163
1646108100,155
1646109000,150
1646109900,171
1646110800,308
1646111700,419
1646112600,249
1646113500,160
1646114400,152
1646115300,162
1646116200,156
1646117100,144
1646118000,158
1646118900,149
1646119800,163
1646120700,162
1646121600,156
1646122500,222
1646123400,666
1646124300,358
1646125200,241
1646126100,235
1646127000,466
1646127900,398
1646128800,695
1646129700,855
1646130600,277
1646131500,277
1646132400,249
1646133300,239
1646134200,242
1646135100,283
1646136000,411
1646136900,563
1646137800,429
1646138700,491
1646139600,401
1646140500,802
1646141400,589
1646142300,290
1646143200,292
1646144100,306
1646145000,389
1646145900,317
1646146800,273
1646147700,261
1646148600,449
1646149500,317
1646150400,429
1646151300,813
1646152200,383
1646153100,353
1646154000,367
1646154900,397
1646155800,800
1646156700,871
1646157600,600
1646158500,601
1646159400,578
1646160300,634
1646161200,528
1646162100,504
1646163000,567
1646163900,696
1646164800,461
1646165700,428
1646166600,390
1646167500,332
1646168400,381
1646169300,302
1646170200,266
1646171100,267
1646172000,260
1646172900,272
1646173800,272
1646174700,283
1646175600,269
1646176500,242
1646177400,243
1646178300,228
1646179200,186
1646180100,185
1646181000,184
1646181900,177
1646182800,198
1646183700,186
1646184600,168
1646185500,177
1646186400,180
1646187300,194
1646188200,201
1646189100,169
1646190000,203
1646190900,230
1646191800,226
1646192700,199
1646193600,190
1646194500,195
1646195400,246
1646196300,210
1646197200,245
1646198100,381
1646199000,174
1646199900,181
1646200800,179
1646201700,241
1646202600,255
1646203500,225
1646204400,339
1646205300,725
1646206200,919
1646207100,574
1646208000,371
1646208900,287
1646209800,274
1646210700,518
1646211600,806
1646212500,593
1646213400,304
1646214300,404
1646215200,399
1646216100,381
1646217000,293
1646217900,266
1646218800,340
1646219700,324
1646220600,319
1646221500,342
1646222400,340
1646223300,328
1646224200,298
1646225100,268
1646226000,338
1646226900,292
1646227800,434
1646228700,888
1646229600,780
1646230500,820
1646231400,566
1646232300,415
1646233200,387
1646234100,361
1646235000,342
1646235900,393
1646236800,410
1646237700,995
1646238600,860
1646239500,589
1646240400,648
1646241300,487
1646242200,500
1646243100,556
1646244000,714
1646244900,875
1646245800,440
1646246700,406
1646247600,455
1646248500,431
1646249400,437
1646250300,404
1646251200,387
1646252100,374
1646253000,388
1646253900,503
1646254800,764
1646255700,348
1646256600,304
1646257500,303
1646258400,620
1646259300,679
1646260200,251
1646261100,207
1646262000,182
1646262900,169
1646263800,186
1646264700,230
1646265600,228
1646266500,176
1646267400,171
1646268300,179
1646269200,185
1646270100,182
1646271000,180
1646271900,179
1646272800,170
1646273700,165
1646274600,194
1646275500,227
1646276400,212
1646277300,222
1646278200,184
1646279100,180
1646280000,178
1646280900,164
1646281800,185
1646282700,187
1646283600,266
1646284500,368
1646285400,254
1646286300,245
1646287200,192
1646288100,344
1646289000,631
1646289900,756
1646290800,591
1646291700,249
1646292600,422
1646293500,541
1646294400,466
1646295300,377
1646296200,259
1646297100,733
1646298000,963
1646298900,914
1646299800,689
1646300700,313
1646301600,330
1646302500,447
1646303400,366
1646304300,350
1646305200,274
1646306100,301
1646307000,582
1646307900,730
1646308800,301
1646309700,471
1646310600,241
1646311500,310
1646312400,235
1646313300,232
1646314200,224
1646315100,250
1646316000,323
1646316900,299
1646317800,265
1646318700,257
1646319600,301
1646320500,284
1646321400,294
1646322300,554
1646323200,470
1646324100,430
1646325000,384
1646325900,391
1646326800,432
1646327700,543
1646328600,555
1646329500,578
1646330400,442
1646331300,419
1646332200,460
1646333100,577
1646334000,426
1646334900,401
1646335800,384
1646336700,330
1646337600,434
1646338500,445
1646339400,416
1646340300,363
1646341200,316
1646342100,274
1646343000,232
1646343900,224
1646344800,246
1646345700,239
1646346600,229
1646347500,220
1646348400,201
1646349300,214
1646350200,223
1646351100,232
1646352000,223
1646352900,211
1646353800,177
1646354700,160
1646355600,195
1646356500,219
1646357400,189
1646358300,164
1646359200,167
1646360100,157
1646361000,226
1646361900,157
1646362800,153
1646363700,161
1646364600,164
1646365500,190
1646366400,215
1646367300,209
1646368200,202
1646369100,186
1646370000,376
1646370900,406
1646371800,216
1646372700,220
1646373600,149
1646374500,146
1646375400,150
1646376300,165
1646377200,194
1646378100,174
1646379000,179
1646379900,320
1646380800,425
1646381700,393
1646382600,446
1646383500,290
1646384400,231
1646385300,429
1646386200,283
1646387100,264
1646388000,253
1646388900,248
1646389800,242
1646390700,265
1646391600,267
1646392500,265
1646393400,282
1646394300,309
1646395200,503
1646396100,349
1646397000,283
1646397900,292
1646398800,298
1646399700,264
1646400600,294
1646401500,289
1646402400,257
1646403300,256
1646404200,244
1646405100,257
1646406000,281
1646406900,319
1646407800,313
1646408700,304
1646409600,331
1646410500,360
1646411400,421
1646412300,915
1646413200,578
1646414100,535
1646415000,462
1646415900,546
1646416800,387
1646417700,503
1646418600,522
1646419500,618
1646420400,654
1646421300,546
1646422200,502
1646423100,498
1646424000,481
1646424900,451
1646425800,405
1646426700,328
1646427600,311
1646428500,309
1646429400,263
1646430300,257
1646431200,275
1646432100,230
1646433000,292
1646433900,231
1646434800,158
1646435700,227
1646436600,216
1646437500,195
1646438400,190
1646439300,190
1646440200,155
1646441100,152
1646442000,164
1646442900,162
1646443800,145
1646444700,155
1646445600,165
1646446500,167
1646447400,194
1646448300,185
1646449200,213
1646450100,219
1646451000,196
1646451900,178
1646452800,162
1646453700,150
1646454600,141
1646455500,191
1646456400,214
1646457300,287
1646458200,240
1646459100,306
1646460000,355
1646460900,343
1646461800,303
1646462700,321
1646463600,569
1646464500,448
1646465400,291
1646466300,325
1646467200,280
1646468100,734
1646469000,472
1646469900,192
1646470800,252
1646471700,522
1646472600,324
1646473500,266
1646474400,244
1646475300,318
1646476200,300
1646477100,245
1646478000,228
1646478900,264
1646479800,223
1646480700,442
1646481600,493
1646482500,376
1646483400,344
1646484300,302
1646485200,349
1646486100,282
1646487000,290
1646487900,557
1646488800,390
1646489700,403
1646490600,536
1646491500,638
1646492400,298
1646493300,262
1646494200,267
1646495100,628
1646496000,531
1646496900,333
1646497800,428
1646498700,841
1646499600,905
1646500500,919
1646501400,508
1646502300,607
1646503200,369
1646504100,333
1646505000,370
1646505900,869
1646506800,370
1646507700,542
1646508600,733
1646509500,448
1646510400,810
1646511300,505
1646512200,956
1646513100,634
1646514000,420
1646514900,349
1646515800,412
1646516700,303
1646517600,242
1646518500,217
1646519400,167
1646520300,150
1646521200,273
1646522100,269
1646523000,245
1646523900,201
1646524800,193
1646525700,182
1646526600,160
1646527500,165
1646528400,160
1646529300,135
1646530200,159
1646531100,146
1646532000,195
1646532900,223
1646533800,244
1646534700,233
1646535600,155
1646536500,153
1646537400,168
1646538300,155
1646539200,163
1646540100,157
1646541000,157
1646541900,208
1646542800,195
1646543700,213
1646544600,198
1646545500,157
1646546400,151
1646547300,136
1646548200,145
1646549100,144
1646550000,143
1646550900,237
1646551800,202
1646552700,248
1646553600,493
1646554500,843
1646555400,1098
1646556300,988
1646557200,715
1646558100,466
1646559000,341
1646559900,325
1646560800,662
1646561700,1017
1646562600,953
1646563500,848
1646564400,1013
1646565300,1041
1646566200,625
1646567100,440
1646568000,555
1646568900,683
1646569800,724
1646570700,833
1646571600,872
1646572500,657
1646573400,464
1646574300,282
1646575200,265
1646576100,339
1646577000,307
1646577900,338
1646578800,299
1646579700,236
1646580600,239
1646581500,268
1646582400,240
1646583300,260
1646584200,251
1646585100,481
1646586000,595
1646586900,547
1646587800,672
1646588700,519
1646589600,670
1646590500,509
1646591400,597
1646592300,786
1646593200,599
1646594100,372
1646595000,437
1646595900,433
1646596800,964
1646597700,471
1646598600,371
1646599500,324
1646600400,316
1646601300,312
1646602200,328
1646603100,317
1646604000,240
1646604900,247
1646605800,254
1646606700,219
1646607600,185
1646608500,247
1646609400,213
1646610300,225
1646611200,210
1646612100,185
1646613000,171
1646613900,173
1646614800,171
1646615700,166
1646616600,147
1646617500,181
1646618400,205
1646619300,214
1646620200,205
1646621100,178
1646622000,158
1646622900,142
1646623800,159
1646624700,152
1646625600,166
1646626500,202
1646627400,216
1646628300,221
1646629200,204
1646630100,145
1646631000,218
1646631900,212
1646632800,188
1646633700,153
1646634600,153
1646635500,145
1646636400,214
1646637300,157
1646638200,623
1646639100,572
1646640000,787
1646640900,301
1646641800,282
1646642700,269
1646643600,658
1646644500,577
1646645400,448
1646646300,616
1646647200,324
1646648100,433
1646649000,378
1646649900,777
1646650800,609
1646651700,431
1646652600,366
1646653500,287
1646654400,272
1646655300,300
1646656200,290
1646657100,296
1646658000,313
1646658900,325
1646659800,355
1646660700,340
1646661600,302
1646662500,302
1646663400,435
1646664300,316
1646665200,418
1646666100,312
1646667000,271
1646667900,254
1646668800,266
1646669700,233
1646670600,336
1646671500,292
1646672400,355
1646673300,410
1646674200,411
1646675100,446
1646676000,399
1646676900,362
1646677800,291
1646678700,289
1646679600,350
1646680500,331
1646681400,337
1646682300,470
1646683200,532
1646684100,435
1646685000,490
1646685900,385
1646686800,362
1646687700,361
1646688600,353
1646689500,280
1646690400,218
1646691300,170
1646692200,176
1646693100,157
1646694000,153
1646694900,194
1646695800,210
1646696700,200
1646697600,213
1646698500,214
1646699400,190
1646700300,151
1646701200,155
1646702100,164
1646703000,143
1646703900,162
1646704800,177
1646705700,204
1646706600,269
1646707500,218
1646708400,209
1646709300,142
1646710200,160
1646711100,154
1646712000,178
1646712900,142
1646713800,216
1646714700,264
1646715600,346
1646716500,237
1646717400,212
1646718300,188
1646719200,168
1646720100,165
1646721000,311
1646721900,179
1646722800,241
1646723700,309
1646724600,246
1646725500,255
1646726400,244
1646727300,214
1646728200,207
1646729100,189
1646730000,217
1646730900,221
1646731800,232
1646732700,277
1646733600,275
1646734500,256
1646735400,238
1646736300,240
1646737200,320
1646738100,233
1646739000,241
1646739900,218
1646740800,227
1646741700,219
1646742600,233
1646743500,409
1646744400,450
1646745300,246
1646746200,275
1646747100,281
1646748000,234
1646748900,229
1646749800,215
1646750700,370
1646751600,418
1646752500,258
1646753400,745
1646754300,845
1646755200,314
1646756100,269
1646757000,292
1646757900,810
1646758800,658
1646759700,466
1646760600,755
1646761500,705
1646762400,475
1646763300,493
1646764200,468
1646765100,482
1646766000,839
1646766900,913
1646767800,415
1646768700,411
1646769600,365
1646770500,372
1646771400,323
1646772300,284
1646773200,310
1646774100,311
1646775000,300
1646775900,307
1646776800,243
1646777700,349
1646778600,203
1646779500,171
1646780400,172
1646781300,200
1646782200,196
1646783100,204
1646784000,196
1646784900,196
1646785800,151
1646786700,152
1646787600,150
1646788500,165
1646789400,187
1646790300,210
1646791200,190
1646792100,212
1646793000,268
1646793900,186
1646794800,167
1646795700,227
1646796600,157
1646797500,151
1646798400,206
1646799300,214
1646800200,217
1646801100,284
1646802000,379
1646802900,235
1646803800,239
1646804700,152
1646805600,175
1646806500,281
1646807400,219
1646808300,221
1646809200,602
1646810100,745
1646811000,482
1646811900,446
1646812800,410
1646813700,383
1646814600,414
1646815500,355
1646816400,393
1646817300,420
1646818200,957
1646819100,363
1646820000,304
1646820900,275
1646821800,360
1646822700,356
1646823600,313
1646824500,391
1646825400,336
1646826300,930
1646827200,838
1646828100,772
1646829000,705
1646829900,259
1646830800,226
1646831700,391
1646832600,391
1646833500,215
1646834400,212
1646835300,201
1646836200,171
1646837100,164
1646838000,195
1646838900,282
1646839800,201
1646840700,227
1646841600,379
1646842500,384
1646843400,310
1646844300,333
1646845200,396
1646846100,418
1646847000,438
1646847900,390
1646848800,430
1646849700,400
1646850600,335
1646851500,364
1646852400,422
1646853300,434
1646854200,403
1646855100,381
1646856000,433
1646856900,454
1646857800,378
1646858700,310
1646859600,318
1646860500,252
1646861400,157
1646862300,181
1646863200,215
1646864100,162
1646865000,141
1646865900,146
1646866800,158
1646867700,198
1646868600,207
1646869500,199
1646870400,196
1646871300,193
1646872200,214
1646873100,203
1646874000,186
1646874900,157
1646875800,152
1646876700,160
1646877600,172
1646878500,222
1646879400,201
1646880300,213
1646881200,209
1646882100,150
1646883000,178
1646883900,211
1646884800,218
1646885700,197
1646886600,201
1646887500,213
1646888400,342
1646889300,335
1646890200,276
1646891100,272
1646892000,498
1646892900,642
1646893800,356
1646894700,316
1646895600,205
1646896500,237
1646897400,241
1646898300,236
1646899200,289
1646900100,294
1646901000,689
1646901900,564
1646902800,374
1646903700,361
1646904600,419
1646905500,431
1646906400,390
1646907300,245
1646908200,234
1646909100,253
1646910000,243
1646910900,426
1646911800,302
1646912700,279
1646913600,322
1646914500,200
1646915400,163
1646916300,172
1646917200,164
1646918100,170
1646919000,177
1646919900,172
1646920800,158
1646921700,178
1646922600,274
1646923500,281
1646924400,215
1646925300,238
1646926200,623
1646927100,431
1646928000,217
1646928900,263
1646929800,310
1646930700,286
1646931600,273
1646932500,272
1646933400,310
1646934300,269
1646935200,248
1646936100,353
1646937000,324
1646937900,425
1646938800,404
1646939700,348
1646940600,409
1646941500,343
1646942400,330
1646943300,502
1646944200,392
1646945100,386
1646946000,374
1646946900,266
1646947800,221
1646948700,179
1646949600,160
1646950500,168
1646951400,172
1646952300,145
1646953200,149
1646954100,198
1646955000,212
1646955900,207
1646956800,213
1646957700,211
1646958600,196
1646959500,194
1646960400,141
1646961300,149
1646962200,155
1646963100,227
1646964000,164
1646964900,207
1646965800,213
1646966700,192
1646967600,212
1646968500,185
1646969400,171
1646970300,170
1646971200,220
1646972100,202
1646973000,202
1646973900,179
1646974800,300
1646975700,244
1646976600,150
1646977500,175
1646978400,277
1646979300,220
1646980200,206
1646981100,245
1646982000,310
1646982900,414
1646983800,265
1646984700,240
1646985600,358
1646986500,310
1646987400,280
1646988300,247
1646989200,273
1646990100,204
1646991000,258
1646991900,344
1646992800,279
1646993700,249
1646994600,198
1646995500,599
1646996400,699
1646997300,298
1646998200,233
1646999100,205
1647000000,223
1647000900,255
1647001800,252
1647002700,306
1647003600,418
1647004500,401
1647005400,362
1647006300,446
1647007200,372
1647008100,289
1647009000,224
1647009900,231
1647010800,238
1647011700,243
1647012600,232
1647013500,220
1647014400,529
1647015300,642
1647016200,358
1647017100,361
1647018000,547
1647018900,557
1647019800,635
1647020700,575
1647021600,563
1647022500,579
1647023400,532
1647024300,586
1647025200,584
1647026100,456
1647027000,539
1647027900,570
1647028800,494
1647029700,473
1647030600,475
1647031500,341
1647032400,278
1647033300,221
1647034200,228
1647035100,228
1647036000,236
1647036900,232
1647037800,183
1647038700,165
1647039600,158
1647040500,219
1647041400,228
1647042300,217
1647043200,200
1647044100,200
1647045000,152
1647045900,158
1647046800,222
1647047700,221
1647048600,186
1647049500,144
1647050400,155
1647051300,163
1647052200,151
1647053100,161
1647054000,167
1647054900,184
1647055800,213
1647056700,185
1647057600,221
1647058500,173
1647059400,140
1647060300,169
1647061200,214
1647062100,305
1647063000,328
1647063900,295
1647064800,456
1647065700,1062
1647066600,369
1647067500,265
1647068400,253
1647069300,355
1647070200,1181
1647071100,393
1647072000,283
1647072900,452
1647073800,653
1647074700,1100
1647075600,528
1647076500,458
1647077400,573
1647078300,890
1647079200,759
1647080100,642
1647081000,439
1647081900,313
1647082800,271
1647083700,288
1647084600,444
1647085500,365
1647086400,329
1647087300,366
1647088200,331
1647089100,333
1647090000,434
1647090900,340
1647091800,374
1647092700,470
1647093600,391
1647094500,585
1647095400,470
1647096300,438
1647097200,282
1647098100,518
1647099000,344
1647099900,254
1647100800,251
1647101700,298
1647102600,334
1647103500,452
1647104400,429
1647105300,461
1647106200,469
1647107100,541
1647108000,408
1647108900,416
1647109800,375
1647110700,436
1647111600,410
1647112500,430
1647113400,421
1647114300,390
1647115200,661
1647116100,838
1647117000,446
1647117900,516
1647118800,535
1647119700,403
1647120600,352
1647121500,301
1647122400,261
1647123300,242
1647124200,234
1647125100,227
1647126000,224
1647126900,204
1647127800,197
1647128700,220
1647129600,195
1647130500,190
1647131400,204
1647132300,206
1647133200,181
1647134100,145
1647135000,164
1647135900,152
1647136800,173
1647137700,150
1647138600,142
1647139500,170
1647140400,205
1647141300,195
1647142200,216
1647143100,200
1647144000,154
1647144900,150
1647145800,157
1647146700,138
1647147600,153
1647148500,141
1647149400,160
1647150300,191
1647151200,191
1647152100,201
1647153000,179
1647153900,206
1647154800,207
1647155700,321
1647156600,206
1647157500,231
1647158400,232
1647159300,234
1647160200,318
1647161100,627
1647162000,371
1647162900,402
1647163800,371
1647164700,520
1647165600,366
1647166500,590
1647167400,622
1647168300,567
1647169200,453
1647170100,576
1647171000,488
1647171900,890
1647172800,533
1647173700,324
1647174600,550
1647175500,310
1647176400,759
1647177300,511
1647178200,349
1647179100,398
1647180000,370
1647180900,523
1647181800,349
1647182700,333
1647183600,368
1647184500,347
1647185400,370
1647186300,377
1647187200,405
1647188100,655
1647189000,967
1647189900,865
1647190800,895
1647191700,800
1647192600,649
1647193500,546
1647194400,477
1647195300,774
1647196200,704
1647197100,724
1647198000,708
1647198900,685
1647199800,605
1647200700,455
1647201600,398
1647202500,428
1647203400,541
1647204300,424
1647205200,430
1647206100,375
1647207000,340
1647207900,318
1647208800,347
1647209700,331
1647210600,282
1647211500,419
1647212400,270
1647213300,310
1647214200,485
1647215100,460
1647216000,234
1647216900,190
1647217800,212
1647218700,647
1647219600,308
1647220500,212
1647221400,217
1647222300,220
1647223200,223
1647224100,210
1647225000,174
1647225900,146
1647226800,177
1647227700,200
1647228600,218
1647229500,197
1647230400,191
1647231300,226
1647232200,165
1647233100,153
1647234000,155
1647234900,157
1647235800,145
1647236700,142
1647237600,158
1647238500,202
1647239400,195
1647240300,201
1647241200,170
1647242100,200
1647243000,273
1647243900,255
1647244800,752
1647245700,291
1647246600,572
1647247500,395
1647248400,597
1647249300,688
1647250200,1077
1647251100,1170
1647252000,1157
1647252900,1243
1647253800,745
1647254700,626
1647255600,408
1647256500,351
1647257400,553
1647258300,769
1647259200,867
1647260100,1403
1647261000,841
1647261900,773
1647262800,533
1647263700,655
1647264600,686
1647265500,307
1647266400,321
1647267300,381
1647268200,343
1647269100,395
1647270000,405
1647270900,345
1647271800,302
1647272700,339
1647273600,349
1647274500,393
1647275400,370
1647276300,348
1647277200,494
1647278100,362
1647279000,515
1647279900,461
1647280800,461
1647281700,528
1647282600,428
1647283500,547
1647284400,627
1647285300,524
1647286200,537
1647287100,485
1647288000,470
1647288900,548
1647289800,530
1647290700,468
1647291600,387
1647292500,319
1647293400,272
1647294300,305
1647295200,295
1647296100,214
1647297000,150
1647297900,172
1647298800,172
1647299700,207
1647300600,197
1647301500,210
1647302400,161
1647303300,149
1647304200,172
1647305100,179
1647306000,150
1647306900,163
1647307800,157
1647308700,185
1647309600,197
1647310500,226
1647311400,225
1647312300,172
1647313200,147
1647314100,159
1647315000,163
1647315900,167
1647316800,159
1647317700,178
1647318600,221
1647319500,249
1647320400,364
1647321300,285
1647322200,237
1647323100,221
1647324000,316
1647324900,331
1647325800,562
1647326700,428
1647327600,434
1647328500,391
1647329400,304
1647330300,391
1647331200,406
1647332100,350
1647333000,370
1647333900,284
1647334800,428
1647335700,792
1647336600,569
1647337500,620
1647338400,642
1647339300,692
1647340200,852
1647341100,785
1647342000,707
1647342900,474
1647343800,416
1647344700,382
1647345600,313
1647346500,366
1647347400,288
1647348300,500
1647349200,392
1647350100,390
1647351000,465
1647351900,425
1647352800,383
1647353700,320
1647354600,322
1647355500,293
1647356400,338
1647357300,286
1647358200,312
1647359100,339
1647360000,454
1647360900,662
1647361800,337
1647362700,311
1647363600,410
1647364500,405
1647365400,390
1647366300,445
1647367200,347
1647368100,356
1647369000,404
1647369900,475
1647370800,497
1647371700,479
1647372600,415
1647373500,423
1647374400,455
1647375300,421
1647376200,422
1647377100,362
1647378000,335
1647378900,368
1647379800,202
1647380700,150
1647381600,229
1647382500,244
1647383400,355
1647384300,277
1647385200,176
1647386100,213
1647387000,199
1647387900,202
1647388800,226
1647389700,201
1647390600,154
1647391500,146
1647392400,158
1647393300,155
1647394200,169
1647395100,174
1647396000,163
1647396900,206
1647397800,197
1647398700,201
1647399600,212
1647400500,189
1647401400,214
1647402300,213
1647403200,179
1647404100,161
1647405000,152
1647405900,210
1647406800,306
1647407700,262
1647408600,202
1647409500,245
1647410400,257
1647411300,207
1647412200,223
1647413100,397
1647414000,435
1647414900,400
1647415800,419
1647416700,408
1647417600,511
1647418500,838
1647419400,771
1647420300,830
1647421200,934
1647422100,530
1647423000,530
1647423900,610
1647424800,491
1647425700,750
1647426600,586
1647427500,492
1647428400,868
1647429300,691
1647430200,712
1647431100,512
1647432000,543
1647432900,734
1647433800,958
1647434700,584
1647435600,647
1647436500,530
1647437400,736
1647438300,783
1647439200,686
1647440100,446
1647441000,434
1647441900,299
1647442800,557
1647443700,323
1647444600,265
1647445500,330
1647446400,311
1647447300,750
1647448200,472
1647449100,375
1647450000,330
1647450900,644
1647451800,776
1647452700,737
1647453600,588
1647454500,493
1647455400,456
1647456300,392
1647457200,540
1647458100,378
1647459000,380
1647459900,389
1647460800,369
1647461700,319
1647462600,365
1647463500,396
1647464400,397
1647465300,388
1647466200,298
1647467100,205
1647468000,207
1647468900,159
1647469800,147
1647470700,138
1647471600,146
1647472500,222
1647473400,191
1647474300,216
1647475200,208
1647476100,161
1647477000,163
1647477900,155
1647478800,207
1647479700,207
1647480600,224
1647481500,171
1647482400,164
1647483300,163
1647484200,157
1647485100,175
1647486000,147
1647486900,156
1647487800,199
1647488700,208
1647489600,207
1647490500,199
1647491400,219
1647492300,184
1647493200,230
1647494100,259
1647495000,715
1647495900,422
1647496800,179
1647497700,298
1647498600,312
1647499500,351
1647500400,295
1647501300,289
1647502200,292
1647503100,288
1647504000,286
1647504900,328
1647505800,426
1647506700,384
1647507600,387
1647508500,315
1647509400,330
1647510300,333
1647511200,333
1647512100,306
1647513000,458
1647513900,319
1647514800,361
1647515700,383
1647516600,349
1647517500,329
1647518400,341
1647519300,349
1647520200,491
1647521100,449
1647522000,349
1647522900,332
1647523800,312
1647524700,309
1647525600,330
1647526500,505
1647527400,355
1647528300,282
1647529200,185
1647530100,200
1647531000,198
1647531900,216
1647532800,171
1647533700,181
1647534600,208
1647535500,221
1647536400,230
1647537300,228
1647538200,310
1647539100,907
1647540000,465
1647540900,466
1647541800,601
1647542700,461
1647543600,495
1647544500,441
1647545400,452
1647546300,438
1647547200,466
1647548100,455
1647549000,486
1647549900,464
1647550800,351
1647551700,393
1647552600,259
1647553500,157
1647554400,147
1647555300,147
1647556200,147
1647557100,148
1647558000,152
1647558900,137
1647559800,171
1647560700,135
1647561600,154
1647562500,220
1647563400,211
1647564300,201
1647565200,198
1647566100,178
1647567000,161
1647567900,199
1647568800,169
1647569700,172
1647570600,150
1647571500,152
1647572400,164
1647573300,187
1647574200,193
1647575100,220
1647576000,220
1647576900,168
1647577800,138
1647578700,204
1647579600,219
1647580500,273
1647581400,199
1647582300,263
1647583200,648
1647584100,475
1647585000,360
1647585900,373
1647586800,346
1647587700,314
1647588600,337
1647589500,182
1647590400,138
1647591300,151
1647592200,126
1647593100,230
1647594000,281
1647594900,253
1647595800,576
1647596700,354
1647597600,353
1647598500,369
1647599400,743
1647600300,619
1647601200,476
1647602100,651
1647603000,264
1647603900,329
1647604800,418
1647605700,371
1647606600,381
1647607500,410
1647608400,249
1647609300,210
1647610200,255
1647611100,280
1647612000,336
1647612900,276
1647613800,207
1647614700,420
1647615600,215
1647616500,196
1647617400,228
1647618300,531
1647619200,452
1647620100,322
1647621000,299
1647621900,456
1647622800,646
1647623700,349
1647624600,407
1647625500,502
1647626400,539
1647627300,464
1647628200,471
1647629100,414
1647630000,509
1647630900,426
1647631800,442
1647632700,429
1647633600,346
1647634500,291
1647635400,267
1647636300,280
1647637200,286
1647638100,173
1647639000,161
1647639900,144
1647640800,150
1647641700,150
1647642600,161
1647643500,150
1647644400,152
1647645300,146
1647646200,155
1647647100,155
1647648000,202
1647648900,198
1647649800,216
1647650700,198
1647651600,165
1647652500,148
1647653400,173
1647654300,172
1647655200,158
1647656100,166
1647657000,159
1647657900,177
1647658800,149
1647659700,159
1647660600,187
1647661500,158
1647662400,194
1647663300,220
1647664200,237
1647665100,245
1647666000,184
1647666900,236
1647667800,225
1647668700,815
1647669600,528
1647670500,183
1647671400,308
1647672300,255
1647673200,246
1647674100,425
1647675000,494
1647675900,372
1647676800,329
1647677700,436
1647678600,420
1647679500,466
1647680400,313
1647681300,283
1647682200,327
1647683100,491
1647684000,368
1647684900,510
1647685800,376
1647686700,306
1647687600,305
1647688500,291
1647689400,301
1647690300,241
1647691200,237
1647692100,260
1647693000,249
1647693900,249
1647694800,256
1647695700,266
1647696600,340
1647697500,515
1647698400,396
1647699300,275
1647700200,349
1647701100,337
1647702000,759
1647702900,379
1647703800,397
1647704700,400
1647705600,408
1647706500,253
1647707400,274
1647708300,285
1647709200,316
1647710100,551
1647711000,832
1647711900,719
1647712800,678
1647713700,419
1647714600,325
1647715500,347
1647716400,435
1647717300,481
1647718200,491
1647719100,473
1647720000,483
1647720900,450
1647721800,458
1647722700,463
1647723600,457
1647724500,438
1647725400,382
1647726300,394
1647727200,436
1647728100,235
1647729000,211
1647729900,210
1647730800,217
1647731700,256
1647732600,133
1647733500,134
1647734400,124
1647735300,132
1647736200,125
1647737100,147
1647738000,164
1647738900,190
1647739800,248
1647740700,176
1647741600,166
1647742500,124
1647743400,145
1647744300,144
1647745200,159
1647746100,152
1647747000,120
1647747900,139
1647748800,173
1647749700,138
1647750600,146
1647751500,140
1647752400,144
1647753300,137
1647754200,127
1647755100,148
1647756000,140
1647756900,222
1647757800,150
1647758700,266
1647759600,261
1647760500,390
1647761400,771
1647762300,754
1647763200,467
1647764100,588
1647765000,777
1647765900,468
1647766800,417
1647767700,367
1647768600,289
1647769500,425
1647770400,753
1647771300,976
1647772200,588
1647773100,419
1647774000,523
1647774900,715
1647775800,548
1647776700,803
1647777600,722
1647778500,346
1647779400,315
1647780300,297
1647781200,853
1647782100,505
1647783000,306
1647783900,294
1647784800,277
1647785700,221
1647786600,281
1647787500,280
1647788400,226
1647789300,257
1647790200,288
1647791100,221
1647792000,240
1647792900,221
1647793800,310
1647794700,301
1647795600,331
1647796500,584
1647797400,347
1647798300,444
1647799200,389
1647800100,518
1647801000,287
1647801900,256
1647802800,367
1647803700,317
1647804600,305
1647805500,253
1647806400,249
1647807300,261
1647808200,237
1647809100,280
1647810000,259
1647810900,252
1647811800,249
1647812700,235
1647813600,214
1647814500,179
1647815400,176
1647816300,177
1647817200,169
1647818100,229
1647819000,217
1647819900,207
1647820800,208
1647821700,172
1647822600,171
1647823500,165
1647824400,168
1647825300,156
1647826200,173
1647827100,178
1647828000,167
1647828900,179
1647829800,165
1647830700,213
1647831600,198
1647832500,232
1647833400,177
1647834300,174
1647835200,165
1647836100,164
1647837000,172
1647837900,177
1647838800,160
1647839700,171
1647840600,172
1647841500,183
1647842400,150
1647843300,168
1647844200,148
1647845100,153
1647846000,185
1647846900,153
1647847800,165
1647848700,227
1647849600,782
1647850500,497
1647851400,263
1647852300,395
1647853200,231
1647854100,323
1647855000,768
1647855900,319
1647856800,287
1647857700,332
1647858600,394
1647859500,319
1647860400,348
1647861300,656
1647862200,560
1647863100,392
1647864000,454
1647864900,677
1647865800,716
1647866700,313
1647867600,548
1647868500,1021
1647869400,1274
1647870300,792
1647871200,494
1647872100,207
1647873000,262
1647873900,228
1647874800,269
1647875700,267
1647876600,297
1647877500,301
1647878400,326
1647879300,272
1647880200,276
1647881100,264
1647882000,515
1647882900,339
1647883800,396
1647884700,570
1647885600,435
1647886500,337
1647887400,324
1647888300,394
1647889200,355
1647890100,295
1647891000,332
1647891900,400
1647892800,405
1647893700,373
1647894600,437
1647895500,498
1647896400,416
1647897300,405
1647898200,389
1647899100,331
1647900000,370
1647900900,325
1647901800,227
1647902700,159
1647903600,174
1647904500,159
1647905400,154
1647906300,193
1647907200,217
1647908100,200
1647909000,150
1647909900,161
1647910800,176
1647911700,166
1647912600,177
1647913500,159
1647914400,176
1647915300,158
1647916200,171
1647917100,182
1647918000,179
1647918900,174
1647919800,193
1647920700,190
1647921600,172
1647922500,161
1647923400,184
1647924300,209
1647925200,263
1647926100,277
1647927000,215
1647927900,223
1647928800,348
1647929700,161
1647930600,198
1647931500,237
1647932400,251
1647933300,162
1647934200,175
1647935100,454
1647936000,347
1647936900,218
1647937800,198
1647938700,272
1647939600,706
1647940500,247
1647941400,205
1647942300,206
1647943200,196
1647944100,359
1647945000,398
1647945900,986
1647946800,874
1647947700,273
1647948600,286
1647949500,279
1647950400,402
1647951300,438
1647952200,442
1647953100,263
1647954000,296
1647954900,268
1647955800,291
1647956700,311
1647957600,323
1647958500,479
1647959400,359
1647960300,278
1647961200,281
1647962100,277
1647963000,384
1647963900,255
1647964800,290
1647965700,816
1647966600,760
1647967500,415
1647968400,292
1647969300,528
1647970200,474
1647971100,499
1647972000,553
1647972900,500
1647973800,461
1647974700,425
1647975600,407
1647976500,476
1647977400,409
1647978300,399
1647979200,423
1647980100,352
1647981000,463
1647981900,361
1647982800,335
1647983700,286
1647984600,214
1647985500,190
1647986400,175
1647987300,148
1647988200,154
1647989100,150
1647990000,163
1647990900,194
1647991800,197
1647992700,202
1647993600,194
1647994500,162
1647995400,155
1647996300,167
1647997200,170
1647998100,158
1647999000,248
1647999900,190
1648000800,167
1648001700,161
1648002600,173
1648003500,174
1648004400,163
1648005300,165
1648006200,181
1648007100,190
1648008000,214
1648008900,216
1648009800,219
1648010700,227
1648011600,233
1648012500,233
1648013400,245
1648014300,228
1648015200,214
1648016100,241
1648017000,185
1648017900,155
1648018800,148
1648019700,154
1648020600,150
1648021500,171
1648022400,166
1648023300,164
1648024200,159
1648025100,155
1648026000,178
1648026900,183
1648027800,180
1648028700,193
1648029600,168
1648030500,185
1648031400,191
1648032300,157
1648033200,190
1648034100,239
1648035000,398
1648035900,275
1648036800,234
1648037700,249
1648038600,351
1648039500,359
1648040400,485
1648041300,490
1648042200,391
1648043100,372
1648044000,405
1648044900,309
1648045800,255
1648046700,286
1648047600,216
1648048500,174
1648049400,186
1648050300,439
1648051200,194
1648052100,222
1648053000,187
1648053900,227
1648054800,242
1648055700,341
1648056600,408
1648057500,423
1648058400,406
1648059300,496
1648060200,431
1648061100,361
1648062000,332
1648062900,390
1648063800,388
1648064700,456
1648065600,445
1648066500,433
1648067400,372
1648068300,478
1648069200,444
1648070100,354
1648071000,342
1648071900,206
1648072800,174
1648073700,162
1648074600,146
1648075500,141
1648076400,129
1648077300,135
1648078200,128
1648079100,138
1648080000,158
1648080900,227
1648081800,195
1648082700,179
1648083600,144
1648084500,156
1648085400,161
1648086300,146
1648087200,184
1648088100,201
1648089000,159
1648089900,162
1648090800,154
1648091700,149
1648092600,149
1648093500,147
1648094400,155
1648095300,188
1648096200,172
1648097100,190
1648098000,211
1648098900,238
1648099800,287
1648100700,274
1648101600,221
1648102500,201
1648103400,226
1648104300,286
1648105200,215
1648106100,679
1648107000,344
1648107900,195
1648108800,265
1648109700,284
1648110600,277
1648111500,419
1648112400,296
1648113300,239
1648114200,232
1648115100,234
1648116000,407
1648116900,759
1648117800,265
1648118700,283
1648119600,248
1648120500,418
1648121400,413
1648122300,381
1648123200,361
1648124100,481
1648125000,384
1648125900,265
1648126800,179
1648127700,251
1648128600,170
1648129500,163
1648130400,182
1648131300,186
1648132200,192
1648133100,141
1648134000,247
1648134900,160
1648135800,152
1648136700,171
1648137600,180
1648138500,164
1648139400,186
1648140300,167
1648141200,186
1648142100,244
1648143000,589
1648143900,574
1648144800,373
1648145700,342
1648146600,489
1648147500,423
1648148400,358
1648149300,297
1648150200,283
1648151100,358
1648152000,381
1648152900,307
1648153800,248
1648154700,352
1648155600,236
1648156500,171
1648157400,176
1648158300,179
1648159200,229
1648160100,249
1648161000,169
1648161900,167
1648162800,177
1648163700,220
1648164600,202
1648165500,212
1648166400,197
1648167300,183
1648168200,165
1648169100,158
1648170000,149
1648170900,155
1648171800,148
1648172700,171
1648173600,163
1648174500,153
1648175400,154
1648176300,159
1648177200,163
1648178100,153
1648179000,158
1648179900,178
1648180800,176
1648181700,172
1648182600,171
1648183500,234
1648184400,229
1648185300,206
1648186200,219
1648187100,304
1648188000,225
1648188900,249
1648189800,173
1648190700,176
1648191600,204
1648192500,183
1648193400,250
1648194300,219
1648195200,224
1648196100,232
1648197000,177
1648197900,171
1648198800,175
1648199700,170
1648200600,180
1648201500,178
1648202400,142
1648203300,149
1648204200,145
1648205100,159
1648206000,149
1648206900,271
1648207800,164
1648208700,152
1648209600,210
1648210500,217
1648211400,180
1648212300,211
1648213200,141
1648214100,154
1648215000,221
1648215900,321
1648216800,176
1648217700,183
1648218600,240
1648219500,267
1648220400,315
1648221300,194
1648222200,167
1648223100,221
1648224000,190
1648224900,224
1648225800,176
1648226700,399
1648227600,314
1648228500,693
1648229400,433
1648230300,295
1648231200,372
1648232100,386
1648233000,816
1648233900,480
1648234800,367
1648235700,375
1648236600,381
1648237500,311
1648238400,365
1648239300,356
1648240200,263
1648241100,222
1648242000,158
1648242900,168
1648243800,141
1648244700,152
1648245600,167
1648246500,156
1648247400,144
1648248300,166
1648249200,156
1648250100,157
1648251000,131
1648251900,163
1648252800,216
1648253700,218
1648254600,191
1648255500,175
1648256400,162
1648257300,151
1648258200,151
1648259100,166
1648260000,182
1648260900,186
1648261800,139
1648262700,137
1648263600,143
1648264500,149
1648265400,158
1648266300,132
1648267200,139
1648268100,149
1648269000,148
1648269900,200
1648270800,205
1648271700,229
1648272600,287
1648273500,276
1648274400,271
1648275300,276
1648276200,193
1648277100,190
1648278000,234
1648278900,192
1648279800,161
1648280700,177
1648281600,229
1648282500,467
1648283400,390
1648284300,383
1648285200,629
1648286100,784
1648287000,610
1648287900,955
1648288800,533
1648289700,969
1648290600,910
1648291500,447
1648292400,297
1648293300,339
1648294200,273
1648295100,574
1648296000,809
1648296900,565
1648297800,497
1648298700,483
1648299600,366
1648300500,293
1648301400,293
1648302300,351
1648303200,243
1648304100,211
1648305000,218
1648305900,196
1648306800,210
1648307700,1234
1648308600,796
1648309500,749
1648310400,758
1648311300,407
1648312200,286
1648313100,325
1648314000,320
1648314900,296
1648315800,258
1648316700,234
1648317600,448
1648318500,348
1648319400,337
1648320300,385
1648321200,381
1648322100,335
1648323000,318
1648323900,323
1648324800,302
1648325700,307
1648326600,321
1648327500,354
1648328400,336
1648329300,210
1648330200,204
1648331100,221
1648332000,225
1648332900,223
1648333800,217
1648334700,198
1648335600,171
1648336500,172
1648337400,154
1648338300,186
1648339200,177
1648340100,161
1648341000,173
1648341900,167
1648342800,181
1648343700,169
1648344600,163
1648345500,209
1648346400,172
1648347300,162
1648348200,182
1648349100,174
1648350000,174
1648350900,156
1648351800,231
1648352700,184
1648353600,178
1648354500,155
1648355400,148
1648356300,168
1648357200,156
1648358100,187
1648359000,235
1648359900,239
1648360800,210
1648361700,216
1648362600,201
1648363500,230
1648364400,568
1648365300,771
1648366200,557
1648367100,522
1648368000,232
1648368900,255
1648369800,233
1648370700,409
1648371600,376
1648372500,348
1648373400,310
1648374300,269
1648375200,412
1648376100,721
1648377000,658
1648377900,414
1648378800,346
1648379700,265
1648380600,371
1648381500,823
1648382400,550
1648383300,476
1648384200,371
1648385100,565
1648386000,535
1648386900,265
1648387800,201
1648388700,202
1648389600,338
1648390500,320
1648391400,349
1648392300,296
1648393200,410
1648394100,426
1648395000,247
1648395900,209
1648396800,212
1648397700,219
1648398600,222
1648399500,241
1648400400,249
1648401300,295
1648402200,292
1648403100,250
1648404000,307
1648404900,179
1648405800,176
1648406700,171
1648407600,238
1648408500,314
1648409400,292
1648410300,298
1648411200,271
1648412100,214
1648413000,215
1648413900,248
1648414800,190
1648415700,147
1648416600,165
1648417500,167
1648418400,162
1648419300,252
1648420200,223
1648421100,223
1648422000,205
1648422900,303
1648423800,231
1648424700,191
1648425600,163
1648426500,171
1648427400,199
1648428300,168
1648429200,178
1648430100,229
1648431000,218
1648431900,224
1648432800,164
1648433700,175
1648434600,184
1648435500,153
1648436400,174
1648437300,174
1648438200,201
1648439100,152
1648440000,139
1648440900,157
1648441800,139
1648442700,178
1648443600,140
1648444500,178
1648445400,190
1648446300,183
1648447200,180
1648448100,201
1648449000,276
1648449900,212
1648450800,607
1648451700,530
1648452600,334
1648453500,409
1648454400,267
1648455300,364
1648456200,338
1648457100,332
1648458000,400
1648458900,302
1648459800,309
1648460700,269
1648461600,318
1648462500,311
1648463400,278
1648464300,250
1648465200,258
1648466100,323
1648467000,242
1648467900,672
1648468800,311
1648469700,266
1648470600,235
1648471500,222
1648472400,234
1648473300,279
1648474200,258
1648475100,240
1648476000,181
1648476900,183
1648477800,175
1648478700,172
1648479600,176
1648480500,212
1648481400,768
1648482300,508
1648483200,325
1648484100,247
1648485000,200
1648485900,269
1648486800,291
1648487700,289
1648488600,309
1648489500,297
1648490400,400
1648491300,549
1648492200,569
1648493100,388
1648494000,366
1648494900,337
1648495800,321
1648496700,364
1648497600,345
1648498500,263
1648499400,264
1648500300,207
1648501200,190
1648502100,169
1648503000,146
1648503900,157
1648504800,166
1648505700,156
1648506600,168
1648507500,144
1648508400,155
1648509300,158
1648510200,139
1648511100,161
1648512000,165
1648512900,139
1648513800,168
1648514700,174
1648515600,204
1648516500,233
1648517400,205
1648518300,187
1648519200,174
1648520100,162
1648521000,175
1648521900,177
1648522800,175
1648523700,162
1648524600,155
1648525500,227
1648526400,312
1648527300,328
1648528200,218
1648529100,238
1648530000,264
1648530900,162
1648531800,241
1648532700,200
1648533600,189
1648534500,221
1648535400,217
1648536300,206
1648537200,205
1648538100,192
1648539000,300
1648539900,348
1648540800,365
1648541700,352
1648542600,441
1648543500,489
1648544400,471
1648545300,392
1648546200,342
1648547100,384
1648548000,422
1648548900,389
1648549800,235
1648550700,399
1648551600,406
1648552500,507
1648553400,441
1648554300,405
1648555200,414
1648556100,339
1648557000,339
1648557900,344
1648558800,475
1648559700,381
1648560600,349
1648561500,250
1648562400,183
1648563300,515
1648564200,175
1648565100,184
1648566000,316
1648566900,234
1648567800,303
1648568700,268
1648569600,257
1648570500,176
1648571400,284
1648572300,265
1648573200,239
1648574100,264
1648575000,316
1648575900,355
1648576800,416
1648577700,358
1648578600,424
1648579500,478
1648580400,304
1648581300,278
1648582200,284
1648583100,294
1648584000,303
1648584900,233
1648585800,177
1648586700,165
1648587600,166
1648588500,149
1648589400,165
1648590300,241
1648591200,154
1648592100,159
1648593000,169
1648593900,160
1648594800,166
1648595700,162
1648596600,174
1648597500,168
1648598400,185
1648599300,225
1648600200,218
1648601100,226
1648602000,178
1648602900,192
1648603800,215
1648604700,178
1648605600,218
1648606500,164
1648607400,152
1648608300,148
1648609200,138
1648610100,143
1648611000,158
1648611900,207
1648612800,422
1648613700,261
1648614600,270
1648615500,167
1648616400,200
1648617300,170
1648618200,185
1648619100,593
1648620000,793
1648620900,202
1648621800,259
1648622700,309
1648623600,747
1648624500,343
1648625400,179
1648626300,143
1648627200,160
1648628100,144
1648629000,166
1648629900,331
1648630800,189
1648631700,232
1648632600,326
1648633500,218
1648634400,170
1648635300,255
1648636200,205
1648637100,178
1648638000,207
1648638900,491
1648639800,708
1648640700,412
1648641600,236
1648642500,275
1648643400,216
1648644300,188
1648645200,200
1648646100,252
1648647000,278
1648647900,280
1648648800,441
1648649700,594
1648650600,227
1648651500,151
1648652400,216
1648653300,257
1648654200,249
1648655100,354
1648656000,884
1648656900,384
1648657800,350
1648658700,216
1648659600,698
1648660500,899
1648661400,801
1648662300,749
1648663200,731
1648664100,387
1648665000,532
1648665900,483
1648666800,380
1648667700,361
1648668600,315
1648669500,305
1648670400,381
1648671300,318
1648672200,301
1648673100,183
1648674000,170
1648674900,181
1648675800,165
1648676700,157
1648677600,186
1648678500,174
1648679400,154
1648680300,183
1648681200,173
1648682100,175
1648683000,161
1648683900,172
1648684800,197
1648685700,163
1648686600,155
1648687500,146
1648688400,161
1648689300,150
1648690200,172
1648691100,182
1648692000,152
1648692900,177
1648693800,196
1648694700,224
1648695600,231
1648696500,173
1648697400,172
1648698300,203
1648699200,322
1648700100,326
1648701000,229
1648701900,256
1648702800,237
1648703700,266
1648704600,205
1648705500,234
1648706400,222
1648707300,366
1648708200,695
1648709100,1151
1648710000,584
1648710900,564
1648711800,355
1648712700,383
1648713600,318
1648714500,499
1648715400,563
1648716300,344
1648717200,1014
1648718100,824
1648719000,753
1648719900,519
1648720800,266
1648721700,313
1648722600,288
1648723500,526
1648724400,1063
1648725300,803
1648726200,849
1648727100,556
1648728000,239
1648728900,327
1648729800,275
1648730700,476
1648731600,452
1648732500,464
1648733400,309
1648734300,240
1648735200,207
1648736100,306
1648737000,256
1648737900,564
1648738800,191
1648739700,206
1648740600,306
1648741500,287
1648742400,237
1648743300,227
1648744200,227
1648745100,241
1648746000,271
1648746900,415
1648747800,337
1648748700,371
1648749600,398
1648750500,361
1648751400,370
1648752300,405
1648753200,384
1648754100,438
1648755000,357
1648755900,322
1648756800,299
1648757700,320
1648758600,304
1648759500,217
1648760400,248
1648761300,149
1648762200,153
1648763100,153
1648764000,140
1648764900,255
1648765800,297
1648766700,192
1648767600,219
1648768500,246
1648769400,223
1648770300,198
1648771200,149
1648772100,135
1648773000,137
1648773900,144
1648774800,141
1648775700,139
1648776600,143
1648777500,143
1648778400,151
1648779300,146
1648780200,141
1648781100,157
1648782000,147
1648782900,162
1648783800,156
1648784700,206
1648785600,374
1648786500,488
1648787400,277
1648788300,323
1648789200,226
1648790100,251
1648791000,221
1648791900,385
1648792800,316
1648793700,314
1648794600,266
1648795500,226
1648796400,231
1648797300,218
1648798200,301
1648799100,231
1648800000,205
1648800900,285
1648801800,274
1648802700,460
1648803600,330
1648804500,351
1648805400,898
1648806300,923
1648807200,830
1648808100,362
1648809000,353
1648809900,322
1648810800,319
1648811700,147
1648812600,259
1648813500,443
1648814400,705
1648815300,366
1648816200,175
1648817100,174
1648818000,214
1648818900,305
1648819800,334
1648820700,199
1648821600,362
1648822500,995
1648823400,415
1648824300,406
1648825200,372
1648826100,371
1648827000,329
1648827900,346
1648828800,382
1648829700,329
1648830600,327
1648831500,319
1648832400,338
1648833300,326
1648834200,402
1648835100,451
1648836000,528
1648836900,416
1648837800,544
1648838700,432
1648839600,445
1648840500,397
1648841400,379
1648842300,348
1648843200,383
1648844100,414
1648845000,314
1648845900,342
1648846800,272
1648847700,187
1648848600,169
1648849500,145
1648850400,171
1648851300,229
1648852200,186
1648853100,210
1648854000,215
1648854900,176
1648855800,144
1648856700,140
1648857600,152
1648858500,146
1648859400,130
1648860300,143
1648861200,140
1648862100,141
1648863000,152
1648863900,131
1648864800,158
1648865700,181
1648866600,199
1648867500,186
1648868400,202
1648869300,177
1648870200,141
1648871100,135
1648872000,157
1648872900,141
1648873800,165
1648874700,145
1648875600,149
1648876500,165
1648877400,180
1648878300,269
1648879200,357
1648880100,298
1648881000,391
1648881900,467
1648882800,371
1648883700,253
1648884600,643
1648885500,921
1648886400,522
1648887300,609
1648888200,658
1648889100,1370
1648890000,693
1648890900,395
1648891800,276
1648892700,361
1648893600,416
1648894500,649
1648895400,487
1648896300,259
1648897200,262
1648898100,228
1648899000,214
1648899900,197
1648900800,214
1648901700,206
1648902600,220
1648903500,231
1648904400,209
1648905300,187
1648906200,226
1648907100,271
1648908000,213
1648908900,222
1648909800,221
1648910700,224
1648911600,243
1648912500,294
1648913400,384
1648914300,301
1648915200,276
1648916100,661
1648917000,764
1648917900,635
1648918800,338
1648919700,245
1648920600,290
1648921500,247
1648922400,430
1648923300,871
1648924200,780
1648925100,660
1648926000,561
1648926900,589
1648927800,593
1648928700,701
1648929600,556
1648930500,322
1648931400,353
1648932300,261
1648933200,197
1648934100,187
1648935000,184
1648935900,149
1648936800,125
1648937700,116
1648938600,138
1648939500,142
1648940400,140
1648941300,181
1648942200,186
1648943100,178
1648944000,170
1648944900,122
1648945800,126
1648946700,120
1648947600,111
1648948500,118
1648949400,130
1648950300,128
1648951200,121
1648952100,135
1648953000,120
1648953900,114
1648954800,128
1648955700,128
1648956600,189
1648957500,186
1648958400,184
1648959300,160
1648960200,129
1648961100,129
1648962000,137
1648962900,198
1648963800,257
1648964700,170
1648965600,178
1648966500,225
1648967400,180
1648968300,199
1648969200,337
1648970100,496
1648971000,225
1648971900,266
1648972800,527
1648973700,512
1648974600,421
1648975500,392
1648976400,478
1648977300,488
1648978200,694
1648979100,617
1648980000,919
1648980900,784
1648981800,453
1648982700,476
1648983600,305
1648984500,331
1648985400,392
1648986300,271
1648987200,736
1648988100,636
1648989000,282
1648989900,258
1648990800,272
1648991700,310
1648992600,363
1648993500,344
1648994400,964
1648995300,391
1648996200,373
1648997100,939
1648998000,1021
1648998900,1429
1648999800,888
1649000700,329
1649001600,247
1649002500,242
1649003400,343
1649004300,439
1649005200,941
1649006100,488
1649007000,269
1649007900,296
1649008800,300
1649009700,359
1649010600,360
1649011500,311
1649012400,293
1649013300,269
1649014200,302
1649015100,255
1649016000,283
1649016900,253
1649017800,235
1649018700,403
1649019600,429
1649020500,282
1649021400,333
1649022300,269
1649023200,232
1649024100,243
1649025000,244
1649025900,335
1649026800,183
1649027700,133
1649028600,134
1649029500,147
1649030400,170
1649031300,160
1649032200,149
1649033100,132
1649034000,124
1649034900,119
1649035800,121
1649036700,138
1649037600,234
1649038500,175
1649039400,162
1649040300,113
1649041200,159
1649042100,162
1649043000,144
1649043900,159
1649044800,153
1649045700,136
1649046600,121
1649047500,138
1649048400,123
1649049300,119
1649050200,167
1649051100,198
1649052000,224
1649052900,716
1649053800,608
1649054700,392
1649055600,282
1649056500,369
1649057400,262
1649058300,716
1649059200,371
1649060100,289
1649061000,276
1649061900,496
1649062800,812
1649063700,374
1649064600,316
1649065500,300
1649066400,330
1649067300,340
1649068200,367
1649069100,319
1649070000,270
1649070900,250
1649071800,243
1649072700,364
1649073600,235
1649074500,204
1649075400,202
1649076300,303
1649077200,280
1649078100,280
1649079000,411
1649079900,340
1649080800,371
1649081700,357
1649082600,336
1649083500,848
1649084400,626
1649085300,583
1649086200,590
1649087100,295
1649088000,303
1649088900,294
1649089800,243
1649090700,254
1649091600,249
1649092500,270
1649093400,273
1649094300,256
1649095200,281
1649096100,304
1649097000,264
1649097900,273
1649098800,331
1649099700,269
1649100600,264
1649101500,271
1649102400,297
1649103300,265
1649104200,280
1649105100,308
1649106000,345
1649106900,412
1649107800,218
1649108700,241
1649109600,245
1649110500,259
1649111400,253
1649112300,201
1649113200,191
1649114100,143
1649115000,136
1649115900,130
1649116800,161
1649117700,146
1649118600,178
1649119500,154
1649120400,125
1649121300,117
1649122200,110
1649123100,129
1649124000,132
1649124900,118
1649125800,113
1649126700,115
1649127600,149
1649128500,169
1649129400,211
1649130300,202
1649131200,203
1649132100,158
1649133000,134
1649133900,133
1649134800,123
1649135700,139
1649136600,178
1649137500,135
1649138400,142
1649139300,148
1649140200,161
1649141100,245
1649142000,659
1649142900,299
1649143800,245
1649144700,259
1649145600,963
1649146500,563
1649147400,636
1649148300,531
1649149200,623
1649150100,856
1649151000,781
1649151900,476
1649152800,267
1649153700,357
1649154600,359
1649155500,238
1649156400,232
1649157300,572
1649158200,771
1649159100,368
1649160000,381
1649160900,334
1649161800,665
1649162700,598
1649163600,385
1649164500,371
1649165400,348
1649166300,303
1649167200,301
1649168100,391
1649169000,373
1649169900,363
1649170800,351
1649171700,344
1649172600,355
1649173500,588
1649174400,702
1649175300,380
1649176200,493
1649177100,502
1649178000,382
1649178900,444
1649179800,442
1649180700,408
1649181600,500
1649182500,433
1649183400,532
1649184300,496
1649185200,449
1649186100,401
1649187000,358
1649187900,384
1649188800,395
1649189700,356
1649190600,278
1649191500,246
1649192400,226
1649193300,218
1649194200,250
1649195100,240
1649196000,186
1649196900,144
1649197800,170
1649198700,179
1649199600,169
1649200500,205
1649201400,208
1649202300,208
1649203200,154
1649204100,136
1649205000,217
1649205900,160
1649206800,154
1649207700,139
1649208600,163
1649209500,147
1649210400,156
1649211300,146
1649212200,144
1649213100,172
1649214000,188
1649214900,190
1649215800,168
1649216700,185
1649217600,421
1649218500,288
1649219400,238
1649220300,148
1649221200,219
1649222100,137
1649223000,199
1649223900,169
1649224800,371
1649225700,344
1649226600,363
1649227500,248
1649228400,209
1649229300,211
1649230200,185
1649231100,214
1649232000,269
1649232900,169
1649233800,230
1649234700,204
1649235600,185
1649236500,258
1649237400,330
1649238300,457
1649239200,430
1649240100,266
1649241000,242
1649241900,254
1649242800,411
1649243700,459
1649244600,426
1649245500,850
1649246400,575
1649247300,287
1649248200,266
1649249100,282
1649250000,390
1649250900,229
1649251800,278
1649252700,206
1649253600,233
1649254500,172
1649255400,583
1649256300,710
1649257200,639
1649258100,230
1649259000,262
1649259900,231
1649260800,364
1649261700,465
1649262600,230
1649263500,257
1649264400,406
1649265300,1059
1649266200,537
1649267100,279
1649268000,288
1649268900,663
1649269800,518
1649270700,214
1649271600,219
1649272500,222
1649273400,222
1649274300,259
1649275200,198
1649276100,171
1649277000,333
1649277900,252
1649278800,281
1649279700,179
1649280600,160
1649281500,145
1649282400,159
1649283300,164
1649284200,207
1649285100,203
1649286000,214
1649286900,172
1649287800,154
1649288700,161
1649289600,181
1649290500,164
1649291400,140
1649292300,163
1649293200,155
1649294100,165
1649295000,178
1649295900,153
1649296800,205
1649297700,206
1649298600,259
1649299500,163
1649300400,153
1649301300,145
1649302200,151
1649303100,189
1649304000,335
1649304900,319
1649305800,259
1649306700,274
1649307600,357
1649308500,697
1649309400,360
1649310300,293
1649311200,282
1649312100,288
1649313000,185
1649313900,201
1649314800,191
1649315700,181
1649316600,159
1649317500,188
1649318400,316
1649319300,334
1649320200,251
1649321100,304
1649322000,305
1649322900,265
1649323800,200
1649324700,362
1649325600,235
1649326500,223
1649327400,201
1649328300,222
1649329200,256
1649330100,203
1649331000,253
1649331900,278
1649332800,294
1649333700,589
1649334600,547
1649335500,217
1649336400,174
1649337300,189
1649338200,258
1649339100,209
1649340000,193
1649340900,195
1649341800,204
1649342700,224
1649343600,307
1649344500,237
1649345400,498
1649346300,205
1649347200,187
1649348100,197
1649349000,239
1649349900,245
1649350800,245
1649351700,213
1649352600,230
1649353500,283
1649354400,366
1649355300,384
1649356200,435
1649357100,393
1649358000,365
1649358900,279
1649359800,329
1649360700,275
1649361600,209
1649362500,217
1649363400,254
1649364300,189
1649365200,145
1649366100,156
1649367000,158
1649367900,159
1649368800,171
1649369700,152
1649370600,142
1649371500,161
1649372400,164
1649373300,163
1649374200,160
1649375100,198
1649376000,242
1649376900,198
1649377800,207
1649378700,212
1649379600,148
1649380500,151
1649381400,161
1649382300,157
1649383200,164
1649384100,222
1649385000,167
1649385900,136
1649386800,143
1649387700,136
1649388600,145
1649389500,184
1649390400,285
1649391300,336
1649392200,212
1649393100,266
1649394000,596
1649394900,665
1649395800,569
1649396700,276
1649397600,252
1649398500,211
1649399400,231
1649400300,407
1649401200,251
1649402100,227
1649403000,213
1649403900,201
1649404800,190
1649405700,252
1649406600,255
1649407500,176
1649408400,241
1649409300,232
1649410200,206
1649411100,480
1649412000,255
1649412900,215
1649413800,195
1649414700,202
1649415600,186
1649416500,199
1649417400,186
1649418300,341
1649419200,241
1649420100,263
1649421000,204
1649421900,151
1649422800,169
1649423700,151
1649424600,262
1649425500,235
1649426400,167
1649427300,305
1649428200,248
1649429100,172
1649430000,275
1649430900,611
1649431800,271
1649432700,208
1649433600,195
1649434500,201
1649435400,341
1649436300,291
1649437200,264
1649438100,293
1649439000,322
1649439900,287
1649440800,305
1649441700,397
1649442600,427
1649443500,356
1649444400,335
1649445300,315
1649446200,297
1649447100,299
1649448000,279
1649448900,227
1649449800,201
1649450700,147
1649451600,160
1649452500,156
1649453400,238
1649454300,209
1649455200,157
1649456100,222
1649457000,212
1649457900,227
1649458800,195
1649459700,178
1649460600,165
1649461500,167
1649462400,169
1649463300,177
1649464200,175
1649465100,160
1649466000,151
1649466900,163
1649467800,169
1649468700,167
1649469600,222
1649470500,160
1649471400,155
1649472300,161
1649473200,137
1649474100,158
1649475000,154
1649475900,223
1649476800,370
1649477700,193
1649478600,191
1649479500,308
1649480400,217
1649481300,268
1649482200,262
1649483100,673
1649484000,327
1649484900,238
1649485800,199
1649486700,391
1649487600,210
1649488500,223
1649489400,227
1649490300,650
1649491200,255
1649492100,257
1649493000,269
1649493900,304
1649494800,294
1649495700,266
1649496600,217
1649497500,214
1649498400,178
1649499300,199
1649500200,245
1649501100,300
1649502000,367
1649502900,357
1649503800,258
1649504700,264
1649505600,386
1649506500,224
1649507400,355
1649508300,255
1649509200,282
1649510100,293
1649511000,336
1649511900,353
1649512800,729
1649513700,385
1649514600,325
1649515500,281
1649516400,536
1649517300,663
1649518200,670
1649519100,418
1649520000,357
1649520900,353
1649521800,354
1649522700,354
1649523600,258
1649524500,198
1649525400,216
1649526300,427
1649527200,926
1649528100,1050
1649529000,493
1649529900,414
1649530800,370
1649531700,382
1649532600,354
1649533500,334
1649534400,315
1649535300,282
1649536200,281
1649537100,344
1649538000,295
1649538900,372
1649539800,312
1649540700,172
1649541600,203
1649542500,152
1649543400,155
1649544300,158
1649545200,176
1649546100,188
1649547000,225
1649547900,215
1649548800,214
1649549700,163
1649550600,161
1649551500,180
1649552400,179
1649553300,151
1649554200,166
1649555100,163
1649556000,166
1649556900,211
1649557800,186
1649558700,170
1649559600,173
1649560500,142
1649561400,148
1649562300,145
1649563200,186
1649564100,151
1649565000,205
1649565900,212
1649566800,216
1649567700,209
1649568600,170
1649569500,245
1649570400,166
1649571300,285
1649572200,272
1649573100,170
1649574000,186
1649574900,171
1649575800,811
1649576700,371
1649577600,308
1649578500,259
1649579400,311
1649580300,784
1649581200,900
1649582100,828
1649583000,924
1649583900,781
1649584800,424
1649585700,660
1649586600,736
1649587500,431
1649588400,423
1649589300,609
1649590200,425
1649591100,570
1649592000,457
1649592900,443
1649593800,849
1649594700,811
1649595600,324
1649596500,415
1649597400,347
1649598300,313
1649599200,312
1649600100,350
1649601000,330
1649601900,354
1649602800,280
1649603700,804
1649604600,775
1649605500,747
1649606400,719
1649607300,503
1649608200,512
1649609100,306
1649610000,476
1649610900,379
1649611800,406
1649612700,584
1649613600,578
1649614500,494
1649615400,458
1649616300,376
1649617200,900
1649618100,574
1649619000,337
1649619900,357
1649620800,389
1649621700,325
1649622600,327
1649623500,356
1649624400,388
1649625300,269
1649626200,199
1649627100,182
1649628000,189
1649628900,201
1649629800,221
1649630700,193
1649631600,180
1649632500,224
1649633400,219
1649634300,237
1649635200,368
1649636100,176
1649637000,176
1649637900,167
1649638800,176
1649639700,176
1649640600,172
1649641500,169
1649642400,177
1649643300,173
1649644200,209
1649645100,209
1649646000,237
1649646900,227
1649647800,187
1649648700,151
1649649600,198
1649650500,189
1649651400,168
1649652300,158
1649653200,148
1649654100,158
1649655000,160
1649655900,168
1649656800,220
1649657700,232
1649658600,247
1649659500,246
1649660400,219
1649661300,398
1649662200,628
1649663100,288
1649664000,301
1649664900,316
1649665800,429
1649666700,380
1649667600,379
1649668500,292
1649669400,207
1649670300,277
1649671200,237
1649672100,401
1649673000,445
1649673900,346
1649674800,340
1649675700,263
1649676600,160
1649677500,163
1649678400,157
1649679300,189
1649680200,170
1649681100,238
1649682000,619
1649682900,539
1649683800,443
1649684700,488
1649685600,450
1649686500,621
1649687400,353
1649688300,249
1649689200,262
1649690100,326
1649691000,747
1649691900,554
1649692800,460
1649693700,256
1649694600,254
1649695500,240
1649696400,253
1649697300,355
1649698200,443
1649699100,414
1649700000,389
1649700900,377
1649701800,308
1649702700,378
1649703600,364
1649704500,329
1649705400,341
1649706300,304
1649707200,276
1649708100,352
1649709000,224
1649709900,175
1649710800,145
1649711700,147
1649712600,157
1649713500,151
1649714400,149
1649715300,231
1649716200,206
1649717100,214
1649718000,211
1649718900,166
1649719800,154
1649720700,180
1649721600,175
1649722500,154
1649723400,172
1649724300,159
1649725200,175
1649726100,162
1649727000,164
1649727900,177
1649728800,177
1649729700,211
1649730600,168
1649731500,175
1649732400,176
1649733300,156
1649734200,187
1649735100,262
1649736000,395
1649736900,349
1649737800,233
1649738700,173
1649739600,170
1649740500,163
1649741400,212
1649742300,178
1649743200,247
1649744100,140
1649745000,167
1649745900,170
1649746800,185
1649747700,159
1649748600,171
1649749500,219
1649750400,204
1649751300,255
1649752200,323
1649753100,394
1649754000,340
1649754900,228
1649755800,212
1649756700,296
1649757600,189
1649758500,186
1649759400,190
1649760300,202
1649761200,198
1649762100,194
1649763000,202
1649763900,171
1649764800,295
1649765700,252
1649766600,267
1649767500,232
1649768400,216
1649769300,217
1649770200,218
1649771100,204
1649772000,228
1649772900,208
1649773800,209
1649774700,208
1649775600,248
1649776500,213
1649777400,244
1649778300,225
1649779200,260
1649780100,269
1649781000,283
1649781900,671
1649782800,468
1649783700,452
1649784600,464
1649785500,441
1649786400,534
1649787300,477
1649788200,460
1649789100,371
1649790000,341
1649790900,324
1649791800,364
1649792700,335
1649793600,290
1649794500,297
1649795400,186
1649796300,148
1649797200,139
1649798100,125
1649799000,119
1649799900,134
1649800800,125
1649801700,125
1649802600,195
1649803500,196
1649804400,177
1649805300,153
1649806200,146
1649807100,120
1649808000,161
1649808900,150
1649809800,154
1649810700,132
1649811600,135
1649812500,147
1649813400,153
1649814300,126
1649815200,222
1649816100,212
1649817000,206
1649817900,199
1649818800,187
1649819700,142
1649820600,145
1649821500,191
1649822400,308
1649823300,362
1649824200,185
1649825100,222
1649826000,165
1649826900,228
1649827800,191
1649828700,222
1649829600,219
1649830500,207
1649831400,158
1649832300,192
1649833200,269
1649834100,284
1649835000,292
1649835900,226
1649836800,202
1649837700,152
1649838600,174
1649839500,169
1649840400,182
1649841300,210
1649842200,236
1649843100,345
1649844000,398
1649844900,199
1649845800,184
1649846700,179
1649847600,198
1649848500,209
1649849400,207
1649850300,189
1649851200,184
1649852100,190
1649853000,199
1649853900,183
1649854800,260
1649855700,281
1649856600,191
1649857500,206
1649858400,186
1649859300,163
1649860200,176
1649861100,178
1649862000,556
1649862900,307
1649863800,396
1649864700,440
1649865600,480
1649866500,326
1649867400,353
1649868300,227
1649869200,274
1649870100,325
1649871000,303
1649871900,274
1649872800,240
1649873700,302
1649874600,346
1649875500,347
1649876400,299
1649877300,317
1649878200,441
1649879100,315
1649880000,303
1649880900,286
1649881800,315
1649882700,190
1649883600,172
1649884500,145
1649885400,162
1649886300,169
1649887200,241
1649888100,292
1649889000,227
1649889900,210
1649890800,210
1649891700,163
1649892600,143
1649893500,168
1649894400,168
1649895300,154
1649896200,156
1649897100,155
1649898000,159
1649898900,255
1649899800,446
1649900700,169
1649901600,383
1649902500,172
1649903400,155
1649904300,164
1649905200,180
1649906100,167
1649907000,217
1649907900,240
1649908800,346
1649909700,313
1649910600,209
1649911500,195
1649912400,211
1649913300,221
1649914200,220
1649915100,179
1649916000,213
1649916900,191
1649917800,155
1649918700,159
1649919600,185
1649920500,323
1649921400,175
1649922300,238
1649923200,398
1649924100,203
1649925000,174
1649925900,192
1649926800,216
1649927700,244
1649928600,316
1649929500,498
1649930400,393
1649931300,316
1649932200,275
1649933100,271
1649934000,263
1649934900,256
1649935800,274
1649936700,408
1649937600,321
1649938500,264
1649939400,251
1649940300,263
1649941200,254
1649942100,219
1649943000,284
1649943900,395
1649944800,294
1649945700,221
1649946600,249
1649947500,260
1649948400,352
1649949300,624
1649950200,277
1649951100,277
1649952000,333
1649952900,702
1649953800,601
1649954700,390
1649955600,420
1649956500,410
1649957400,410
1649958300,415
1649959200,380
1649960100,342
1649961000,442
1649961900,410
1649962800,381
1649963700,363
1649964600,339
1649965500,269
1649966400,228
1649967300,213
1649968200,154
1649969100,147
1649970000,143
1649970900,128
1649971800,132
1649972700,143
1649973600,153
1649974500,207
1649975400,177
1649976300,203
1649977200,182
1649978100,154
1649979000,145
1649979900,161
1649980800,157
1649981700,138
1649982600,147
1649983500,150
1649984400,160
1649985300,156
1649986200,144
1649987100,156
1649988000,228
1649988900,181
1649989800,206
1649990700,204
1649991600,195
1649992500,155
1649993400,164
1649994300,199
1649995200,265
1649996100,191
1649997000,221
1649997900,247
1649998800,215
1649999700,223
1650000600,240
1650001500,166
1650002400,132
1650003300,139
1650004200,158
1650005100,147
1650006000,174
1650006900,149
1650007800,134
1650008700,142
1650009600,279
1650010500,247
1650011400,373
1650012300,402
1650013200,225
1650014100,305
1650015000,241
1650015900,220
1650016800,221
1650017700,193
1650018600,232
1650019500,426
1650020400,312
1650021300,264
1650022200,241
1650023100,200
1650024000,218
1650024900,239
1650025800,250
1650026700,248
1650027600,196
1650028500,187
1650029400,221
1650030300,311
1650031200,231
1650032100,514
1650033000,429
1650033900,249
1650034800,211
1650035700,214
1650036600,311
1650037500,290
1650038400,195
1650039300,275
1650040200,300
1650041100,260
1650042000,254
1650042900,206
1650043800,255
1650044700,337
1650045600,442
1650046500,419
1650047400,414
1650048300,359
1650049200,313
1650050100,257
1650051000,311
1650051900,263
1650052800,232
1650053700,230
1650054600,161
1650055500,152
1650056400,158
1650057300,127
1650058200,133
1650059100,146
1650060000,153
1650060900,173
1650061800,183
1650062700,201
1650063600,219
1650064500,120
1650065400,132
1650066300,143
1650067200,124
1650068100,136
1650069000,121
1650069900,130
1650070800,147
1650071700,181
1650072600,149
1650073500,143
1650074400,208
1650075300,146
1650076200,194
1650077100,198
1650078000,192
1650078900,187
1650079800,142
1650080700,153
1650081600,200
1650082500,195
1650083400,261
1650084300,317
1650085200,223
1650086100,346
1650087000,271
1650087900,239
1650088800,211
1650089700,173
1650090600,165
1650091500,193
1650092400,203
1650093300,201
1650094200,185
1650095100,222
1650096000,281
1650096900,454
1650097800,347
1650098700,250
1650099600,352
1650100500,561
1650101400,268
1650102300,250
1650103200,197
1650104100,287
1650105000,196
1650105900,241
1650106800,273
1650107700,226
1650108600,226
1650109500,240
1650110400,333
1650111300,354
1650112200,308
1650113100,309
1650114000,292
1650114900,374
1650115800,298
1650116700,244
1650117600,402
1650118500,395
1650119400,474
1650120300,429
1650121200,237
1650122100,673
1650123000,486
1650123900,864
1650124800,259
1650125700,182
1650126600,179
1650127500,187
1650128400,165
1650129300,210
1650130200,210
1650131100,254
1650132000,312
1650132900,350
1650133800,353
1650134700,326
1650135600,331
1650136500,301
1650137400,287
1650138300,312
1650139200,240
1650140100,316
1650141000,303
1650141900,275
1650142800,377
1650143700,350
1650144600,187
1650145500,152
1650146400,172
1650147300,168
1650148200,195
1650149100,199
1650150000,223
1650150900,206
1650151800,155
1650152700,183
1650153600,158
1650154500,165
1650155400,154
1650156300,150
1650157200,156
1650158100,176
1650159000,159
1650159900,144
1650160800,151
1650161700,155
1650162600,213
1650163500,155
1650164400,165
1650165300,200
1650166200,204
1650167100,183
1650168000,203
1650168900,179
1650169800,156
1650170700,154
1650171600,159
1650172500,275
1650173400,158
1650174300,213
1650175200,359
1650176100,846
1650177000,767
1650177900,307
1650178800,345
1650179700,265
1650180600,334
1650181500,470
1650182400,1049
1650183300,620
1650184200,666
1650185100,1054
1650186000,332
1650186900,700
1650187800,720
1650188700,329
1650189600,590
1650190500,226
1650191400,207
1650192300,319
1650193200,206
1650194100,248
1650195000,229
1650195900,255
1650196800,304
1650197700,404
1650198600,383
1650199500,362
1650200400,329
1650201300,929
1650202200,749
1650203100,343
1650204000,643
1650204900,326
1650205800,293
1650206700,296
1650207600,334
1650208500,428
1650209400,354
1650210300,313
1650211200,819
1650212100,811
1650213000,724
1650213900,552
1650214800,297
1650215700,275
1650216600,199
1650217500,151
1650218400,124
1650219300,119
1650220200,126
1650221100,132
1650222000,139
1650222900,128
1650223800,219
1650224700,132
1650225600,122
1650226500,139
1650227400,409
1650228300,275
1650229200,249
1650230100,197
1650231000,174
1650231900,165
1650232800,165
1650233700,154
1650234600,146
1650235500,140
1650236400,187
1650237300,341
1650238200,203
1650239100,347
1650240000,253
1650240900,164
1650241800,159
1650242700,184
1650243600,153
1650244500,141
1650245400,147
1650246300,121
1650247200,132
1650248100,130
1650249000,130
1650249900,131
1650250800,134
1650251700,145
1650252600,187
1650253500,188
1650254400,167
1650255300,144
1650256200,145
1650257100,157
1650258000,144
1650258900,133
1650259800,161
1650260700,122
1650261600,143
1650262500,145
1650263400,588
1650264300,462
1650265200,269
1650266100,312
1650267000,303
1650267900,393
1650268800,450
1650269700,467
1650270600,352
1650271500,451
1650272400,432
1650273300,387
1650274200,682
1650275100,657
1650276000,279
1650276900,356
1650277800,327
1650278700,389
1650279600,436
1650280500,560
1650281400,165
1650282300,168
1650283200,177
1650284100,559
1650285000,480
1650285900,167
1650286800,260
1650287700,463
1650288600,311
1650289500,624
1650290400,284
1650291300,265
1650292200,208
1650293100,319
1650294000,683
1650294900,236
1650295800,256
1650296700,220
1650297600,269
1650298500,314
1650299400,235
1650300300,202
1650301200,311
1650302100,221
1650303000,427
1650303900,428
1650304800,384
1650305700,374
1650306600,353
1650307500,362
1650308400,389
1650309300,353
1650310200,416
1650311100,350
1650312000,308
1650312900,476
1650313800,317
1650314700,307
1650315600,308
1650316500,252
1650317400,272
1650318300,197
1650319200,168
1650320100,191
1650321000,197
1650321900,195
1650322800,177
1650323700,127
1650324600,152
1650325500,143
1650326400,131
1650327300,135
1650328200,148
1650329100,151
1650330000,144
1650330900,140
1650331800,134
1650332700,140
1650333600,153
1650334500,186
1650335400,134
1650336300,132
1650337200,137
1650338100,166
1650339000,173
1650339900,231
1650340800,288
1650341700,320
1650342600,190
1650343500,167
1650344400,190
1650345300,195
1650346200,222
1650347100,232
1650348000,217
1650348900,284
1650349800,249
1650350700,708
1650351600,750
1650352500,618
1650353400,372
1650354300,285
1650355200,263
1650356100,216
1650357000,237
1650357900,222
1650358800,190
1650359700,280
1650360600,373
1650361500,230
1650362400,182
1650363300,166
1650364200,167
1650365100,154
1650366000,160
1650366900,162
1650367800,168
1650368700,436
1650369600,313
1650370500,179
1650371400,155
1650372300,158
1650373200,178
1650374100,150
1650375000,174
1650375900,170
1650376800,165
1650377700,362
1650378600,406
1650379500,196
1650380400,239
1650381300,215
1650382200,222
1650383100,256
1650384000,266
1650384900,631
1650385800,251
1650386700,229
1650387600,213
1650388500,274
1650389400,284
1650390300,261
1650391200,262
1650392100,273
1650393000,284
1650393900,371
1650394800,353
1650395700,432
1650396600,366
1650397500,369
1650398400,379
1650399300,302
1650400200,265
1650401100,203
1650402000,154
1650402900,161
1650403800,149
1650404700,151
1650405600,126
1650406500,186
1650407400,191
1650408300,137
1650409200,157
1650410100,162
1650411000,135
1650411900,140
1650412800,122
1650413700,143
1650414600,146
1650415500,139
1650416400,152
1650417300,135
1650418200,144
1650419100,132
1650420000,163
1650420900,213
1650421800,141
1650422700,153
1650423600,130
1650424500,125
1650425400,116
1650426300,233
1650427200,233
1650428100,376
1650429000,193
1650429900,199
1650430800,180
1650431700,150
1650432600,142
1650433500,230
1650434400,163
1650435300,166
1650436200,313
1650437100,289
1650438000,295
1650438900,221
1650439800,238
1650440700,230
1650441600,294
1650442500,267
1650443400,230
1650444300,151
1650445200,145
1650446100,151
1650447000,153
1650447900,351
1650448800,188
1650449700,149
1650450600,154
1650451500,155
1650452400,146
1650453300,253
1650454200,302
1650455100,222
1650456000,239
1650456900,228
1650457800,178
1650458700,230
1650459600,352
1650460500,342
1650461400,326
1650462300,341
1650463200,325
1650464100,319
1650465000,304
1650465900,345
1650466800,285
1650467700,222
1650468600,224
1650469500,275
1650470400,238
1650471300,197
1650472200,243
1650473100,260
1650474000,264
1650474900,240
1650475800,217
1650476700,334
1650477600,270
1650478500,256
1650479400,376
1650480300,256
1650481200,317
1650482100,256
1650483000,252
1650483900,256
1650484800,249
1650485700,365
1650486600,244
1650487500,172
1650488400,210
1650489300,122
1650490200,123
1650491100,131
1650492000,145
1650492900,205
1650493800,226
1650494700,208
1650495600,146
1650496500,145
1650497400,139
1650498300,122
1650499200,145
1650500100,156
1650501000,151
1650501900,118
1650502800,144
1650503700,138
1650504600,140
1650505500,135
1650506400,153
1650507300,234
1650508200,161
1650509100,151
1650510000,206
1650510900,191
1650511800,172
1650512700,215
1650513600,218
1650514500,184
1650515400,366
1650516300,374
1650517200,211
1650518100,156
1650519000,136
1650519900,172
1650520800,152
1650521700,138
1650522600,141
1650523500,154
1650524400,199
1650525300,258
1650526200,228
1650527100,169
1650528000,148
1650528900,154
1650529800,142
1650530700,161
1650531600,137
1650532500,294
1650533400,249
1650534300,165
1650535200,202
1650536100,161
1650537000,159
1650537900,216
1650538800,204
1650539700,219
1650540600,172
1650541500,226
1650542400,167
1650543300,202
1650544200,190
1650545100,209
1650546000,193
1650546900,259
1650547800,273
1650548700,195
1650549600,201
1650550500,204
1650551400,189
1650552300,383
1650553200,632
1650554100,478
1650555000,473
1650555900,349
1650556800,783
1650557700,602
1650558600,226
1650559500,243
1650560400,261
1650561300,288
1650562200,256
1650563100,278
1650564000,267
1650564900,311
1650565800,337
1650566700,402
1650567600,422
1650568500,453
1650569400,476
1650570300,390
1650571200,349
1650572100,389
1650573000,320
1650573900,212
1650574800,154
1650575700,155
1650576600,150
1650577500,143
1650578400,152
1650579300,191
1650580200,186
1650581100,186
1650582000,166
1650582900,145
1650583800,153
1650584700,139
1650585600,144
1650586500,130
1650587400,121
1650588300,128
1650589200,124
1650590100,146
1650591000,136
1650591900,121
1650592800,177
1650593700,188
1650594600,238
1650595500,148
1650596400,152
1650597300,150
1650598200,161
1650599100,176
1650600000,220
1650600900,386
1650601800,224
1650602700,250
1650603600,395
1650604500,352
1650605400,225
1650606300,171
1650607200,173
1650608100,176
1650609000,162
1650609900,177
1650610800,158
1650611700,152
1650612600,168
1650613500,193
1650614400,192
1650615300,175
1650616200,184
1650617100,179
1650618000,204
1650618900,220
1650619800,195
1650620700,166
1650621600,361
1650622500,318
1650623400,380
1650624300,505
1650625200,485
1650626100,221
1650627000,187
1650627900,189
1650628800,715
1650629700,321
1650630600,218
1650631500,220
1650632400,213
1650633300,291
1650634200,252
1650635100,214
1650636000,239
1650636900,203
1650637800,194
1650638700,177
1650639600,276
1650640500,253
1650641400,180
1650642300,195
1650643200,214
1650644100,211
1650645000,280
1650645900,392
1650646800,416
1650647700,249
1650648600,221
1650649500,317
1650650400,633
1650651300,339
1650652200,402
1650653100,484
1650654000,376
1650654900,458
1650655800,384
1650656700,358
1650657600,380
1650658500,279
1650659400,327
1650660300,235
1650661200,181
1650662100,165
1650663000,154
1650663900,161
1650664800,177
1650665700,188
1650666600,208
1650667500,188
1650668400,191
1650669300,126
1650670200,143
1650671100,158
1650672000,157
1650672900,158
1650673800,169
1650674700,177
1650675600,133
1650676500,137
1650677400,130
1650678300,134
1650679200,132
1650680100,197
1650681000,140
1650681900,124
1650682800,147
1650683700,125
1650684600,148
1650685500,191
1650686400,211
1650687300,292
1650688200,203
1650689100,275
1650690000,178
1650690900,602
1650691800,348
1650692700,224
1650693600,231
1650694500,214
1650695400,228
1650696300,262
1650697200,728
1650698100,634
1650699000,259
1650699900,273
1650700800,271
1650701700,262
1650702600,229
1650703500,209
1650704400,234
1650705300,420
1650706200,424
1650707100,681
1650708000,439
1650708900,385
1650709800,270
1650710700,240
1650711600,207
1650712500,238
1650713400,425
1650714300,236
1650715200,257
1650716100,185
1650717000,548
1650717900,241
1650718800,266
1650719700,248
1650720600,247
1650721500,236
1650722400,235
1650723300,207
1650724200,210
1650725100,205
1650726000,206
1650726900,216
1650727800,220
1650728700,283
1650729600,215
1650730500,220
1650731400,209
1650732300,216
1650733200,234
1650734100,424
1650735000,282
1650735900,225
1650736800,239
1650737700,340
1650738600,255
1650739500,269
1650740400,255
1650741300,275
1650742200,297
1650743100,353
1650744000,272
1650744900,280
1650745800,318
1650746700,393
1650747600,325
1650748500,238
1650749400,184
1650750300,152
1650751200,150
1650752100,209
1650753000,200
1650753900,180
1650754800,187
1650755700,159
1650756600,158
1650757500,139
1650758400,218
1650759300,140
1650760200,130
1650761100,126
1650762000,139
1650762900,137
1650763800,125
1650764700,129
1650765600,120
1650766500,159
1650767400,188
1650768300,134
1650769200,139
1650770100,146
1650771000,151
1650771900,174
1650772800,186
1650773700,187
1650774600,148
1650775500,154
1650776400,161
1650777300,149
1650778200,135
1650779100,144
1650780000,228
1650780900,206
1650781800,195
1650782700,225
1650783600,297
1650784500,236
1650785400,606
1650786300,778
1650787200,432
1650788100,292
1650789000,245
1650789900,197
1650790800,187
1650791700,318
1650792600,392
1650793500,290
1650794400,434
1650795300,458
1650796200,462
1650797100,581
1650798000,271
1650798900,310
1650799800,798
1650800700,771
1650801600,622
1650802500,398
1650803400,362
1650804300,337
1650805200,742
1650806100,429
1650807000,208
1650807900,203
1650808800,292
1650809700,256
1650810600,216
1650811500,231
1650812400,219
1650813300,178
1650814200,171
1650815100,190
1650816000,187
1650816900,169
1650817800,188
1650818700,204
1650819600,156
1650820500,135
1650821400,140
1650822300,205
1650823200,237
1650824100,318
1650825000,335
1650825900,299
1650826800,302
1650827700,307
1650828600,321
1650829500,319
1650830400,306
1650831300,385
1650832200,341
1650833100,313
1650834000,286
1650834900,270
1650835800,228
1650836700,187
1650837600,174
1650838500,274
1650839400,201
1650840300,229
1650841200,252
1650842100,231
1650843000,220
1650843900,189
1650844800,157
1650845700,146
1650846600,171
1650847500,150
1650848400,136
1650849300,141
1650850200,133
1650851100,140
1650852000,146
1650852900,153
1650853800,155
1650854700,138
1650855600,144
1650856500,135
1650857400,167
1650858300,153
1650859200,162
1650860100,155
1650861000,152
1650861900,183
1650862800,196
1650863700,206
1650864600,183
1650865500,197
1650866400,210
1650867300,202
1650868200,237
1650869100,399
1650870000,450
1650870900,230
1650871800,264
1650872700,326
1650873600,216
1650874500,200
1650875400,179
1650876300,222
1650877200,162
1650878100,195
1650879000,220
1650879900,221
1650880800,846
1650881700,684
1650882600,490
1650883500,644
1650884400,202
1650885300,361
1650886200,191
1650887100,172
1650888000,182
1650888900,187
1650889800,181
1650890700,164
1650891600,146
1650892500,179
1650893400,233
1650894300,228
1650895200,180
1650896100,162
1650897000,147
1650897900,170
1650898800,248
1650899700,243
1650900600,244
1650901500,228
1650902400,586
1650903300,831
1650904200,490
1650905100,353
1650906000,715
1650906900,423
1650907800,639
1650908700,310
1650909600,743
1650910500,725
1650911400,819
1650912300,571
1650913200,310
1650914100,308
1650915000,338
1650915900,324
1650916800,271
1650917700,232
1650918600,180
1650919500,175
1650920400,134
1650921300,150
1650922200,144
1650923100,121
1650924000,153
1650924900,190
1650925800,190
1650926700,171
1650927600,136
1650928500,152
1650929400,139
1650930300,196
1650931200,145
1650932100,151
1650933000,160
1650933900,139
1650934800,130
1650935700,123
1650936600,135
1650937500,127
1650938400,124
1650939300,208
1650940200,125
1650941100,135
1650942000,138
1650942900,123
1650943800,126
1650944700,154
1650945600,269
1650946500,319
1650947400,202
1650948300,192
1650949200,138
1650950100,506
1650951000,352
1650951900,201
1650952800,315
1650953700,366
1650954600,371
1650955500,215
1650956400,251
1650957300,182
1650958200,187
1650959100,350
1650960000,245
1650960900,210
1650961800,222
1650962700,266
1650963600,220
1650964500,315
1650965400,452
1650966300,171
1650967200,182
1650968100,165
1650969000,343
1650969900,127
1650970800,145
1650971700,142
1650972600,127
1650973500,123
1650974400,156
1650975300,193
1650976200,282
1650977100,269
1650978000,236
1650978900,183
1650979800,186
1650980700,192
1650981600,262
1650982500,209
1650983400,553
1650984300,372
1650985200,254
1650986100,518
1650987000,204
1650987900,275
1650988800,213
1650989700,269
1650990600,174
1650991500,183
1650992400,243
1650993300,319
1650994200,263
1650995100,325
1650996000,390
1650996900,399
1650997800,392
1650998700,444
1650999600,364
1651000500,385
1651001400,303
1651002300,272
1651003200,242
1651004100,208
1651005000,245
1651005900,156
1651006800,146
1651007700,121
1651008600,161
1651009500,151
1651010400,148
1651011300,135
1651012200,134
1651013100,141
1651014000,149
1651014900,199
1651015800,159
1651016700,142
1651017600,145
1651018500,134
1651019400,143
1651020300,147
1651021200,152
1651022100,187
1651023000,180
1651023900,168
1651024800,128
1651025700,131
1651026600,178
1651027500,174
1651028400,151
1651029300,150
1651030200,121
1651031100,175
1651032000,213
1651032900,267
1651033800,222
1651034700,279
1651035600,174
1651036500,170
1651037400,267
1651038300,234
1651039200,399
1651040100,235
1651041000,200
1651041900,501
1651042800,288
1651043700,234
1651044600,221
1651045500,451
1651046400,277
1651047300,206
1651048200,176
1651049100,181
1651050000,164
1651050900,136
1651051800,125
1651052700,180
1651053600,231
1651054500,816
1651055400,178
1651056300,169
1651057200,150
1651058100,180
1651059000,160
1651059900,272
1651060800,251
1651061700,186
1651062600,189
1651063500,353
1651064400,261
1651065300,180
1651066200,171
1651067100,247
1651068000,753
1651068900,174
1651069800,261
1651070700,274
1651071600,169
1651072500,143
1651073400,140
1651074300,146
1651075200,147
1651076100,175
1651077000,206
1651077900,238
1651078800,353
1651079700,185
1651080600,199
1651081500,249
1651082400,332
1651083300,398
1651084200,381
1651085100,381
1651086000,294
1651086900,329
1651087800,350
1651088700,349
1651089600,317
1651090500,316
1651091400,271
1651092300,202
1651093200,155
1651094100,153
1651095000,160
1651095900,142
1651096800,164
1651097700,167
1651098600,171
1651099500,158
1651100400,167
1651101300,163
1651102200,142
1651103100,134
1651104000,142
1651104900,161
1651105800,159
1651106700,131
1651107600,139
1651108500,146
1651109400,131
1651110300,145
1651111200,178
1651112100,181
1651113000,245
1651113900,134
1651114800,146
1651115700,153
1651116600,141
1651117500,188
1651118400,221
1651119300,785
1651120200,359
1651121100,157
1651122000,167
1651122900,166
1651123800,175
1651124700,158
1651125600,157
1651126500,211
1651127400,406
1651128300,677
1651129200,505
1651130100,182
1651131000,160
1651131900,185
1651132800,200
1651133700,243
1651134600,220
1651135500,186
1651136400,314
1651137300,297
1651138200,189
1651139100,222
1651140000,319
1651140900,194
1651141800,339
1651142700,274
1651143600,245
1651144500,182
1651145400,268
1651146300,256
1651147200,243
1651148100,277
1651149000,202
1651149900,172
1651150800,133
1651151700,214
1651152600,190
1651153500,177
1651154400,146
1651155300,269
1651156200,290
1651157100,142
1651158000,197
1651158900,155
1651159800,157
1651160700,520
1651161600,167
1651162500,148
1651163400,177
1651164300,198
1651165200,136
1651166100,164
1651167000,143
1651167900,153
1651168800,164
1651169700,185
1651170600,246
1651171500,268
1651172400,243
1651173300,254
1651174200,378
1651175100,289
1651176000,305
1651176900,228
1651177800,219
1651178700,226
1651179600,173
1651180500,179
1651181400,138
1651182300,147
1651183200,136
1651184100,130
1651185000,159
1651185900,148
1651186800,155
1651187700,130
1651188600,135
1651189500,158
1651190400,133
1651191300,134
1651192200,150
1651193100,152
1651194000,169
1651194900,147
1651195800,154
1651196700,134
1651197600,148
1651198500,154
1651199400,152
1651200300,135
1651201200,126
1651202100,200
1651203000,145
1651203900,178
1651204800,199
1651205700,196
1651206600,192
1651207500,166
1651208400,280
1651209300,164
1651210200,178
1651211100,195
1651212000,211
1651212900,176
1651213800,315
1651214700,534
1651215600,323
1651216500,247
1651217400,250
1651218300,248
1651219200,678
1651220100,239
1651221000,151
1651221900,234
1651222800,221
1651223700,174
1651224600,239
1651225500,257
1651226400,182
1651227300,194
1651228200,143
1651229100,138
1651230000,132
1651230900,141
1651231800,143
1651232700,151
1651233600,176
1651234500,180
1651235400,202
1651236300,204
1651237200,674
1651238100,200
1651239000,235
1651239900,182
1651240800,157
1651241700,167
1651242600,177
1651243500,160
1651244400,138
1651245300,133
1651246200,144
1651247100,151
1651248000,129
1651248900,184
1651249800,182
1651250700,210
1651251600,195
1651252500,580
1651253400,533
1651254300,260
1651255200,257
1651256100,224
1651257000,333
1651257900,368
1651258800,311
1651259700,256
1651260600,280
1651261500,267
1651262400,195
1651263300,176
1651264200,181
1651265100,175
1651266000,223
1651266900,123
1651267800,104
1651268700,120
1651269600,132
1651270500,128
1651271400,128
1651272300,132
1651273200,143
1651274100,143
1651275000,163
1651275900,177
1651276800,155
1651277700,143
1651278600,146
1651279500,154
1651280400,133
1651281300,138
1651282200,166
1651283100,178
1651284000,150
1651284900,147
1651285800,184
1651286700,167
1651287600,144
1651288500,141
1651289400,138
1651290300,134
1651291200,150
1651292100,311
1651293000,218
1651293900,199
1651294800,402
1651295700,423
1651296600,155
1651297500,160
1651298400,131
1651299300,145
1651300200,162
1651301100,182
1651302000,187
1651302900,160
1651303800,243
1651304700,228
1651305600,196
1651306500,167
1651307400,183
1651308300,151
1651309200,181
1651310100,584
1651311000,447
1651311900,311
1651312800,206
1651313700,183
1651314600,146
1651315500,173
1651316400,174
1651317300,163
1651318200,180
1651319100,192
1651320000,257
1651320900,206
1651321800,345
1651322700,435
1651323600,245
1651324500,653
1651325400,559
1651326300,191
1651327200,182
1651328100,160
1651329000,216
1651329900,219
1651330800,212
1651331700,200
1651332600,163
1651333500,176
1651334400,192
1651335300,186
1651336200,223
1651337100,212
1651338000,162
1651338900,235
1651339800,408
1651340700,534
1651341600,235
1651342500,272
1651343400,341
1651344300,690
1651345200,740
1651346100,354
1651347000,335
1651347900,359
1651348800,317
1651349700,279
1651350600,244
1651351500,274
1651352400,200
1651353300,125
1651354200,148
1651355100,150
1651356000,283
1651356900,229
1651357800,187
1651358700,190
1651359600,155
1651360500,173
1651361400,172
1651362300,171
1651363200,154
1651364100,164
1651365000,182
1651365900,180
1651366800,170
1651367700,153
1651368600,151
1651369500,171
1651370400,157
1651371300,143
1651372200,158
1651373100,158
1651374000,155
1651374900,184
1651375800,146
1651376700,173
1651377600,144
1651378500,171
1651379400,195
1651380300,170
1651381200,170
1651382100,158
1651383000,180
1651383900,174
1651384800,289
1651385700,940
1651386600,740
1651387500,521
1651388400,511
1651389300,744
1651390200,577
1651391100,285
1651392000,244
1651392900,228
1651393800,220
1651394700,222
1651395600,200
1651396500,224
1651397400,190
1651398300,229
1651399200,208
1651400100,589
1651401000,416
1651401900,228
1651402800,243
1651403700,240
1651404600,257
1651405500,237
1651406400,244
1651407300,251
1651408200,230
1651409100,244
1651410000,269
1651410900,249
1651411800,239
1651412700,234
1651413600,227
1651414500,228
1651415400,274
1651416300,292
1651417200,268
1651418100,229
1651419000,246
1651419900,239
1651420800,282
1651421700,284
1651422600,250
1651423500,231
1651424400,208
1651425300,219
1651426200,259
1651427100,220
1651428000,235
1651428900,227
1651429800,353
1651430700,362
1651431600,364
1651432500,376
1651433400,429
1651434300,412
1651435200,406
1651436100,557
1651437000,526
1651437900,272
1651438800,259
1651439700,228
1651440600,221
1651441500,217
1651442400,177
1651443300,150
1651444200,180
1651445100,184
1651446000,162
1651446900,166
1651447800,167
1651448700,156
1651449600,177
1651450500,170
1651451400,169
1651452300,167
1651453200,147
1651454100,188
1651455000,176
1651455900,158
1651456800,153
1651457700,159
1651458600,170
1651459500,150
1651460400,187
1651461300,162
1651462200,158
1651463100,167
1651464000,183
1651464900,176
1651465800,186
1651466700,142
1651467600,159
1651468500,168
1651469400,238
1651470300,159
1651471200,152
1651472100,213
1651473000,177
1651473900,272
1651474800,373
1651475700,411
1651476600,479
1651477500,523
1651478400,518
1651479300,1053
1651480200,781
1651481100,611
1651482000,411
1651482900,433
1651483800,797
1651484700,644
1651485600,449
1651486500,385
1651487400,329
1651488300,302
1651489200,294
1651490100,763
1651491000,344
1651491900,316
1651492800,349
1651493700,376
1651494600,356
1651495500,333
1651496400,322
1651497300,407
1651498200,341
1651499100,297
1651500000,629
1651500900,844
1651501800,323
1651502700,394
1651503600,826
1651504500,396
1651505400,261
1651506300,265
1651507200,251
1651508100,239
1651509000,268
1651509900,264
1651510800,230
1651511700,228
1651512600,241
1651513500,251
1651514400,291
1651515300,280
1651516200,266
1651517100,264
1651518000,248
1651518900,247
1651519800,268
1651520700,230
1651521600,260
1651522500,273
1651523400,264
1651524300,251
1651525200,240
1651526100,223
1651527000,208
1651527900,237
1651528800,200
1651529700,185
1651530600,170
1651531500,163
1651532400,150
1651533300,165
1651534200,146
1651535100,186
1651536000,150
1651536900,158
1651537800,173
1651538700,164
1651539600,176
1651540500,170
1651541400,171
1651542300,154
1651543200,175
1651544100,187
1651545000,171
1651545900,163
1651546800,182
1651547700,164
1651548600,188
1651549500,164
1651550400,170
1651551300,192
1651552200,164
1651553100,166
1651554000,176
1651554900,185
1651555800,175
1651556700,155
1651557600,158
1651558500,260
1651559400,207
1651560300,244
1651561200,272
1651562100,262
1651563000,264
1651563900,491
1651564800,471
1651565700,286
1651566600,295
1651567500,280
1651568400,288
1651569300,291
1651570200,298
1651571100,276
1651572000,293
1651572900,270
1651573800,267
1651574700,449
1651575600,314
1651576500,276
1651577400,266
1651578300,309
1651579200,379
1651580100,306
1651581000,278
1651581900,265
1651582800,288
1651583700,224
1651584600,215
1651585500,195
1651586400,206
1651587300,188
1651588200,222
1651589100,219
1651590000,243
1651590900,231
1651591800,231
1651592700,242
1651593600,274
1651594500,228
1651595400,227
1651596300,233
1651597200,230
1651598100,282
1651599000,302
1651599900,313
1651600800,386
1651601700,415
1651602600,440
1651603500,439
1651604400,464
1651605300,449
1651606200,450
1651607100,381
1651608000,354
1651608900,273
1651609800,266
1651610700,214
1651611600,198
1651612500,183
1651613400,185
1651614300,156
1651615200,162
1651616100,139
1651617000,153
1651617900,152
1651618800,159
1651619700,169
1651620600,158
1651621500,160
1651622400,167
1651623300,150
1651624200,169
1651625100,172
1651626000,171
1651626900,177
1651627800,152
1651628700,187
1651629600,169
1651630500,168
1651631400,165
1651632300,175
1651633200,179
1651634100,171
1651635000,164
1651635900,171
1651636800,190
1651637700,211
1651638600,256
1651639500,238
1651640400,278
1651641300,259
1651642200,285
1651643100,263
1651644000,883
1651644900,544
1651645800,310
1651646700,473
1651647600,317
1651648500,289
1651649400,417
1651650300,313
1651651200,300
1651652100,316
1651653000,595
1651653900,299
1651654800,308
1651655700,401
1651656600,308
1651657500,276
1651658400,290
1651659300,434
1651660200,402
1651661100,352
1651662000,323
1651662900,310
1651663800,311
1651664700,365
1651665600,307
1651666500,360
1651667400,373
1651668300,375
1651669200,357
1651670100,365
1651671000,459
1651671900,478
1651672800,558
1651673700,493
1651674600,368
1651675500,312
1651676400,347
1651677300,354
1651678200,355
1651679100,377
1651680000,379
1651680900,379
1651681800,430
1651682700,432
1651683600,424
1651684500,405
1651685400,470
1651686300,447
1651687200,429
1651688100,420
1651689000,439
1651689900,470
1651690800,440
1651691700,445
1651692600,424
1651693500,443
1651694400,914
1651695300,441
1651696200,291
1651697100,597
1651698000,612
1651698900,159
1651699800,173
1651700700,165
1651701600,161
1651702500,186
1651703400,174
1651704300,179
1651705200,161
1651706100,170
1651707000,182
1651707900,157
1651708800,170
1651709700,175
1651710600,181
1651711500,174
1651712400,159
1651713300,165
1651714200,185
1651715100,152
1651716000,155
1651716900,165
1651717800,162
1651718700,154
1651719600,152
1651720500,167
1651721400,172
1651722300,169
1651723200,221
1651724100,274
1651725000,182
1651725900,244
1651726800,165
1651727700,164
1651728600,193
1651729500,225
1651730400,196
1651731300,190
1651732200,214
1651733100,287
1651734000,248
1651734900,228
1651735800,239
1651736700,219
1651737600,363
1651738500,391
1651739400,312
1651740300,266
1651741200,380
1651742100,382
1651743000,373
1651743900,232
1651744800,326
1651745700,316
1651746600,342
1651747500,197
1651748400,190
1651749300,196
1651750200,214
1651751100,228
1651752000,316
1651752900,288
1651753800,272
1651754700,322
1651755600,411
1651756500,278
1651757400,274
1651758300,263
1651759200,214
1651760100,232
1651761000,219
1651761900,204
1651762800,345
1651763700,357
1651764600,406
1651765500,339
1651766400,380
1651767300,408
1651768200,411
1651769100,417
1651770000,417
1651770900,456
1651771800,433
1651772700,407
1651773600,416
1651774500,494
1651775400,497
1651776300,489
1651777200,479
1651778100,472
1651779000,427
1651779900,412
1651780800,752
1651781700,291
1651782600,271
1651783500,238
1651784400,192
1651785300,215
1651786200,165
1651787100,175
1651788000,155
1651788900,164
1651789800,158
1651790700,158
1651791600,171
1651792500,154
1651793400,159
1651794300,154
1651795200,166
1651796100,167
1651797000,153
1651797900,172
1651798800,162
1651799700,175
1651800600,179
1651801500,163
1651802400,157
1651803300,177
1651804200,186
1651805100,156
1651806000,167
1651806900,178
1651807800,198
1651808700,169
1651809600,208
1651810500,291
1651811400,229
1651812300,304
1651813200,352
1651814100,358
1651815000,338
1651815900,337
1651816800,343
1651817700,670
1651818600,781
1651819500,658
1651820400,530
1651821300,676
1651822200,610
1651823100,400
1651824000,386
1651824900,368
1651825800,336
1651826700,423
1651827600,507
1651828500,356
1651829400,360
1651830300,371
1651831200,533
1651832100,341
1651833000,271
1651833900,262
1651834800,259
1651835700,228
1651836600,204
1651837500,214
1651838400,235
1651839300,216
1651840200,273
1651841100,268
1651842000,256
1651842900,293
1651843800,331
1651844700,285
1651845600,259
1651846500,274
1651847400,321
1651848300,310
1651849200,390
1651850100,618
1651851000,660
1651851900,344
1651852800,335
1651853700,312
1651854600,360
1651855500,380
1651856400,372
1651857300,379
1651858200,401
1651859100,376
1651860000,387
1651860900,333
1651861800,355
1651862700,346
1651863600,412
1651864500,393
1651865400,877
1651866300,571
1651867200,436
1651868100,661
1651869000,847
1651869900,304
1651870800,229
1651871700,238
1651872600,239
1651873500,226
1651874400,178
1651875300,154
1651876200,194
1651877100,180
1651878000,163
1651878900,177
1651879800,179
1651880700,184
1651881600,170
1651882500,166
1651883400,179
1651884300,167
1651885200,168
1651886100,149
1651887000,169
1651887900,151
1651888800,153
1651889700,166
1651890600,150
1651891500,174
1651892400,157
1651893300,165
1651894200,171
1651895100,187
1651896000,185
1651896900,168
1651897800,220
1651898700,248
1651899600,280
1651900500,200
1651901400,173
1651902300,177
1651903200,175
1651904100,172
1651905000,199
1651905900,280
1651906800,366
1651907700,434
1651908600,271
1651909500,253
1651910400,298
1651911300,339
1651912200,307
1651913100,369
1651914000,1227
1651914900,392
1651915800,351
1651916700,317
1651917600,318
1651918500,325
1651919400,533
1651920300,385
1651921200,307
1651922100,278
1651923000,281
1651923900,278
1651924800,320
1651925700,286
1651926600,271
1651927500,273
1651928400,243
1651929300,243
1651930200,225
1651931100,242
1651932000,251
1651932900,249
1651933800,244
1651934700,267
1651935600,223
1651936500,242
1651937400,302
1651938300,316
1651939200,374
1651940100,267
1651941000,264
1651941900,261
1651942800,250
1651943700,240
1651944600,271
1651945500,253
1651946400,253
1651947300,307
1651948200,371
1651949100,366
1651950000,411
1651950900,422
1651951800,428
1651952700,434
1651953600,401
1651954500,398
1651955400,378
1651956300,955
1651957200,976
1651958100,704
1651959000,466
1651959900,790
1651960800,252
1651961700,226
1651962600,181
1651963500,181
1651964400,172
1651965300,170
1651966200,172
1651967100,173
1651968000,156
1651968900,181
1651969800,171
1651970700,184
1651971600,151
1651972500,178
1651973400,174
1651974300,169
1651975200,167
1651976100,170
1651977000,174
1651977900,169
1651978800,166
1651979700,180
1651980600,157
1651981500,168
1651982400,172
1651983300,168
1651984200,217
1651985100,190
1651986000,662
1651986900,755
1651987800,753
1651988700,403
1651989600,197
1651990500,204
1651991400,212
1651992300,273
1651993200,302
1651994100,532
1651995000,379
1651995900,344
1651996800,478
1651997700,493
1651998600,359
1651999500,317
1652000400,240
1652001300,255
1652002200,265
1652003100,261
1652004000,376
1652004900,284
1652005800,297
1652006700,297
1652007600,279
1652008500,277
1652009400,261
1652010300,332
1652011200,288
1652012100,284
1652013000,275
1652013900,284
1652014800,249
1652015700,247
1652016600,189
1652017500,195
1652018400,278
1652019300,351
1652020200,267
1652021100,266
1652022000,276
1652022900,297
1652023800,227
1652024700,240
1652025600,239
1652026500,251
1652027400,223
1652028300,215
1652029200,226
1652030100,593
1652031000,159
1652031900,241
1652032800,217
1652033700,234
1652034600,210
1652035500,216
1652036400,216
1652037300,258
1652038200,235
1652039100,210
1652040000,203
1652040900,203
1652041800,205
1652042700,191
1652043600,181
1652044500,201
1652045400,201
1652046300,202
1652047200,164
1652048100,173
1652049000,157
1652049900,173
1652050800,174
1652051700,173
1652052600,161
1652053500,183
1652054400,190
1652055300,186
1652056200,162
1652057100,181
1652058000,179
1652058900,201
1652059800,161
1652060700,179
1652061600,168
1652062500,175
1652063400,179
1652064300,172
1652065200,171
1652066100,155
1652067000,182
1652067900,166
1652068800,179
1652069700,165
1652070600,178
1652071500,173
1652072400,179
1652073300,166
1652074200,283
1652075100,211
1652076000,229
1652076900,212
1652077800,242
1652078700,195
1652079600,726
1652080500,271
1652081400,266
1652082300,619
1652083200,666
1652084100,243
1652085000,238
1652085900,260
1652086800,236
1652087700,237
1652088600,586
1652089500,422
1652090400,183
1652091300,225
1652092200,291
1652093100,257
1652094000,217
1652094900,189
1652095800,250
1652096700,716
1652097600,309
1652098500,336
1652099400,299
1652100300,393
1652101200,306
1652102100,367
1652103000,296
1652103900,324
1652104800,299
1652105700,298
1652106600,287
1652107500,299
1652108400,301
1652109300,302
1652110200,291
1652111100,505
1652112000,785
1652112900,382
1652113800,265
1652114700,365
1652115600,261
1652116500,255
1652117400,239
1652118300,266
1652119200,299
1652120100,298
1652121000,300
1652121900,327
1652122800,325
1652123700,417
1652124600,350
1652125500,345
1652126400,358
1652127300,365
1652128200,374
1652129100,370
1652130000,265
1652130900,255
1652131800,189
1652132700,213
1652133600,181
1652134500,138
1652135400,153
1652136300,170
1652137200,177
1652138100,174
1652139000,146
1652139900,145
1652140800,141
1652141700,162
1652142600,143
1652143500,148
1652144400,144
1652145300,147
1652146200,166
1652147100,148
1652148000,151
1652148900,144
1652149800,168
1652150700,160
1652151600,181
1652152500,158
1652153400,158
1652154300,170
1652155200,159
1652156100,178
1652157000,175
1652157900,174
1652158800,169
1652159700,132
1652160600,163
1652161500,156
1652162400,173
1652163300,160
1652164200,184
1652165100,171
1652166000,318
1652166900,209
1652167800,166
1652168700,215
1652169600,906
1652170500,763
1652171400,744
1652172300,536
1652173200,893
1652174100,548
1652175000,234
1652175900,206
1652176800,180
1652177700,141
1652178600,183
1652179500,176
1652180400,197
1652181300,212
1652182200,334
1652183100,302
1652184000,756
1652184900,464
1652185800,292
1652186700,349
1652187600,866
1652188500,459
1652189400,296
1652190300,295
1652191200,292
1652192100,318
1652193000,516
1652193900,742
1652194800,335
1652195700,273
1652196600,294
1652197500,307
1652198400,286
1652199300,293
1652200200,282
1652201100,313
1652202000,305
1652202900,290
1652203800,299
1652204700,338
1652205600,373
1652206500,428
1652207400,393
1652208300,379
1652209200,348
1652210100,357
1652211000,349
1652211900,363
1652212800,355
1652213700,271
1652214600,233
1652215500,218
1652216400,134
1652217300,156
1652218200,155
1652219100,148
1652220000,147
1652220900,158
1652221800,150
1652222700,165
1652223600,142
1652224500,176
1652225400,159
1652226300,155
1652227200,152
1652228100,145
1652229000,145
1652229900,153
1652230800,148
1652231700,155
1652232600,147
1652233500,157
1652234400,150
1652235300,178
1652236200,167
1652237100,179
1652238000,146
1652238900,179
1652239800,181
1652240700,159
1652241600,201
1652242500,300
1652243400,242
1652244300,233
1652245200,199
1652246100,302
1652247000,214
1652247900,213
1652248800,247
1652249700,255
1652250600,342
1652251500,279
1652252400,202
1652253300,230
1652254200,244
1652255100,213
1652256000,198
1652256900,195
1652257800,205
1652258700,172
1652259600,173
1652260500,179
1652261400,205
1652262300,216
1652263200,227
1652264100,228
1652265000,269
1652265900,257
1652266800,209
1652267700,341
1652268600,372
1652269500,330
1652270400,292
1652271300,235
1652272200,238
1652273100,189
1652274000,173
1652274900,209
1652275800,258
1652276700,252
1652277600,247
1652278500,262
1652279400,259
1652280300,309
1652281200,331
1652282100,347
1652283000,356
1652283900,379
1652284800,402
1652285700,398
1652286600,358
1652287500,292
1652288400,294
1652289300,300
1652290200,299
1652291100,329
1652292000,359
1652292900,333
1652293800,357
1652294700,328
1652295600,331
1652296500,321
1652297400,291
1652298300,266
1652299200,273
1652300100,252
1652301000,233
1652301900,173
1652302800,162
1652303700,162
1652304600,175
1652305500,167
1652306400,168
1652307300,150
1652308200,170
1652309100,161
1652310000,163
1652310900,147
1652311800,163
1652312700,147
1652313600,160
1652314500,170
1652315400,174
1652316300,169
1652317200,167
1652318100,172
1652319000,172
1652319900,201
1652320800,172
1652321700,162
1652322600,172
1652323500,168
1652324400,169
1652325300,176
1652326200,177
1652327100,177
1652328000,211
1652328900,272
1652329800,208
1652330700,181
1652331600,214
1652332500,219
1652333400,248
1652334300,626
1652335200,713
1652336100,541
1652337000,289
1652337900,390
1652338800,295
1652339700,855
1652340600,1239
1652341500,1038
1652342400,800
1652343300,456
1652344200,248
1652345100,348
1652346000,370
1652346900,259
1652347800,262
1652348700,699
1652349600,323
1652350500,289
1652351400,219
1652352300,251
1652353200,214
1652354100,354
1652355000,308
1652355900,260
1652356800,268
1652357700,253
1652358600,259
1652359500,253
1652360400,253
1652361300,311
1652362200,304
1652363100,292
1652364000,261
1652364900,221
1652365800,230
1652366700,241
1652367600,235
1652368500,249
1652369400,413
1652370300,349
1652371200,398
1652372100,361
1652373000,379
1652373900,366
1652374800,528
1652375700,412
1652376600,351
1652377500,339
1652378400,348
1652379300,322
1652380200,340
1652381100,367
1652382000,380
1652382900,475
1652383800,499
1652384700,474
1652385600,748
1652386500,701
1652387400,315
1652388300,307
1652389200,723
1652390100,278
1652391000,192
1652391900,174
1652392800,168
1652393700,159
1652394600,183
1652395500,183
1652396400,184
1652397300,157
1652398200,165
1652399100,163
1652400000,169
1652400900,151
1652401800,166
1652402700,161
1652403600,183
1652404500,168
1652405400,166
1652406300,162
1652407200,190
1652408100,167
1652409000,169
1652409900,178
1652410800,185
1652411700,167
1652412600,182
1652413500,171
1652414400,216
1652415300,275
1652416200,232
1652417100,218
1652418000,210
1652418900,177
1652419800,175
1652420700,715
1652421600,349
1652422500,715
1652423400,533
1652424300,515
1652425200,345
1652426100,252
1652427000,324
1652427900,211
1652428800,211
1652429700,193
1652430600,344
1652431500,282
1652432400,191
1652433300,152
1652434200,140
1652435100,169
1652436000,155
1652436900,153
1652437800,296
1652438700,335
1652439600,312
1652440500,291
1652441400,186
1652442300,174
1652443200,196
1652444100,175
1652445000,229
1652445900,180
1652446800,157
1652447700,170
1652448600,166
1652449500,166
1652450400,159
1652451300,169
1652452200,167
1652453100,167
1652454000,236
1652454900,276
1652455800,240
1652456700,404
1652457600,430
1652458500,441
1652459400,362
1652460300,317
1652461200,326
1652462100,319
1652463000,358
1652463900,354
1652464800,354
1652465700,363
1652466600,359
1652467500,364
1652468400,362
1652469300,366
1652470200,375
1652471100,348
1652472000,317
1652472900,302
1652473800,321
1652474700,275
1652475600,383
1652476500,599
1652477400,243
1652478300,250
1652479200,204
1652480100,181
1652481000,199
1652481900,200
1652482800,192
1652483700,149
1652484600,162
1652485500,148
1652486400,167
1652487300,156
1652488200,159
1652489100,151
1652490000,156
1652490900,178
1652491800,166
1652492700,161
1652493600,178
1652494500,159
1652495400,188
1652496300,174
1652497200,178
1652498100,147
1652499000,182
1652499900,178
1652500800,187
1652501700,195
1652502600,230
1652503500,189
1652504400,189
1652505300,156
1652506200,175
1652507100,327
1652508000,305
1652508900,262
1652509800,340
1652510700,291
1652511600,252
1652512500,251
1652513400,285
1652514300,263
1652515200,266
1652516100,244
1652517000,312
1652517900,279
1652518800,314
1652519700,316
1652520600,202
1652521500,362
1652522400,383
1652523300,288
1652524200,359
1652525100,257
1652526000,335
1652526900,282
1652527800,254
1652528700,211
1652529600,200
1652530500,216
1652531400,289
1652532300,382
1652533200,373
1652534100,385
1652535000,381
1652535900,379
1652536800,353
1652537700,299
1652538600,289
1652539500,270
1652540400,284
1652541300,268
1652542200,262
1652543100,274
1652544000,388
1652544900,405
1652545800,349
1652546700,387
1652547600,586
1652548500,484
1652549400,476
1652550300,445
1652551200,425
1652552100,450
1652553000,468
1652553900,438
1652554800,468
1652555700,461
1652556600,453
1652557500,404
1652558400,393
1652559300,794
1652560200,494
1652561100,285
1652562000,469
1652562900,754
1652563800,217
1652564700,156
1652565600,179
1652566500,165
1652567400,189
1652568300,170
1652569200,179
1652570100,173
1652571000,155
1652571900,159
1652572800,165
1652573700,161
1652574600,153
1652575500,162
1652576400,153
1652577300,175
1652578200,160
1652579100,156
1652580000,158
1652580900,187
1652581800,183
1652582700,172
1652583600,163
1652584500,185
1652585400,181
1652586300,180
1652587200,182
1652588100,189
1652589000,260
1652589900,176
1652590800,183
1652591700,184
1652592600,183
1652593500,302
1652594400,536
1652595300,190
1652596200,214
1652597100,233
1652598000,300
1652598900,289
1652599800,312
1652600700,308
1652601600,479
1652602500,393
1652603400,301
1652604300,415
1652605200,418
1652606100,880
1652607000,752
1652607900,362
1652608800,339
1652609700,308
1652610600,306
1652611500,303
1652612400,332
1652613300,375
1652614200,288
1652615100,266
1652616000,251
1652616900,248
1652617800,248
1652618700,279
1652619600,272
1652620500,282
1652621400,233
1652622300,253
1652623200,214
1652624100,338
1652625000,296
1652625900,540
1652626800,286
1652627700,291
1652628600,285
1652629500,267
1652630400,308
1652631300,312
1652632200,550
1652633100,515
1652634000,351
1652634900,404
1652635800,385
1652636700,380
1652637600,385
1652638500,389
1652639400,449
1652640300,432
1652641200,444
1652642100,463
1652643000,430
1652643900,388
1652644800,288
1652645700,268
1652646600,267
1652647500,263
1652648400,253
1652649300,239
1652650200,201
1652651100,197
1652652000,210
1652652900,185
1652653800,180
1652654700,146
1652655600,171
1652656500,181
1652657400,170
1652658300,173
1652659200,170
1652660100,189
1652661000,155
1652661900,175
1652662800,165
1652663700,195
1652664600,185
1652665500,157
1652666400,164
1652667300,157
1652668200,178
1652669100,175
1652670000,156
1652670900,175
1652671800,182
1652672700,189
1652673600,162
1652674500,167
1652675400,166
1652676300,150
1652677200,177
1652678100,163
1652679000,164
1652679900,147
1652680800,199
1652681700,197
1652682600,258
1652683500,212
1652684400,185
1652685300,184
1652686200,231
1652687100,188
1652688000,202
1652688900,205
1652689800,298
1652690700,262
1652691600,336
1652692500,345
1652693400,344
1652694300,398
1652695200,556
1652696100,455
1652697000,357
1652697900,797
1652698800,1142
1652699700,1172
1652700600,995
1652701500,954
1652702400,1094
1652703300,521
1652704200,501
1652705100,455
1652706000,926
1652706900,1038
1652707800,828
1652708700,533
1652709600,388
1652710500,805
1652711400,421
1652712300,325
1652713200,852
1652714100,573
1652715000,327
1652715900,344
1652716800,344
1652717700,433
1652718600,347
1652719500,317
1652720400,304
1652721300,273
1652722200,346
1652723100,1037
1652724000,1227
1652724900,560
1652725800,334
1652726700,344
1652727600,447
1652728500,672
1652729400,403
1652730300,373
1652731200,299
1652732100,257
1652733000,260
1652733900,231
1652734800,208
1652735700,227
1652736600,207
1652737500,256
1652738400,220
1652739300,167
1652740200,185
1652741100,164
1652742000,159
1652742900,170
1652743800,149
1652744700,165
1652745600,157
1652746500,162
1652747400,164
1652748300,166
1652749200,148
1652750100,194
1652751000,166
1652751900,183
1652752800,147
1652753700,174
1652754600,187
1652755500,156
1652756400,179
1652757300,184
1652758200,166
1652759100,174
1652760000,167
1652760900,188
1652761800,260
1652762700,657
1652763600,335
1652764500,209
1652765400,185
1652766300,186
1652767200,213
1652768100,293
1652769000,289
1652769900,206
1652770800,174
1652771700,180
1652772600,165
1652773500,185
1652774400,272
1652775300,217
1652776200,266
1652777100,269
1652778000,236
1652778900,237
1652779800,220
1652780700,214
1652781600,229
1652782500,375
1652783400,287
1652784300,237
1652785200,245
1652786100,241
1652787000,202
1652787900,209
1652788800,221
1652789700,252
1652790600,271
1652791500,239
1652792400,281
1652793300,359
1652794200,279
1652795100,276
1652796000,291
1652796900,271
1652797800,287
1652798700,244
1652799600,245
1652800500,251
1652801400,264
1652802300,266
1652803200,272
1652804100,256
1652805000,277
1652805900,268
1652806800,260
1652807700,254
1652808600,267
1652809500,265
1652810400,263
1652811300,281
1652812200,384
1652813100,372
1652814000,380
1652814900,385
1652815800,357
1652816700,363
1652817600,813
1652818500,450
1652819400,247
1652820300,404
1652821200,688
1652822100,154
1652823000,141
1652823900,151
1652824800,162
1652825700,158
1652826600,159
1652827500,140
1652828400,140
1652829300,148
1652830200,141
1652831100,141
1652832000,157
1652832900,138
1652833800,170
1652834700,152
1652835600,151
1652836500,152
1652837400,150
1652838300,169
1652839200,188
1652840100,158
1652841000,167
1652841900,158
1652842800,171
1652843700,157
1652844600,177
1652845500,176
1652846400,223
1652847300,241
1652848200,241
1652849100,198
1652850000,196
1652850900,225
1652851800,717
1652852700,198
1652853600,192
1652854500,429
1652855400,301
1652856300,290
1652857200,250
1652858100,212
1652859000,440
1652859900,247
1652860800,213
1652861700,166
1652862600,169
1652863500,164
1652864400,171
1652865300,158
1652866200,156
1652867100,139
1652868000,213
1652868900,346
1652869800,202
1652870700,239
1652871600,381
1652872500,225
1652873400,202
1652874300,226
1652875200,322
1652876100,243
1652877000,245
1652877900,268
1652878800,259
1652879700,228
1652880600,223
1652881500,278
1652882400,214
1652883300,191
1652884200,169
1652885100,179
1652886000,255
1652886900,541
1652887800,632
1652888700,342
1652889600,373
1652890500,504
1652891400,411
1652892300,525
1652893200,455
1652894100,478
1652895000,426
1652895900,432
1652896800,430
1652897700,433
1652898600,491
1652899500,534
1652900400,521
1652901300,506
1652902200,473
1652903100,384
1652904000,384
1652904900,312
1652905800,220
1652906700,215
1652907600,201
1652908500,166
1652909400,147
1652910300,147
1652911200,157
1652912100,161
1652913000,155
1652913900,172
1652914800,160
1652915700,183
1652916600,179
1652917500,173
1652918400,177
1652919300,164
1652920200,178
1652921100,177
1652922000,159
1652922900,172
1652923800,191
1652924700,171
1652925600,164
1652926500,169
1652927400,168
1652928300,176
1652929200,170
1652930100,153
1652931000,172
1652931900,196
1652932800,232
1652933700,307
1652934600,218
1652935500,206
1652936400,185
1652937300,146
1652938200,168
1652939100,206
1652940000,210
1652940900,194
1652941800,272
1652942700,242
1652943600,203
1652944500,192
1652945400,198
1652946300,204
1652947200,204
1652948100,190
1652949000,221
1652949900,218
1652950800,207
1652951700,192
1652952600,433
1652953500,325
1652954400,319
1652955300,244
1652956200,254
1652957100,230
1652958000,226
1652958900,434
1652959800,307
1652960700,227
1652961600,234
1652962500,221
1652963400,254
1652964300,243
1652965200,274
1652966100,344
1652967000,287
1652967900,242
1652968800,235
1652969700,211
1652970600,214
1652971500,240
1652972400,265
1652973300,283
1652974200,281
1652975100,415
1652976000,332
1652976900,376
1652977800,320
1652978700,391
1652979600,284
1652980500,311
1652981400,317
1652982300,366
1652983200,318
1652984100,346
1652985000,367
1652985900,428
1652986800,439
1652987700,451
1652988600,447
1652989500,422
1652990400,367
1652991300,354
1652992200,268
1652993100,186
1652994000,137
1652994900,142
1652995800,146
1652996700,137
1652997600,127
1652998500,149
1652999400,148
1653000300,168
1653001200,154
1653002100,151
1653003000,161
1653003900,190
1653004800,184
1653005700,180
1653006600,174
1653007500,187
1653008400,185
1653009300,188
1653010200,189
1653011100,183
1653012000,167
1653012900,195
1653013800,180
1653014700,183
1653015600,169
1653016500,182
1653017400,198
1653018300,195
1653019200,250
1653020100,186
1653021000,210
1653021900,181
1653022800,143
1653023700,266
1653024600,285
1653025500,174
1653026400,164
1653027300,208
1653028200,243
1653029100,312
1653030000,314
1653030900,177
1653031800,198
1653032700,251
1653033600,236
1653034500,207
1653035400,213
1653036300,180
1653037200,162
1653038100,176
1653039000,190
1653039900,184
1653040800,184
1653041700,207
1653042600,191
1653043500,224
1653044400,154
1653045300,169
1653046200,303
1653047100,386
1653048000,297
1653048900,271
1653049800,210
1653050700,218
1653051600,286
1653052500,757
1653053400,273
1653054300,253
1653055200,563
1653056100,765
1653057000,229
1653057900,271
1653058800,378
1653059700,287
1653060600,380
1653061500,287
1653062400,283
1653063300,308
1653064200,241
1653065100,267
1653066000,496
1653066900,341
1653067800,221
1653068700,212
1653069600,232
1653070500,287
1653071400,231
1653072300,226
1653073200,252
1653074100,317
1653075000,266
1653075900,268
1653076800,241
1653077700,232
1653078600,244
1653079500,258
1653080400,697
1653081300,874
1653082200,252
1653083100,304
1653084000,780
1653084900,289
1653085800,166
1653086700,145
1653087600,158
1653088500,151
1653089400,143
1653090300,154
1653091200,133
1653092100,121
1653093000,148
1653093900,130
1653094800,135
1653095700,129
1653096600,131
1653097500,158
1653098400,133
1653099300,125
1653100200,142
1653101100,144
1653102000,166
1653102900,163
1653103800,145
1653104700,154
1653105600,169
1653106500,148
1653107400,160
1653108300,136
1653109200,140
1653110100,141
1653111000,218
1653111900,189
1653112800,222
1653113700,205
1653114600,203
1653115500,210
1653116400,757
1653117300,163
1653118200,156
1653119100,149
1653120000,126
1653120900,172
1653121800,159
1653122700,172
1653123600,150
1653124500,182
1653125400,598
1653126300,222
1653127200,233
1653128100,264
1653129000,223
1653129900,396
1653130800,263
1653131700,241
1653132600,258
1653133500,282
1653134400,226
1653135300,268
1653136200,497
1653137100,570
1653138000,266
1653138900,249
1653139800,272
1653140700,271
1653141600,246
1653142500,277
1653143400,262
1653144300,296
1653145200,240
1653146100,213
1653147000,234
1653147900,269
1653148800,209
1653149700,246
1653150600,253
1653151500,388
1653152400,323
1653153300,252
1653154200,292
1653155100,487
1653156000,457
1653156900,500
1653157800,478
1653158700,503
1653159600,488
1653160500,473
1653161400,426
1653162300,464
1653163200,401
1653164100,690
1653165000,496
1653165900,309
1653166800,461
1653167700,820
1653168600,281
1653169500,273
1653170400,304
1653171300,313
1653172200,268
1653173100,201
1653174000,251
1653174900,216
1653175800,229
1653176700,219
1653177600,213
1653178500,211
1653179400,214
1653180300,195
1653181200,205
1653182100,217
1653183000,204
1653183900,201
1653184800,225
1653185700,200
1653186600,223
1653187500,196
1653188400,219
1653189300,237
1653190200,238
1653191100,212
1653192000,235
1653192900,223
1653193800,266
1653194700,207
1653195600,233
1653196500,294
1653197400,261
1653198300,266
1653199200,340
1653200100,263
1653201000,279
1653201900,315
1653202800,372
1653203700,312
1653204600,338
1653205500,557
1653206400,509
1653207300,380
1653208200,278
1653209100,379
1653210000,438
1653210900,389
1653211800,410
1653212700,353
1653213600,551
1653214500,639
1653215400,279
1653216300,301
1653217200,392
1653218100,576
1653219000,443
1653219900,458
1653220800,309
1653221700,299
1653222600,324
1653223500,324
1653224400,789
1653225300,853
1653226200,589
1653227100,611
1653228000,614
1653228900,421
1653229800,676
1653230700,340
1653231600,343
1653232500,314
1653233400,374
1653234300,391
1653235200,525
1653236100,511
1653237000,511
1653237900,420
1653238800,345
1653239700,293
1653240600,278
1653241500,305
1653242400,302
1653243300,312
1653244200,304
1653245100,290
1653246000,310
1653246900,417
1653247800,417
1653248700,426
1653249600,397
1653250500,355
1653251400,392
1653252300,789
1653253200,309
1653254100,281
1653255000,294
1653255900,288
1653256800,276
1653257700,161
1653258600,202
1653259500,212
1653260400,188
1653261300,201
1653262200,200
1653263100,199
1653264000,205
1653264900,145
1653265800,153
1653266700,158
1653267600,160
1653268500,155
1653269400,156
1653270300,146
1653271200,183
1653272100,174
1653273000,160
1653273900,172
1653274800,164
1653275700,185
1653276600,187
1653277500,178
1653278400,169
1653279300,186
1653280200,177
1653281100,164
1653282000,179
1653282900,177
1653283800,180
1653284700,220
1653285600,186
1653286500,223
1653287400,178
1653288300,160
1653289200,189
1653290100,250
1653291000,303
1653291900,255
1653292800,697
1653293700,353
1653294600,369
1653295500,535
1653296400,756
1653297300,212
1653298200,171
1653299100,163
1653300000,305
1653300900,201
1653301800,182
1653302700,442
1653303600,438
1653304500,828
1653305400,888
1653306300,374
1653307200,311
1653308100,299
1653309000,285
1653309900,300
1653310800,292
1653311700,265
1653312600,742
1653313500,797
1653314400,761
1653315300,617
1653316200,239
1653317100,224
1653318000,247
1653318900,570
1653319800,335
1653320700,229
1653321600,277
1653322500,243
1653323400,223
1653324300,184
1653325200,203
1653326100,204
1653327000,188
1653327900,184
1653328800,187
1653329700,206
1653330600,218
1653331500,237
1653332400,280
1653333300,290
1653334200,311
1653335100,331
1653336000,252
1653336900,241
1653337800,196
1653338700,221
1653339600,214
1653340500,226
1653341400,209
1653342300,213
1653343200,208
1653344100,211
1653345000,182
1653345900,163
1653346800,149
1653347700,161
1653348600,147
1653349500,161
1653350400,157
1653351300,156
1653352200,141
1653353100,148
1653354000,142
1653354900,134
1653355800,144
1653356700,138
1653357600,151
1653358500,134
1653359400,158
1653360300,137
1653361200,156
1653362100,153
1653363000,142
1653363900,154
1653364800,165
1653365700,169
1653366600,151
1653367500,164
1653368400,168
1653369300,366
1653370200,643
1653371100,514
1653372000,209
1653372900,274
1653373800,189
1653374700,233
1653375600,171
1653376500,236
1653377400,265
1653378300,285
1653379200,281
1653380100,348
1653381000,607
1653381900,377
1653382800,254
1653383700,302
1653384600,267
1653385500,615
1653386400,409
1653387300,285
1653388200,298
1653389100,246
1653390000,531
1653390900,269
1653391800,286
1653392700,279
1653393600,287
1653394500,296
1653395400,282
1653396300,966
1653397200,416
1653398100,411
1653399000,784
1653399900,702
1653400800,313
1653401700,731
1653402600,539
1653403500,519
1653404400,403
1653405300,334
1653406200,334
1653407100,358
1653408000,345
1653408900,288
1653409800,323
1653410700,291
1653411600,502
1653412500,394
1653413400,292
1653414300,306
1653415200,285
1653416100,293
1653417000,297
1653417900,347
1653418800,353
1653419700,355
1653420600,370
1653421500,303
1653422400,287
1653423300,249
1653424200,269
1653425100,163
1653426000,162
1653426900,147
1653427800,163
1653428700,167
1653429600,139
1653430500,160
1653431400,157
1653432300,164
1653433200,151
1653434100,158
1653435000,159
1653435900,158
1653436800,153
1653437700,146
1653438600,163
1653439500,140
1653440400,146
1653441300,136
1653442200,127
1653443100,151
1653444000,141
1653444900,154
1653445800,142
1653446700,165
1653447600,156
1653448500,150
1653449400,180
1653450300,186
1653451200,176
1653452100,301
1653453000,189
1653453900,174
1653454800,179
1653455700,198
1653456600,200
1653457500,156
1653458400,204
1653459300,155
1653460200,153
1653461100,164
1653462000,245
1653462900,163
1653463800,182
1653464700,175
1653465600,217
1653466500,185
1653467400,196
1653468300,332
1653469200,242
1653470100,193
1653471000,347
1653471900,215
1653472800,189
1653473700,197
1653474600,180
1653475500,197
1653476400,169
1653477300,170
1653478200,186
1653479100,280
1653480000,222
1653480900,229
1653481800,210
1653482700,224
1653483600,180
1653484500,212
1653485400,189
1653486300,174
1653487200,188
1653488100,191
1653489000,209
1653489900,209
1653490800,285
1653491700,257
1653492600,217
1653493500,266
1653494400,249
1653495300,254
1653496200,256
1653497100,238
1653498000,258
1653498900,261
1653499800,285
1653500700,244
1653501600,233
1653502500,264
1653503400,220
1653504300,260
1653505200,298
1653506100,651
1653507000,592
1653507900,326
1653508800,301
1653509700,769
1653510600,413
1653511500,181
1653512400,198
1653513300,144
1653514200,134
1653515100,152
1653516000,156
1653516900,153
1653517800,135
1653518700,152
1653519600,155
1653520500,149
1653521400,129
1653522300,155
1653523200,151
1653524100,153
1653525000,131
1653525900,146
1653526800,133
1653527700,132
1653528600,128
1653529500,129
1653530400,142
1653531300,139
1653532200,130
1653533100,133
1653534000,147
1653534900,125
1653535800,139
1653536700,158
1653537600,192
1653538500,258
1653539400,227
1653540300,189
1653541200,177
1653542100,165
1653543000,172
1653543900,211
1653544800,216
1653545700,194
1653546600,417
1653547500,392
1653548400,187
1653549300,168
1653550200,189
1653551100,214
1653552000,234
1653552900,234
1653553800,290
1653554700,223
1653555600,256
1653556500,180
1653557400,260
1653558300,243
1653559200,292
1653560100,358
1653561000,336
1653561900,316
1653562800,163
1653563700,283
1653564600,384
1653565500,427
1653566400,416
1653567300,473
1653568200,225
1653569100,253
1653570000,212
1653570900,243
1653571800,330
1653572700,325
1653573600,171
1653574500,159
1653575400,255
1653576300,188
1653577200,206
1653578100,216
1653579000,248
1653579900,249
1653580800,251
1653581700,304
1653582600,334
1653583500,337
1653584400,316
1653585300,402
1653586200,390
1653587100,405
1653588000,405
1653588900,368
1653589800,389
1653590700,345
1653591600,330
1653592500,263
1653593400,277
1653594300,296
1653595200,264
1653596100,238
1653597000,227
1653597900,227
1653598800,188
1653599700,157
1653600600,128
1653601500,126
1653602400,128
1653603300,137
1653604200,127
1653605100,156
1653606000,144
1653606900,154
1653607800,131
1653608700,159
1653609600,156
1653610500,164
1653611400,133
1653612300,159
1653613200,146
1653614100,157
1653615000,153
1653615900,155
1653616800,161
1653617700,155
1653618600,166
1653619500,157
1653620400,160
1653621300,167
1653622200,168
1653623100,170
1653624000,205
1653624900,281
1653625800,381
1653626700,211
1653627600,219
1653628500,237
1653629400,199
1653630300,203
1653631200,934
1653632100,701
1653633000,199
1653633900,340
1653634800,799
1653635700,449
1653636600,251
1653637500,301
1653638400,252
1653639300,207
1653640200,223
1653641100,278
1653642000,302
1653642900,444
1653643800,357
1653644700,428
1653645600,207
1653646500,182
1653647400,189
1653648300,465
1653649200,228
1653650100,219
1653651000,205
1653651900,210
1653652800,184
1653653700,506
1653654600,206
1653655500,250
1653656400,199
1653657300,254
1653658200,235
1653659100,234
1653660000,269
1653660900,301
1653661800,282
1653662700,344
1653663600,306
1653664500,259
1653665400,301
1653666300,369
1653667200,386
1653668100,307
1653669000,373
1653669900,336
1653670800,765
1653671700,348
1653672600,312
1653673500,571
1653674400,760
1653675300,312
1653676200,320
1653677100,316
1653678000,287
1653678900,307
1653679800,308
1653680700,320
1653681600,292
1653682500,259
1653683400,276
1653684300,280
1653685200,265
1653686100,292
1653687000,461
1653687900,739
1653688800,581
1653689700,185
1653690600,183
1653691500,207
1653692400,174
1653693300,155
1653694200,153
1653695100,166
1653696000,146
1653696900,155
1653697800,158
1653698700,177
1653699600,172
1653700500,174
1653701400,147
1653702300,171
1653703200,162
1653704100,172
1653705000,161
1653705900,171
1653706800,172
1653707700,158
1653708600,159
1653709500,176
1653710400,163
1653711300,176
1653712200,644
1653713100,660
1653714000,661
1653714900,653
1653715800,239
1653716700,253
1653717600,608
1653718500,190
1653719400,306
1653720300,376
1653721200,414
1653722100,284
1653723000,521
1653723900,650
1653724800,658
1653725700,551
1653726600,370
1653727500,551
1653728400,292
1653729300,264
1653730200,272
1653731100,541
1653732000,1012
1653732900,294
1653733800,372
1653734700,283
1653735600,306
1653736500,620
1653737400,917
1653738300,804
1653739200,770
1653740100,462
1653741000,310
1653741900,310
1653742800,303
1653743700,321
1653744600,303
1653745500,305
1653746400,286
1653747300,399
1653748200,301
1653749100,364
1653750000,354
1653750900,251
1653751800,262
1653752700,284
1653753600,251
1653754500,280
1653755400,289
1653756300,324
1653757200,429
1653758100,366
1653759000,343
1653759900,318
1653760800,349
1653761700,391
1653762600,434
1653763500,413
1653764400,394
1653765300,400
1653766200,397
1653767100,313
1653768000,315
1653768900,296
1653769800,284
1653770700,255
1653771600,245
1653772500,230
1653773400,187
1653774300,156
1653775200,142
1653776100,142
1653777000,165
1653777900,152
1653778800,149
1653779700,153
1653780600,157
1653781500,163
1653782400,150
1653783300,148
1653784200,172
1653785100,165
1653786000,157
1653786900,161
1653787800,172
1653788700,153
1653789600,172
1653790500,170
1653791400,169
1653792300,152
1653793200,174
1653794100,161
1653795000,192
1653795900,154
1653796800,169
1653797700,152
1653798600,163
1653799500,228
1653800400,173
1653801300,153
1653802200,161
1653803100,186
1653804000,197
1653804900,189
1653805800,396
1653806700,474
1653807600,456
1653808500,351
1653809400,427
1653810300,492
1653811200,492
1653812100,310
1653813000,279
1653813900,425
1653814800,678
1653815700,261
1653816600,389
1653817500,1650
1653818400,1032
1653819300,199
1653820200,271
1653821100,190
1653822000,543
1653822900,318
1653823800,413
1653824700,372
1653825600,464
1653826500,654
1653827400,333
1653828300,492
1653829200,397
1653830100,308
1653831000,429
1653831900,804
1653832800,346
1653833700,408
1653834600,456
1653835500,451
1653836400,450
1653837300,606
1653838200,495
1653839100,362
1653840000,319
1653840900,321
1653841800,308
1653842700,358
1653843600,337
1653844500,346
1653845400,345
1653846300,451
1653847200,370
1653848100,438
1653849000,453
1653849900,426
1653850800,397
1653851700,427
1653852600,368
1653853500,309
1653854400,317
1653855300,355
1653856200,335
1653857100,353
1653858000,324
1653858900,267
1653859800,229
1653860700,235
1653861600,217
1653862500,205
1653863400,153
1653864300,171
1653865200,169
1653866100,180
1653867000,151
1653867900,160
1653868800,171
1653869700,174
1653870600,152
1653871500,142
1653872400,153
1653873300,152
1653874200,155
1653875100,150
1653876000,151
1653876900,148
1653877800,173
1653878700,149
1653879600,152
1653880500,166
1653881400,161
1653882300,165
1653883200,163
1653884100,186
1653885000,148
1653885900,190
1653886800,162
1653887700,158
1653888600,182
1653889500,234
1653890400,276
1653891300,237
1653892200,204
1653893100,226
1653894000,219
1653894900,260
1653895800,288
1653896700,302
1653897600,298
1653898500,290
1653899400,270
1653900300,256
1653901200,235
1653902100,360
1653903000,389
1653903900,248
1653904800,828
1653905700,485
1653906600,296
1653907500,223
1653908400,216
1653909300,239
1653910200,250
1653911100,477
1653912000,629
1653912900,451
1653913800,274
1653914700,307
1653915600,409
1653916500,390
1653917400,529
1653918300,1081
1653919200,662
1653920100,542
1653921000,949
1653921900,878
1653922800,362
1653923700,337
1653924600,334
1653925500,313
1653926400,278
1653927300,280
1653928200,383
1653929100,370
1653930000,415
1653930900,407
1653931800,458
1653932700,428
1653933600,458
1653934500,440
1653935400,477
1653936300,951
1653937200,853
1653938100,842
1653939000,1134
1653939900,1188
1653940800,763
1653941700,660
1653942600,641
1653943500,1084
1653944400,729
1653945300,737
1653946200,1039
1653947100,1081
1653948000,617
1653948900,672
1653949800,705
1653950700,608
1653951600,464
1653952500,537
1653953400,609
1653954300,234
1653955200,178
1653956100,696
1653957000,403
1653957900,154
1653958800,150
1653959700,172
1653960600,144
1653961500,153
1653962400,155
1653963300,164
1653964200,166
1653965100,160
1653966000,159
1653966900,164
1653967800,177
1653968700,169
1653969600,163
1653970500,189
1653971400,178
1653972300,149
1653973200,183
1653974100,178
1653975000,179
1653975900,157
1653976800,168
1653977700,180
1653978600,245
1653979500,163
1653980400,212
1653981300,709
1653982200,417
1653983100,333
1653984000,529
1653984900,858
1653985800,330
1653986700,240
1653987600,242
1653988500,235
1653989400,287
1653990300,543
1653991200,761
1653992100,400
1653993000,318
1653993900,313
1653994800,325
1653995700,354
1653996600,308
1653997500,324
1653998400,294
1653999300,304
1654000200,306
1654001100,284
1654002000,315
1654002900,300
1654003800,370
1654004700,301
1654005600,327
1654006500,316
1654007400,305
1654008300,290
1654009200,499
1654010100,636
1654011000,319
1654011900,317
1654012800,334
1654013700,330
1654014600,340
1654015500,924
1654016400,1019
1654017300,788
1654018200,785
1654019100,945
1654020000,341
1654020900,391
1654021800,761
1654022700,695
1654023600,361
1654024500,404
1654025400,422
1654026300,402
1654027200,396
1654028100,366
1654029000,384
1654029900,340
1654030800,307
1654031700,210
1654032600,191
1654033500,191
1654034400,172
1654035300,157
1654036200,148
1654037100,167
1654038000,182
1654038900,154
1654039800,162
1654040700,161
1654041600,176
1654042500,168
1654043400,152
1654044300,161
1654045200,145
1654046100,154
1654047000,152
1654047900,150
1654048800,143
1654049700,152
1654050600,147
1654051500,173
1654052400,145
1654053300,168
1654054200,143
1654055100,186
1654056000,176
1654056900,166
1654057800,152
1654058700,165
1654059600,164
1654060500,184
1654061400,174
1654062300,167
1654063200,173
1654064100,147
1654065000,194
1654065900,217
1654066800,223
1654067700,467
1654068600,642
1654069500,492
1654070400,224
1654071300,225
1654072200,330
1654073100,319
1654074000,283
1654074900,261
1654075800,497
1654076700,352
1654077600,318
1654078500,658
1654079400,894
1654080300,414
1654081200,364
1654082100,236
1654083000,192
1654083900,209
1654084800,207
1654085700,194
1654086600,190
1654087500,202
1654088400,193
1654089300,231
1654090200,234
1654091100,266
1654092000,305
1654092900,273
1654093800,249
1654094700,284
1654095600,223
1654096500,226
1654097400,216
1654098300,214
1654099200,244
1654100100,237
1654101000,247
1654101900,522
1654102800,386
1654103700,264
1654104600,274
1654105500,313
1654106400,342
1654107300,333
1654108200,328
1654109100,318
1654110000,326
1654110900,301
1654111800,349
1654112700,369
1654113600,384
1654114500,277
1654115400,284
1654116300,275
1654117200,226
1654118100,176
1654119000,178
1654119900,156
1654120800,154
1654121700,159
1654122600,177
1654123500,166
1654124400,156
1654125300,176
1654126200,175
1654127100,160
1654128000,162
1654128900,167
1654129800,185
1654130700,163
1654131600,153
1654132500,142
1654133400,153
1654134300,154
1654135200,161
1654136100,143
1654137000,152
1654137900,141
1654138800,178
1654139700,146
1654140600,153
1654141500,185
1654142400,161
1654143300,170
1654144200,169
1654145100,161
1654146000,282
1654146900,215
1654147800,194
1654148700,156
1654149600,191
1654150500,181
1654151400,306
1654152300,209
1654153200,194
1654154100,344
1654155000,254
1654155900,275
1654156800,260
1654157700,292
1654158600,281
1654159500,297
1654160400,490
1654161300,1103
1654162200,820
1654163100,581
1654164000,534
1654164900,320
1654165800,222
1654166700,226
1654167600,220
1654168500,216
1654169400,200
1654170300,272
1654171200,414
1654172100,284
1654173000,270
1654173900,321
1654174800,289
1654175700,262
1654176600,246
1654177500,245
1654178400,285
1654179300,333
1654180200,259
1654181100,286
1654182000,282
1654182900,290
1654183800,426
1654184700,342
1654185600,386
1654186500,382
1654187400,322
1654188300,353
1654189200,401
1654190100,331
1654191000,323
1654191900,308
1654192800,302
1654193700,308
1654194600,330
1654195500,337
1654196400,339
1654197300,384
1654198200,461
1654199100,442
1654200000,823
1654200900,548
1654201800,379
1654202700,342
1654203600,770
1654204500,293
1654205400,169
1654206300,160
1654207200,157
1654208100,169
1654209000,152
1654209900,169
1654210800,169
1654211700,161
1654212600,169
1654213500,170
1654214400,165
1654215300,169
1654216200,148
1654217100,179
1654218000,164
1654218900,150
1654219800,150
1654220700,152
1654221600,172
1654222500,151
1654223400,146
1654224300,148
1654225200,147
1654226100,188
1654227000,158
1654227900,155
1654228800,173
1654229700,217
1654230600,265
1654231500,182
1654232400,166
1654233300,153
1654234200,174
1654235100,271
1654236000,310
1654236900,309
1654237800,223
1654238700,218
1654239600,193
1654240500,160
1654241400,179
1654242300,232
1654243200,261
1654244100,213
1654245000,208
1654245900,508
1654246800,642
1654247700,652
1654248600,309
1654249500,246
1654250400,364
1654251300,295
1654252200,297
1654253100,273
1654254000,205
1654254900,196
1654255800,178
1654256700,259
1654257600,275
1654258500,220
1654259400,226
1654260300,196
1654261200,176
1654262100,174
1654263000,174
1654263900,181
1654264800,143
1654265700,163
1654266600,172
1654267500,211
1654268400,200
1654269300,194
1654270200,197
1654271100,194
1654272000,187
1654272900,199
1654273800,185
1654274700,196
1654275600,193
1654276500,184
1654277400,158
1654278300,146
1654279200,155
1654280100,208
1654281000,217
1654281900,236
1654282800,247
1654283700,272
1654284600,266
1654285500,258
1654286400,205
1654287300,175
1654288200,158
1654289100,139
1654290000,133
1654290900,124
1654291800,153
1654292700,144
1654293600,117
1654294500,141
1654295400,149
1654296300,167
1654297200,140
1654298100,147
1654299000,136
1654299900,153
1654300800,135
1654301700,142
1654302600,127
1654303500,145
1654304400,145
1654305300,142
1654306200,137
1654307100,142
1654308000,155
1654308900,147
1654309800,132
1654310700,145
1654311600,137
1654312500,155
1654313400,135
1654314300,172
1654315200,141
1654316100,142
1654317000,208
1654317900,169
1654318800,147
1654319700,148
1654320600,145
1654321500,171
1654322400,163
1654323300,132
1654324200,146
1654325100,157
1654326000,148
1654326900,162
1654327800,159
1654328700,159
1654329600,172
1654330500,164
1654331400,156
1654332300,312
1654333200,230
1654334100,190
1654335000,220
1654335900,199
1654336800,286
1654337700,181
1654338600,189
1654339500,188
1654340400,275
1654341300,241
1654342200,179
1654343100,187
1654344000,176
1654344900,185
1654345800,198
1654346700,254
1654347600,235
1654348500,188
1654349400,212
1654350300,212
1654351200,293
1654352100,238
1654353000,183
1654353900,233
1654354800,279
1654355700,277
1654356600,259
1654357500,188
1654358400,194
1654359300,183
1654360200,195
1654361100,191
1654362000,207
1654362900,181
1654363800,185
1654364700,194
1654365600,210
1654366500,198
1654367400,199
1654368300,203
1654369200,209
1654370100,246
1654371000,192
1654371900,174
1654372800,190
1654373700,164
1654374600,163
1654375500,176
1654376400,156
1654377300,146
1654378200,139
1654379100,156
1654380000,127
1654380900,124
1654381800,142
1654382700,132
1654383600,151
1654384500,135
1654385400,138
1654386300,140
1654387200,139
1654388100,141
1654389000,140
1654389900,148
1654390800,156
1654391700,146
1654392600,143
1654393500,155
1654394400,139
1654395300,149
1654396200,157
1654397100,163
1654398000,171
1654398900,150
1654399800,151
1654400700,157
1654401600,160
1654402500,201
1654403400,160
1654404300,147
1654405200,141
1654406100,170
1654407000,137
1654407900,167
1654408800,153
1654409700,135
1654410600,147
1654411500,151
1654412400,145
1654413300,144
1654414200,205
1654415100,222
1654416000,320
1654416900,193
1654417800,257
1654418700,219
1654419600,197
1654420500,170
1654421400,296
1654422300,211
1654423200,230
1654424100,261
1654425000,448
1654425900,461
1654426800,290
1654427700,278
1654428600,354
1654429500,287
1654430400,289
1654431300,514
1654432200,614
1654433100,260
1654434000,323
1654434900,796
1654435800,471
1654436700,228
1654437600,230
1654438500,228
1654439400,248
1654440300,237
1654441200,228
1654442100,251
1654443000,595
1654443900,394
1654444800,217
1654445700,206
1654446600,214
1654447500,252
1654448400,271
1654449300,271
1654450200,287
1654451100,298
1654452000,317
1654452900,328
1654453800,316
1654454700,324
1654455600,348
1654456500,342
1654457400,384
1654458300,374
1654459200,264
1654460100,238
1654461000,228
1654461900,189
1654462800,180
1654463700,180
1654464600,162
1654465500,173
1654466400,118
1654467300,127
1654468200,138
1654469100,160
1654470000,149
1654470900,150
1654471800,148
1654472700,135
1654473600,126
1654474500,135
1654475400,132
1654476300,139
1654477200,129
1654478100,134
1654479000,136
1654479900,144
1654480800,132
1654481700,133
1654482600,144
1654483500,152
1654484400,155
1654485300,150
1654486200,140
1654487100,150
1654488000,128
1654488900,157
1654489800,148
1654490700,150
1654491600,142
1654492500,135
1654493400,150
1654494300,148
1654495200,165
1654496100,249
1654497000,176
1654497900,170
1654498800,153
1654499700,187
1654500600,654
1654501500,463
1654502400,415
1654503300,203
1654504200,268
1654505100,207
1654506000,260
1654506900,199
1654507800,241
1654508700,466
1654509600,672
1654510500,218
1654511400,320
1654512300,237
1654513200,262
1654514100,690
1654515000,622
1654515900,317
1654516800,376
1654517700,280
1654518600,311
1654519500,332
1654520400,322
1654521300,309
1654522200,278
1654523100,825
1654524000,339
1654524900,477
1654525800,814
1654526700,396
1654527600,388
1654528500,975
1654529400,1078
1654530300,1064
1654531200,949
1654532100,833
1654533000,757
1654533900,379
1654534800,336
1654535700,220
1654536600,191
1654537500,205
1654538400,220
1654539300,220
1654540200,229
1654541100,218
1654542000,244
1654542900,245
1654543800,237
1654544700,229
1654545600,225
1654546500,241
1654547400,384
1654548300,698
1654549200,243
1654550100,224
1654551000,248
1654551900,244
1654552800,177
1654553700,148
1654554600,133
1654555500,144
1654556400,136
1654557300,138
1654558200,127
1654559100,139
1654560000,145
1654560900,143
1654561800,128
1654562700,155
1654563600,141
1654564500,146
1654565400,149
1654566300,153
1654567200,127
1654568100,152
1654569000,155
1654569900,155
1654570800,128
1654571700,149
1654572600,147
1654573500,157
1654574400,132
1654575300,153
1654576200,153
1654577100,154
1654578000,144
1654578900,157
1654579800,146
1654580700,254
1654581600,446
1654582500,673
1654583400,595
1654584300,224
1654585200,192
1654586100,193
1654587000,191
1654587900,338
1654588800,400
1654589700,302
1654590600,834
1654591500,870
1654592400,755
1654593300,642
1654594200,303
1654595100,634
1654596000,1202
1654596900,794
1654597800,387
1654598700,343
1654599600,427
1654600500,272
1654601400,281
1654602300,305
1654603200,283
1654604100,278
1654605000,269
1654605900,268
1654606800,259
1654607700,262
1654608600,488
1654609500,1005
1654610400,869
1654611300,764
1654612200,638
1654613100,298
1654614000,279
1654614900,288
1654615800,286
1654616700,256
1654617600,282
1654618500,313
1654619400,492
1654620300,282
1654621200,305
1654622100,467
1654623000,522
1654623900,412
1654624800,421
1654625700,458
1654626600,416
1654627500,417
1654628400,403
1654629300,398
1654630200,381
1654631100,369
1654632000,359
1654632900,471
1654633800,294
1654634700,190
1654635600,173
1654636500,169
1654637400,163
1654638300,168
1654639200,164
1654640100,142
1654641000,138
1654641900,145
1654642800,157
1654643700,157
1654644600,144
1654645500,153
1654646400,158
1654647300,167
1654648200,146
1654649100,158
1654650000,167
1654650900,172
1654651800,171
1654652700,156
1654653600,163
1654654500,157
1654655400,158
1654656300,180
1654657200,162
1654658100,171
1654659000,161
1654659900,197
1654660800,180
1654661700,172
1654662600,289
1654663500,193
1654664400,180
1654665300,183
1654666200,161
1654667100,173
1654668000,181
1654668900,322
1654669800,188
1654670700,212
1654671600,305
1654672500,303
1654673400,338
1654674300,258
1654675200,218
1654676100,250
1654677000,232
1654677900,248
1654678800,263
1654679700,270
1654680600,250
1654681500,265
1654682400,249
1654683300,230
1654684200,724
1654685100,654
1654686000,841
1654686900,556
1654687800,465
1654688700,467
1654689600,762
1654690500,248
1654691400,247
1654692300,195
1654693200,166
1654694100,153
1654695000,174
1654695900,334
1654696800,227
1654697700,248
1654698600,246
1654699500,182
1654700400,340
1654701300,298
1654702200,279
1654703100,503
1654704000,220
1654704900,256
1654705800,260
1654706700,286
1654707600,333
1654708500,348
1654709400,453
1654710300,420
1654711200,419
1654712100,430
1654713000,460
1654713900,448
1654714800,413
1654715700,444
1654716600,448
1654717500,448
1654718400,414
1654719300,263
1654720200,226
1654721100,157
1654722000,134
1654722900,136
1654723800,155
1654724700,144
1654725600,148
1654726500,121
1654727400,146
1654728300,159
1654729200,157
1654730100,149
1654731000,152
1654731900,139
1654732800,154
1654733700,149
1654734600,156
1654735500,150
1654736400,160
1654737300,165
1654738200,171
1654739100,163
1654740000,172
1654740900,148
1654741800,181
1654742700,151
1654743600,158
1654744500,163
1654745400,191
1654746300,179
1654747200,194
1654748100,278
1654749000,227
1654749900,188
1654750800,168
1654751700,151
1654752600,171
1654753500,179
1654754400,231
1654755300,315
1654756200,284
1654757100,178
1654758000,192
1654758900,182
1654759800,189
1654760700,185
1654761600,200
1654762500,182
1654763400,203
1654764300,444
1654765200,391
1654766100,438
1654767000,266
1654767900,298
1654768800,368
1654769700,289
1654770600,368
1654771500,229
1654772400,208
1654773300,222
1654774200,225
1654775100,213
1654776000,235
1654776900,210
1654777800,227
1654778700,219
1654779600,237
1654780500,211
1654781400,208
1654782300,202
1654783200,207
1654784100,197
1654785000,216
1654785900,288
1654786800,279
1654787700,200
1654788600,227
1654789500,283
1654790400,288
1654791300,276
1654792200,293
1654793100,319
1654794000,415
1654794900,404
1654795800,550
1654796700,440
1654797600,289
1654798500,298
1654799400,391
1654800300,405
1654801200,373
1654802100,391
1654803000,446
1654803900,414
1654804800,380
1654805700,376
1654806600,192
1654807500,182
1654808400,146
1654809300,160
1654810200,148
1654811100,148
1654812000,122
1654812900,148
1654813800,158
1654814700,145
1654815600,156
1654816500,160
1654817400,162
1654818300,157
1654819200,141
1654820100,154
1654821000,158
1654821900,146
1654822800,158
1654823700,160
1654824600,162
1654825500,148
1654826400,154
1654827300,132
1654828200,142
1654829100,133
1654830000,147
1654830900,165
1654831800,166
1654832700,145
1654833600,184
1654834500,268
1654835400,197
1654836300,173
1654837200,175
1654838100,177
1654839000,197
1654839900,360
1654840800,293
1654841700,227
1654842600,184
1654843500,185
1654844400,180
1654845300,203
1654846200,239
1654847100,250
1654848000,235
1654848900,274
1654849800,230
1654850700,281
1654851600,202
1654852500,221
1654853400,201
1654854300,218
1654855200,318
1654856100,225
1654857000,592
1654857900,499
1654858800,205
1654859700,333
1654860600,347
1654861500,253
1654862400,194
1654863300,178
1654864200,206
1654865100,276
1654866000,331
1654866900,276
1654867800,215
1654868700,279
1654869600,190
1654870500,228
1654871400,281
1654872300,263
1654873200,420
1654874100,236
1654875000,417
1654875900,294
1654876800,244
1654877700,230
1654878600,251
1654879500,275
1654880400,238
1654881300,277
1654882200,267
1654883100,274
1654884000,248
1654884900,261
1654885800,306
1654886700,345
1654887600,326
1654888500,353
1654889400,367
1654890300,352
1654891200,368
1654892100,642
1654893000,512
1654893900,279
1654894800,385
1654895700,750
1654896600,185
1654897500,145
1654898400,151
1654899300,150
1654900200,144
1654901100,155
1654902000,171
1654902900,179
1654903800,150
1654904700,149
1654905600,144
1654906500,145
1654907400,143
1654908300,143
1654909200,133
1654910100,143
1654911000,153
1654911900,147
1654912800,137
1654913700,161
1654914600,141
1654915500,173
1654916400,159
1654917300,171
1654918200,147
1654919100,171
1654920000,174
1654920900,159
1654921800,157
1654922700,179
1654923600,177
1654924500,170
1654925400,152
1654926300,155
1654927200,161
1654928100,165
1654929000,309
1654929900,213
1654930800,179
1654931700,220
1654932600,335
1654933500,261
1654934400,311
1654935300,725
1654936200,952
1654937100,1045
1654938000,896
1654938900,496
1654939800,735
1654940700,787
1654941600,396
1654942500,444
1654943400,359
1654944300,835
1654945200,960
1654946100,876
1654947000,810
1654947900,611
1654948800,300
1654949700,285
1654950600,319
1654951500,319
1654952400,321
1654953300,309
1654954200,392
1654955100,340
1654956000,310
1654956900,299
1654957800,367
1654958700,330
1654959600,338
1654960500,339
1654961400,312
1654962300,311
1654963200,322
1654964100,325
1654965000,288
1654965900,276
1654966800,511
1654967700,665
1654968600,274
1654969500,420
1654970400,763
1654971300,657
1654972200,394
1654973100,324
1654974000,344
1654974900,315
1654975800,277
1654976700,264
1654977600,324
1654978500,344
1654979400,272
1654980300,249
1654981200,232
1654982100,190
1654983000,191
1654983900,202
1654984800,191
1654985700,169
1654986600,150
1654987500,173
1654988400,166
1654989300,182
1654990200,156
1654991100,159
1654992000,163
1654992900,156
1654993800,170
1654994700,170
1654995600,171
1654996500,168
1654997400,154
1654998300,173
1654999200,163
1655000100,152
1655001000,161
1655001900,183
1655002800,162
1655003700,183
1655004600,158
1655005500,174
1655006400,147
1655007300,151
1655008200,143
1655009100,150
1655010000,237
1655010900,213
1655011800,195
1655012700,420
1655013600,671
1655014500,274
1655015400,240
1655016300,588
1655017200,629
1655018100,226
1655019000,308
1655019900,317
1655020800,261
1655021700,249
1655022600,244
1655023500,291
1655024400,319
1655025300,301
1655026200,808
1655027100,782
1655028000,615
1655028900,399
1655029800,429
1655030700,317
1655031600,310
1655032500,288
1655033400,275
1655034300,282
1655035200,220
1655036100,222
1655037000,209
1655037900,329
1655038800,279
1655039700,285
1655040600,212
1655041500,256
1655042400,275
1655043300,227
1655044200,209
1655045100,243
1655046000,255
1655046900,222
1655047800,226
1655048700,233
1655049600,226
1655050500,253
1655051400,224
1655052300,226
1655053200,225
1655054100,238
1655055000,262
1655055900,263
1655056800,264
1655057700,277
1655058600,260
1655059500,265
1655060400,264
1655061300,270
1655062200,317
1655063100,340
1655064000,312
1655064900,275
1655065800,274
1655066700,241
1655067600,233
1655068500,242
1655069400,210
1655070300,189
1655071200,166
1655072100,152
1655073000,147
1655073900,162
1655074800,145
1655075700,156
1655076600,164
1655077500,159
1655078400,138
1655079300,156
1655080200,155
1655081100,161
1655082000,145
1655082900,156
1655083800,167
1655084700,168
1655085600,160
1655086500,166
1655087400,167
1655088300,157
1655089200,159
1655090100,174
1655091000,171
1655091900,159
1655092800,151
1655093700,144
1655094600,180
1655095500,142
1655096400,150
1655097300,142
1655098200,152
1655099100,155
1655100000,174
1655100900,146
1655101800,161
1655102700,163
1655103600,180
1655104500,502
1655105400,726
1655106300,620
1655107200,461
1655108100,583
1655109000,267
1655109900,281
1655110800,864
1655111700,392
1655112600,239
1655113500,238
1655114400,214
1655115300,189
1655116200,465
1655117100,1185
1655118000,234
1655118900,273
1655119800,222
1655120700,232
1655121600,219
1655122500,218
1655123400,202
1655124300,198
1655125200,198
1655126100,216
1655127000,160
1655127900,140
1655128800,134
1655129700,154
1655130600,150
1655131500,236
1655132400,167
1655133300,162
1655134200,172
1655135100,149
1655136000,174
1655136900,173
1655137800,166
1655138700,132
1655139600,150
1655140500,151
1655141400,148
1655142300,154
1655143200,140
1655144100,189
1655145000,236
1655145900,188
1655146800,185
1655147700,209
1655148600,201
1655149500,227
1655150400,206
1655151300,205
1655152200,175
1655153100,181
1655154000,176
1655154900,163
1655155800,122
1655156700,130
1655157600,131
1655158500,153
1655159400,135
1655160300,157
1655161200,148
1655162100,186
1655163000,164
1655163900,161
1655164800,153
1655165700,173
1655166600,158
1655167500,166
1655168400,166
1655169300,168
1655170200,171
1655171100,156
1655172000,168
1655172900,165
1655173800,152
1655174700,166
1655175600,160
1655176500,153
1655177400,162
1655178300,149
1655179200,172
1655180100,153
1655181000,152
1655181900,139
1655182800,142
1655183700,139
1655184600,143
1655185500,153
1655186400,161
1655187300,161
1655188200,156
1655189100,142
1655190000,139
1655190900,186
1655191800,809
1655192700,497
1655193600,163
1655194500,153
1655195400,161
1655196300,138
1655197200,187
1655198100,198
1655199000,200
1655199900,176
1655200800,187
1655201700,177
1655202600,193
1655203500,346
1655204400,189
1655205300,182
1655206200,200
1655207100,224
1655208000,201
1655208900,180
1655209800,197
1655210700,277
1655211600,639
1655212500,219
1655213400,326
1655214300,1128
1655215200,431
1655216100,199
1655217000,180
1655217900,196
1655218800,187
1655219700,191
1655220600,192
1655221500,182
1655222400,190
1655223300,169
1655224200,171
1655225100,170
1655226000,169
1655226900,163
1655227800,173
1655228700,174
1655229600,207
1655230500,229
1655231400,321
1655232300,785
1655233200,587
1655234100,418
1655235000,433
1655235900,405
1655236800,433
1655237700,279
1655238600,241
1655239500,142
1655240400,151
1655241300,140
1655242200,149
1655243100,136
1655244000,150
1655244900,135
1655245800,146
1655246700,154
1655247600,148
1655248500,145
1655249400,132
1655250300,151
1655251200,146
1655252100,124
1655253000,128
1655253900,134
1655254800,129
1655255700,123
1655256600,127
1655257500,126
1655258400,150
1655259300,128
1655260200,135
1655261100,138
1655262000,169
1655262900,152
1655263800,155
1655264700,169
1655265600,193
1655266500,253
1655267400,193
1655268300,162
1655269200,190
1655270100,229
1655271000,192
1655271900,159
1655272800,159
1655273700,128
1655274600,149
1655275500,158
1655276400,201
1655277300,181
1655278200,177
1655279100,298
1655280000,283
1655280900,227
1655281800,244
1655282700,246
1655283600,169
1655284500,181
1655285400,181
1655286300,175
1655287200,192
1655288100,332
1655289000,441
1655289900,232
1655290800,246
1655291700,354
1655292600,254
1655293500,331
1655294400,308
1655295300,335
1655296200,251
1655297100,306
1655298000,222
1655298900,226
1655299800,257
1655300700,297
1655301600,244
1655302500,190
1655303400,204
1655304300,265
1655305200,285
1655306100,403
1655307000,396
1655307900,290
1655308800,266
1655309700,282
1655310600,280
1655311500,291
1655312400,284
1655313300,270
1655314200,280
1655315100,266
1655316000,282
1655316900,306
1655317800,320
1655318700,306
1655319600,315
1655320500,375
1655321400,394
1655322300,383
1655323200,402
1655324100,389
1655325000,618
1655325900,715
1655326800,193
1655327700,185
1655328600,185
1655329500,189
1655330400,154
1655331300,148
1655332200,133
1655333100,155
1655334000,139
1655334900,135
1655335800,141
1655336700,157
1655337600,141
1655338500,137
1655339400,134
1655340300,168
1655341200,151
1655342100,139
1655343000,158
1655343900,160
1655344800,162
1655345700,142
1655346600,157
1655347500,135
1655348400,149
1655349300,134
1655350200,152
1655351100,158
1655352000,192
1655352900,251
1655353800,197
1655354700,149
1655355600,199
1655356500,162
1655357400,169
1655358300,179
1655359200,189
1655360100,412
1655361000,371
1655361900,253
1655362800,318
1655363700,317
1655364600,268
1655365500,302
1655366400,357
1655367300,287
1655368200,228
1655369100,274
1655370000,245
1655370900,496
1655371800,281
1655372700,254
1655373600,202
1655374500,196
1655375400,200
1655376300,187
1655377200,186
1655378100,203
1655379000,254
1655379900,221
1655380800,186
1655381700,181
1655382600,197
1655383500,175
1655384400,235
1655385300,182
1655386200,193
1655387100,189
1655388000,178
1655388900,184
1655389800,187
1655390700,182
1655391600,216
1655392500,298
1655393400,350
1655394300,357
1655395200,289
1655396100,353
1655397000,320
1655397900,294
1655398800,323
1655399700,337
1655400600,328
1655401500,334
1655402400,356
1655403300,391
1655404200,380
1655405100,343
1655406000,347
1655406900,368
1655407800,390
1655408700,384
1655409600,335
1655410500,608
1655411400,981
1655412300,391
1655413200,317
1655414100,756
1655415000,200
1655415900,175
1655416800,174
1655417700,165
1655418600,159
1655419500,151
1655420400,158
1655421300,165
1655422200,146
1655423100,161
1655424000,160
1655424900,172
1655425800,163
1655426700,164
1655427600,165
1655428500,170
1655429400,157
1655430300,164
1655431200,173
1655432100,168
1655433000,174
1655433900,153
1655434800,157
1655435700,154
1655436600,178
1655437500,821
1655438400,751
1655439300,755
1655440200,518
1655441100,195
1655442000,195
1655442900,156
1655443800,154
1655444700,175
1655445600,177
1655446500,174
1655447400,177
1655448300,545
1655449200,800
1655450100,321
1655451000,228
1655451900,427
1655452800,360
1655453700,203
1655454600,175
1655455500,190
1655456400,284
1655457300,338
1655458200,317
1655459100,162
1655460000,176
1655460900,163
1655461800,189
1655462700,249
1655463600,238
1655464500,151
1655465400,158
1655466300,182
1655467200,188
1655468100,179
1655469000,177
1655469900,346
1655470800,257
1655471700,156
1655472600,255
1655473500,294
1655474400,173
1655475300,154
1655476200,142
1655477100,153
1655478000,181
1655478900,240
1655479800,341
1655480700,255
1655481600,332
1655482500,220
1655483400,247
1655484300,260
1655485200,235
1655486100,240
1655487000,246
1655487900,260
1655488800,237
1655489700,229
1655490600,237
1655491500,725
1655492400,365
1655493300,268
1655494200,486
1655495100,755
1655496000,266
1655496900,286
1655497800,277
1655498700,411
1655499600,602
1655500500,269
1655501400,227
1655502300,258
1655503200,206
1655504100,146
1655505000,141
1655505900,150
1655506800,141
1655507700,147
1655508600,147
1655509500,141
1655510400,151
1655511300,130
1655512200,154
1655513100,152
1655514000,149
1655514900,158
1655515800,159
1655516700,152
1655517600,153
1655518500,162
1655519400,160
1655520300,153
1655521200,142
1655522100,143
1655523000,146
1655523900,148
1655524800,143
1655525700,135
1655526600,153
1655527500,133
1655528400,580
1655529300,263
1655530200,173
1655531100,187
1655532000,202
1655532900,221
1655533800,233
1655534700,216
1655535600,258
1655536500,288
1655537400,221
1655538300,243
1655539200,156
1655540100,194
1655541000,205
1655541900,262
1655542800,237
1655543700,270
1655544600,255
1655545500,735
1655546400,344
1655547300,243
1655548200,326
1655549100,214
1655550000,193
1655550900,191
1655551800,184
1655552700,190
1655553600,193
1655554500,202
1655555400,170
1655556300,155
1655557200,211
1655558100,220
1655559000,203
1655559900,215
1655560800,214
1655561700,239
1655562600,219
1655563500,722
1655564400,914
1655565300,791
1655566200,769
1655567100,422
1655568000,356
1655568900,424
1655569800,553
1655570700,603
1655571600,487
1655572500,537
1655573400,494
1655574300,236
1655575200,291
1655576100,283
1655577000,276
1655577900,294
1655578800,268
1655579700,273
1655580600,264
1655581500,342
1655582400,286
1655583300,251
1655584200,249
1655585100,250
1655586000,251
1655586900,222
1655587800,220
1655588700,219
1655589600,228
1655590500,218
1655591400,217
1655592300,188
1655593200,178
1655594100,186
1655595000,167
1655595900,195
1655596800,181
1655597700,187
1655598600,174
1655599500,183
1655600400,179
1655601300,188
1655602200,160
1655603100,200
1655604000,180
1655604900,199
1655605800,178
1655606700,184
1655607600,183
1655608500,165
1655609400,167
1655610300,173
1655611200,169
1655612100,147
1655613000,130
1655613900,135
1655614800,146
1655615700,131
1655616600,222
1655617500,217
1655618400,305
1655619300,180
1655620200,279
1655621100,432
1655622000,266
1655622900,318
1655623800,293
1655624700,245
1655625600,252
1655626500,251
1655627400,236
1655628300,234
1655629200,247
1655630100,258
1655631000,392
1655631900,334
1655632800,283
1655633700,289
1655634600,330
1655635500,300
1655636400,945
1655637300,372
1655638200,303
1655639100,792
1655640000,948
1655640900,401
1655641800,274
1655642700,280
1655643600,315
1655644500,323
1655645400,298
1655646300,284
1655647200,388
1655648100,385
1655649000,304
1655649900,307
1655650800,311
1655651700,289
1655652600,346
1655653500,466
1655654400,395
1655655300,450
1655656200,438
1655657100,390
1655658000,585
1655658900,806
1655659800,736
1655660700,308
1655661600,285
1655662500,284
1655663400,297
1655664300,298
1655665200,323
1655666100,314
1655667000,296
1655667900,279
1655668800,277
1655669700,272
1655670600,264
1655671500,259
1655672400,245
1655673300,240
1655674200,230
1655675100,216
1655676000,196
1655676900,165
1655677800,160
1655678700,154
1655679600,144
1655680500,136
1655681400,154
1655682300,149
1655683200,134
1655684100,139
1655685000,161
1655685900,163
1655686800,152
1655687700,143
1655688600,157
1655689500,167
1655690400,148
1655691300,147
1655692200,164
1655693100,168
1655694000,160
1655694900,137
1655695800,138
1655696700,146
1655697600,143
1655698500,136
1655699400,136
1655700300,142
1655701200,145
1655702100,150
1655703000,141
1655703900,137
1655704800,165
1655705700,143
1655706600,161
1655707500,154
1655708400,241
1655709300,274
1655710200,219
1655711100,204
1655712000,206
1655712900,199
1655713800,199
1655714700,191
1655715600,233
1655716500,246
1655717400,700
1655718300,693
1655719200,460
1655720100,317
1655721000,403
1655721900,257
1655722800,266
1655723700,254
1655724600,262
1655725500,431
1655726400,429
1655727300,388
1655728200,826
1655729100,370
1655730000,484
1655730900,403
1655731800,381
1655732700,725
1655733600,637
1655734500,535
1655735400,545
1655736300,1003
1655737200,624
1655738100,921
1655739000,796
1655739900,499
1655740800,363
1655741700,354
1655742600,463
1655743500,356
1655744400,392
1655745300,369
1655746200,421
1655747100,375
1655748000,372
1655748900,371
1655749800,372
1655750700,356
1655751600,362
1655752500,379
1655753400,333
1655754300,306
1655755200,320
1655756100,318
1655757000,308
1655757900,292
1655758800,242
1655759700,185
1655760600,165
1655761500,139
1655762400,137
1655763300,150
1655764200,147
1655765100,147
1655766000,137
1655766900,153
1655767800,149
1655768700,159
1655769600,153
1655770500,155
1655771400,138
1655772300,150
1655773200,157
1655774100,190
1655775000,151
1655775900,160
1655776800,150
1655777700,172
1655778600,148
1655779500,146
1655780400,151
1655781300,162
1655782200,141
1655783100,145
1655784000,133
1655784900,142
1655785800,132
1655786700,143
1655787600,144
1655788500,143
1655789400,144
1655790300,213
1655791200,144
1655792100,330
1655793000,967
1655793900,475
1655794800,368
1655795700,244
1655796600,275
1655797500,363
1655798400,391
1655799300,266
1655800200,358
1655801100,298
1655802000,428
1655802900,429
1655803800,286
1655804700,306
1655805600,357
1655806500,269
1655807400,233
1655808300,255
1655809200,258
1655810100,283
1655811000,250
1655811900,249
1655812800,242
1655813700,259
1655814600,370
1655815500,364
1655816400,326
1655817300,326
1655818200,347
1655819100,330
1655820000,331
1655820900,516
1655821800,1147
1655822700,972
1655823600,748
1655824500,339
1655825400,312
1655826300,383
1655827200,647
1655828100,1111
1655829000,531
1655829900,476
1655830800,973
1655831700,535
1655832600,368
1655833500,328
1655834400,312
1655835300,332
1655836200,375
1655837100,344
1655838000,358
1655838900,337
1655839800,350
1655840700,345
1655841600,343
1655842500,232
1655843400,204
1655844300,181
1655845200,144
1655846100,132
1655847000,156
1655847900,146
1655848800,145
1655849700,132
1655850600,166
1655851500,157
1655852400,172
1655853300,148
1655854200,149
1655855100,147
1655856000,144
1655856900,149
1655857800,160
1655858700,152
1655859600,158
1655860500,145
1655861400,161
1655862300,161
1655863200,143
1655864100,159
1655865000,163
1655865900,151
1655866800,156
1655867700,135
1655868600,173
1655869500,143
1655870400,157
1655871300,242
1655872200,204
1655873100,173
1655874000,168
1655874900,158
1655875800,180
1655876700,208
1655877600,171
1655878500,355
1655879400,302
1655880300,312
1655881200,233
1655882100,337
1655883000,210
1655883900,227
1655884800,332
1655885700,254
1655886600,230
1655887500,171
1655888400,137
1655889300,162
1655890200,160
1655891100,202
1655892000,314
1655892900,350
1655893800,387
1655894700,354
1655895600,983
1655896500,991
1655897400,786
1655898300,367
1655899200,348
1655900100,363
1655901000,345
1655901900,441
1655902800,415
1655903700,351
1655904600,370
1655905500,388
1655906400,316
1655907300,312
1655908200,338
1655909100,363
1655910000,344
1655910900,320
1655911800,358
1655912700,392
1655913600,457
1655914500,296
1655915400,365
1655916300,476
1655917200,491
1655918100,369
1655919000,374
1655919900,383
1655920800,379
1655921700,375
1655922600,383
1655923500,419
1655924400,426
1655925300,433
1655926200,443
1655927100,446
1655928000,395
1655928900,332
1655929800,191
1655930700,153
1655931600,158
1655932500,148
1655933400,137
1655934300,144
1655935200,153
1655936100,167
1655937000,155
1655937900,159
1655938800,139
1655939700,169
1655940600,151
1655941500,136
1655942400,119
1655943300,136
1655944200,148
1655945100,148
1655946000,129
1655946900,140
1655947800,135
1655948700,159
1655949600,134
1655950500,141
1655951400,170
1655952300,161
1655953200,140
1655954100,155
1655955000,151
1655955900,148
1655956800,184
1655957700,267
1655958600,229
1655959500,240
1655960400,214
1655961300,181
1655962200,188
1655963100,159
1655964000,228
1655964900,187
1655965800,185
1655966700,174
1655967600,201
1655968500,218
1655969400,422
1655970300,198
1655971200,136
1655972100,141
1655973000,142
1655973900,135
1655974800,134
1655975700,138
1655976600,511
1655977500,399
1655978400,273
1655979300,194
1655980200,242
1655981100,246
1655982000,273
1655982900,206
1655983800,201
1655984700,331
1655985600,295
1655986500,238
1655987400,222
1655988300,244
1655989200,282
1655990100,224
1655991000,210
1655991900,220
1655992800,243
1655993700,229
1655994600,230
1655995500,324
1655996400,338
1655997300,361
1655998200,334
1655999100,473
1656000000,385
1656000900,354
1656001800,373
1656002700,435
1656003600,507
1656004500,414
1656005400,448
1656006300,411
1656007200,441
1656008100,405
1656009000,419
1656009900,394
1656010800,420
1656011700,457
1656012600,440
1656013500,433
1656014400,396
1656015300,469
1656016200,777
1656017100,211
1656018000,210
1656018900,642
1656019800,460
1656020700,162
1656021600,180
1656022500,172
1656023400,172
1656024300,174
1656025200,191
1656026100,176
1656027000,179
1656027900,162
1656028800,175
1656029700,153
1656030600,161
1656031500,159
1656032400,169
1656033300,163
1656034200,160
1656035100,155
1656036000,174
1656036900,165
1656037800,193
1656038700,159
1656039600,177
1656040500,176
1656041400,155
1656042300,199
1656043200,187
1656044100,305
1656045000,263
1656045900,279
1656046800,190
1656047700,277
1656048600,185
1656049500,190
1656050400,212
1656051300,183
1656052200,200
1656053100,373
1656054000,368
1656054900,276
1656055800,244
1656056700,235
1656057600,267
1656058500,287
1656059400,237
1656060300,216
1656061200,223
1656062100,226
1656063000,220
1656063900,219
1656064800,230
1656065700,460
1656066600,397
1656067500,433
1656068400,301
1656069300,269
1656070200,356
1656071100,302
1656072000,345
1656072900,285
1656073800,341
1656074700,339
1656075600,315
1656076500,277
1656077400,284
1656078300,282
1656079200,249
1656080100,238
1656081000,237
1656081900,246
1656082800,259
1656083700,321
1656084600,300
1656085500,321
1656086400,576
1656087300,608
1656088200,278
1656089100,282
1656090000,311
1656090900,370
1656091800,293
1656092700,334
1656093600,411
1656094500,428
1656095400,399
1656096300,394
1656097200,387
1656098100,438
1656099000,408
1656099900,358
1656100800,314
1656101700,274
1656102600,212
1656103500,220
1656104400,203
1656105300,211
1656106200,204
1656107100,202
1656108000,202
1656108900,184
1656109800,144
1656110700,185
1656111600,160
1656112500,168
1656113400,149
1656114300,156
1656115200,169
1656116100,179
1656117000,138
1656117900,148
1656118800,140
1656119700,157
1656120600,138
1656121500,146
1656122400,138
1656123300,158
1656124200,168
1656125100,157
1656126000,137
1656126900,161
1656127800,159
1656128700,188
1656129600,163
1656130500,321
1656131400,172
1656132300,231
1656133200,219
1656134100,204
1656135000,202
1656135900,209
1656136800,222
1656137700,214
1656138600,279
1656139500,277
1656140400,248
1656141300,223
1656142200,452
1656143100,298
1656144000,252
1656144900,235
1656145800,241
1656146700,364
1656147600,296
1656148500,273
1656149400,334
1656150300,313
1656151200,514
1656152100,405
1656153000,372
1656153900,320
1656154800,308
1656155700,292
1656156600,301
1656157500,355
1656158400,345
1656159300,300
1656160200,307
1656161100,317
1656162000,258
1656162900,310
1656163800,311
1656164700,366
1656165600,379
1656166500,292
1656167400,479
1656168300,444
1656169200,459
1656170100,345
1656171000,364
1656171900,366
1656172800,336
1656173700,309
1656174600,323
1656175500,327
1656176400,349
1656177300,316
1656178200,320
1656179100,315
1656180000,334
1656180900,300
1656181800,327
1656182700,332
1656183600,332
1656184500,348
1656185400,354
1656186300,374
1656187200,323
1656188100,505
1656189000,1215
1656189900,827
1656190800,475
1656191700,735
1656192600,479
1656193500,174
1656194400,177
1656195300,201
1656196200,197
1656197100,155
1656198000,159
1656198900,164
1656199800,171
1656200700,160
1656201600,173
1656202500,179
1656203400,171
1656204300,164
1656205200,148
1656206100,157
1656207000,148
1656207900,166
1656208800,150
1656209700,167
1656210600,148
1656211500,172
1656212400,152
1656213300,170
1656214200,179
1656215100,153
1656216000,175
1656216900,178
1656217800,404
1656218700,809
1656219600,851
1656220500,681
1656221400,542
1656222300,231
1656223200,809
1656224100,427
1656225000,282
1656225900,466
1656226800,314
1656227700,301
1656228600,235
1656229500,225
1656230400,242
1656231300,258
1656232200,241
1656233100,234
1656234000,250
1656234900,249
1656235800,254
1656236700,568
1656237600,1003
1656238500,828
1656239400,440
1656240300,352
1656241200,313
1656242100,269
1656243000,271
1656243900,277
1656244800,523
1656245700,336
1656246600,319
1656247500,278
1656248400,260
1656249300,250
1656250200,259
1656251100,269
1656252000,258
1656252900,261
1656253800,248
1656254700,231
1656255600,245
1656256500,236
1656257400,263
1656258300,431
1656259200,240
1656260100,233
1656261000,221
1656261900,204
1656262800,981
1656263700,504
1656264600,250
1656265500,258
1656266400,235
1656267300,242
1656268200,244
1656269100,278
1656270000,314
1656270900,316
1656271800,315
1656272700,320
1656273600,332
1656274500,314
1656275400,304
1656276300,219
1656277200,170
1656278100,204
1656279000,187
1656279900,182
1656280800,180
1656281700,180
1656282600,194
1656283500,199
1656284400,173
1656285300,169
1656286200,163
1656287100,159
1656288000,148
1656288900,146
1656289800,167
1656290700,170
1656291600,141
1656292500,133
1656293400,139
1656294300,152
1656295200,134
1656296100,142
1656297000,141
1656297900,148
1656298800,156
1656299700,142
1656300600,144
1656301500,151
1656302400,161
1656303300,155
1656304200,180
1656305100,180
1656306000,155
1656306900,179
1656307800,162
1656308700,182
1656309600,186
1656310500,215
1656311400,197
1656312300,243
1656313200,261
1656314100,299
1656315000,299
1656315900,225
1656316800,253
1656317700,260
1656318600,298
1656319500,267
1656320400,420
1656321300,376
1656322200,442
1656323100,376
1656324000,211
1656324900,268
1656325800,195
1656326700,459
1656327600,533
1656328500,281
1656329400,308
1656330300,690
1656331200,512
1656332100,208
1656333000,183
1656333900,223
1656334800,213
1656335700,220
1656336600,197
1656337500,193
1656338400,170
1656339300,177
1656340200,257
1656341100,197
1656342000,191
1656342900,189
1656343800,200
1656344700,195
1656345600,278
1656346500,219
1656347400,196
1656348300,155
1656349200,159
1656350100,136
1656351000,149
1656351900,136
1656352800,129
1656353700,130
1656354600,134
1656355500,136
1656356400,129
1656357300,160
1656358200,141
1656359100,172
1656360000,185
1656360900,186
1656361800,188
1656362700,168
1656363600,152
1656364500,132
1656365400,144
1656366300,144
1656367200,147
1656368100,157
1656369000,149
1656369900,167
1656370800,148
1656371700,177
1656372600,156
1656373500,155
1656374400,145
1656375300,175
1656376200,153
1656377100,160
1656378000,138
1656378900,155
1656379800,143
1656380700,142
1656381600,132
1656382500,141
1656383400,139
1656384300,147
1656385200,147
1656386100,156
1656387000,137
1656387900,153
1656388800,137
1656389700,160
1656390600,172
1656391500,174
1656392400,160
1656393300,160
1656394200,174
1656395100,153
1656396000,171
1656396900,171
1656397800,171
1656398700,148
1656399600,180
1656400500,797
1656401400,229
1656402300,231
1656403200,229
1656404100,250
1656405000,255
1656405900,227
1656406800,250
1656407700,226
1656408600,223
1656409500,190
1656410400,180
1656411300,177
1656412200,201
1656413100,363
1656414000,792
1656414900,498
1656415800,181
1656416700,151
1656417600,148
1656418500,162
1656419400,218
1656420300,216
1656421200,269
1656422100,279
1656423000,253
1656423900,270
1656424800,267
1656425700,341
1656426600,274
1656427500,253
1656428400,251
1656429300,258
1656430200,248
1656431100,246
1656432000,259
1656432900,252
1656433800,263
1656434700,231
1656435600,340
1656436500,259
1656437400,344
1656438300,240
1656439200,225
1656440100,266
1656441000,291
1656441900,308
1656442800,353
1656443700,361
1656444600,408
1656445500,369
1656446400,380
1656447300,770
1656448200,779
1656449100,274
1656450000,258
1656450900,223
1656451800,209
1656452700,244
1656453600,226
1656454500,229
1656455400,182
1656456300,206
1656457200,195
1656458100,209
1656459000,183
1656459900,209
1656460800,217
1656461700,199
1656462600,193
1656463500,203
1656464400,209
1656465300,207
1656466200,186
1656467100,181
1656468000,197
1656468900,190
1656469800,188
1656470700,184
1656471600,189
1656472500,180
1656473400,239
1656474300,206
1656475200,217
1656476100,325
1656477000,290
1656477900,216
1656478800,507
1656479700,856
1656480600,781
1656481500,651
1656482400,507
1656483300,175
1656484200,192
1656485100,188
1656486000,211
1656486900,166
1656487800,166
1656488700,154
1656489600,149
1656490500,139
1656491400,163
1656492300,156
1656493200,158
1656494100,137
1656495000,155
1656495900,143
1656496800,143
1656497700,133
1656498600,137
1656499500,180
1656500400,203
1656501300,269
1656502200,322
1656503100,260
1656504000,284
1656504900,217
1656505800,278
1656506700,207
1656507600,210
1656508500,205
1656509400,231
1656510300,314
1656511200,279
1656512100,235
1656513000,326
1656513900,367
1656514800,505
1656515700,419
1656516600,300
1656517500,279
1656518400,273
1656519300,400
1656520200,308
1656521100,300
1656522000,288
1656522900,308
1656523800,475
1656524700,348
1656525600,414
1656526500,340
1656527400,369
1656528300,361
1656529200,385
1656530100,398
1656531000,447
1656531900,425
1656532800,863
1656533700,494
1656534600,404
1656535500,557
1656536400,650
1656537300,154
1656538200,152
1656539100,123
1656540000,152
1656540900,152
1656541800,157
1656542700,135
1656543600,145
1656544500,158
1656545400,150
1656546300,124
1656547200,150
1656548100,150
1656549000,155
1656549900,132
1656550800,149
1656551700,165
1656552600,181
1656553500,137
1656554400,144
1656555300,145
1656556200,152
1656557100,135
1656558000,142
1656558900,137
1656559800,168
1656560700,177
1656561600,158
1656562500,266
1656563400,272
1656564300,196
1656565200,301
1656566100,705
1656567000,175
1656567900,168
1656568800,171
1656569700,179
1656570600,169
1656571500,153
1656572400,161
1656573300,430
1656574200,233
1656575100,252
1656576000,226
1656576900,228
1656577800,244
1656578700,510
1656579600,590
1656580500,279
1656581400,184
1656582300,230
1656583200,241
1656584100,220
1656585000,231
1656585900,203
1656586800,180
1656587700,286
1656588600,273
1656589500,246
1656590400,257
1656591300,207
1656592200,219
1656593100,209
1656594000,206
1656594900,226
1656595800,207
1656596700,223
1656597600,206
1656598500,208
1656599400,211
1656600300,281
1656601200,386
1656602100,350
1656603000,284
1656603900,268
1656604800,279
1656605700,329
1656606600,298
1656607500,320
1656608400,427
1656609300,646
1656610200,609
1656611100,287
1656612000,288
1656612900,298
1656613800,274
1656614700,285
1656615600,257
1656616500,286
1656617400,345
1656618300,343
1656619200,422
1656620100,836
1656621000,251
1656621900,240
1656622800,245
1656623700,204
1656624600,177
1656625500,140
1656626400,153
1656627300,134
1656628200,153
1656629100,155
1656630000,180
1656630900,142
1656631800,158
1656632700,153
1656633600,165
1656634500,143
1656635400,166
1656636300,154
1656637200,171
1656638100,140
1656639000,158
1656639900,152
1656640800,151
1656641700,138
1656642600,152
1656643500,134
1656644400,150
1656645300,149
1656646200,157
1656647100,165
1656648000,170
1656648900,305
1656649800,268
1656650700,176
1656651600,168
1656652500,127
1656653400,445
1656654300,798
1656655200,653
1656656100,623
1656657000,213
1656657900,405
1656658800,296
1656659700,194
1656660600,198
1656661500,187
1656662400,256
1656663300,234
1656664200,206
1656665100,271
1656666000,224
1656666900,250
1656667800,226
1656668700,325
1656669600,231
1656670500,200
1656671400,280
1656672300,186
1656673200,188
1656674100,198
1656675000,187
1656675900,185
1656676800,206
1656677700,221
1656678600,207
1656679500,222
1656680400,202
1656681300,220
1656682200,206
1656683100,210
1656684000,148
1656684900,193
1656685800,247
1656686700,223
1656687600,250
1656688500,273
1656689400,290
1656690300,288
1656691200,265
1656692100,294
1656693000,298
1656693900,463
1656694800,388
1656695700,323
1656696600,330
1656697500,340
1656698400,313
1656699300,307
1656700200,308
1656701100,344
1656702000,352
1656702900,314
1656703800,308
1656704700,318
1656705600,343
1656706500,344
1656707400,644
1656708300,285
1656709200,257
1656710100,257
1656711000,234
1656711900,237
1656712800,149
1656713700,149
1656714600,138
1656715500,142
1656716400,151
1656717300,154
1656718200,139
1656719100,134
1656720000,141
1656720900,154
1656721800,130
1656722700,143
1656723600,143
1656724500,166
1656725400,139
1656726300,134
1656727200,136
1656728100,139
1656729000,120
1656729900,129
1656730800,121
1656731700,141
1656732600,132
1656733500,156
1656734400,152
1656735300,235
1656736200,145
1656737100,176
1656738000,191
1656738900,203
1656739800,178
1656740700,166
1656741600,622
1656742500,761
1656743400,644
1656744300,249
1656745200,201
1656746100,212
1656747000,204
1656747900,244
1656748800,255
1656749700,270
1656750600,269
1656751500,278
1656752400,291
1656753300,293
1656754200,261
1656755100,255
1656756000,263
1656756900,536
1656757800,704
1656758700,266
1656759600,368
1656760500,324
1656761400,310
1656762300,293
1656763200,254
1656764100,348
1656765000,369
1656765900,284
1656766800,279
1656767700,262
1656768600,273
1656769500,248
1656770400,241
1656771300,315
1656772200,378
1656773100,289
1656774000,351
1656774900,356
1656775800,301
1656776700,309
1656777600,310
1656778500,318
1656779400,469
1656780300,378
1656781200,340
1656782100,313
1656783000,310
1656783900,381
1656784800,376
1656785700,372
1656786600,390
1656787500,396
1656788400,412
1656789300,446
1656790200,455
1656791100,413
1656792000,385
1656792900,286
1656793800,222
1656794700,213
1656795600,199
1656796500,202
1656797400,197
1656798300,215
1656799200,198
1656800100,146
1656801000,155
1656801900,154
1656802800,144
1656803700,134
1656804600,155
1656805500,161
1656806400,156
1656807300,140
1656808200,166
1656809100,160
1656810000,157
1656810900,146
1656811800,164
1656812700,161
1656813600,160
1656814500,135
1656815400,144
1656816300,144
1656817200,142
1656818100,132
1656819000,152
1656819900,166
1656820800,157
1656821700,209
1656822600,163
1656823500,165
1656824400,221
1656825300,149
1656826200,183
1656827100,182
1656828000,618
1656828900,244
1656829800,180
1656830700,390
1656831600,619
1656832500,148
1656833400,160
1656834300,171
1656835200,295
1656836100,243
1656837000,285
1656837900,249
1656838800,271
1656839700,376
1656840600,358
1656841500,481
1656842400,289
1656843300,254
1656844200,273
1656845100,277
1656846000,246
1656846900,228
1656847800,254
1656848700,365
1656849600,362
1656850500,390
1656851400,338
1656852300,347
1656853200,356
1656854100,324
1656855000,311
1656855900,296
1656856800,292
1656857700,295
1656858600,310
1656859500,317
1656860400,310
1656861300,303
1656862200,333
1656863100,295
1656864000,336
1656864900,259
1656865800,332
1656866700,308
1656867600,236
1656868500,253
1656869400,267
1656870300,250
1656871200,229
1656872100,243
1656873000,286
1656873900,277
1656874800,252
1656875700,271
1656876600,280
1656877500,225
1656878400,222
1656879300,194
1656880200,223
1656881100,188
1656882000,188
1656882900,190
1656883800,200
1656884700,153
1656885600,145
1656886500,132
1656887400,155
1656888300,140
1656889200,147
1656890100,146
1656891000,183
1656891900,176
1656892800,162
1656893700,132
1656894600,162
1656895500,163
1656896400,145
1656897300,170
1656898200,160
1656899100,162
1656900000,150
1656900900,155
1656901800,155
1656902700,156
1656903600,146
1656904500,147
1656905400,154
1656906300,147
1656907200,153
1656908100,160
1656909000,162
1656909900,157
1656910800,176
1656911700,165
1656912600,152
1656913500,139
1656914400,142
1656915300,132
1656916200,125
1656917100,206
1656918000,323
1656918900,182
1656919800,211
1656920700,572
1656921600,673
1656922500,529
1656923400,435
1656924300,357
1656925200,307
1656926100,322
1656927000,721
1656927900,474
1656928800,486
1656929700,524
1656930600,338
1656931500,271
1656932400,669
1656933300,470
1656934200,358
1656935100,428
1656936000,1002
1656936900,355
1656937800,320
1656938700,306
1656939600,287
1656940500,437
1656941400,388
1656942300,314
1656943200,416
1656944100,332
1656945000,284
1656945900,287
1656946800,261
1656947700,274
1656948600,285
1656949500,263
1656950400,285
1656951300,260
1656952200,351
1656953100,326
1656954000,269
1656954900,364
1656955800,364
1656956700,380
1656957600,248
1656958500,251
1656959400,233
1656960300,236
1656961200,256
1656962100,245
1656963000,260
1656963900,240
1656964800,274
1656965700,275
1656966600,329
1656967500,301
1656968400,288
1656969300,244
1656970200,240
1656971100,217
1656972000,230
1656972900,165
1656973800,135
1656974700,137
1656975600,133
1656976500,137
1656977400,141
1656978300,146
1656979200,150
1656980100,143
1656981000,140
1656981900,142
1656982800,170
1656983700,154
1656984600,143
1656985500,150
1656986400,170
1656987300,137
1656988200,156
1656989100,158
1656990000,164
1656990900,151
1656991800,150
1656992700,155
1656993600,160
1656994500,150
1656995400,167
1656996300,165
1656997200,167
1656998100,158
1656999000,139
1656999900,150
1657000800,154
1657001700,137
1657002600,144
1657003500,135
1657004400,246
1657005300,204
1657006200,344
1657007100,510
1657008000,291
1657008900,251
1657009800,236
1657010700,256
1657011600,350
1657012500,313
1657013400,328
1657014300,309
1657015200,325
1657016100,315
1657017000,339
1657017900,320
1657018800,297
1657019700,288
1657020600,504
1657021500,541
1657022400,378
1657023300,345
1657024200,339
1657025100,326
1657026000,328
1657026900,389
1657027800,320
1657028700,301
1657029600,276
1657030500,244
1657031400,222
1657032300,278
1657033200,294
1657034100,269
1657035000,265
1657035900,250
1657036800,298
1657037700,257
1657038600,235
1657039500,243
1657040400,255
1657041300,728
1657042200,519
1657043100,359
1657044000,539
1657044900,879
1657045800,321
1657046700,301
1657047600,315
1657048500,334
1657049400,370
1657050300,359
1657051200,333
1657052100,326
1657053000,247
1657053900,213
1657054800,205
1657055700,173
1657056600,140
1657057500,150
1657058400,139
1657059300,147
1657060200,126
1657061100,137
1657062000,131
1657062900,155
1657063800,136
1657064700,142
1657065600,133
1657066500,169
1657067400,140
1657068300,150
1657069200,134
1657070100,168
1657071000,158
1657071900,159
1657072800,135
1657073700,158
1657074600,160
1657075500,147
1657076400,157
1657077300,158
1657078200,179
1657079100,160
1657080000,210
1657080900,159
1657081800,150
1657082700,134
1657083600,237
1657084500,146
1657085400,199
1657086300,145
1657087200,312
1657088100,344
1657089000,203
1657089900,165
1657090800,196
1657091700,177
1657092600,187
1657093500,334
1657094400,232
1657095300,248
1657096200,319
1657097100,220
1657098000,242
1657098900,270
1657099800,250
1657100700,229
1657101600,290
1657102500,274
1657103400,241
1657104300,248
1657105200,278
1657106100,282
1657107000,276
1657107900,254
1657108800,376
1657109700,306
1657110600,260
1657111500,278
1657112400,279
1657113300,335
1657114200,290
1657115100,303
1657116000,299
1657116900,295
1657117800,265
1657118700,252
1657119600,258
1657120500,271
1657121400,244
1657122300,264
1657123200,398
1657124100,280
1657125000,299
1657125900,301
1657126800,286
1657127700,352
1657128600,348
1657129500,352
1657130400,372
1657131300,357
1657132200,337
1657133100,383
1657134000,390
1657134900,482
1657135800,501
1657136700,491
1657137600,436
1657138500,442
1657139400,370
1657140300,315
1657141200,234
1657142100,204
1657143000,196
1657143900,189
1657144800,200
1657145700,252
1657146600,169
1657147500,129
1657148400,134
1657149300,125
1657150200,142
1657151100,127
1657152000,137
1657152900,129
1657153800,154
1657154700,149
1657155600,146
1657156500,146
1657157400,152
1657158300,171
1657159200,155
1657160100,159
1657161000,139
1657161900,169
1657162800,152
1657163700,146
1657164600,161
1657165500,169
1657166400,172
1657167300,196
1657168200,157
1657169100,153
1657170000,169
1657170900,165
1657171800,257
1657172700,160
1657173600,183
1657174500,164
1657175400,172
1657176300,160
1657177200,177
1657178100,172
1657179000,289
1657179900,330
1657180800,223
1657181700,187
1657182600,215
1657183500,312
1657184400,284
1657185300,467
1657186200,227
1657187100,235
1657188000,811
1657188900,583
1657189800,382
1657190700,317
1657191600,247
1657192500,338
1657193400,325
1657194300,295
1657195200,264
1657196100,256
1657197000,255
1657197900,272
1657198800,249
1657199700,259
1657200600,250
1657201500,258
1657202400,218
1657203300,286
1657204200,259
1657205100,263
1657206000,259
1657206900,248
1657207800,254
1657208700,439
1657209600,404
1657210500,343
1657211400,339
1657212300,477
1657213200,385
1657214100,513
1657215000,431
1657215900,418
1657216800,394
1657217700,387
1657218600,399
1657219500,372
1657220400,383
1657221300,367
1657222200,351
1657223100,367
1657224000,357
1657224900,806
1657225800,350
1657226700,250
1657227600,412
1657228500,797
1657229400,223
1657230300,178
1657231200,149
1657232100,143
1657233000,153
1657233900,128
1657234800,143
1657235700,132
1657236600,131
1657237500,124
1657238400,133
1657239300,132
1657240200,147
1657241100,148
1657242000,158
1657242900,147
1657243800,162
1657244700,142
1657245600,153
1657246500,156
1657247400,168
1657248300,134
1657249200,163
1657250100,152
1657251000,169
1657251900,145
1657252800,166
1657253700,188
1657254600,193
1657255500,137
1657256400,163
1657257300,156
1657258200,162
1657259100,152
1657260000,162
1657260900,153
1657261800,213
1657262700,162
1657263600,158
1657264500,176
1657265400,220
1657266300,232
1657267200,319
1657268100,264
1657269000,277
1657269900,283
1657270800,290
1657271700,238
1657272600,226
1657273500,411
1657274400,452
1657275300,297
1657276200,339
1657277100,340
1657278000,292
1657278900,386
1657279800,274
1657280700,301
1657281600,322
1657282500,335
1657283400,281
1657284300,288
1657285200,306
1657286100,264
1657287000,250
1657287900,238
1657288800,273
1657289700,273
1657290600,264
1657291500,245
1657292400,305
1657293300,308
1657294200,310
1657295100,284
1657296000,296
1657296900,283
1657297800,282
1657298700,259
1657299600,251
1657300500,264
1657301400,265
1657302300,259
1657303200,267
1657304100,270
1657305000,282
1657305900,355
1657306800,403
1657307700,396
1657308600,427
1657309500,419
1657310400,371
1657311300,380
1657312200,306
1657313100,272
1657314000,205
1657314900,185
1657315800,172
1657316700,150
1657317600,150
1657318500,157
1657319400,128
1657320300,154
1657321200,126
1657322100,144
1657323000,123
1657323900,130
1657324800,123
1657325700,133
1657326600,143
1657327500,155
1657328400,135
1657329300,153
1657330200,138
1657331100,168
1657332000,152
1657332900,160
1657333800,133
1657334700,170
1657335600,145
1657336500,151
1657337400,151
1657338300,163
1657339200,181
1657340100,181
1657341000,201
1657341900,164
1657342800,159
1657343700,157
1657344600,161
1657345500,199
1657346400,167
1657347300,143
1657348200,154
1657349100,153
1657350000,153
1657350900,169
1657351800,203
1657352700,237
1657353600,208
1657354500,257
1657355400,240
1657356300,290
1657357200,224
1657358100,284
1657359000,649
1657359900,911
1657360800,325
1657361700,263
1657362600,266
1657363500,293
1657364400,356
1657365300,324
1657366200,342
1657367100,288
1657368000,241
1657368900,245
1657369800,243
1657370700,207
1657371600,196
1657372500,214
1657373400,175
1657374300,157
1657375200,164
1657376100,154
1657377000,173
1657377900,260
1657378800,193
1657379700,194
1657380600,220
1657381500,202
1657382400,203
1657383300,207
1657384200,235
1657385100,203
1657386000,224
1657386900,199
1657387800,229
1657388700,232
1657389600,237
1657390500,279
1657391400,255
1657392300,240
1657393200,296
1657394100,323
1657395000,331
1657395900,355
1657396800,374
1657397700,331
1657398600,537
1657399500,819
1657400400,704
1657401300,208
1657402200,231
1657403100,221
1657404000,217
1657404900,203
1657405800,234
1657406700,192
1657407600,193
1657408500,169
1657409400,161
1657410300,151
1657411200,136
1657412100,143
1657413000,134
1657413900,153
1657414800,146
1657415700,171
1657416600,149
1657417500,158
1657418400,140
1657419300,151
1657420200,159
1657421100,139
1657422000,131
1657422900,138
1657423800,140
1657424700,140
1657425600,135
1657426500,189
1657427400,171
1657428300,160
1657429200,181
1657430100,277
1657431000,339
1657431900,332
1657432800,227
1657433700,239
1657434600,283
1657435500,421
1657436400,402
1657437300,784
1657438200,1094
1657439100,1028
1657440000,862
1657440900,910
1657441800,361
1657442700,267
1657443600,283
1657444500,419
1657445400,667
1657446300,393
1657447200,422
1657448100,373
1657449000,346
1657449900,231
1657450800,402
1657451700,277
1657452600,222
1657453500,287
1657454400,359
1657455300,247
1657456200,272
1657457100,313
1657458000,257
1657458900,249
1657459800,229
1657460700,242
1657461600,264
1657462500,242
1657463400,198
1657464300,252
1657465200,184
1657466100,181
1657467000,202
1657467900,266
1657468800,558
1657469700,406
1657470600,234
1657471500,246
1657472400,203
1657473300,199
1657474200,211
1657475100,226
1657476000,220
1657476900,209
1657477800,247
1657478700,224
1657479600,222
1657480500,241
1657481400,252
1657482300,260
1657483200,223
1657484100,223
1657485000,213
1657485900,205
1657486800,196
1657487700,157
1657488600,161
1657489500,357
1657490400,1079
1657491300,192
1657492200,210
1657493100,696
1657494000,390
1657494900,205
1657495800,145
1657496700,148
1657497600,126
1657498500,159
1657499400,154
1657500300,159
1657501200,134
1657502100,170
1657503000,162
1657503900,159
1657504800,137
1657505700,155
1657506600,153
1657507500,169
1657508400,132
1657509300,142
1657510200,133
1657511100,148
1657512000,138
1657512900,141
1657513800,132
1657514700,141
1657515600,155
1657516500,133
1657517400,132
1657518300,159
1657519200,139
1657520100,245
1657521000,173
1657521900,156
1657522800,206
1657523700,288
1657524600,232
1657525500,233
1657526400,251
1657527300,277
1657528200,742
1657529100,604
1657530000,327
1657530900,226
1657531800,211
1657532700,336
1657533600,725
1657534500,543
1657535400,247
1657536300,234
1657537200,288
1657538100,248
1657539000,286
1657539900,733
1657540800,277
1657541700,271
1657542600,274
1657543500,322
1657544400,297
1657545300,453
1657546200,380
1657547100,589
1657548000,890
1657548900,818
1657549800,793
1657550700,371
1657551600,483
1657552500,401
1657553400,316
1657554300,281
1657555200,278
1657556100,263
1657557000,265
1657557900,258
1657558800,400
1657559700,980
1657560600,302
1657561500,302
1657562400,290
1657563300,321
1657564200,323
1657565100,642
1657566000,596
1657566900,345
1657567800,476
1657568700,893
1657569600,389
1657570500,345
1657571400,282
1657572300,262
1657573200,200
1657574100,166
1657575000,141
1657575900,124
1657576800,129
1657577700,119
1657578600,142
1657579500,126
1657580400,132
1657581300,140
1657582200,128
1657583100,140
1657584000,122
1657584900,148
1657585800,140
1657586700,158
1657587600,146
1657588500,150
1657589400,149
1657590300,140
1657591200,161
1657592100,159
1657593000,150
1657593900,153
1657594800,138
1657595700,169
1657596600,149
1657597500,140
1657598400,150
1657599300,162
1657600200,156
1657601100,153
1657602000,128
1657602900,170
1657603800,138
1657604700,140
1657605600,131
1657606500,138
1657607400,130
1657608300,253
1657609200,225
1657610100,266
1657611000,249
1657611900,277
1657612800,254
1657613700,338
1657614600,267
1657615500,252
1657616400,201
1657617300,259
1657618200,237
1657619100,267
1657620000,253
1657620900,263
1657621800,259
1657622700,382
1657623600,517
1657624500,285
1657625400,261
1657626300,604
1657627200,494
1657628100,361
1657629000,360
1657629900,372
1657630800,343
1657631700,339
1657632600,277
1657633500,357
1657634400,270
1657635300,269
1657636200,271
1657637100,258
1657638000,277
1657638900,259
1657639800,254
1657640700,255
1657641600,243
1657642500,245
1657643400,276
1657644300,446
1657645200,330
1657646100,218
1657647000,187
1657647900,217
1657648800,271
1657649700,277
1657650600,249
1657651500,252
1657652400,261
1657653300,267
1657654200,230
1657655100,258
1657656000,237
1657656900,257
1657657800,218
1657658700,212
1657659600,197
1657660500,206
1657661400,179
1657662300,161
1657663200,119
1657664100,127
1657665000,133
1657665900,130
1657666800,123
1657667700,130
1657668600,134
1657669500,137
1657670400,120
1657671300,147
1657672200,122
1657673100,183
1657674000,151
1657674900,155
1657675800,134
1657676700,154
1657677600,164
1657678500,140
1657679400,146
1657680300,151
1657681200,164
1657682100,152
1657683000,138
1657683900,151
1657684800,213
1657685700,160
1657686600,148
1657687500,200
1657688400,172
1657689300,187
1657690200,168
1657691100,165
1657692000,193
1657692900,169
1657693800,187
1657694700,317
1657695600,262
1657696500,426
1657697400,278
1657698300,218
1657699200,274
1657700100,288
1657701000,305
1657701900,237
1657702800,224
1657703700,266
1657704600,561
1657705500,495
1657706400,380
1657707300,274
1657708200,364
1657709100,319
1657710000,309
1657710900,316
1657711800,220
1657712700,196
1657713600,219
1657714500,219
1657715400,223
1657716300,234
1657717200,235
1657718100,271
1657719000,285
1657719900,266
1657720800,336
1657721700,295
1657722600,269
1657723500,282
1657724400,285
1657725300,263
1657726200,253
1657727100,264
1657728000,239
1657728900,251
1657729800,264
1657730700,258
1657731600,236
1657732500,249
1657733400,234
1657734300,234
1657735200,232
1657736100,228
1657737000,231
1657737900,230
1657738800,250
1657739700,273
1657740600,248
1657741500,229
1657742400,383
1657743300,724
1657744200,284
1657745100,241
1657746000,690
1657746900,432
1657747800,196
1657748700,200
1657749600,199
1657750500,159
1657751400,143
1657752300,146
1657753200,159
1657754100,142
1657755000,137
1657755900,129
1657756800,159
1657757700,120
1657758600,126
1657759500,122
1657760400,145
1657761300,126
1657762200,124
1657763100,124
1657764000,135
1657764900,135
1657765800,126
1657766700,127
1657767600,142
1657768500,154
1657769400,131
1657770300,152
1657771200,164
1657772100,202
1657773000,436
1657773900,664
1657774800,553
1657775700,234
1657776600,200
1657777500,178
1657778400,179
1657779300,178
1657780200,207
1657781100,188
1657782000,239
1657782900,375
1657783800,283
1657784700,273
1657785600,246
1657786500,237
1657787400,251
1657788300,491
1657789200,463
1657790100,309
1657791000,239
1657791900,392
1657792800,357
1657793700,230
1657794600,221
1657795500,397
1657796400,357
1657797300,254
1657798200,244
1657799100,229
1657800000,223
1657800900,216
1657801800,273
1657802700,265
1657803600,258
1657804500,233
1657805400,251
1657806300,277
1657807200,248
1657808100,267
1657809000,225
1657809900,226
1657810800,203
1657811700,207
1657812600,224
1657813500,268
1657814400,234
1657815300,245
1657816200,223
1657817100,245
1657818000,233
1657818900,251
1657819800,278
1657820700,293
1657821600,331
1657822500,336
1657823400,342
1657824300,275
1657825200,313
1657826100,319
1657827000,385
1657827900,385
1657828800,355
1657829700,312
1657830600,719
1657831500,297
1657832400,226
1657833300,461
1657834200,640
1657835100,194
1657836000,190
1657836900,132
1657837800,162
1657838700,144
1657839600,140
1657840500,134
1657841400,157
1657842300,147
1657843200,145
1657844100,120
1657845000,135
1657845900,125
1657846800,137
1657847700,119
1657848600,133
1657849500,124
1657850400,129
1657851300,128
1657852200,134
1657853100,129
1657854000,137
1657854900,128
1657855800,147
1657856700,162
1657857600,149
1657858500,179
1657859400,174
1657860300,161
1657861200,158
1657862100,156
1657863000,174
1657863900,285
1657864800,265
1657865700,128
1657866600,141
1657867500,168
1657868400,186
1657869300,208
1657870200,237
1657871100,210
1657872000,217
1657872900,207
1657873800,229
1657874700,211
1657875600,217
1657876500,200
1657877400,217
1657878300,210
1657879200,217
1657880100,211
1657881000,227
1657881900,257
1657882800,805
1657883700,363
1657884600,243
1657885500,321
1657886400,242
1657887300,235
1657888200,226
1657889100,238
1657890000,241
1657890900,236
1657891800,226
1657892700,220
1657893600,262
1657894500,214
1657895400,231
1657896300,255
1657897200,241
1657898100,252
1657899000,287
1657899900,357
1657900800,495
1657901700,368
1657902600,359
1657903500,351
1657904400,307
1657905300,281
1657906200,271
1657907100,236
1657908000,251
1657908900,287
1657909800,315
1657910700,319
1657911600,309
1657912500,345
1657913400,328
1657914300,364
1657915200,524
1657916100,881
1657917000,856
1657917900,380
1657918800,357
1657919700,251
1657920600,230
1657921500,236
1657922400,228
1657923300,159
1657924200,146
1657925100,128
1657926000,162
1657926900,140
1657927800,128
1657928700,121
1657929600,138
1657930500,118
1657931400,133
1657932300,120
1657933200,139
1657934100,131
1657935000,151
1657935900,135
1657936800,153
1657937700,159
1657938600,153
1657939500,141
1657940400,167
1657941300,148
1657942200,142
1657943100,154
1657944000,174
1657944900,190
1657945800,132
1657946700,160
1657947600,149
1657948500,139
1657949400,131
1657950300,154
1657951200,200
1657952100,155
1657953000,156
1657953900,156
1657954800,202
1657955700,264
1657956600,283
1657957500,255
1657958400,229
1657959300,215
1657960200,222
1657961100,210
1657962000,218
1657962900,328
1657963800,366
1657964700,266
1657965600,276
1657966500,250
1657967400,241
1657968300,224
1657969200,229
1657970100,205
1657971000,187
1657971900,210
1657972800,237
1657973700,202
1657974600,223
1657975500,214
1657976400,327
1657977300,258
1657978200,222
1657979100,277
1657980000,351
1657980900,196
1657981800,157
1657982700,173
1657983600,260
1657984500,159
1657985400,180
1657986300,222
1657987200,278
1657988100,198
1657989000,217
1657989900,213
1657990800,292
1657991700,279
1657992600,321
1657993500,286
1657994400,310
1657995300,332
1657996200,280
1657997100,275
1657998000,294
1657998900,284
1657999800,296
1658000700,284
1658001600,310
1658002500,525
1658003400,568
1658004300,287
1658005200,271
1658006100,256
1658007000,245
1658007900,242
1658008800,191
1658009700,141
1658010600,148
1658011500,149
1658012400,157
1658013300,146
1658014200,144
1658015100,146
1658016000,136
1658016900,148
1658017800,129
1658018700,153
1658019600,142
1658020500,143
1658021400,149
1658022300,135
1658023200,157
1658024100,138
1658025000,129
1658025900,138
1658026800,124
1658027700,128
1658028600,122
1658029500,142
1658030400,189
1658031300,186
1658032200,143
1658033100,180
1658034000,145
1658034900,179
1658035800,232
1658036700,161
1658037600,191
1658038500,199
1658039400,183
1658040300,189
1658041200,229
1658042100,269
1658043000,246
1658043900,247
1658044800,242
1658045700,238
1658046600,221
1658047500,431
1658048400,244
1658049300,562
1658050200,647
1658051100,316
1658052000,284
1658052900,662
1658053800,450
1658054700,252
1658055600,308
1658056500,779
1658057400,385
1658058300,224
1658059200,208
1658060100,219
1658061000,244
1658061900,232
1658062800,238
1658063700,271
1658064600,235
1658065500,277
1658066400,334
1658067300,257
1658068200,263
1658069100,289
1658070000,272
1658070900,255
1658071800,234
1658072700,398
1658073600,246
1658074500,333
1658075400,282
1658076300,313
1658077200,264
1658078100,254
1658079000,268
1658079900,273
1658080800,286
1658081700,329
1658082600,326
1658083500,321
1658084400,321
1658085300,313
1658086200,326
1658087100,315
1658088000,317
1658088900,275
1658089800,280
1658090700,261
1658091600,253
1658092500,244
1658093400,221
1658094300,200
1658095200,156
1658096100,149
1658097000,125
1658097900,135
1658098800,154
1658099700,149
1658100600,123
1658101500,144
1658102400,148
1658103300,127
1658104200,144
1658105100,161
1658106000,158
1658106900,148
1658107800,139
1658108700,164
1658109600,155
1658110500,140
1658111400,148
1658112300,155
1658113200,148
1658114100,145
1658115000,143
1658115900,154
1658116800,147
1658117700,137
1658118600,143
1658119500,153
1658120400,149
1658121300,144
1658122200,145
1658123100,165
1658124000,290
1658124900,172
1658125800,186
1658126700,197
1658127600,273
1658128500,288
1658129400,305
1658130300,840
1658131200,453
1658132100,406
1658133000,434
1658133900,440
1658134800,483
1658135700,493
1658136600,439
1658137500,416
1658138400,607
1658139300,575
1658140200,655
1658141100,418
1658142000,309
1658142900,344
1658143800,379
1658144700,329
1658145600,331
1658146500,369
1658147400,329
1658148300,344
1658149200,447
1658150100,543
1658151000,434
1658151900,365
1658152800,297
1658153700,356
1658154600,281
1658155500,479
1658156400,809
1658157300,469
1658158200,327
1658159100,795
1658160000,631
1658160900,946
1658161800,857
1658162700,725
1658163600,317
1658164500,315
1658165400,305
1658166300,369
1658167200,423
1658168100,431
1658169000,393
1658169900,374
1658170800,398
1658171700,386
1658172600,377
1658173500,371
1658174400,349
1658175300,347
1658176200,285
1658177100,245
1658178000,223
1658178900,219
1658179800,220
1658180700,246
1658181600,227
1658182500,235
1658183400,206
1658184300,249
1658185200,197
1658186100,189
1658187000,164
1658187900,170
1658188800,148
1658189700,142
1658190600,129
1658191500,162
1658192400,145
1658193300,145
1658194200,148
1658195100,161
1658196000,156
1658196900,147
1658197800,140
1658198700,142
1658199600,141
1658200500,140
1658201400,129
1658202300,139
1658203200,139
1658204100,140
1658205000,146
1658205900,139
1658206800,135
1658207700,147
1658208600,148
1658209500,156
1658210400,150
1658211300,155
1658212200,147
1658213100,256
1658214000,230
1658214900,194
1658215800,242
1658216700,480
1658217600,943
1658218500,561
1658219400,394
1658220300,373
1658221200,372
1658222100,338
1658223000,347
1658223900,335
1658224800,578
1658225700,1041
1658226600,840
1658227500,792
1658228400,460
1658229300,265
1658230200,226
1658231100,224
1658232000,240
1658232900,248
1658233800,262
1658234700,249
1658235600,257
1658236500,252
1658237400,270
1658238300,214
1658239200,272
1658240100,446
1658241000,372
1658241900,202
1658242800,214
1658243700,312
1658244600,564
1658245500,248
1658246400,256
1658247300,290
1658248200,342
1658249100,445
1658250000,741
1658250900,341
1658251800,325
1658252700,1081
1658253600,1166
1658254500,781
1658255400,729
1658256300,350
1658257200,330
1658258100,375
1658259000,361
1658259900,373
1658260800,788
1658261700,393
1658262600,313
1658263500,290
1658264400,238
1658265300,246
1658266200,180
1658267100,137
1658268000,131
1658268900,153
1658269800,151
1658270700,131
1658271600,138
1658272500,147
1658273400,143
1658274300,135
1658275200,137
1658276100,146
1658277000,153
1658277900,143
1658278800,152
1658279700,160
1658280600,151
1658281500,149
1658282400,155
1658283300,164
1658284200,154
1658285100,417
1658286000,636
1658286900,477
1658287800,150
1658288700,156
1658289600,148
1658290500,145
1658291400,230
1658292300,161
1658293200,152
1658294100,134
1658295000,183
1658295900,146
1658296800,166
1658297700,149
1658298600,161
1658299500,167
1658300400,243
1658301300,183
1658302200,180
1658303100,199
1658304000,233
1658304900,222
1658305800,214
1658306700,404
1658307600,335
1658308500,435
1658309400,425
1658310300,495
1658311200,331
1658312100,268
1658313000,295
1658313900,247
1658314800,227
1658315700,215
1658316600,210
1658317500,208
1658318400,218
1658319300,224
1658320200,248
1658321100,270
1658322000,249
1658322900,231
1658323800,237
1658324700,263
1658325600,255
1658326500,262
1658327400,269
1658328300,244
1658329200,249
1658330100,249
1658331000,243
1658331900,242
1658332800,274
1658333700,256
1658334600,452
1658335500,276
1658336400,267
1658337300,242
1658338200,278
1658339100,266
1658340000,268
1658340900,252
1658341800,278
1658342700,321
1658343600,363
1658344500,365
1658345400,361
1658346300,336
1658347200,361
1658348100,302
1658349000,253
1658349900,211
1658350800,186
1658351700,184
1658352600,177
1658353500,161
1658354400,140
1658355300,139
1658356200,145
1658357100,149
1658358000,131
1658358900,144
1658359800,155
1658360700,149
1658361600,143
1658362500,126
1658363400,157
1658364300,156
1658365200,138
1658366100,151
1658367000,159
1658367900,162
1658368800,160
1658369700,140
1658370600,153
1658371500,164
1658372400,131
1658373300,136
1658374200,134
1658375100,158
1658376000,136
1658376900,182
1658377800,156
1658378700,154
1658379600,171
1658380500,135
1658381400,143
1658382300,161
1658383200,156
1658384100,121
1658385000,153
1658385900,196
1658386800,196
1658387700,211
1658388600,252
1658389500,196
1658390400,187
1658391300,209
1658392200,218
1658393100,204
1658394000,210
1658394900,813
1658395800,604
1658396700,400
1658397600,452
1658398500,310
1658399400,323
1658400300,297
1658401200,350
1658402100,330
1658403000,318
1658403900,305
1658404800,228
1658405700,201
1658406600,284
1658407500,192
1658408400,232
1658409300,239
1658410200,232
1658411100,234
1658412000,193
1658412900,243
1658413800,253
1658414700,243
1658415600,248
1658416500,282
1658417400,211
1658418300,205
1658419200,353
1658420100,232
1658421000,287
1658421900,241
1658422800,226
1658423700,218
1658424600,238
1658425500,226
1658426400,221
1658427300,260
1658428200,279
1658429100,309
1658430000,291
1658430900,258
1658431800,235
1658432700,249
1658433600,378
1658434500,326
1658435400,323
1658436300,206
1658437200,198
1658438100,204
1658439000,186
1658439900,152
1658440800,157
1658441700,158
1658442600,156
1658443500,151
1658444400,160
1658445300,127
1658446200,153
1658447100,136
1658448000,150
1658448900,141
1658449800,147
1658450700,139
1658451600,146
1658452500,137
1658453400,134
1658454300,137
1658455200,140
1658456100,147
1658457000,127
1658457900,161
1658458800,134
1658459700,155
1658460600,138
1658461500,161
1658462400,175
1658463300,240
1658464200,151
1658465100,157
1658466000,147
1658466900,141
1658467800,132
1658468700,126
1658469600,142
1658470500,121
1658471400,135
1658472300,157
1658473200,257
1658474100,215
1658475000,240
1658475900,247
1658476800,247
1658477700,443
1658478600,344
1658479500,302
1658480400,274
1658481300,353
1658482200,253
1658483100,423
1658484000,649
1658484900,274
1658485800,241
1658486700,199
1658487600,192
1658488500,196
1658489400,208
1658490300,197
1658491200,202
1658492100,206
1658493000,210
1658493900,219
1658494800,225
1658495700,194
1658496600,213
1658497500,235
1658498400,474
1658499300,192
1658500200,189
1658501100,214
1658502000,213
1658502900,288
1658503800,283
1658504700,285
1658505600,264
1658506500,277
1658507400,290
1658508300,314
1658509200,311
1658510100,267
1658511000,314
1658511900,287
1658512800,322
1658513700,317
1658514600,330
1658515500,328
1658516400,317
1658517300,318
1658518200,310
1658519100,301
1658520000,451
1658520900,1021
1658521800,250
1658522700,244
1658523600,694
1658524500,455
1658525400,210
1658526300,207
1658527200,136
1658528100,150
1658529000,161
1658529900,146
1658530800,154
1658531700,134
1658532600,160
1658533500,130
1658534400,136
1658535300,134
1658536200,144
1658537100,126
1658538000,135
1658538900,133
1658539800,154
1658540700,133
1658541600,133
1658542500,143
1658543400,161
1658544300,150
1658545200,143
1658546100,133
1658547000,155
1658547900,147
1658548800,143
1658549700,202
1658550600,158
1658551500,151
1658552400,132
1658553300,148
1658554200,164
1658555100,136
1658556000,147
1658556900,171
1658557800,231
1658558700,251
1658559600,400
1658560500,228
1658561400,260
1658562300,244
1658563200,233
1658564100,231
1658565000,242
1658565900,226
1658566800,385
1658567700,302
1658568600,323
1658569500,328
1658570400,603
1658571300,253
1658572200,239
1658573100,235
1658574000,399
1658574900,284
1658575800,294
1658576700,317
1658577600,244
1658578500,299
1658579400,286
1658580300,264
1658581200,348
1658582100,264
1658583000,305
1658583900,287
1658584800,191
1658585700,160
1658586600,163
1658587500,251
1658588400,250
1658589300,278
1658590200,276
1658591100,268
1658592000,263
1658592900,287
1658593800,292
1658594700,267
1658595600,340
1658596500,326
1658597400,375
1658598300,368
1658599200,396
1658600100,385
1658601000,395
1658601900,405
1658602800,444
1658603700,417
1658604600,379
1658605500,357
1658606400,381
1658607300,815
1658608200,417
1658609100,234
1658610000,194
1658610900,200
1658611800,171
1658612700,158
1658613600,142
1658614500,163
1658615400,139
1658616300,142
1658617200,145
1658618100,165
1658619000,124
1658619900,152
1658620800,147
1658621700,162
1658622600,138
1658623500,137
1658624400,148
1658625300,140
1658626200,127
1658627100,128
1658628000,138
1658628900,145
1658629800,154
1658630700,137
1658631600,159
1658632500,145
1658633400,144
1658634300,133
1658635200,169
1658636100,842
1658637000,815
1658637900,696
1658638800,391
1658639700,188
1658640600,223
1658641500,391
1658642400,818
1658643300,401
1658644200,266
1658645100,468
1658646000,369
1658646900,515
1658647800,345
1658648700,492
1658649600,449
1658650500,408
1658651400,296
1658652300,549
1658653200,376
1658654100,273
1658655000,269
1658655900,258
1658656800,248
1658657700,240
1658658600,231
1658659500,243
1658660400,238
1658661300,245
1658662200,236
1658663100,245
1658664000,272
1658664900,346
1658665800,278
1658666700,346
1658667600,303
1658668500,266
1658669400,295
1658670300,509
1658671200,251
1658672100,180
1658673000,214
1658673900,190
1658674800,185
1658675700,215
1658676600,176
1658677500,189
1658678400,182
1658679300,158
1658680200,176
1658681100,182
1658682000,182
1658682900,174
1658683800,186
1658684700,178
1658685600,160
1658686500,165
1658687400,169
1658688300,200
1658689200,170
1658690100,178
1658691000,170
1658691900,171
1658692800,166
1658693700,168
1658694600,273
1658695500,220
1658696400,264
1658697300,218
1658698200,242
1658699100,232
1658700000,192
1658700900,183
1658701800,206
1658702700,209
1658703600,204
1658704500,177
1658705400,202
1658706300,203
1658707200,194
1658708100,183
1658709000,209
1658709900,211
1658710800,224
1658711700,195
1658712600,194
1658713500,189
1658714400,204
1658715300,186
1658716200,193
1658717100,189
1658718000,204
1658718900,204
1658719800,196
1658720700,197
1658721600,207
1658722500,210
1658723400,208
1658724300,207
1658725200,247
1658726100,224
1658727000,199
1658727900,191
1658728800,178
1658729700,194
1658730600,202
1658731500,226
1658732400,194
1658733300,207
1658734200,197
1658735100,233
1658736000,206
1658736900,224
1658737800,228
1658738700,301
1658739600,285
1658740500,259
1658741400,231
1658742300,256
1658743200,225
1658744100,212
1658745000,196
1658745900,191
1658746800,184
1658747700,222
1658748600,189
1658749500,218
1658750400,265
1658751300,696
1658752200,512
1658753100,505
1658754000,449
1658754900,397
1658755800,667
1658756700,324
1658757600,296
1658758500,801
1658759400,465
1658760300,274
1658761200,250
1658762100,258
1658763000,190
1658763900,184
1658764800,140
1658765700,150
1658766600,140
1658767500,165
1658768400,264
1658769300,304
1658770200,152
1658771100,198
1658772000,206
1658772900,217
1658773800,200
1658774700,202
1658775600,192
1658776500,196
1658777400,222
1658778300,229
1658779200,214
1658780100,205
1658781000,201
1658781900,182
1658782800,170
1658783700,164
1658784600,125
1658785500,159
1658786400,147
1658787300,132
1658788200,144
1658789100,158
1658790000,153
1658790900,148
1658791800,134
1658792700,145
1658793600,140
1658794500,122
1658795400,131
1658796300,125
1658797200,155
1658798100,134
1658799000,141
1658799900,145
1658800800,154
1658801700,139
1658802600,141
1658803500,152
1658804400,163
1658805300,161
1658806200,142
1658807100,151
1658808000,156
1658808900,189
1658809800,271
1658810700,159
1658811600,179
1658812500,176
1658813400,141
1658814300,145
1658815200,147
1658816100,153
1658817000,155
1658817900,151
1658818800,161
1658819700,164
1658820600,142
1658821500,154
1658822400,168
1658823300,149
1658824200,152
1658825100,129
1658826000,140
1658826900,148
1658827800,150
1658828700,131
1658829600,142
1658830500,139
1658831400,155
1658832300,135
1658833200,160
1658834100,151
1658835000,151
1658835900,153
1658836800,159
1658837700,133
1658838600,161
1658839500,165
1658840400,160
1658841300,138
1658842200,156
1658843100,181
1658844000,200
1658844900,149
1658845800,240
1658846700,422
1658847600,503
1658848500,241
1658849400,260
1658850300,254
1658851200,269
1658852100,481
1658853000,693
1658853900,432
1658854800,459
1658855700,277
1658856600,303
1658857500,306
1658858400,338
1658859300,392
1658860200,731
1658861100,819
1658862000,630
1658862900,350
1658863800,350
1658864700,319
1658865600,273
1658866500,252
1658867400,210
1658868300,221
1658869200,199
1658870100,204
1658871000,140
1658871900,133
1658872800,143
1658873700,160
1658874600,149
1658875500,132
1658876400,147
1658877300,160
1658878200,135
1658879100,148
1658880000,141
1658880900,149
1658881800,152
1658882700,149
1658883600,153
1658884500,161
1658885400,134
1658886300,184
1658887200,152
1658888100,161
1658889000,148
1658889900,152
1658890800,142
1658891700,143
1658892600,133
1658893500,145
1658894400,154
1658895300,144
1658896200,135
1658897100,256
1658898000,203
1658898900,156
1658899800,142
1658900700,245
1658901600,276
1658902500,307
1658903400,363
1658904300,279
1658905200,193
1658906100,176
1658907000,172
1658907900,196
1658908800,201
1658909700,203
1658910600,171
1658911500,213
1658912400,303
1658913300,221
1658914200,257
1658915100,276
1658916000,250
1658916900,251
1658917800,208
1658918700,190
1658919600,150
1658920500,141
1658921400,148
1658922300,147
1658923200,177
1658924100,224
1658925000,180
1658925900,248
1658926800,212
1658927700,231
1658928600,211
1658929500,235
1658930400,226
1658931300,234
1658932200,198
1658933100,212
1658934000,216
1658934900,227
1658935800,234
1658936700,267
1658937600,252
1658938500,237
1658939400,267
1658940300,230
1658941200,198
1658942100,183
1658943000,179
1658943900,202
1658944800,192
1658945700,181
1658946600,192
1658947500,199
1658948400,189
1658949300,186
1658950200,190
1658951100,205
1658952000,211
1658952900,200
1658953800,208
1658954700,184
1658955600,226
1658956500,225
1658957400,207
1658958300,201
1658959200,157
1658960100,127
1658961000,146
1658961900,126
1658962800,153
1658963700,133
1658964600,133
1658965500,144
1658966400,135
1658967300,142
1658968200,147
1658969100,133
1658970000,151
1658970900,152
1658971800,152
1658972700,130
1658973600,157
1658974500,165
1658975400,132
1658976300,141
1658977200,147
1658978100,154
1658979000,156
1658979900,144
1658980800,163
1658981700,169
1658982600,251
1658983500,189
1658984400,156
1658985300,168
1658986200,548
1658987100,354
1658988000,194
1658988900,506
1658989800,736
1658990700,259
1658991600,324
1658992500,281
1658993400,309
1658994300,272
1658995200,277
1658996100,257
1658997000,269
1658997900,295
1658998800,284
1658999700,250
1659000600,243
1659001500,442
1659002400,539
1659003300,267
1659004200,203
1659005100,240
1659006000,205
1659006900,205
1659007800,192
1659008700,238
1659009600,220
1659010500,366
1659011400,200
1659012300,245
1659013200,239
1659014100,252
1659015000,208
1659015900,191
1659016800,211
1659017700,163
1659018600,283
1659019500,369
1659020400,261
1659021300,211
1659022200,218
1659023100,216
1659024000,223
1659024900,212
1659025800,202
1659026700,210
1659027600,232
1659028500,226
1659029400,218
1659030300,260
1659031200,275
1659032100,267
1659033000,269
1659033900,275
1659034800,357
1659035700,327
1659036600,343
1659037500,327
1659038400,342
1659039300,322
1659040200,388
1659041100,590
1659042000,216
1659042900,214
1659043800,193
1659044700,161
1659045600,180
1659046500,142
1659047400,145
1659048300,137
1659049200,164
1659050100,147
1659051000,127
1659051900,148
1659052800,154
1659053700,148
1659054600,131
1659055500,163
1659056400,165
1659057300,176
1659058200,141
1659059100,168
1659060000,158
1659060900,188
1659061800,144
1659062700,162
1659063600,152
1659064500,169
1659065400,138
1659066300,147
1659067200,149
1659068100,211
1659069000,195
1659069900,148
1659070800,141
1659071700,173
1659072600,407
1659073500,278
1659074400,267
1659075300,285
1659076200,182
1659077100,192
1659078000,766
1659078900,359
1659079800,199
1659080700,201
1659081600,218
1659082500,277
1659083400,296
1659084300,242
1659085200,434
1659086100,623
1659087000,274
1659087900,238
1659088800,241
1659089700,218
1659090600,245
1659091500,231
1659092400,198
1659093300,206
1659094200,194
1659095100,180
1659096000,174
1659096900,191
1659097800,191
1659098700,198
1659099600,186
1659100500,246
1659101400,223
1659102300,214
1659103200,204
1659104100,198
1659105000,245
1659105900,337
1659106800,249
1659107700,201
1659108600,218
1659109500,352
1659110400,257
1659111300,250
1659112200,217
1659113100,220
1659114000,217
1659114900,186
1659115800,216
1659116700,218
1659117600,221
1659118500,210
1659119400,264
1659120300,302
1659121200,316
1659122100,357
1659123000,330
1659123900,308
1659124800,286
1659125700,289
1659126600,240
1659127500,254
1659128400,198
1659129300,200
1659130200,206
1659131100,204
1659132000,173
1659132900,165
1659133800,148
1659134700,156
1659135600,148
1659136500,138
1659137400,149
1659138300,124
1659139200,164
1659140100,140
1659141000,150
1659141900,148
1659142800,160
1659143700,162
1659144600,165
1659145500,138
1659146400,164
1659147300,175
1659148200,163
1659149100,148
1659150000,146
1659150900,165
1659151800,163
1659152700,150
1659153600,142
1659154500,144
1659155400,209
1659156300,146
1659157200,128
1659158100,136
1659159000,141
1659159900,149
1659160800,128
1659161700,134
1659162600,170
1659163500,187
1659164400,184
1659165300,190
1659166200,270
1659167100,243
1659168000,232
1659168900,364
1659169800,347
1659170700,299
1659171600,346
1659172500,285
1659173400,276
1659174300,270
1659175200,602
1659176100,318
1659177000,289
1659177900,265
1659178800,286
1659179700,305
1659180600,351
1659181500,303
1659182400,286
1659183300,283
1659184200,298
1659185100,289
1659186000,341
1659186900,290
1659187800,254
1659188700,261
1659189600,698
1659190500,390
1659191400,289
1659192300,489
1659193200,696
1659194100,215
1659195000,208
1659195900,212
1659196800,275
1659197700,321
1659198600,292
1659199500,288
1659200400,282
1659201300,321
1659202200,272
1659203100,299
1659204000,316
1659204900,351
1659205800,341
1659206700,357
1659207600,387
1659208500,420
1659209400,375
1659210300,374
1659211200,351
1659212100,246
1659213000,246
1659213900,225
1659214800,206
1659215700,183
1659216600,136
1659217500,144
1659218400,137
1659219300,146
1659220200,133
1659221100,153
1659222000,145
1659222900,164
1659223800,137
1659224700,145
1659225600,145
1659226500,142
1659227400,155
1659228300,161
1659229200,162
1659230100,155
1659231000,164
1659231900,157
1659232800,164
1659233700,149
1659234600,178
1659235500,156
1659236400,166
1659237300,148
1659238200,163
1659239100,158
1659240000,150
1659240900,143
1659241800,230
1659242700,152
1659243600,220
1659244500,707
1659245400,808
1659246300,406
1659247200,267
1659248100,227
1659249000,243
1659249900,248
1659250800,250
1659251700,234
1659252600,249
1659253500,253
1659254400,392
1659255300,1019
1659256200,944
1659257100,858
1659258000,559
1659258900,404
1659259800,307
1659260700,275
1659261600,594
1659262500,522
1659263400,342
1659264300,363
1659265200,327
1659266100,322
1659267000,289
1659267900,262
1659268800,255
1659269700,229
1659270600,196
1659271500,205
1659272400,244
1659273300,209
1659274200,211
1659275100,243
1659276000,325
1659276900,227
1659277800,198
1659278700,239
1659279600,254
1659280500,247
1659281400,213
1659282300,409
1659283200,233
1659284100,280
1659285000,287
1659285900,264
1659286800,207
1659287700,221
1659288600,245
1659289500,290
1659290400,275
1659291300,272
1659292200,283
1659293100,311
1659294000,322
1659294900,352
1659295800,372
1659296700,395
1659297600,386
1659298500,353
1659299400,321
1659300300,217
1659301200,188
1659302100,156
1659303000,156
1659303900,137
1659304800,131
1659305700,133
1659306600,137
1659307500,136
1659308400,151
1659309300,129
1659310200,144
1659311100,150
1659312000,155
1659312900,122
1659313800,150
1659314700,158
1659315600,166
1659316500,141
1659317400,162
1659318300,155
1659319200,173
1659320100,135
1659321000,172
1659321900,153
1659322800,168
1659323700,142
1659324600,162
1659325500,152
1659326400,171
1659327300,139
1659328200,142
1659329100,133
1659330000,135
1659330900,137
1659331800,130
1659332700,126
1659333600,132
1659334500,148
1659335400,136
1659336300,253
1659337200,284
1659338100,242
1659339000,228
1659339900,233
1659340800,277
1659341700,209
1659342600,222
1659343500,343
1659344400,269
1659345300,750
1659346200,632
1659347100,612
1659348000,464
1659348900,680
1659349800,174
1659350700,236
1659351600,267
1659352500,918
1659353400,946
1659354300,631
1659355200,701
1659356100,916
1659357000,330
1659357900,333
1659358800,220
1659359700,198
1659360600,206
1659361500,248
1659362400,243
1659363300,226
1659364200,238
1659365100,198
1659366000,193
1659366900,269
1659367800,230
1659368700,266
1659369600,279
1659370500,266
1659371400,268
1659372300,261
1659373200,228
1659374100,211
1659375000,198
1659375900,211
1659376800,212
1659377700,213
1659378600,194
1659379500,223
1659380400,224
1659381300,204
1659382200,220
1659383100,219
1659384000,230
1659384900,186
1659385800,194
1659386700,174
1659387600,159
1659388500,181
1659389400,213
1659390300,227
1659391200,179
1659392100,131
1659393000,146
1659393900,139
1659394800,130
1659395700,125
1659396600,147
1659397500,150
1659398400,131
1659399300,125
1659400200,153
1659401100,133
1659402000,135
1659402900,122
1659403800,157
1659404700,149
1659405600,154
1659406500,124
1659407400,156
1659408300,139
1659409200,139
1659410100,143
1659411000,159
1659411900,144
1659412800,138
1659413700,136
1659414600,161
1659415500,134
1659416400,131
1659417300,133
1659418200,149
1659419100,134
1659420000,139
1659420900,189
1659421800,153
1659422700,606
1659423600,195
1659424500,214
1659425400,335
1659426300,247
1659427200,836
1659428100,645
1659429000,632
1659429900,561
1659430800,346
1659431700,319
1659432600,319
1659433500,401
1659434400,426
1659435300,259
1659436200,260
1659437100,260
1659438000,192
1659438900,209
1659439800,207
1659440700,207
1659441600,184
1659442500,627
1659443400,736
1659444300,596
1659445200,655
1659446100,312
1659447000,177
1659447900,197
1659448800,205
1659449700,217
1659450600,288
1659451500,271
1659452400,296
1659453300,379
1659454200,744
1659455100,332
1659456000,289
1659456900,556
1659457800,704
1659458700,315
1659459600,293
1659460500,307
1659461400,300
1659462300,309
1659463200,326
1659464100,368
1659465000,364
1659465900,352
1659466800,341
1659467700,330
1659468600,330
1659469500,250
1659470400,248
1659471300,224
1659472200,203
1659473100,199
1659474000,210
1659474900,193
1659475800,137
1659476700,147
1659477600,117
1659478500,129
1659479400,119
1659480300,129
1659481200,99
1659482100,140
1659483000,122
1659483900,122
1659484800,108
1659485700,135
1659486600,124
1659487500,135
1659488400,117
1659489300,149
1659490200,135
1659491100,140
1659492000,125
1659492900,142
1659493800,140
1659494700,130
1659495600,123
1659496500,120
1659497400,121
1659498300,119
1659499200,126
1659500100,193
1659501000,127
1659501900,115
1659502800,141
1659503700,137
1659504600,596
1659505500,775
1659506400,232
1659507300,204
1659508200,221
1659509100,225
1659510000,232
1659510900,191
1659511800,176
1659512700,129
1659513600,130
1659514500,135
1659515400,138
1659516300,138
1659517200,115
1659518100,136
1659519000,524
1659519900,886
1659520800,576
1659521700,275
1659522600,285
1659523500,355
1659524400,254
1659525300,265
1659526200,248
1659527100,259
1659528000,242
1659528900,234
1659529800,220
1659530700,217
1659531600,271
1659532500,259
1659533400,217
1659534300,226
1659535200,228
1659536100,279
1659537000,271
1659537900,234
1659538800,321
1659539700,319
1659540600,321
1659541500,312
1659542400,330
1659543300,340
1659544200,347
1659545100,430
1659546000,450
1659546900,461
1659547800,385
1659548700,364
1659549600,420
1659550500,428
1659551400,415
1659552300,392
1659553200,464
1659554100,425
1659555000,378
1659555900,325
1659556800,315
1659557700,297
1659558600,239
1659559500,196
1659560400,193
1659561300,191
1659562200,175
1659563100,138
1659564000,140
1659564900,134
1659565800,133
1659566700,113
1659567600,126
1659568500,124
1659569400,119
1659570300,130
1659571200,119
1659572100,132
1659573000,117
1659573900,136
1659574800,133
1659575700,131
1659576600,136
1659577500,141
1659578400,132
1659579300,145
1659580200,138
1659581100,138
1659582000,132
1659582900,121
1659583800,124
1659584700,132
1659585600,124
1659586500,193
1659587400,149
1659588300,192
1659589200,174
1659590100,180
1659591000,202
1659591900,167
1659592800,181
1659593700,173
1659594600,166
1659595500,738
1659596400,529
1659597300,272
1659598200,240
1659599100,345
1659600000,256
1659600900,259
1659601800,246
1659602700,250
1659603600,302
1659604500,302
1659605400,451
1659606300,472
1659607200,322
1659608100,274
1659609000,317
1659609900,267
1659610800,239
1659611700,232
1659612600,273
1659613500,321
1659614400,274
1659615300,278
1659616200,258
1659617100,249
1659618000,309
1659618900,253
1659619800,260
1659620700,263
1659621600,294
1659622500,433
1659623400,319
1659624300,299
1659625200,320
1659626100,501
1659627000,320
1659627900,325
1659628800,316
1659629700,297
1659630600,329
1659631500,344
1659632400,379
1659633300,429
1659634200,394
1659635100,434
1659636000,439
1659636900,398
1659637800,388
1659638700,398
1659639600,400
1659640500,445
1659641400,397
1659642300,392
1659643200,392
1659644100,299
1659645000,210
1659645900,201
1659646800,179
1659647700,196
1659648600,177
1659649500,166
1659650400,164
1659651300,147
1659652200,155
1659653100,174
1659654000,154
1659654900,142
1659655800,150
1659656700,166
1659657600,132
1659658500,157
1659659400,150
1659660300,175
1659661200,161
1659662100,154
1659663000,160
1659663900,171
1659664800,150
1659665700,168
1659666600,172
1659667500,168
1659668400,166
1659669300,154
1659670200,140
1659671100,164
1659672000,159
1659672900,168
1659673800,202
1659674700,152
1659675600,182
1659676500,165
1659677400,215
1659678300,585
1659679200,274
1659680100,238
1659681000,432
1659681900,615
1659682800,287
1659683700,183
1659684600,192
1659685500,306
1659686400,277
1659687300,307
1659688200,352
1659689100,265
1659690000,260
1659690900,290
1659691800,1292
1659692700,503
1659693600,262
1659694500,253
1659695400,279
1659696300,367
1659697200,323
1659698100,274
1659699000,286
1659699900,239
1659700800,224
1659701700,200
1659702600,225
1659703500,194
1659704400,163
1659705300,153
1659706200,180
1659707100,247
1659708000,254
1659708900,212
1659709800,232
1659710700,227
1659711600,242
1659712500,277
1659713400,275
1659714300,293
1659715200,270
1659716100,256
1659717000,246
1659717900,243
1659718800,238
1659719700,246
1659720600,236
1659721500,253
1659722400,264
1659723300,364
1659724200,329
1659725100,354
1659726000,296
1659726900,315
1659727800,291
1659728700,275
1659729600,285
1659730500,212
1659731400,194
1659732300,215
1659733200,177
1659734100,147
1659735000,140
1659735900,157
1659736800,129
1659737700,125
1659738600,130
1659739500,141
1659740400,140
1659741300,131
1659742200,130
1659743100,140
1659744000,142
1659744900,140
1659745800,149
1659746700,162
1659747600,142
1659748500,151
1659749400,151
1659750300,152
1659751200,161
1659752100,160
1659753000,160
1659753900,145
1659754800,158
1659755700,150
1659756600,149
1659757500,163
1659758400,167
1659759300,210
1659760200,159
1659761100,178
1659762000,158
1659762900,127
1659763800,140
1659764700,203
1659765600,247
1659766500,387
1659767400,501
1659768300,437
1659769200,306
1659770100,294
1659771000,297
1659771900,308
1659772800,414
1659773700,492
1659774600,394
1659775500,565
1659776400,446
1659777300,570
1659778200,557
1659779100,434
1659780000,376
1659780900,399
1659781800,368
1659782700,268
1659783600,271
1659784500,277
1659785400,373
1659786300,342
1659787200,290
1659788100,282
1659789000,267
1659789900,336
1659790800,339
1659791700,296
1659792600,273
1659793500,291
1659794400,292
1659795300,250
1659796200,345
1659797100,358
1659798000,265
1659798900,370
1659799800,228
1659800700,240
1659801600,263
1659802500,209
1659803400,234
1659804300,228
1659805200,304
1659806100,313
1659807000,462
1659807900,665
1659808800,326
1659809700,286
1659810600,619
1659811500,592
1659812400,289
1659813300,344
1659814200,340
1659815100,343
1659816000,328
1659816900,241
1659817800,222
1659818700,218
1659819600,179
1659820500,138
1659821400,165
1659822300,140
1659823200,145
1659824100,140
1659825000,149
1659825900,158
1659826800,129
1659827700,150
1659828600,120
1659829500,136
1659830400,128
1659831300,129
1659832200,121
1659833100,134
1659834000,140
1659834900,147
1659835800,138
1659836700,139
1659837600,148
1659838500,158
1659839400,157
1659840300,148
1659841200,157
1659842100,143
1659843000,153
1659843900,135
1659844800,170
1659845700,174
1659846600,244
1659847500,150
1659848400,201
1659849300,204
1659850200,681
1659851100,722
1659852000,404
1659852900,315
1659853800,288
1659854700,293
1659855600,302
1659856500,349
1659857400,408
1659858300,302
1659859200,249
1659860100,269
1659861000,270
1659861900,283
1659862800,236
1659863700,229
1659864600,462
1659865500,252
1659866400,349
1659867300,225
1659868200,234
1659869100,276
1659870000,644
1659870900,577
1659871800,615
1659872700,431
1659873600,291
1659874500,298
1659875400,239
1659876300,217
1659877200,206
1659878100,241
1659879000,195
1659879900,205
1659880800,225
1659881700,173
1659882600,193
1659883500,257
1659884400,287
1659885300,299
1659886200,522
1659887100,313
1659888000,391
1659888900,234
1659889800,223
1659890700,226
1659891600,232
1659892500,324
1659893400,214
1659894300,246
1659895200,269
1659896100,232
1659897000,222
1659897900,239
1659898800,258
1659899700,256
1659900600,270
1659901500,274
1659902400,290
1659903300,256
1659904200,227
1659905100,222
1659906000,262
1659906900,208
1659907800,185
1659908700,177
1659909600,195
1659910500,181
1659911400,186
1659912300,145
1659913200,142
1659914100,142
1659915000,137
1659915900,144
1659916800,142
1659917700,133
1659918600,128
1659919500,148
1659920400,140
1659921300,160
1659922200,139
1659923100,138
1659924000,140
1659924900,158
1659925800,154
1659926700,141
1659927600,150
1659928500,150
1659929400,149
1659930300,130
1659931200,148
1659932100,146
1659933000,154
1659933900,140
1659934800,149
1659935700,140
1659936600,139
1659937500,213
1659938400,162
1659939300,209
1659940200,214
1659941100,162
1659942000,245
1659942900,355
1659943800,286
1659944700,665
1659945600,303
1659946500,292
1659947400,279
1659948300,285
1659949200,568
1659950100,345
1659951000,306
1659951900,400
1659952800,918
1659953700,292
1659954600,314
1659955500,246
1659956400,212
1659957300,353
1659958200,718
1659959100,266
1659960000,274
1659960900,740
1659961800,450
1659962700,249
1659963600,345
1659964500,268
1659965400,244
1659966300,195
1659967200,225
1659968100,229
1659969000,503
1659969900,255
1659970800,207
1659971700,248
1659972600,233
1659973500,207
1659974400,213
1659975300,259
1659976200,225
1659977100,203
1659978000,194
1659978900,188
1659979800,177
1659980700,215
1659981600,187
1659982500,185
1659983400,191
1659984300,224
1659985200,216
1659986100,225
1659987000,215
1659987900,293
1659988800,277
1659989700,183
1659990600,164
1659991500,145
1659992400,173
1659993300,153
1659994200,163
1659995100,121
1659996000,163
1659996900,139
1659997800,145
1659998700,129
1659999600,163
1660000500,150
1660001400,141
1660002300,127
1660003200,126
1660004100,135
1660005000,118
1660005900,127
1660006800,118
1660007700,141
1660008600,120
1660009500,139
1660010400,124
1660011300,135
1660012200,137
1660013100,132
1660014000,146
1660014900,141
1660015800,158
1660016700,117
1660017600,150
1660018500,130
1660019400,155
1660020300,142
1660021200,152
1660022100,141
1660023000,139
1660023900,151
1660024800,139
1660025700,206
1660026600,209
1660027500,154
1660028400,143
1660029300,159
1660030200,762
1660031100,454
1660032000,387
1660032900,234
1660033800,266
1660034700,289
1660035600,263
1660036500,432
1660037400,300
1660038300,274
1660039200,443
1660040100,273
1660041000,258
1660041900,212
1660042800,222
1660043700,209
1660044600,202
1660045500,196
1660046400,223
1660047300,204
1660048200,224
1660049100,210
1660050000,215
1660050900,199
1660051800,185
1660052700,224
1660053600,215
1660054500,228
1660055400,298
1660056300,256
1660057200,271
1660058100,260
1660059000,208
1660059900,220
1660060800,250
1660061700,797
1660062600,231
1660063500,232
1660064400,230
1660065300,224
1660066200,250
1660067100,785
1660068000,339
1660068900,346
1660069800,695
1660070700,620
1660071600,339
1660072500,340
1660073400,312
1660074300,302
1660075200,273
1660076100,216
1660077000,192
1660077900,178
1660078800,187
1660079700,144
1660080600,128
1660081500,144
1660082400,155
1660083300,129
1660084200,143
1660085100,151
1660086000,154
1660086900,139
1660087800,133
1660088700,150
1660089600,149
1660090500,130
1660091400,139
1660092300,150
1660093200,160
1660094100,130
1660095000,147
1660095900,159
1660096800,164
1660097700,135
1660098600,138
1660099500,137
1660100400,147
1660101300,130
1660102200,139
1660103100,138
1660104000,155
1660104900,197
1660105800,151
1660106700,146
1660107600,181
1660108500,131
1660109400,141
1660110300,155
1660111200,202
1660112100,188
1660113000,261
1660113900,236
1660114800,309
1660115700,242
1660116600,205
1660117500,197
1660118400,162
1660119300,154
1660120200,157
1660121100,216
1660122000,225
1660122900,227
1660123800,779
1660124700,263
1660125600,227
1660126500,285
1660127400,279
1660128300,306
1660129200,205
1660130100,220
1660131000,217
1660131900,204
1660132800,211
1660133700,227
1660134600,245
1660135500,300
1660136400,332
1660137300,249
1660138200,241
1660139100,222
1660140000,293
1660140900,265
1660141800,308
1660142700,199
1660143600,233
1660144500,258
1660145400,239
1660146300,280
1660147200,263
1660148100,272
1660149000,295
1660149900,303
1660150800,332
1660151700,343
1660152600,363
1660153500,354
1660154400,381
1660155300,379
1660156200,429
1660157100,444
1660158000,438
1660158900,426
1660159800,407
1660160700,407
1660161600,381
1660162500,381
1660163400,304
1660164300,231
1660165200,175
1660166100,182
1660167000,164
1660167900,168
1660168800,125
1660169700,130
1660170600,136
1660171500,146
1660172400,128
1660173300,137
1660174200,128
1660175100,154
1660176000,142
1660176900,141
1660177800,127
1660178700,157
1660179600,163
1660180500,133
1660181400,162
1660182300,161
1660183200,160
1660184100,147
1660185000,151
1660185900,147
1660186800,147
1660187700,140
1660188600,158
1660189500,140
1660190400,150
1660191300,207
1660192200,198
1660193100,147
1660194000,160
1660194900,145
1660195800,146
1660196700,141
1660197600,147
1660198500,141
1660199400,152
1660200300,302
1660201200,234
1660202100,259
1660203000,295
1660203900,219
1660204800,274
1660205700,246
1660206600,220
1660207500,225
1660208400,339
1660209300,241
1660210200,221
1660211100,497
1660212000,597
1660212900,324
1660213800,226
1660214700,243
1660215600,248
1660216500,233
1660217400,359
1660218300,247
1660219200,293
1660220100,349
1660221000,273
1660221900,253
1660222800,256
1660223700,294
1660224600,214
1660225500,231
1660226400,230
1660227300,440
1660228200,230
1660229100,272
1660230000,255
1660230900,281
1660231800,282
1660232700,262
1660233600,243
1660234500,242
1660235400,247
1660236300,323
1660237200,284
1660238100,289
1660239000,340
1660239900,383
1660240800,400
1660241700,379
1660242600,417
1660243500,402
1660244400,417
1660245300,379
1660246200,391
1660247100,407
1660248000,319
1660248900,292
1660249800,191
1660250700,199
1660251600,190
1660252500,180
1660253400,139
1660254300,158
1660255200,153
1660256100,147
1660257000,144
1660257900,148
1660258800,140
1660259700,141
1660260600,129
1660261500,152
1660262400,146
1660263300,146
1660264200,141
1660265100,150
1660266000,146
1660266900,131
1660267800,134
1660268700,146
1660269600,148
1660270500,146
1660271400,146
1660272300,148
1660273200,161
1660274100,127
1660275000,138
1660275900,145
1660276800,146
1660277700,127
1660278600,141
1660279500,138
1660280400,465
1660281300,164
1660282200,160
1660283100,173
1660284000,483
1660284900,697
1660285800,433
1660286700,186
1660287600,226
1660288500,230
1660289400,254
1660290300,252
1660291200,325
1660292100,326
1660293000,388
1660293900,436
1660294800,356
1660295700,337
1660296600,383
1660297500,858
1660298400,724
1660299300,709
1660300200,246
1660301100,335
1660302000,244
1660302900,226
1660303800,527
1660304700,379
1660305600,363
1660306500,298
1660307400,257
1660308300,290
1660309200,240
1660310100,253
1660311000,224
1660311900,337
1660312800,289
1660313700,246
1660314600,340
1660315500,338
1660316400,276
1660317300,662
1660318200,448
1660319100,266
1660320000,472
1660320900,701
1660321800,274
1660322700,278
1660323600,313
1660324500,348
1660325400,367
1660326300,340
1660327200,333
1660328100,312
1660329000,337
1660329900,373
1660330800,397
1660331700,362
1660332600,323
1660333500,344
1660334400,315
1660335300,290
1660336200,270
1660337100,255
1660338000,223
1660338900,237
1660339800,204
1660340700,189
1660341600,194
1660342500,175
1660343400,199
1660344300,205
1660345200,199
1660346100,174
1660347000,199
1660347900,200
1660348800,183
1660349700,188
1660350600,200
1660351500,208
1660352400,211
1660353300,169
1660354200,197
1660355100,198
1660356000,181
1660356900,182
1660357800,197
1660358700,197
1660359600,194
1660360500,168
1660361400,175
1660362300,185
1660363200,184
1660364100,190
1660365000,230
1660365900,216
1660366800,191
1660367700,191
1660368600,192
1660369500,182
1660370400,181
1660371300,161
1660372200,184
1660373100,212
1660374000,240
1660374900,229
1660375800,251
1660376700,205
1660377600,210
1660378500,253
1660379400,241
1660380300,314
1660381200,494
1660382100,291
1660383000,208
1660383900,620
1660384800,304
1660385700,236
1660386600,255
1660387500,243
1660388400,196
1660389300,207
1660390200,182
1660391100,326
1660392000,341
1660392900,302
1660393800,252
1660394700,304
1660395600,306
1660396500,241
1660397400,399
1660398300,377
1660399200,477
1660400100,385
1660401000,375
1660401900,352
1660402800,447
1660403700,538
1660404600,673
1660405500,509
1660406400,606
1660407300,533
1660408200,458
1660409100,269
1660410000,257
1660410900,280
1660411800,277
1660412700,283
1660413600,338
1660414500,369
1660415400,445
1660416300,398
1660417200,413
1660418100,416
1660419000,390
1660419900,401
1660420800,365
1660421700,262
1660422600,230
1660423500,228
1660424400,178
1660425300,200
1660426200,189
1660427100,163
1660428000,123
1660428900,142
1660429800,127
1660430700,139
1660431600,132
1660432500,141
1660433400,134
1660434300,131
1660435200,135
1660436100,134
1660437000,141
1660437900,155
1660438800,155
1660439700,158
1660440600,157
1660441500,137
1660442400,170
1660443300,159
1660444200,161
1660445100,147
1660446000,153
1660446900,153
1660447800,157
1660448700,133
1660449600,156
1660450500,171
1660451400,174
1660452300,191
1660453200,172
1660454100,153
1660455000,236
1660455900,160
1660456800,277
1660457700,213
1660458600,264
1660459500,379
1660460400,407
1660461300,410
1660462200,436
1660463100,423
1660464000,591
1660464900,510
1660465800,682
1660466700,803
1660467600,806
1660468500,661
1660469400,667
1660470300,376
1660471200,379
1660472100,458
1660473000,405
1660473900,371
1660474800,382
1660475700,383
1660476600,400
1660477500,428
1660478400,419
1660479300,573
1660480200,416
1660481100,418
1660482000,494
1660482900,570
1660483800,622
1660484700,646
1660485600,573
1660486500,663
1660487400,900
1660488300,1272
1660489200,1000
1660490100,409
1660491000,556
1660491900,889
1660492800,431
1660493700,255
1660494600,248
1660495500,207
1660496400,194
1660497300,213
1660498200,303
1660499100,234
1660500000,233
1660500900,369
1660501800,472
1660502700,467
1660503600,485
1660504500,446
1660505400,274
1660506300,217
1660507200,213
1660508100,216
1660509000,243
1660509900,236
1660510800,237
1660511700,225
1660512600,200
1660513500,186
1660514400,196
1660515300,124
1660516200,152
1660517100,142
1660518000,146
1660518900,138
1660519800,149
1660520700,172
1660521600,155
1660522500,135
1660523400,142
1660524300,138
1660525200,150
1660526100,138
1660527000,142
1660527900,136
1660528800,142
1660529700,150
1660530600,143
1660531500,148
1660532400,141
1660533300,155
1660534200,162
1660535100,151
1660536000,161
1660536900,145
1660537800,160
1660538700,145
1660539600,145
1660540500,160
1660541400,143
1660542300,148
1660543200,124
1660544100,147
1660545000,151
1660545900,157
1660546800,666
1660547700,320
1660548600,228
1660549500,258
1660550400,315
1660551300,393
1660552200,284
1660553100,158
1660554000,276
1660554900,163
1660555800,168
1660556700,196
1660557600,261
1660558500,238
1660559400,289
1660560300,426
1660561200,417
1660562100,219
1660563000,227
1660563900,218
1660564800,218
1660565700,220
1660566600,232
1660567500,167
1660568400,149
1660569300,181
1660570200,232
1660571100,224
1660572000,235
1660572900,233
1660573800,268
1660574700,225
1660575600,210
1660576500,222
1660577400,220
1660578300,212
1660579200,212
1660580100,237
1660581000,218
1660581900,231
1660582800,211
1660583700,283
1660584600,202
1660585500,213
1660586400,206
1660587300,199
1660588200,207
1660589100,215
1660590000,220
1660590900,217
1660591800,223
1660592700,217
1660593600,208
1660594500,211
1660595400,186
1660596300,181
1660597200,190
1660598100,173
1660599000,172
1660599900,165
1660600800,132
1660601700,141
1660602600,153
1660603500,157
1660604400,126
1660605300,153
1660606200,151
1660607100,147
1660608000,129
1660608900,147
1660609800,157
1660610700,146
1660611600,128
1660612500,141
1660613400,160
1660614300,137
1660615200,146
1660616100,151
1660617000,172
1660617900,152
1660618800,140
1660619700,132
1660620600,157
1660621500,136
1660622400,146
1660623300,137
1660624200,153
1660625100,133
1660626000,138
1660626900,129
1660627800,137
1660628700,145
1660629600,129
1660630500,149
1660631400,150
1660632300,231
1660633200,164
1660634100,212
1660635000,240
1660635900,688
1660636800,441
1660637700,300
1660638600,249
1660639500,296
1660640400,289
1660641300,284
1660642200,268
1660643100,249
1660644000,261
1660644900,261
1660645800,403
1660646700,742
1660647600,285
1660648500,241
1660649400,727
1660650300,471
1660651200,206
1660652100,205
1660653000,214
1660653900,217
1660654800,185
1660655700,162
1660656600,197
1660657500,207
1660658400,508
1660659300,473
1660660200,275
1660661100,261
1660662000,222
1660662900,228
1660663800,249
1660664700,237
1660665600,710
1660666500,788
1660667400,699
1660668300,1001
1660669200,524
1660670100,183
1660671000,183
1660671900,193
1660672800,215
1660673700,177
1660674600,185
1660675500,261
1660676400,274
1660677300,248
1660678200,232
1660679100,277
1660680000,296
1660680900,269
1660681800,198
1660682700,184
1660683600,185
1660684500,190
1660685400,178
1660686300,181
1660687200,149
1660688100,165
1660689000,145
1660689900,156
1660690800,135
1660691700,152
1660692600,130
1660693500,144
1660694400,150
1660695300,149
1660696200,138
1660697100,135
1660698000,149
1660698900,147
1660699800,127
1660700700,140
1660701600,151
1660702500,158
1660703400,149
1660704300,144
1660705200,161
1660706100,156
1660707000,133
1660707900,140
1660708800,156
1660709700,185
1660710600,140
1660711500,150
1660712400,647
1660713300,202
1660714200,137
1660715100,135
1660716000,144
1660716900,160
1660717800,187
1660718700,164
1660719600,192
1660720500,368
1660721400,306
1660722300,391
1660723200,359
1660724100,297
1660725000,335
1660725900,244
1660726800,258
1660727700,284
1660728600,387
1660729500,386
1660730400,276
1660731300,527
1660732200,236
1660733100,394
1660734000,271
1660734900,330
1660735800,276
1660736700,214
1660737600,206
1660738500,227
1660739400,231
1660740300,243
1660741200,301
1660742100,250
1660743000,247
1660743900,237
1660744800,184
1660745700,222
1660746600,200
1660747500,201
1660748400,244
1660749300,267
1660750200,311
1660751100,850
1660752000,334
1660752900,575
1660753800,311
1660754700,434
1660755600,304
1660756500,348
1660757400,284
1660758300,386
1660759200,471
1660760100,602
1660761000,658
1660761900,681
1660762800,758
1660763700,776
1660764600,735
1660765500,711
1660766400,767
1660767300,864
1660768200,410
1660769100,381
1660770000,368
1660770900,338
1660771800,394
1660772700,727
1660773600,306
1660774500,188
1660775400,600
1660776300,341
1660777200,156
1660778100,151
1660779000,119
1660779900,149
1660780800,151
1660781700,129
1660782600,138
1660783500,148
1660784400,151
1660785300,143
1660786200,124
1660787100,149
1660788000,160
1660788900,130
1660789800,138
1660790700,151
1660791600,148
1660792500,140
1660793400,125
1660794300,137
1660795200,134
1660796100,135
1660797000,268
1660797900,589
1660798800,551
1660799700,531
1660800600,542
1660801500,548
1660802400,532
1660803300,553
1660804200,498
1660805100,479
1660806000,478
1660806900,449
1660807800,333
1660808700,318
1660809600,255
1660810500,150
1660811400,177
1660812300,160
1660813200,171
1660814100,153
1660815000,206
1660815900,165
1660816800,166
1660817700,214
1660818600,209
1660819500,204
1660820400,213
1660821300,206
1660822200,206
1660823100,201
1660824000,214
1660824900,215
1660825800,205
1660826700,173
1660827600,179
1660828500,206
1660829400,213
1660830300,204
1660831200,205
1660832100,196
1660833000,225
1660833900,243
1660834800,275
1660835700,755
1660836600,601
1660837500,248
1660838400,252
1660839300,267
1660840200,289
1660841100,263
1660842000,236
1660842900,237
1660843800,267
1660844700,273
1660845600,268
1660846500,276
1660847400,287
1660848300,291
1660849200,300
1660850100,289
1660851000,287
1660851900,257
1660852800,218
1660853700,202
1660854600,213
1660855500,214
1660856400,207
1660857300,194
1660858200,204
1660859100,198
1660860000,177
1660860900,133
1660861800,142
1660862700,132
1660863600,128
1660864500,135
1660865400,131
1660866300,129
1660867200,126
1660868100,142
1660869000,132
1660869900,128
1660870800,146
1660871700,152
1660872600,141
1660873500,129
1660874400,147
1660875300,143
1660876200,149
1660877100,136
1660878000,146
1660878900,147
1660879800,131
1660880700,146
1660881600,145
1660882500,142
1660883400,134
1660884300,171
1660885200,178
1660886100,186
1660887000,144
1660887900,154
1660888800,159
1660889700,175
1660890600,161
1660891500,580
1660892400,347
1660893300,256
1660894200,261
1660895100,242
1660896000,470
1660896900,270
1660897800,305
1660898700,281
1660899600,308
1660900500,262
1660901400,267
1660902300,222
1660903200,504
1660904100,661
1660905000,516
1660905900,672
1660906800,910
1660907700,1108
1660908600,700
1660909500,274
1660910400,467
1660911300,565
1660912200,247
1660913100,237
1660914000,213
1660914900,175
1660915800,177
1660916700,177
1660917600,213
1660918500,184
1660919400,298
1660920300,233
1660921200,209
1660922100,243
1660923000,260
1660923900,293
1660924800,277
1660925700,306
1660926600,405
1660927500,357
1660928400,398
1660929300,361
1660930200,273
1660931100,286
1660932000,292
1660932900,310
1660933800,290
1660934700,310
1660935600,336
1660936500,334
1660937400,339
1660938300,341
1660939200,336
1660940100,202
1660941000,205
1660941900,179
1660942800,198
1660943700,191
1660944600,177
1660945500,194
1660946400,195
1660947300,156
1660948200,150
1660949100,164
1660950000,151
1660950900,133
1660951800,145
1660952700,157
1660953600,138
1660954500,147
1660955400,129
1660956300,153
1660957200,148
1660958100,133
1660959000,148
1660959900,148
1660960800,138
1660961700,149
1660962600,133
1660963500,127
1660964400,125
1660965300,134
1660966200,127
1660967100,137
1660968000,135
1660968900,187
1660969800,140
1660970700,139
1660971600,131
1660972500,149
1660973400,138
1660974300,141
1660975200,161
1660976100,175
1660977000,155
1660977900,164
1660978800,183
1660979700,153
1660980600,200
1660981500,237
1660982400,290
1660983300,372
1660984200,294
1660985100,240
1660986000,229
1660986900,239
1660987800,342
1660988700,881
1660989600,581
1660990500,239
1660991400,479
1660992300,526
1660993200,335
1660994100,288
1660995000,282
1660995900,320
1660996800,327
1660997700,303
1660998600,376
1660999500,337
1661000400,259
1661001300,263
1661002200,265
1661003100,260
1661004000,357
1661004900,307
1661005800,291
1661006700,312
1661007600,292
1661008500,537
1661009400,354
1661010300,276
1661011200,236
1661012100,253
1661013000,247
1661013900,275
1661014800,272
1661015700,277
1661016600,264
1661017500,319
1661018400,292
1661019300,296
1661020200,315
1661021100,291
1661022000,287
1661022900,279
1661023800,257
1661024700,293
1661025600,305
1661026500,282
1661027400,222
1661028300,197
1661029200,202
1661030100,194
1661031000,185
1661031900,147
1661032800,138
1661033700,131
1661034600,141
1661035500,124
1661036400,134
1661037300,141
1661038200,137
1661039100,132
1661040000,126
1661040900,161
1661041800,138
1661042700,131
1661043600,146
1661044500,164
1661045400,121
1661046300,147
1661047200,154
1661048100,146
1661049000,128
1661049900,138
1661050800,160
1661051700,139
1661052600,130
1661053500,131
1661054400,154
1661055300,160
1661056200,206
1661057100,170
1661058000,197
1661058900,173
1661059800,209
1661060700,225
1661061600,235
1661062500,265
1661063400,246
1661064300,394
1661065200,423
1661066100,372
1661067000,341
1661067900,311
1661068800,486
1661069700,304
1661070600,265
1661071500,350
1661072400,311
1661073300,285
1661074200,276
1661075100,250
1661076000,320
1661076900,322
1661077800,285
1661078700,348
1661079600,365
1661080500,447
1661081400,325
1661082300,346
1661083200,258
1661084100,282
1661085000,264
1661085900,254
1661086800,439
1661087700,419
1661088600,426
1661089500,400
1661090400,510
1661091300,443
1661092200,518
1661093100,495
1661094000,639
1661094900,527
1661095800,584
1661096700,556
1661097600,536
1661098500,581
1661099400,432
1661100300,318
1661101200,909
1661102100,673
1661103000,511
1661103900,476
1661104800,446
1661105700,587
1661106600,678
1661107500,746
1661108400,639
1661109300,612
1661110200,678
1661111100,668
1661112000,708
1661112900,668
1661113800,694
1661114700,701
1661115600,714
1661116500,585
1661117400,252
1661118300,200
1661119200,192
1661120100,149
1661121000,129
1661121900,130
1661122800,135
1661123700,129
1661124600,117
1661125500,127
1661126400,143
1661127300,130
1661128200,120
1661129100,130
1661130000,145
1661130900,147
1661131800,150
1661132700,142
1661133600,130
1661134500,147
1661135400,131
1661136300,133
1661137200,149
1661138100,147
1661139000,145
1661139900,121
1661140800,142
1661141700,148
1661142600,134
1661143500,150
1661144400,393
1661145300,504
1661146200,452
1661147100,503
1661148000,501
1661148900,470
1661149800,801
1661150700,1064
1661151600,766
1661152500,1045
1661153400,732
1661154300,782
1661155200,546
1661156100,472
1661157000,392
1661157900,458
1661158800,877
1661159700,779
1661160600,1152
1661161500,799
1661162400,501
1661163300,611
1661164200,479
1661165100,518
1661166000,501
1661166900,455
1661167800,298
1661168700,206
1661169600,219
1661170500,230
1661171400,320
1661172300,413
1661173200,413
1661174100,469
1661175000,320
1661175900,342
1661176800,235
1661177700,197
1661178600,194
1661179500,232
1661180400,224
1661181300,255
1661182200,178
1661183100,319
1661184000,221
1661184900,348
1661185800,267
1661186700,305
1661187600,244
1661188500,292
1661189400,291
1661190300,289
1661191200,222
1661192100,463
1661193000,322
1661193900,308
1661194800,324
1661195700,384
1661196600,301
1661197500,308
1661198400,300
1661199300,269
1661200200,285
1661201100,274
1661202000,272
1661202900,251
1661203800,207
1661204700,193
1661205600,203
1661206500,186
1661207400,191
1661208300,177
1661209200,189
1661210100,190
1661211000,186
1661211900,176
1661212800,188
1661213700,200
1661214600,132
1661215500,128
1661216400,156
1661217300,157
1661218200,144
1661219100,147
1661220000,157
1661220900,138
1661221800,165
1661222700,147
1661223600,156
1661224500,140
1661225400,158
1661226300,147
1661227200,157
1661228100,136
1661229000,162
1661229900,148
1661230800,153
1661231700,135
1661232600,160
1661233500,146
1661234400,153
1661235300,130
1661236200,148
1661237100,201
1661238000,167
1661238900,207
1661239800,216
1661240700,165
1661241600,310
1661242500,446
1661243400,336
1661244300,358
1661245200,200
1661246100,371
1661247000,313
1661247900,191
1661248800,340
1661249700,412
1661250600,629
1661251500,962
1661252400,526
1661253300,286
1661254200,234
1661255100,215
1661256000,177
1661256900,170
1661257800,166
1661258700,156
1661259600,137
1661260500,182
1661261400,154
1661262300,160
1661263200,216
1661264100,307
1661265000,173
1661265900,156
1661266800,203
1661267700,184
1661268600,227
1661269500,146
1661270400,148
1661271300,167
1661272200,209
1661273100,246
1661274000,325
1661274900,356
1661275800,725
1661276700,293
1661277600,343
1661278500,335
1661279400,421
1661280300,556
1661281200,398
1661282100,383
1661283000,397
1661283900,323
1661284800,241
1661285700,208
1661286600,220
1661287500,217
1661288400,209
1661289300,189
1661290200,169
1661291100,153
1661292000,142
1661292900,130
1661293800,136
1661294700,129
1661295600,139
1661296500,122
1661297400,131
1661298300,122
1661299200,138
1661300100,135
1661301000,131
1661301900,126
1661302800,138
1661303700,138
1661304600,145
1661305500,137
1661306400,148
1661307300,128
1661308200,146
1661309100,119
1661310000,159
1661310900,135
1661311800,145
1661312700,150
1661313600,145
1661314500,141
1661315400,223
1661316300,133
1661317200,830
1661318100,794
1661319000,704
1661319900,362
1661320800,159
1661321700,145
1661322600,154
1661323500,222
1661324400,238
1661325300,168
1661326200,284
1661327100,345
1661328000,385
1661328900,277
1661329800,194
1661330700,554
1661331600,297
1661332500,338
1661333400,550
1661334300,197
1661335200,173
1661336100,193
1661337000,174
1661337900,270
1661338800,216
1661339700,203
1661340600,218
1661341500,234
1661342400,246
1661343300,253
1661344200,234
1661345100,308
1661346000,291
1661346900,290
1661347800,304
1661348700,267
1661349600,245
1661350500,237
1661351400,218
1661352300,265
1661353200,390
1661354100,241
1661355000,319
1661355900,352
1661356800,216
1661357700,210
1661358600,230
1661359500,263
1661360400,240
1661361300,245
1661362200,661
1661363100,579
1661364000,494
1661364900,280
1661365800,350
1661366700,412
1661367600,397
1661368500,391
1661369400,391
1661370300,369
1661371200,358
1661372100,350
1661373000,355
1661373900,354
1661374800,360
1661375700,332
1661376600,217
1661377500,179
1661378400,190
1661379300,185
1661380200,141
1661381100,120
1661382000,129
1661382900,128
1661383800,130
1661384700,118
1661385600,127
1661386500,131
1661387400,138
1661388300,121
1661389200,140
1661390100,150
1661391000,129
1661391900,134
1661392800,146
1661393700,152
1661394600,127
1661395500,138
1661396400,143
1661397300,142
1661398200,133
1661399100,142
1661400000,152
1661400900,159
1661401800,174
1661402700,134
1661403600,221
1661404500,196
1661405400,198
1661406300,540
1661407200,506
1661408100,265
1661409000,192
1661409900,190
1661410800,188
1661411700,216
1661412600,199
1661413500,374
1661414400,210
1661415300,350
1661416200,271
1661417100,337
1661418000,230
1661418900,224
1661419800,277
1661420700,452
1661421600,510
1661422500,306
1661423400,291
1661424300,309
1661425200,211
1661426100,213
1661427000,353
1661427900,197
1661428800,235
1661429700,248
1661430600,304
1661431500,459
1661432400,232
1661433300,215
1661434200,250
1661435100,247
1661436000,243
1661436900,225
1661437800,218
1661438700,207
1661439600,194
1661440500,191
1661441400,216
1661442300,225
1661443200,210
1661444100,204
1661445000,211
1661445900,201
1661446800,246
1661447700,238
1661448600,228
1661449500,262
1661450400,485
1661451300,319
1661452200,206
1661453100,166
1661454000,826
1661454900,847
1661455800,460
1661456700,393
1661457600,366
1661458500,268
1661459400,186
1661460300,197
1661461200,189
1661462100,171
1661463000,200
1661463900,182
1661464800,158
1661465700,140
1661466600,141
1661467500,147
1661468400,121
1661469300,127
1661470200,127
1661471100,124
1661472000,115
1661472900,130
1661473800,122
1661474700,136
1661475600,127
1661476500,133
1661477400,123
1661478300,142
1661479200,133
1661480100,138
1661481000,134
1661481900,143
1661482800,115
1661483700,151
1661484600,138
1661485500,148
1661486400,140
1661487300,149
1661488200,203
1661489100,174
1661490000,136
1661490900,152
1661491800,143
1661492700,138
1661493600,139
1661494500,148
1661495400,182
1661496300,193
1661497200,232
1661498100,232
1661499000,224
1661499900,286
1661500800,365
1661501700,269
1661502600,307
1661503500,221
1661504400,297
1661505300,315
1661506200,241
1661507100,251
1661508000,669
1661508900,272
1661509800,252
1661510700,249
1661511600,241
1661512500,196
1661513400,183
1661514300,167
1661515200,185
1661516100,187
1661517000,195
1661517900,199
1661518800,192
1661519700,201
1661520600,193
1661521500,207
1661522400,271
1661523300,225
1661524200,223
1661525100,228
1661526000,204
1661526900,205
1661527800,235
1661528700,321
1661529600,307
1661530500,343
1661531400,302
1661532300,280
1661533200,281
1661534100,428
1661535000,436
1661535900,422
1661536800,378
1661537700,491
1661538600,464
1661539500,423
1661540400,364
1661541300,356
1661542200,368
1661543100,332
1661544000,351
1661544900,349
1661545800,257
1661546700,178
1661547600,203
1661548500,202
1661549400,182
1661550300,184
1661551200,196
1661552100,152
1661553000,147
1661553900,131
1661554800,155
1661555700,133
1661556600,128
1661557500,118
1661558400,132
1661559300,129
1661560200,127
1661561100,119
1661562000,155
1661562900,136
1661563800,125
1661564700,130
1661565600,148
1661566500,152
1661567400,126
1661568300,141
1661569200,147
1661570100,133
1661571000,138
1661571900,151
1661572800,168
1661573700,159
1661574600,476
1661575500,295
1661576400,215
1661577300,156
1661578200,162
1661579100,204
1661580000,202
1661580900,177
1661581800,161
1661582700,183
1661583600,178
1661584500,181
1661585400,171
1661586300,191
1661587200,226
1661588100,190
1661589000,154
1661589900,216
1661590800,195
1661591700,213
1661592600,206
1661593500,213
1661594400,221
1661595300,351
1661596200,418
1661597100,258
1661598000,232
1661598900,221
1661599800,427
1661600700,360
1661601600,241
1661602500,262
1661603400,277
1661604300,311
1661605200,258
1661606100,235
1661607000,235
1661607900,216
1661608800,180
1661609700,167
1661610600,177
1661611500,159
1661612400,295
1661613300,198
1661614200,187
1661615100,128
1661616000,153
1661616900,173
1661617800,277
1661618700,363
1661619600,184
1661620500,188
1661621400,237
1661622300,179
1661623200,162
1661624100,167
1661625000,284
1661625900,315
1661626800,306
1661627700,284
1661628600,311
1661629500,309
1661630400,272
1661631300,291
1661632200,225
1661633100,214
1661634000,180
1661634900,182
1661635800,195
1661636700,226
1661637600,215
1661638500,227
1661639400,201
1661640300,168
1661641200,136
1661642100,142
1661643000,132
1661643900,132
1661644800,123
1661645700,129
1661646600,132
1661647500,132
1661648400,133
1661649300,140
1661650200,133
1661651100,135
1661652000,118
1661652900,148
1661653800,149
1661654700,147
1661655600,130
1661656500,137
1661657400,148
1661658300,129
1661659200,140
1661660100,155
1661661000,206
1661661900,152
1661662800,165
1661663700,160
1661664600,139
1661665500,144
1661666400,150
1661667300,377
1661668200,238
1661669100,280
1661670000,217
1661670900,323
1661671800,292
1661672700,337
1661673600,282
1661674500,303
1661675400,312
1661676300,341
1661677200,377
1661678100,294
1661679000,310
1661679900,311
1661680800,261
1661681700,254
1661682600,284
1661683500,208
1661684400,192
1661685300,180
1661686200,253
1661687100,214
1661688000,238
1661688900,448
1661689800,945
1661690700,618
1661691600,598
1661692500,274
1661693400,296
1661694300,310
1661695200,283
1661696100,247
1661697000,317
1661697900,301
1661698800,252
1661699700,243
1661700600,214
1661701500,160
1661702400,155
1661703300,174
1661704200,154
1661705100,159
1661706000,291
1661706900,281
1661707800,180
1661708700,212
1661709600,250
1661710500,345
1661711400,337
1661712300,316
1661713200,294
1661714100,269
1661715000,279
1661715900,186
1661716800,256
1661717700,225
1661718600,236
1661719500,210
1661720400,224
1661721300,216
1661722200,239
1661723100,219
1661724000,186
1661724900,140
1661725800,173
1661726700,129
1661727600,118
1661728500,132
1661729400,130
1661730300,100
1661731200,130
1661732100,131
1661733000,125
1661733900,111
1661734800,139
1661735700,151
1661736600,136
1661737500,115
1661738400,131
1661739300,133
1661740200,125
1661741100,122
1661742000,137
1661742900,125
1661743800,120
1661744700,120
1661745600,140
1661746500,121
1661747400,128
1661748300,120
1661749200,175
1661750100,222
1661751000,149
1661751900,237
1661752800,186
1661753700,201
1661754600,329
1661755500,448
1661756400,337
1661757300,211
1661758200,231
1661759100,226
1661760000,231
1661760900,222
1661761800,207
1661762700,213
1661763600,338
1661764500,223
1661765400,227
1661766300,722
1661767200,1130
1661768100,278
1661769000,276
1661769900,285
1661770800,272
1661771700,286
1661772600,378
1661773500,279
1661774400,270
1661775300,287
1661776200,246
1661777100,250
1661778000,242
1661778900,242
1661779800,237
1661780700,294
1661781600,311
1661782500,252
1661783400,380
1661784300,777
1661785200,407
1661786100,271
1661787000,340
1661787900,275
1661788800,298
1661789700,273
1661790600,309
1661791500,288
1661792400,257
1661793300,248
1661794200,282
1661795100,282
1661796000,318
1661796900,366
1661797800,357
1661798700,363
1661799600,361
1661800500,375
1661801400,364
1661802300,353
1661803200,308
1661804100,259
1661805000,218
1661805900,221
1661806800,235
1661807700,201
1661808600,178
1661809500,179
1661810400,151
1661811300,129
1661812200,143
1661813100,156
1661814000,155
1661814900,151
1661815800,140
1661816700,153
1661817600,144
1661818500,131
1661819400,143
1661820300,154
1661821200,139
1661822100,153
1661823000,158
1661823900,164
1661824800,154
1661825700,138
1661826600,140
1661827500,143
1661828400,141
1661829300,132
1661830200,139
1661831100,141
1661832000,142
1661832900,143
1661833800,142
1661834700,142
1661835600,142
1661836500,146
1661837400,158
1661838300,156
1661839200,160
1661840100,137
1661841000,165
1661841900,272
1661842800,204
1661843700,178
1661844600,540
1661845500,532
1661846400,391
1661847300,417
1661848200,507
1661849100,303
1661850000,332
1661850900,331
1661851800,356
1661852700,822
1661853600,537
1661854500,706
1661855400,501
1661856300,361
1661857200,244
1661858100,254
1661859000,276
1661859900,245
1661860800,224
1661861700,224
1661862600,231
1661863500,201
1661864400,192
1661865300,200
1661866200,216
1661867100,202
1661868000,198
1661868900,203
1661869800,248
1661870700,235
1661871600,285
1661872500,479
1661873400,464
1661874300,256
1661875200,267
1661876100,226
1661877000,227
1661877900,212
1661878800,209
1661879700,218
1661880600,224
1661881500,209
1661882400,226
1661883300,239
1661884200,225
1661885100,225
1661886000,319
1661886900,336
1661887800,326
1661888700,320
1661889600,308
1661890500,324
1661891400,253
1661892300,195
1661893200,186
1661894100,209
1661895000,200
1661895900,196
1661896800,196
1661897700,204
1661898600,155
1661899500,170
1661900400,155
1661901300,161
1661902200,131
1661903100,164
1661904000,138
1661904900,146
1661905800,133
1661906700,179
1661907600,151
1661908500,154
1661909400,134
1661910300,166
1661911200,153
1661912100,155
1661913000,132
1661913900,144
1661914800,136
1661915700,135
1661916600,133
1661917500,138
1661918400,144
1661919300,138
1661920200,219
1661921100,147
1661922000,164
1661922900,155
1661923800,141
1661924700,329
1661925600,681
1661926500,461
1661927400,188
1661928300,211
1661929200,286
1661930100,176
1661931000,264
1661931900,454
1661932800,344
1661933700,266
1661934600,268
1661935500,263
1661936400,552
1661937300,749
1661938200,426
1661939100,522
1661940000,557
1661940900,398
1661941800,423
1661942700,275
1661943600,551
1661944500,569
1661945400,262
1661946300,358
1661947200,344
1661948100,323
1661949000,340
1661949900,288
1661950800,311
1661951700,253
1661952600,282
1661953500,254
1661954400,235
1661955300,209
1661956200,204
1661957100,196
1661958000,548
1661958900,651
1661959800,231
1661960700,195
1661961600,221
1661962500,200
1661963400,206
1661964300,197
1661965200,210
1661966100,239
1661967000,245
1661967900,238
1661968800,262
1661969700,256
1661970600,249
1661971500,228
1661972400,236
1661973300,216
1661974200,230
1661975100,234
1661976000,256
1661976900,238
1661977800,244
1661978700,256
1661979600,282
1661980500,244
1661981400,223
1661982300,206
1661983200,201
1661984100,185
1661985000,154
1661985900,143
1661986800,163
1661987700,165
1661988600,148
1661989500,150
1661990400,129
1661991300,152
1661992200,140
1661993100,142
1661994000,160
1661994900,168
1661995800,150
1661996700,154
1661997600,134
1661998500,171
1661999400,149
1662000300,139
1662001200,137
1662002100,150
1662003000,130
1662003900,139
1662004800,131
1662005700,165
1662006600,206
1662007500,170
1662008400,136
1662009300,208
1662010200,153
1662011100,236
1662012000,485
1662012900,207
1662013800,281
1662014700,220
1662015600,239
1662016500,233
1662017400,246
1662018300,190
1662019200,244
1662020100,204
1662021000,191
1662021900,350
1662022800,407
1662023700,453
1662024600,198
1662025500,196
1662026400,207
1662027300,211
1662028200,415
1662029100,650
1662030000,320
1662030900,289
1662031800,290
1662032700,223
1662033600,243
1662034500,557
1662035400,393
1662036300,340
1662037200,385
1662038100,343
1662039000,317
1662039900,257
1662040800,382
1662041700,235
1662042600,224
1662043500,193
1662044400,207
1662045300,206
1662046200,203
1662047100,377
1662048000,230
1662048900,230
1662049800,354
1662050700,258
1662051600,252
1662052500,269
1662053400,260
1662054300,265
1662055200,347
1662056100,365
1662057000,367
1662057900,380
1662058800,373
1662059700,333
1662060600,310
1662061500,313
1662062400,270
1662063300,237
1662064200,221
1662065100,249
1662066000,217
1662066900,187
1662067800,181
1662068700,210
1662069600,189
1662070500,198
1662071400,194
1662072300,150
1662073200,149
1662074100,144
1662075000,134
1662075900,158
1662076800,145
1662077700,147
1662078600,131
1662079500,151
1662080400,149
1662081300,148
1662082200,134
1662083100,154
1662084000,149
1662084900,144
1662085800,133
1662086700,144
1662087600,134
1662088500,122
1662089400,129
1662090300,127
1662091200,136
1662092100,212
1662093000,163
1662093900,173
1662094800,177
1662095700,189
1662096600,157
1662097500,182
1662098400,179
1662099300,167
1662100200,167
1662101100,174
1662102000,296
1662102900,289
1662103800,257
1662104700,283
1662105600,228
1662106500,230
1662107400,319
1662108300,234
1662109200,219
1662110100,205
1662111000,240
1662111900,191
1662112800,199
1662113700,190
1662114600,214
1662115500,195
1662116400,194
1662117300,244
1662118200,312
1662119100,317
1662120000,205
1662120900,224
1662121800,243
1662122700,240
1662123600,276
1662124500,264
1662125400,252
1662126300,234
1662127200,263
1662128100,214
1662129000,200
1662129900,212
1662130800,188
1662131700,218
1662132600,212
1662133500,236
1662134400,215
1662135300,238
1662136200,242
1662137100,224
1662138000,278
1662138900,590
1662139800,528
1662140700,295
1662141600,245
1662142500,238
1662143400,250
1662144300,254
1662145200,255
1662146100,393
1662147000,265
1662147900,265
1662148800,253
1662149700,261
1662150600,244
1662151500,235
1662152400,232
1662153300,232
1662154200,218
1662155100,237
1662156000,223
1662156900,193
1662157800,196
1662158700,181
1662159600,165
1662160500,191
1662161400,182
1662162300,158
1662163200,129
1662164100,144
1662165000,144
1662165900,143
1662166800,146
1662167700,146
1662168600,157
1662169500,138
1662170400,153
1662171300,152
1662172200,144
1662173100,136
1662174000,142
1662174900,167
1662175800,150
1662176700,158
1662177600,143
1662178500,160
1662179400,150
1662180300,158
1662181200,134
1662182100,154
1662183000,134
1662183900,143
1662184800,130
1662185700,153
1662186600,132
1662187500,274
1662188400,238
1662189300,174
1662190200,160
1662191100,192
1662192000,213
1662192900,209
1662193800,257
1662194700,224
1662195600,225
1662196500,250
1662197400,248
1662198300,250
1662199200,249
1662200100,269
1662201000,267
1662201900,261
1662202800,247
1662203700,232
1662204600,294
1662205500,254
1662206400,225
1662207300,270
1662208200,238
1662209100,220
1662210000,235
1662210900,224
1662211800,248
1662212700,224
1662213600,218
1662214500,250
1662215400,239
1662216300,273
1662217200,451
1662218100,260
1662219000,806
1662219900,598
1662220800,462
1662221700,293
1662222600,235
1662223500,399
1662224400,529
1662225300,256
1662226200,238
1662227100,250
1662228000,265
1662228900,250
1662229800,266
1662230700,327
1662231600,270
1662232500,252
1662233400,245
1662234300,252
1662235200,268
1662236100,273
1662237000,246
1662237900,249
1662238800,236
1662239700,207
1662240600,205
1662241500,220
1662242400,184
1662243300,175
1662244200,194
1662245100,205
1662246000,186
1662246900,185
1662247800,151
1662248700,132
1662249600,123
1662250500,120
1662251400,133
1662252300,134
1662253200,138
1662254100,137
1662255000,157
1662255900,134
1662256800,141
1662257700,137
1662258600,156
1662259500,162
1662260400,154
1662261300,157
1662262200,134
1662263100,165
1662264000,141
1662264900,147
1662265800,150
1662266700,167
1662267600,152
1662268500,146
1662269400,146
1662270300,162
1662271200,139
1662272100,200
1662273000,706
1662273900,192
1662274800,194
1662275700,153
1662276600,180
1662277500,201
1662278400,176
1662279300,165
1662280200,165
1662281100,174
1662282000,183
1662282900,220
1662283800,231
1662284700,231
1662285600,213
1662286500,236
1662287400,233
1662288300,216
1662289200,203
1662290100,187
1662291000,184
1662291900,173
1662292800,174
1662293700,187
1662294600,174
1662295500,221
1662296400,215
1662297300,205
1662298200,207
1662299100,218
1662300000,256
1662300900,254
1662301800,205
1662302700,227
1662303600,186
1662304500,223
1662305400,543
1662306300,388
1662307200,164
1662308100,179
1662309000,209
1662309900,210
1662310800,188
1662311700,208
1662312600,228
1662313500,205
1662314400,202
1662315300,214
1662316200,205
1662317100,198
1662318000,212
1662318900,199
1662319800,223
1662320700,181
1662321600,210
1662322500,184
1662323400,231
1662324300,239
1662325200,227
1662326100,193
1662327000,197
1662327900,150
1662328800,162
1662329700,135
1662330600,146
1662331500,132
1662332400,173
1662333300,148
1662334200,156
1662335100,129
1662336000,141
1662336900,141
1662337800,143
1662338700,146
1662339600,157
1662340500,152
1662341400,162
1662342300,136
1662343200,157
1662344100,140
1662345000,155
1662345900,135
1662346800,149
1662347700,139
1662348600,149
1662349500,150
1662350400,148
1662351300,139
1662352200,145
1662353100,139
1662354000,156
1662354900,139
1662355800,150
1662356700,141
1662357600,161
1662358500,145
1662359400,155
1662360300,170
1662361200,185
1662362100,175
1662363000,170
1662363900,242
1662364800,200
1662365700,241
1662366600,249
1662367500,264
1662368400,248
1662369300,262
1662370200,241
1662371100,219
1662372000,242
1662372900,275
1662373800,247
1662374700,213
1662375600,223
1662376500,275
1662377400,228
1662378300,225
1662379200,230
1662380100,428
1662381000,292
1662381900,328
1662382800,382
1662383700,233
1662384600,224
1662385500,195
1662386400,177
1662387300,241
1662388200,203
1662389100,234
1662390000,203
1662390900,205
1662391800,185
1662392700,175
1662393600,182
1662394500,174
1662395400,150
1662396300,636
1662397200,436
1662398100,211
1662399000,268
1662399900,201
1662400800,217
1662401700,229
1662402600,200
1662403500,197
1662404400,205
1662405300,174
1662406200,171
1662407100,173
1662408000,253
1662408900,191
1662409800,198
1662410700,188
1662411600,186
1662412500,226
1662413400,192
1662414300,166
1662415200,150
1662416100,156
1662417000,146
1662417900,160
1662418800,148
1662419700,157
1662420600,128
1662421500,168
1662422400,146
1662423300,150
1662424200,117
1662425100,138
1662426000,147
1662426900,145
1662427800,137
1662428700,147
1662429600,144
1662430500,146
1662431400,139
1662432300,150
1662433200,140
1662434100,154
1662435000,144
1662435900,146
1662436800,140
1662437700,137
1662438600,150
1662439500,147
1662440400,144
1662441300,140
1662442200,143
1662443100,153
1662444000,148
1662444900,132
1662445800,147
1662446700,140
1662447600,159
1662448500,186
1662449400,890
1662450300,206
1662451200,225
1662452100,205
1662453000,240
1662453900,250
1662454800,260
1662455700,235
1662456600,247
1662457500,531
1662458400,365
1662459300,264
1662460200,266
1662461100,253
1662462000,265
1662462900,235
1662463800,275
1662464700,847
1662465600,460
1662466500,256
1662467400,227
1662468300,251
1662469200,277
1662470100,272
1662471000,284
1662471900,246
1662472800,263
1662473700,274
1662474600,255
1662475500,221
1662476400,218
1662477300,615
1662478200,346
1662479100,196
1662480000,212
1662480900,191
1662481800,212
1662482700,207
1662483600,249
1662484500,246
1662485400,253
1662486300,245
1662487200,257
1662488100,244
1662489000,272
1662489900,229
1662490800,240
1662491700,304
1662492600,237
1662493500,231
1662494400,233
1662495300,224
1662496200,234
1662497100,246
1662498000,226
1662498900,193
1662499800,172
1662500700,169
1662501600,160
1662502500,152
1662503400,151
1662504300,139
1662505200,163
1662506100,152
1662507000,132
1662507900,150
1662508800,136
1662509700,161
1662510600,138
1662511500,145
1662512400,148
1662513300,152
1662514200,142
1662515100,141
1662516000,133
1662516900,145
1662517800,151
1662518700,144
1662519600,145
1662520500,138
1662521400,146
1662522300,146
1662523200,145
1662524100,139
1662525000,147
1662525900,141
1662526800,160
1662527700,139
1662528600,149
1662529500,140
1662530400,142
1662531300,152
1662532200,164
1662533100,193
1662534000,221
1662534900,294
1662535800,169
1662536700,168
1662537600,188
1662538500,188
1662539400,210
1662540300,205
1662541200,171
1662542100,169
1662543000,154
1662543900,185
1662544800,245
1662545700,214
1662546600,214
1662547500,634
1662548400,394
1662549300,219
1662550200,216
1662551100,218
1662552000,206
1662552900,188
1662553800,159
1662554700,167
1662555600,173
1662556500,158
1662557400,316
1662558300,169
1662559200,203
1662560100,189
1662561000,205
1662561900,185
1662562800,156
1662563700,215
1662564600,160
1662565500,199
1662566400,194
1662567300,183
1662568200,182
1662569100,186
1662570000,192
1662570900,180
1662571800,182
1662572700,216
1662573600,215
1662574500,195
1662575400,196
1662576300,186
1662577200,219
1662578100,176
1662579000,187
1662579900,176
1662580800,238
1662581700,181
1662582600,188
1662583500,188
1662584400,221
1662585300,200
1662586200,202
1662587100,203
1662588000,273
1662588900,262
1662589800,249
1662590700,174
1662591600,168
1662592500,146
1662593400,149
1662594300,145
1662595200,143
1662596100,154
1662597000,139
1662597900,154
1662598800,164
1662599700,139
1662600600,146
1662601500,145
1662602400,141
1662603300,147
1662604200,145
1662605100,154
1662606000,138
1662606900,145
1662607800,134
1662608700,157
1662609600,141
1662610500,150
1662611400,144
1662612300,152
1662613200,157
1662614100,147
1662615000,135
1662615900,169
1662616800,190
1662617700,257
1662618600,227
1662619500,189
1662620400,210
1662621300,194
1662622200,178
1662623100,241
1662624000,782
1662624900,580
1662625800,485
1662626700,550
1662627600,355
1662628500,259
1662629400,231
1662630300,230
1662631200,255
1662632100,519
1662633000,496
1662633900,500
1662634800,279
1662635700,246
1662636600,251
1662637500,244
1662638400,213
1662639300,208
1662640200,229
1662641100,244
1662642000,221
1662642900,208
1662643800,194
1662644700,201
1662645600,208
1662646500,185
1662647400,195
1662648300,251
1662649200,322
1662650100,230
1662651000,218
1662651900,254
1662652800,219
1662653700,213
1662654600,240
1662655500,222
1662656400,234
1662657300,236
1662658200,257
1662659100,251
1662660000,298
1662660900,324
1662661800,334
1662662700,309
1662663600,385
1662664500,424
1662665400,366
1662666300,333
1662667200,287
1662668100,236
1662669000,197
1662669900,179
1662670800,191
1662671700,183
1662672600,190
1662673500,179
1662674400,212
1662675300,177
1662676200,164
1662677100,144
1662678000,155
1662678900,162
1662679800,159
1662680700,143
1662681600,127
1662682500,148
1662683400,158
1662684300,137
1662685200,162
1662686100,161
1662687000,169
1662687900,138
1662688800,151
1662689700,141
1662690600,156
1662691500,147
1662692400,144
1662693300,136
1662694200,147
1662695100,152
1662696000,150
1662696900,140
1662697800,150
1662698700,143
1662699600,156
1662700500,527
1662701400,259
1662702300,232
1662703200,195
1662704100,210
1662705000,276
1662705900,250
1662706800,183
1662707700,266
1662708600,262
1662709500,290
1662710400,290
1662711300,279
1662712200,298
1662713100,330
1662714000,276
1662714900,363
1662715800,708
1662716700,416
1662717600,547
1662718500,416
1662719400,697
1662720300,324
1662721200,331
1662722100,264
1662723000,918
1662723900,920
1662724800,780
1662725700,745
1662726600,408
1662727500,227
1662728400,211
1662729300,240
1662730200,236
1662731100,276
1662732000,218
1662732900,354
1662733800,540
1662734700,258
1662735600,261
1662736500,278
1662737400,231
1662738300,253
1662739200,215
1662740100,224
1662741000,234
1662741900,244
1662742800,351
1662743700,493
1662744600,495
1662745500,689
1662746400,676
1662747300,707
1662748200,651
1662749100,570
1662750000,524
1662750900,513
1662751800,419
1662752700,320
1662753600,295
1662754500,337
1662755400,295
1662756300,230
1662757200,206
1662758100,220
1662759000,207
1662759900,220
1662760800,232
1662761700,215
1662762600,183
1662763500,187
1662764400,175
1662765300,173
1662766200,146
1662767100,139
1662768000,139
1662768900,156
1662769800,131
1662770700,161
1662771600,159
1662772500,164
1662773400,170
1662774300,147
1662775200,153
1662776100,161
1662777000,136
1662777900,152
1662778800,133
1662779700,143
1662780600,133
1662781500,150
1662782400,136
1662783300,143
1662784200,146
1662785100,145
1662786000,151
1662786900,162
1662787800,153
1662788700,226
1662789600,228
1662790500,213
1662791400,157
1662792300,162
1662793200,170
1662794100,165
1662795000,210
1662795900,176
1662796800,177
1662797700,194
1662798600,188
1662799500,228
1662800400,255
1662801300,290
1662802200,242
1662803100,255
1662804000,277
1662804900,574
1662805800,814
1662806700,1070
1662807600,707
1662808500,504
1662809400,461
1662810300,307
1662811200,294
1662812100,432
1662813000,288
1662813900,259
1662814800,273
1662815700,274
1662816600,247
1662817500,249
1662818400,290
1662819300,287
1662820200,249
1662821100,302
1662822000,315
1662822900,267
1662823800,289
1662824700,296
1662825600,271
1662826500,248
1662827400,539
1662828300,371
1662829200,256
1662830100,235
1662831000,338
1662831900,544
1662832800,372
1662833700,339
1662834600,329
1662835500,373
1662836400,396
1662837300,355
1662838200,353
1662839100,340
1662840000,294
1662840900,227
1662841800,255
1662842700,224
1662843600,219
1662844500,216
1662845400,200
1662846300,206
1662847200,207
1662848100,186
1662849000,162
1662849900,167
1662850800,140
1662851700,136
1662852600,149
1662853500,140
1662854400,159
1662855300,122
1662856200,149
1662857100,140
1662858000,144
1662858900,140
1662859800,174
1662860700,154
1662861600,167
1662862500,146
1662863400,163
1662864300,135
1662865200,142
1662866100,141
1662867000,150
1662867900,134
1662868800,142
1662869700,136
1662870600,167
1662871500,137
1662872400,151
1662873300,135
1662874200,169
1662875100,165
1662876000,160
1662876900,140
1662877800,287
1662878700,186
1662879600,187
1662880500,242
1662881400,231
1662882300,241
1662883200,233
1662884100,243
1662885000,251
1662885900,225
1662886800,238
1662887700,246
1662888600,257
1662889500,355
1662890400,432
1662891300,741
1662892200,1255
1662893100,883
1662894000,375
1662894900,373
1662895800,677
1662896700,874
1662897600,670
1662898500,438
1662899400,312
1662900300,314
1662901200,335
1662902100,377
1662903000,530
1662903900,397
1662904800,886
1662905700,795
1662906600,830
1662907500,519
1662908400,561
1662909300,575
1662910200,575
1662911100,575
1662912000,669
1662912900,519
1662913800,777
1662914700,848
1662915600,551
1662916500,379
1662917400,428
1662918300,586
1662919200,484
1662920100,422
1662921000,418
1662921900,460
1662922800,441
1662923700,428
1662924600,425
1662925500,410
1662926400,377
1662927300,323
1662928200,286
1662929100,274
1662930000,293
1662930900,283
1662931800,276
1662932700,255
1662933600,245
1662934500,243
1662935400,255
1662936300,245
1662937200,221
1662938100,244
1662939000,213
1662939900,148
1662940800,126
1662941700,151
1662942600,153
1662943500,164
1662944400,133
1662945300,173
1662946200,165
1662947100,156
1662948000,143
1662948900,167
1662949800,163
1662950700,176
1662951600,143
1662952500,151
1662953400,135
1662954300,151
1662955200,140
1662956100,137
1662957000,147
1662957900,144
1662958800,161
1662959700,138
1662960600,167
1662961500,180
1662962400,196
1662963300,251
1662964200,679
1662965100,754
1662966000,747
1662966900,295
1662967800,317
1662968700,388
1662969600,400
1662970500,424
1662971400,424
1662972300,449
1662973200,299
1662974100,290
1662975000,298
1662975900,865
1662976800,973
1662977700,1104
1662978600,879
1662979500,532
1662980400,409
1662981300,435
1662982200,688
1662983100,415
1662984000,520
1662984900,409
1662985800,850
1662986700,956
1662987600,513
1662988500,556
1662989400,473
1662990300,481
1662991200,316
1662992100,335
1662993000,295
1662993900,317
1662994800,748
1662995700,740
1662996600,584
1662997500,291
1662998400,287
1662999300,674
1663000200,616
1663001100,370
1663002000,334
1663002900,380
1663003800,447
1663004700,428
1663005600,421
1663006500,402
1663007400,394
1663008300,430
1663009200,368
1663010100,389
1663011000,362
1663011900,380
1663012800,338
1663013700,371
1663014600,314
1663015500,262
1663016400,242
1663017300,240
1663018200,228
1663019100,216
1663020000,188
1663020900,190
1663021800,192
1663022700,156
1663023600,158
1663024500,158
1663025400,156
1663026300,143
1663027200,163
1663028100,156
1663029000,152
1663029900,131
1663030800,152
1663031700,159
1663032600,154
1663033500,146
1663034400,159
1663035300,161
1663036200,172
1663037100,157
1663038000,159
1663038900,164
1663039800,136
1663040700,156
1663041600,133
1663042500,144
1663043400,135
1663044300,154
1663045200,145
1663046100,151
1663047000,140
1663047900,148
1663048800,146
1663049700,174
1663050600,266
1663051500,240
1663052400,240
1663053300,232
1663054200,193
1663055100,264
1663056000,266
1663056900,272
1663057800,270
1663058700,292
1663059600,341
1663060500,506
1663061400,784
1663062300,490
1663063200,350
1663064100,318
1663065000,295
1663065900,339
1663066800,298
1663067700,302
1663068600,379
1663069500,287
1663070400,262
1663071300,273
1663072200,253
1663073100,268
1663074000,276
1663074900,290
1663075800,314
1663076700,400
1663077600,291
1663078500,313
1663079400,290
1663080300,275
1663081200,254
1663082100,261
1663083000,260
1663083900,260
1663084800,288
1663085700,286
1663086600,304
1663087500,606
1663088400,308
1663089300,356
1663090200,313
1663091100,406
1663092000,423
1663092900,422
1663093800,433
1663094700,796
1663095600,419
1663096500,372
1663097400,344
1663098300,738
1663099200,545
1663100100,336
1663101000,273
1663101900,225
1663102800,208
1663103700,211
1663104600,210
1663105500,204
1663106400,204
1663107300,212
1663108200,181
1663109100,157
1663110000,162
1663110900,166
1663111800,142
1663112700,145
1663113600,149
1663114500,130
1663115400,165
1663116300,153
1663117200,161
1663118100,157
1663119000,147
1663119900,152
1663120800,148
1663121700,152
1663122600,145
1663123500,161
1663124400,147
1663125300,157
1663126200,146
1663127100,170
1663128000,180
1663128900,161
1663129800,159
1663130700,154
1663131600,159
1663132500,168
1663133400,169
1663134300,262
1663135200,216
1663136100,240
1663137000,221
1663137900,215
1663138800,319
1663139700,288
1663140600,346
1663141500,341
1663142400,290
1663143300,301
1663144200,295
1663145100,346
1663146000,312
1663146900,223
1663147800,518
1663148700,354
1663149600,237
1663150500,227
1663151400,369
1663152300,231
1663153200,262
1663154100,221
1663155000,174
1663155900,179
1663156800,170
1663157700,178
1663158600,139
1663159500,278
1663160400,244
1663161300,318
1663162200,312
1663163100,278
1663164000,263
1663164900,245
1663165800,308
1663166700,317
1663167600,452
1663168500,321
1663169400,303
1663170300,404
1663171200,335
1663172100,451
1663173000,425
1663173900,456
1663174800,397
1663175700,379
1663176600,370
1663177500,429
1663178400,358
1663179300,424
1663180200,395
1663181100,403
1663182000,388
1663182900,360
1663183800,344
1663184700,339
1663185600,268
1663186500,251
1663187400,241
1663188300,198
1663189200,206
1663190100,202
1663191000,215
1663191900,188
1663192800,184
1663193700,159
1663194600,146
1663195500,166
1663196400,153
1663197300,163
1663198200,151
1663199100,137
1663200000,144
1663200900,145
1663201800,140
1663202700,149
1663203600,141
1663204500,134
1663205400,162
1663206300,145
1663207200,142
1663208100,138
1663209000,144
1663209900,144
1663210800,138
1663211700,157
1663212600,148
1663213500,176
1663214400,175
1663215300,186
1663216200,155
1663217100,173
1663218000,166
1663218900,176
1663219800,168
1663220700,164
1663221600,262
1663222500,200
1663223400,205
1663224300,179
1663225200,193
1663226100,197
1663227000,228
1663227900,716
1663228800,922
1663229700,362
1663230600,320
1663231500,387
1663232400,441
1663233300,429
1663234200,418
1663235100,615
1663236000,344
1663236900,267
1663237800,701
1663238700,920
1663239600,444
1663240500,643
1663241400,266
1663242300,281
1663243200,313
1663244100,638
1663245000,581
1663245900,299
1663246800,240
1663247700,222
1663248600,231
1663249500,230
1663250400,254
1663251300,218
1663252200,296
1663253100,255
1663254000,285
1663254900,404
1663255800,403
1663256700,416
1663257600,392
1663258500,331
1663259400,303
1663260300,279
1663261200,266
1663262100,284
1663263000,357
1663263900,297
1663264800,364
1663265700,451
1663266600,429
1663267500,363
1663268400,379
1663269300,371
1663270200,381
1663271100,355
1663272000,380
1663272900,351
1663273800,309
1663274700,217
1663275600,209
1663276500,197
1663277400,188
1663278300,195
1663279200,191
1663280100,187
1663281000,150
1663281900,126
1663282800,117
1663283700,111
1663284600,172
1663285500,172
1663286400,179
1663287300,168
1663288200,171
1663289100,176
1663290000,189
1663290900,188
1663291800,165
1663292700,159
1663293600,168
1663294500,168
1663295400,175
1663296300,164
1663297200,153
1663298100,165
1663299000,176
1663299900,179
1663300800,174
1663301700,189
1663302600,173
1663303500,195
1663304400,195
1663305300,285
1663306200,181
1663307100,282
1663308000,403
1663308900,355
1663309800,336
1663310700,271
1663311600,362
1663312500,459
1663313400,568
1663314300,440
1663315200,275
1663316100,302
1663317000,279
1663317900,280
1663318800,301
1663319700,288
1663320600,515
1663321500,790
1663322400,751
1663323300,559
1663324200,676
1663325100,399
1663326000,412
1663326900,519
1663327800,292
1663328700,368
1663329600,270
1663330500,843
1663331400,349
1663332300,259
1663333200,310
1663334100,299
1663335000,291
1663335900,477
1663336800,269
1663337700,269
1663338600,262
1663339500,318
1663340400,310
1663341300,368
1663342200,392
1663343100,457
1663344000,587
1663344900,827
1663345800,455
1663346700,443
1663347600,415
1663348500,358
1663349400,429
1663350300,404
1663351200,411
1663352100,399
1663353000,406
1663353900,377
1663354800,381
1663355700,356
1663356600,363
1663357500,339
1663358400,305
1663359300,232
1663360200,181
1663361100,204
1663362000,175
1663362900,210
1663363800,191
1663364700,200
1663365600,167
1663366500,167
1663367400,171
1663368300,151
1663369200,136
1663370100,143
1663371000,144
1663371900,147
1663372800,129
1663373700,137
1663374600,146
1663375500,132
1663376400,143
1663377300,148
1663378200,146
1663379100,137
1663380000,137
1663380900,123
1663381800,129
1663382700,119
1663383600,128
1663384500,130
1663385400,125
1663386300,142
1663387200,159
1663388100,143
1663389000,152
1663389900,146
1663390800,792
1663391700,852
1663392600,896
1663393500,522
1663394400,361
1663395300,483
1663396200,447
1663397100,398
1663398000,367
1663398900,394
1663399800,391
1663400700,366
1663401600,780
1663402500,646
1663403400,554
1663404300,814
1663405200,940
1663406100,686
1663407000,664
1663407900,460
1663408800,632
1663409700,395
1663410600,411
1663411500,534
1663412400,423
1663413300,286
1663414200,284
1663415100,266
1663416000,257
1663416900,254
1663417800,351
1663418700,293
1663419600,384
1663420500,487
1663421400,475
1663422300,402
1663423200,408
1663424100,432
1663425000,434
1663425900,385
1663426800,655
1663427700,757
1663428600,1018
1663429500,974
1663430400,919
1663431300,1379
1663432200,1214
1663433100,667
1663434000,491
1663434900,471
1663435800,428
1663436700,493
1663437600,366
1663438500,351
1663439400,362
1663440300,358
1663441200,356
1663442100,365
1663443000,349
1663443900,333
1663444800,305
1663445700,235
1663446600,232
1663447500,227
1663448400,232
1663449300,224
1663450200,173
1663451100,200
1663452000,188
1663452900,176
1663453800,193
1663454700,163
1663455600,149
1663456500,136
1663457400,132
1663458300,139
1663459200,157
1663460100,120
1663461000,147
1663461900,139
1663462800,150
1663463700,139
1663464600,138
1663465500,139
1663466400,147
1663467300,129
1663468200,132
1663469100,120
1663470000,129
1663470900,120
1663471800,138
1663472700,121
1663473600,124
1663474500,135
1663475400,131
1663476300,142
1663477200,277
1663478100,668
1663479000,322
1663479900,434
1663480800,320
1663481700,323
1663482600,726
1663483500,803
1663484400,509
1663485300,253
1663486200,277
1663487100,259
1663488000,232
1663488900,248
1663489800,291
1663490700,272
1663491600,286
1663492500,257
1663493400,392
1663494300,411
1663495200,408
1663496100,261
1663497000,250
1663497900,273
1663498800,346
1663499700,497
1663500600,478
1663501500,431
1663502400,440
1663503300,910
1663504200,502
1663505100,494
1663506000,563
1663506900,568
1663507800,611
1663508700,592
1663509600,882
1663510500,925
1663511400,1002
1663512300,584
1663513200,283
1663514100,318
1663515000,454
1663515900,315
1663516800,321
1663517700,350
1663518600,333
1663519500,232
1663520400,256
1663521300,312
1663522200,366
1663523100,294
1663524000,270
1663524900,241
1663525800,330
1663526700,227
1663527600,240
1663528500,237
1663529400,223
1663530300,219
1663531200,235
1663532100,229
1663533000,196
1663533900,176
1663534800,179
1663535700,187
1663536600,180
1663537500,179
1663538400,209
1663539300,174
1663540200,177
1663541100,131
1663542000,118
1663542900,143
1663543800,122
1663544700,127
1663545600,99
1663546500,127
1663547400,125
1663548300,113
1663549200,110
1663550100,126
1663551000,133
1663551900,133
1663552800,102
1663553700,119
1663554600,105
1663555500,108
1663556400,104
1663557300,98
1663558200,107
1663559100,107
1663560000,106
1663560900,110
1663561800,108
1663562700,102
1663563600,186
1663564500,140
1663565400,186
1663566300,169
1663567200,137
1663568100,141
1663569000,197
1663569900,694
1663570800,491
1663571700,355
1663572600,749
1663573500,476
1663574400,328
1663575300,311
1663576200,699
1663577100,660
1663578000,412
1663578900,622
1663579800,839
1663580700,420
1663581600,363
1663582500,510
1663583400,369
1663584300,494
1663585200,904
1663586100,841
1663587000,649
1663587900,568
1663588800,532
1663589700,458
1663590600,362
1663591500,457
1663592400,338
1663593300,326
1663594200,362
1663595100,375
1663596000,404
1663596900,483
1663597800,625
1663598700,271
1663599600,251
1663600500,548
1663601400,793
1663602300,517
1663603200,258
1663604100,273
1663605000,220
1663605900,474
1663606800,403
1663607700,841
1663608600,550
1663609500,909
1663610400,875
1663611300,778
1663612200,360
1663613100,327
1663614000,307
1663614900,320
1663615800,301
1663616700,304
1663617600,241
1663618500,243
1663619400,199
1663620300,137
1663621200,133
1663622100,148
1663623000,126
1663623900,142
1663624800,147
1663625700,130
1663626600,110
1663627500,145
1663628400,147
1663629300,136
1663630200,121
1663631100,139
1663632000,144
1663632900,139
1663633800,117
1663634700,137
1663635600,141
1663636500,135
1663637400,124
1663638300,138
1663639200,140
1663640100,144
1663641000,121
1663641900,114
1663642800,122
1663643700,125
1663644600,127
1663645500,112
1663646400,123
1663647300,120
1663648200,142
1663649100,114
1663650000,124
1663650900,124
1663651800,147
1663652700,132
1663653600,142
1663654500,133
1663655400,130
1663656300,429
1663657200,583
1663658100,951
1663659000,354
1663659900,248
1663660800,291
1663661700,330
1663662600,416
1663663500,389
1663664400,443
1663665300,359
1663666200,183
1663667100,168
1663668000,162
1663668900,171
1663669800,173
1663670700,155
1663671600,142
1663672500,153
1663673400,145
1663674300,163
1663675200,142
1663676100,156
1663677000,224
1663677900,263
1663678800,234
1663679700,256
1663680600,251
1663681500,255
1663682400,238
1663683300,222
1663684200,193
1663685100,188
1663686000,216
1663686900,225
1663687800,209
1663688700,243
1663689600,244
1663690500,359
1663691400,230
1663692300,236
1663693200,245
1663694100,257
1663695000,328
1663695900,434
1663696800,325
1663697700,298
1663698600,316
1663699500,368
1663700400,329
1663701300,356
1663702200,373
1663703100,272
1663704000,236
1663704900,229
1663705800,212
1663706700,213
1663707600,188
1663708500,157
1663709400,149
1663710300,159
1663711200,181
1663712100,156
1663713000,153
1663713900,143
1663714800,158
1663715700,152
1663716600,160
1663717500,152
1663718400,161
1663719300,150
1663720200,155
1663721100,156
1663722000,153
1663722900,150
1663723800,169
1663724700,153
1663725600,155
1663726500,146
1663727400,149
1663728300,168
1663729200,133
1663730100,141
1663731000,142
1663731900,177
1663732800,163
1663733700,171
1663734600,154
1663735500,172
1663736400,168
1663737300,148
1663738200,167
1663739100,186
1663740000,248
1663740900,167
1663741800,176
1663742700,179
1663743600,176
1663744500,165
1663745400,161
1663746300,149
1663747200,156
1663748100,205
1663749000,237
1663749900,219
1663750800,212
1663751700,239
1663752600,496
1663753500,284
1663754400,438
1663755300,298
1663756200,310
1663757100,447
1663758000,437
1663758900,293
1663759800,350
1663760700,332
1663761600,246
1663762500,265
1663763400,259
1663764300,257
1663765200,251
1663766100,266
1663767000,263
1663767900,286
1663768800,255
1663769700,248
1663770600,265
1663771500,260
1663772400,270
1663773300,291
1663774200,286
1663775100,410
1663776000,318
1663776900,387
1663777800,347
1663778700,500
1663779600,533
1663780500,552
1663781400,423
1663782300,463
1663783200,931
1663784100,494
1663785000,411
1663785900,415
1663786800,402
1663787700,396
1663788600,401
1663789500,379
1663790400,364
1663791300,226
1663792200,200
1663793100,196
1663794000,198
1663794900,212
1663795800,182
1663796700,180
1663797600,150
1663798500,158
1663799400,153
1663800300,159
1663801200,156
1663802100,155
1663803000,166
1663803900,136
1663804800,158
1663805700,140
1663806600,159
1663807500,156
1663808400,158
1663809300,161
1663810200,142
1663811100,160
1663812000,164
1663812900,140
1663813800,156
1663814700,160
1663815600,167
1663816500,151
1663817400,159
1663818300,173
1663819200,179
1663820100,148
1663821000,161
1663821900,148
1663822800,167
1663823700,157
1663824600,164
1663825500,234
1663826400,156
1663827300,147
1663828200,150
1663829100,175
1663830000,208
1663830900,322
1663831800,326
1663832700,336
1663833600,423
1663834500,321
1663835400,312
1663836300,291
1663837200,292
1663838100,548
1663839000,623
1663839900,238
1663840800,601
1663841700,453
1663842600,375
1663843500,269
1663844400,265
1663845300,232
1663846200,232
1663847100,331
1663848000,315
1663848900,294
1663849800,324
1663850700,204
1663851600,218
1663852500,234
1663853400,231
1663854300,233
1663855200,230
1663856100,227
1663857000,343
1663857900,409
1663858800,354
1663859700,286
1663860600,275
1663861500,326
1663862400,317
1663863300,279
1663864200,383
1663865100,389
1663866000,423
1663866900,418
1663867800,431
1663868700,444
1663869600,461
1663870500,446
1663871400,431
1663872300,398
1663873200,392
1663874100,392
1663875000,367
1663875900,376
1663876800,374
1663877700,291
1663878600,220
1663879500,216
1663880400,210
1663881300,218
1663882200,199
1663883100,204
1663884000,193
1663884900,184
1663885800,140
1663886700,135
1663887600,145
1663888500,151
1663889400,136
1663890300,149
1663891200,139
1663892100,131
1663893000,153
1663893900,166
1663894800,152
1663895700,142
1663896600,158
1663897500,170
1663898400,153
1663899300,143
1663900200,143
1663901100,157
1663902000,149
1663902900,150
1663903800,140
1663904700,169
1663905600,166
1663906500,157
1663907400,150
1663908300,153
1663909200,194
1663910100,600
1663911000,305
1663911900,206
1663912800,208
1663913700,548
1663914600,487
1663915500,375
1663916400,224
1663917300,334
1663918200,676
1663919100,184
1663920000,174
1663920900,198
1663921800,224
1663922700,404
1663923600,228
1663924500,211
1663925400,207
1663926300,198
1663927200,204
1663928100,256
1663929000,209
1663929900,167
1663930800,141
1663931700,155
1663932600,155
1663933500,148
1663934400,170
1663935300,180
1663936200,202
1663937100,211
1663938000,281
1663938900,239
1663939800,257
1663940700,241
1663941600,249
1663942500,239
1663943400,239
1663944300,264
1663945200,262
1663946100,396
1663947000,425
1663947900,397
1663948800,382
1663949700,373
1663950600,336
1663951500,497
1663952400,354
1663953300,403
1663954200,412
1663955100,416
1663956000,422
1663956900,470
1663957800,495
1663958700,478
1663959600,445
1663960500,442
1663961400,424
1663962300,429
1663963200,394
1663964100,402
1663965000,391
1663965900,350
1663966800,327
1663967700,329
1663968600,259
1663969500,245
1663970400,193
1663971300,191
1663972200,177
1663973100,170
1663974000,165
1663974900,189
1663975800,143
1663976700,161
1663977600,148
1663978500,153
1663979400,144
1663980300,156
1663981200,152
1663982100,157
1663983000,162
1663983900,155
1663984800,158
1663985700,174
1663986600,165
1663987500,157
1663988400,167
1663989300,181
1663990200,145
1663991100,200
1663992000,191
1663992900,200
1663993800,174
1663994700,183
1663995600,182
1663996500,190
1663997400,241
1663998300,165
1663999200,159
1664000100,209
1664001000,217
1664001900,229
1664002800,352
1664003700,444
1664004600,405
1664005500,352
1664006400,368
1664007300,529
1664008200,444
1664009100,345
1664010000,293
1664010900,322
1664011800,505
1664012700,641
1664013600,508
1664014500,350
1664015400,293
1664016300,305
1664017200,224
1664018100,337
1664019000,302
1664019900,296
1664020800,319
1664021700,283
1664022600,386
1664023500,311
1664024400,364
1664025300,274
1664026200,273
1664027100,283
1664028000,249
1664028900,250
1664029800,370
1664030700,311
1664031600,257
1664032500,297
1664033400,437
1664034300,354
1664035200,259
1664036100,294
1664037000,376
1664037900,474
1664038800,439
1664039700,601
1664040600,567
1664041500,845
1664042400,491
1664043300,496
1664044200,484
1664045100,904
1664046000,668
1664046900,524
1664047800,527
1664048700,473
1664049600,528
1664050500,334
1664051400,247
1664052300,286
1664053200,275
1664054100,270
1664055000,262
1664055900,299
1664056800,289
1664057700,222
1664058600,186
1664059500,197
1664060400,165
1664061300,166
1664062200,206
1664063100,216
1664064000,183
1664064900,184
1664065800,215
1664066700,197
1664067600,181
1664068500,165
1664069400,182
1664070300,179
1664071200,182
1664072100,194
1664073000,216
1664073900,186
1664074800,167
1664075700,172
1664076600,156
1664077500,181
1664078400,215
1664079300,193
1664080200,168
1664081100,170
1664082000,167
1664082900,204
1664083800,298
1664084700,183
1664085600,256
1664086500,257
1664087400,277
1664088300,324
1664089200,278
1664090100,266
1664091000,232
1664091900,263
1664092800,303
1664093700,335
1664094600,232
1664095500,221
1664096400,236
1664097300,313
1664098200,257
1664099100,247
1664100000,452
1664100900,351
1664101800,271
1664102700,418
1664103600,504
1664104500,562
1664105400,432
1664106300,352
1664107200,260
1664108100,283
1664109000,252
1664109900,233
1664110800,223
1664111700,262
1664112600,273
1664113500,259
1664114400,451
1664115300,451
1664116200,372
1664117100,358
1664118000,387
1664118900,384
1664119800,469
1664120700,325
1664121600,241
1664122500,394
1664123400,382
1664124300,292
1664125200,303
1664126100,443
1664127000,488
1664127900,492
1664128800,453
1664129700,432
1664130600,460
1664131500,478
1664132400,437
1664133300,427
1664134200,421
1664135100,450
1664136000,431
1664136900,393
1664137800,301
1664138700,300
1664139600,285
1664140500,243
1664141400,214
1664142300,230
1664143200,229
1664144100,232
1664145000,188
1664145900,168
1664146800,181
1664147700,237
1664148600,199
1664149500,184
1664150400,208
1664151300,218
1664152200,178
1664153100,176
1664154000,228
1664154900,211
1664155800,174
1664156700,207
1664157600,215
1664158500,218
1664159400,167
1664160300,165
1664161200,235
1664162100,204
1664163000,179
1664163900,192
1664164800,225
1664165700,169
1664166600,166
1664167500,222
1664168400,207
1664169300,190
1664170200,218
1664171100,187
1664172000,164
1664172900,193
1664173800,229
1664174700,300
1664175600,239
1664176500,255
1664177400,187
1664178300,338
1664179200,778
1664180100,857
1664181000,338
1664181900,547
1664182800,519
1664183700,547
1664184600,484
1664185500,408
1664186400,387
1664187300,484
1664188200,947
1664189100,944
1664190000,472
1664190900,327
1664191800,412
1664192700,492
1664193600,346
1664194500,279
1664195400,320
1664196300,592
1664197200,903
1664198100,758
1664199000,516
1664199900,624
1664200800,408
1664201700,389
1664202600,391
1664203500,448
1664204400,724
1664205300,316
1664206200,331
1664207100,295
1664208000,273
1664208900,350
1664209800,358
1664210700,364
1664211600,362
1664212500,361
1664213400,405
1664214300,400
1664215200,408
1664216100,355
1664217000,407
1664217900,386
1664218800,356
1664219700,323
1664220600,364
1664221500,371
1664222400,329
1664223300,332
1664224200,308
1664225100,301
1664226000,220
1664226900,191
1664227800,194
1664228700,260
1664229600,279
1664230500,256
1664231400,251
1664232300,183
1664233200,237
1664234100,250
1664235000,205
1664235900,184
1664236800,224
1664237700,247
1664238600,183
1664239500,205
1664240400,234
1664241300,222
1664242200,180
1664243100,220
1664244000,225
1664244900,186
1664245800,202
1664246700,223
1664247600,224
1664248500,162
1664249400,190
1664250300,211
1664251200,182
1664252100,191
1664253000,220
1664253900,219
1664254800,165
1664255700,202
1664256600,240
1664257500,162
1664258400,224
1664259300,369
1664260200,250
1664261100,209
1664262000,264
1664262900,277
1664263800,540
1664264700,262
1664265600,253
1664266500,327
1664267400,354
1664268300,296
1664269200,349
1664270100,350
1664271000,314
1664271900,256
1664272800,332
1664273700,372
1664274600,329
1664275500,283
1664276400,268
1664277300,305
1664278200,359
1664279100,252
1664280000,237
1664280900,275
1664281800,283
1664282700,262
1664283600,229
1664284500,274
1664285400,283
1664286300,310
1664287200,244
1664288100,294
1664289000,320
1664289900,759
1664290800,977
1664291700,272
1664292600,323
1664293500,354
1664294400,335
1664295300,277
1664296200,320
1664297100,382
1664298000,400
1664298900,432
1664299800,483
1664300700,474
1664301600,404
1664302500,440
1664303400,492
1664304300,479
1664305200,419
1664306100,389
1664307000,404
1664307900,349
1664308800,267
1664309700,249
1664310600,273
1664311500,240
1664312400,217
1664313300,218
1664314200,205
1664315100,250
1664316000,244
1664316900,254
1664317800,250
1664318700,197
1664319600,168
1664320500,238
1664321400,194
1664322300,178
1664323200,207
1664324100,229
1664325000,197
1664325900,162
1664326800,236
1664327700,228
1664328600,182
1664329500,152
1664330400,221
1664331300,218
1664332200,184
1664333100,155
1664334000,217
1664334900,216
1664335800,189
1664336700,169
1664337600,250
1664338500,347
1664339400,245
1664340300,208
1664341200,258
1664342100,235
1664343000,202
1664343900,219
1664344800,242
1664345700,252
1664346600,250
1664347500,222
1664348400,265
1664349300,262
1664350200,217
1664351100,216
1664352000,259
1664352900,265
1664353800,214
1664354700,360
1664355600,379
1664356500,356
1664357400,940
1664358300,605
1664359200,833
1664360100,311
1664361000,264
1664361900,290
1664362800,356
1664363700,291
1664364600,262
1664365500,237
1664366400,307
1664367300,313
1664368200,272
1664369100,254
1664370000,329
1664370900,344
1664371800,303
1664372700,267
1664373600,241
1664374500,288
1664375400,329
1664376300,291
1664377200,327
1664378100,300
1664379000,312
1664379900,267
1664380800,285
1664381700,391
1664382600,422
1664383500,415
1664384400,560
1664385300,612
1664386200,520
1664387100,269
1664388000,303
1664388900,375
1664389800,348
1664390700,322
1664391600,379
1664392500,386
1664393400,360
1664394300,287
1664395200,316
1664396100,317
1664397000,272
1664397900,265
1664398800,303
1664399700,260
1664400600,249
1664401500,241
1664402400,255
1664403300,236
1664404200,213
1664405100,163
1664406000,209
1664406900,228
1664407800,175
1664408700,182
1664409600,227
1664410500,206
1664411400,167
1664412300,212
1664413200,216
1664414100,207
1664415000,174
1664415900,203
1664416800,217
1664417700,166
1664418600,159
1664419500,215
1664420400,198
1664421300,166
1664422200,162
1664423100,243
1664424000,204
1664424900,185
1664425800,316
1664426700,252
1664427600,200
1664428500,500
1664429400,482
1664430300,661
1664431200,273
1664432100,238
1664433000,406
1664433900,493
1664434800,585
1664435700,187
1664436600,289
1664437500,296
1664438400,279
1664439300,308
1664440200,373
1664441100,352
1664442000,313
1664442900,344
1664443800,445
1664444700,729
1664445600,356
1664446500,310
1664447400,305
1664448300,399
1664449200,306
1664450100,273
1664451000,276
1664451900,417
1664452800,467
1664453700,491
1664454600,304
1664455500,215
1664456400,182
1664457300,270
1664458200,305
1664459100,242
1664460000,411
1664460900,334
1664461800,340
1664462700,412
1664463600,476
1664464500,450
1664465400,393
1664466300,411
1664467200,491
1664468100,565
1664469000,413
1664469900,407
1664470800,533
1664471700,457
1664472600,432
1664473500,465
1664474400,427
1664475300,431
1664476200,472
1664477100,494
1664478000,426
1664478900,398
1664479800,408
1664480700,456
1664481600,422
1664482500,373
1664483400,305
1664484300,297
1664485200,236
1664486100,212
1664487000,232
1664487900,272
1664488800,286
1664489700,234
1664490600,210
1664491500,157
1664492400,194
1664493300,205
1664494200,170
1664495100,156
1664496000,215
1664496900,200
1664497800,165
1664498700,173
1664499600,223
1664500500,204
1664501400,162
1664502300,205
1664503200,232
1664504100,206
1664505000,157
1664505900,219
1664506800,213
1664507700,223
1664508600,172
1664509500,219
1664510400,254
1664511300,283
1664512200,253
1664513100,249
1664514000,264
1664514900,215
1664515800,200
1664516700,219
1664517600,238
1664518500,182
1664519400,214
1664520300,242
1664521200,239
1664522100,180
1664523000,180
1664523900,255
1664524800,275
1664525700,538
1664526600,763
1664527500,549
1664528400,483
1664529300,383
1664530200,282
1664531100,414
1664532000,503
1664532900,653
1664533800,292
1664534700,362
1664535600,275
1664536500,215
1664537400,213
1664538300,277
1664539200,265
1664540100,201
1664541000,212
1664541900,266
1664542800,230
1664543700,259
1664544600,214
1664545500,262
1664546400,253
1664547300,312
1664548200,278
1664549100,617
1664550000,612
1664550900,339
1664551800,390
1664552700,374
1664553600,774
1664554500,369
1664555400,235
1664556300,270
1664557200,337
1664558100,311
1664559000,355
1664559900,415
1664560800,379
1664561700,388
1664562600,433
1664563500,396
1664564400,358
1664565300,341
1664566200,377
1664567100,368
1664568000,298
1664568900,294
1664569800,370
1664570700,256
1664571600,193
1664572500,198
1664573400,203
1664574300,234
1664575200,233
1664576100,226
1664577000,206
1664577900,183
1664578800,197
1664579700,225
1664580600,184
1664581500,172
1664582400,221
1664583300,203
1664584200,177
1664585100,177
1664586000,245
1664586900,201
1664587800,167
1664588700,196
1664589600,236
1664590500,199
1664591400,148
1664592300,174
1664593200,221
1664594100,203
1664595000,148
1664595900,228
1664596800,236
1664597700,279
1664598600,185
1664599500,238
1664600400,268
1664601300,233
1664602200,227
1664603100,220
1664604000,228
1664604900,185
1664605800,202
1664606700,225
1664607600,238
1664608500,178
1664609400,157
1664610300,270
1664611200,469
1664612100,305
1664613000,272
1664613900,309
1664614800,276
1664615700,216
1664616600,238
1664617500,290
1664618400,456
1664619300,563
1664620200,434
1664621100,366
1664622000,279
1664622900,262
1664623800,452
1664624700,349
1664625600,282
1664626500,278
1664627400,305
1664628300,309
1664629200,319
1664630100,264
1664631000,308
1664631900,308
1664632800,248
1664633700,245
1664634600,282
1664635500,259
1664636400,225
1664637300,323
1664638200,343
1664639100,413
1664640000,515
1664640900,362
1664641800,399
1664642700,343
1664643600,395
1664644500,501
1664645400,497
1664646300,461
1664647200,448
1664648100,491
1664649000,463
1664649900,417
1664650800,436
1664651700,529
1664652600,484
1664653500,385
1664654400,297
1664655300,335
1664656200,339
1664657100,270
1664658000,284
1664658900,289
1664659800,227
1664660700,244
1664661600,235
1664662500,236
1664663400,224
1664664300,183
1664665200,191
1664666100,231
1664667000,186
1664667900,178
1664668800,223
1664669700,229
1664670600,165
1664671500,181
1664672400,225
1664673300,224
1664674200,165
1664675100,203
1664676000,235
1664676900,209
1664677800,166
1664678700,191
1664679600,240
1664680500,199
1664681400,176
1664682300,195
1664683200,234
1664684100,299
1664685000,224
1664685900,213
1664686800,347
1664687700,293
1664688600,227
1664689500,295
1664690400,335
1664691300,319
1664692200,325
1664693100,369
1664694000,420
1664694900,414
1664695800,416
1664696700,539
1664697600,552
1664698500,472
1664699400,467
1664700300,541
1664701200,533
1664702100,1031
1664703000,1208
1664703900,862
1664704800,718
1664705700,729
1664706600,502
1664707500,656
1664708400,406
1664709300,320
1664710200,384
1664711100,764
1664712000,887
1664712900,559
1664713800,560
1664714700,671
1664715600,530
1664716500,577
1664717400,558
1664718300,587
1664719200,635
1664720100,1223
1664721000,1101
1664721900,643
1664722800,479
1664723700,339
1664724600,405
1664725500,396
1664726400,308
1664727300,279
1664728200,305
1664729100,410
1664730000,412
1664730900,372
1664731800,406
1664732700,469
1664733600,374
1664734500,472
1664735400,438
1664736300,409
1664737200,374
1664738100,393
1664739000,511
1664739900,503
1664740800,316
1664741700,361
1664742600,457
1664743500,328
1664744400,250
1664745300,212
1664746200,200
1664747100,251
1664748000,250
1664748900,248
1664749800,201
1664750700,164
1664751600,171
1664752500,208
1664753400,164
1664754300,150
1664755200,207
1664756100,212
1664757000,148
1664757900,165
1664758800,201
1664759700,204
1664760600,147
1664761500,156
1664762400,190
1664763300,195
1664764200,134
1664765100,145
1664766000,194
1664766900,171
1664767800,148
1664768700,171
1664769600,197
1664770500,151
1664771400,166
1664772300,194
1664773200,204
1664774100,152
1664775000,156
1664775900,198
1664776800,641
1664777700,699
1664778600,271
1664779500,342
1664780400,476
1664781300,474
1664782200,302
1664783100,288
1664784000,294
1664784900,265
1664785800,659
1664786700,378
1664787600,301
1664788500,261
1664789400,287
1664790300,699
1664791200,611
1664792100,367
1664793000,346
1664793900,331
1664794800,504
1664795700,369
1664796600,269
1664797500,320
1664798400,387
1664799300,776
1664800200,317
1664801100,293
1664802000,316
1664802900,317
1664803800,268
1664804700,284
1664805600,315
1664806500,319
1664807400,256
1664808300,248
1664809200,321
1664810100,299
1664811000,400
1664811900,528
1664812800,320
1664813700,646
1664814600,621
1664815500,609
1664816400,490
1664817300,298
1664818200,267
1664819100,326
1664820000,391
1664820900,299
1664821800,288
1664822700,341
1664823600,336
1664824500,289
1664825400,380
1664826300,370
1664827200,316
1664828100,270
1664829000,312
1664829900,334
1664830800,338
1664831700,236
1664832600,230
1664833500,271
1664834400,214
1664835300,194
1664836200,152
1664837100,159
1664838000,181
1664838900,212
1664839800,151
1664840700,164
1664841600,195
1664842500,205
1664843400,144
1664844300,163
1664845200,203
1664846100,212
1664847000,145
1664847900,173
1664848800,190
1664849700,179
1664850600,161
1664851500,186
1664852400,202
1664853300,174
1664854200,153
1664855100,198
1664856000,193
1664856900,136
1664857800,142
1664858700,190
1664859600,198
1664860500,127
1664861400,140
1664862300,313
1664863200,267
1664864100,190
1664865000,238
1664865900,388
1664866800,439
1664867700,348
1664868600,336
1664869500,399
1664870400,594
1664871300,1334
1664872200,898
1664873100,468
1664874000,500
1664874900,337
1664875800,376
1664876700,469
1664877600,354
1664878500,300
1664879400,377
1664880300,322
1664881200,216
1664882100,213
1664883000,222
1664883900,290
1664884800,254
1664885700,220
1664886600,225
1664887500,266
1664888400,263
1664889300,219
1664890200,232
1664891100,210
1664892000,225
1664892900,175
1664893800,159
1664894700,180
1664895600,232
1664896500,198
1664897400,172
1664898300,212
1664899200,256
1664900100,235
1664901000,206
1664901900,472
1664902800,346
1664903700,337
1664904600,532
1664905500,482
1664906400,411
1664907300,387
1664908200,410
1664909100,404
1664910000,350
1664910900,335
1664911800,382
1664912700,309
1664913600,209
1664914500,193
1664915400,208
1664916300,202
1664917200,161
1664918100,143
1664919000,153
1664919900,196
1664920800,221
1664921700,212
1664922600,175
1664923500,144
1664924400,184
1664925300,199
1664926200,160
1664927100,157
1664928000,211
1664928900,186
1664929800,161
1664930700,169
1664931600,200
1664932500,193
1664933400,149
1664934300,186
1664935200,204
1664936100,184
1664937000,146
1664937900,178
1664938800,207
1664939700,180
1664940600,143
1664941500,207
1664942400,236
1664943300,253
1664944200,249
1664945100,222
1664946000,321
1664946900,246
1664947800,185
1664948700,440
1664949600,386
1664950500,214
1664951400,187
1664952300,309
1664953200,712
1664954100,183
1664955000,173
1664955900,230
1664956800,219
1664957700,202
1664958600,154
1664959500,193
1664960400,219
1664961300,226
1664962200,203
1664963100,188
1664964000,366
1664964900,277
1664965800,210
1664966700,252
1664967600,280
1664968500,215
1664969400,221
1664970300,326
1664971200,301
1664972100,230
1664973000,272
1664973900,299
1664974800,293
1664975700,206
1664976600,358
1664977500,400
1664978400,373
1664979300,245
1664980200,274
1664981100,221
1664982000,199
1664982900,184
1664983800,291
1664984700,279
1664985600,366
1664986500,329
1664987400,409
1664988300,452
1664989200,522
1664990100,414
1664991000,459
1664991900,443
1664992800,390
1664993700,373
1664994600,391
1664995500,432
1664996400,398
1664997300,405
1664998200,378
1664999100,372
1665000000,341
1665000900,306
1665001800,272
1665002700,235
1665003600,201
1665004500,154
1665005400,176
1665006300,207
1665007200,227
1665008100,213
1665009000,184
1665009900,166
1665010800,194
1665011700,212
1665012600,165
1665013500,198
1665014400,226
1665015300,207
1665016200,153
1665017100,198
1665018000,233
1665018900,198
1665019800,150
1665020700,179
1665021600,223
1665022500,179
1665023400,154
1665024300,178
1665025200,220
1665026100,189
1665027000,157
1665027900,202
1665028800,257
1665029700,321
1665030600,249
1665031500,327
1665032400,327
1665033300,255
1665034200,508
1665035100,690
1665036000,282
1665036900,267
1665037800,222
1665038700,253
1665039600,270
1665040500,227
1665041400,342
1665042300,333
1665043200,246
1665044100,215
1665045000,200
1665045900,237
1665046800,369
1665047700,965
1665048600,701
1665049500,652
1665050400,470
1665051300,208
1665052200,203
1665053100,227
1665054000,209
1665054900,242
1665055800,321
1665056700,203
1665057600,184
1665058500,298
1665059400,226
1665060300,260
1665061200,208
1665062100,264
1665063000,263
1665063900,263
1665064800,249
1665065700,821
1665066600,353
1665067500,474
1665068400,329
1665069300,255
1665070200,228
1665071100,233
1665072000,285
1665072900,211
1665073800,201
1665074700,203
1665075600,242
1665076500,193
1665077400,181
1665078300,193
1665079200,166
1665080100,188
1665081000,169
1665081900,184
1665082800,158
1665083700,188
1665084600,206
1665085500,169
1665086400,196
1665087300,230
1665088200,193
1665089100,197
1665090000,153
1665090900,181
1665091800,156
1665092700,202
1665093600,225
1665094500,186
1665095400,146
1665096300,133
1665097200,136
1665098100,132
1665099000,159
1665099900,138
1665100800,185
1665101700,187
1665102600,149
1665103500,143
1665104400,132
1665105300,172
1665106200,148
1665107100,183
1665108000,205
1665108900,189
1665109800,146
1665110700,160
1665111600,139
1665112500,152
1665113400,145
1665114300,217
1665115200,237
1665116100,271
1665117000,274
1665117900,250
1665118800,261
1665119700,206
1665120600,167
1665121500,176
1665122400,160
1665123300,150
1665124200,151
1665125100,188
1665126000,245
1665126900,176
1665127800,171
1665128700,141
1665129600,163
1665130500,131
1665131400,167
1665132300,235
1665133200,218
1665134100,149
1665135000,155
1665135900,138
1665136800,176
1665137700,165
1665138600,167
1665139500,185
1665140400,244
1665141300,202
1665142200,192
1665143100,184
1665144000,429
1665144900,218
1665145800,194
1665146700,203
1665147600,195
1665148500,213
1665149400,225
1665150300,172
1665151200,160
1665152100,221
1665153000,194
1665153900,185
1665154800,182
1665155700,198
1665156600,216
1665157500,200
1665158400,207
1665159300,218
1665160200,280
1665161100,449
1665162000,369
1665162900,340
1665163800,336
1665164700,326
1665165600,310
1665166500,317
1665167400,330
1665168300,313
1665169200,308
1665170100,334
1665171000,310
1665171900,312
1665172800,306
1665173700,207
1665174600,157
1665175500,129
1665176400,140
1665177300,132
1665178200,150
1665179100,142
1665180000,154
1665180900,134
1665181800,151
1665182700,144
1665183600,151
1665184500,147
1665185400,144
1665186300,142
1665187200,145
1665188100,134
1665189000,142
1665189900,145
1665190800,145
1665191700,137
1665192600,163
1665193500,145
1665194400,149
1665195300,148
1665196200,148
1665197100,177
1665198000,192
1665198900,175
1665199800,150
1665200700,174
1665201600,256
1665202500,195
1665203400,223
1665204300,200
1665205200,194
1665206100,233
1665207000,180
1665207900,184
1665208800,190
1665209700,593
1665210600,200
1665211500,194
1665212400,205
1665213300,193
1665214200,167
1665215100,179
1665216000,168
1665216900,205
1665217800,323
1665218700,275
1665219600,292
1665220500,249
1665221400,327
1665222300,231
1665223200,196
1665224100,180
1665225000,179
1665225900,196
1665226800,192
1665227700,234
1665228600,305
1665229500,258
1665230400,182
1665231300,183
1665232200,208
1665233100,187
1665234000,198
1665234900,210
1665235800,192
1665236700,193
1665237600,168
1665238500,136
1665239400,154
1665240300,154
1665241200,160
1665242100,126
1665243000,171
1665243900,260
1665244800,278
1665245700,503
1665246600,320
1665247500,317
1665248400,331
1665249300,321
1665250200,433
1665251100,413
1665252000,419
1665252900,407
1665253800,397
1665254700,412
1665255600,414
1665256500,380
1665257400,374
1665258300,365
1665259200,360
1665260100,304
1665261000,255
1665261900,263
1665262800,218
1665263700,213
1665264600,205
1665265500,218
1665266400,212
1665267300,207
1665268200,195
1665269100,201
1665270000,210
1665270900,213
1665271800,187
1665272700,159
1665273600,172
1665274500,158
1665275400,155
1665276300,151
1665277200,181
1665278100,164
1665279000,163
1665279900,155
1665280800,175
1665281700,155
1665282600,159
1665283500,150
1665284400,171
1665285300,157
1665286200,163
1665287100,153
1665288000,178
1665288900,325
1665289800,212
1665290700,196
1665291600,244
1665292500,349
1665293400,489
1665294300,210
1665295200,528
1665296100,272
1665297000,666
1665297900,428
1665298800,276
1665299700,233
1665300600,240
1665301500,232
1665302400,231
1665303300,257
1665304200,297
1665305100,446
1665306000,553
1665306900,308
1665307800,520
1665308700,442
1665309600,577
1665310500,506
1665311400,452
1665312300,340
1665313200,394
1665314100,334
1665315000,450
1665315900,961
1665316800,566
1665317700,313
1665318600,358
1665319500,303
1665320400,325
1665321300,430
1665322200,345
1665323100,478
1665324000,555
1665324900,436
1665325800,464
1665326700,468
1665327600,399
1665328500,378
1665329400,281
1665330300,278
1665331200,198
1665332100,190
1665333000,148
1665333900,128
1665334800,142
1665335700,125
1665336600,133
1665337500,126
1665338400,158
1665339300,177
1665340200,184
1665341100,210
1665342000,176
1665342900,180
1665343800,184
1665344700,208
1665345600,306
1665346500,261
1665347400,242
1665348300,201
1665349200,194
1665350100,209
1665351000,153
1665351900,143
1665352800,145
1665353700,184
1665354600,130
1665355500,118
1665356400,129
1665357300,145
1665358200,120
1665359100,129
1665360000,136
1665360900,193
1665361800,136
1665362700,116
1665363600,107
1665364500,116
1665365400,124
1665366300,117
1665367200,107
1665368100,116
1665369000,113
1665369900,139
1665370800,112
1665371700,120
1665372600,116
1665373500,139
1665374400,125
1665375300,134
1665376200,126
1665377100,124
1665378000,133
1665378900,130
1665379800,118
1665380700,134
1665381600,146
1665382500,136
1665383400,262
1665384300,242
1665385200,387
1665386100,249
1665387000,242
1665387900,284
1665388800,276
1665389700,624
1665390600,469
1665391500,506
1665392400,306
1665393300,296
1665394200,277
1665395100,579
1665396000,880
1665396900,700
1665397800,426
1665398700,327
1665399600,300
1665400500,253
1665401400,266
1665402300,274
1665403200,257
1665404100,437
1665405000,398
1665405900,295
1665406800,406
1665407700,346
1665408600,369
1665409500,370
1665410400,426
1665411300,331
1665412200,327
1665413100,340
1665414000,582
1665414900,533
1665415800,413
1665416700,407
1665417600,462
1665418500,915
1665419400,503
1665420300,442
1665421200,1009
1665422100,763
1665423000,352
1665423900,315
1665424800,334
1665425700,371
1665426600,321
1665427500,328
1665428400,317
1665429300,296
1665430200,302
1665431100,308
1665432000,301
1665432900,262
1665433800,286
1665434700,290
1665435600,282
1665436500,247
1665437400,249
1665438300,215
1665439200,154
1665440100,135
1665441000,146
1665441900,162
1665442800,154
1665443700,134
1665444600,150
1665445500,165
1665446400,147
1665447300,144
1665448200,137
1665449100,161
1665450000,152
1665450900,135
1665451800,126
1665452700,134
1665453600,140
1665454500,136
1665455400,129
1665456300,135
1665457200,134
1665458100,154
1665459000,128
1665459900,131
1665460800,137
1665461700,147
1665462600,160
1665463500,171
1665464400,134
1665465300,127
1665466200,148
1665467100,207
1665468000,160
1665468900,241
1665469800,257
1665470700,705
1665471600,609
1665472500,423
1665473400,437
1665474300,476
1665475200,354
1665476100,940
1665477000,943
1665477900,787
1665478800,747
1665479700,565
1665480600,257
1665481500,214
1665482400,197
1665483300,253
1665484200,203
1665485100,238
1665486000,446
1665486900,297
1665487800,168
1665488700,207
1665489600,232
1665490500,271
1665491400,230
1665492300,252
1665493200,309
1665494100,265
1665495000,263
1665495900,244
1665496800,222
1665497700,257
1665498600,202
1665499500,219
1665500400,209
1665501300,198
1665502200,230
1665503100,238
1665504000,243
1665504900,213
1665505800,525
1665506700,270
1665507600,255
1665508500,205
1665509400,198
1665510300,183
1665511200,265
1665512100,222
1665513000,230
1665513900,179
1665514800,187
1665515700,194
1665516600,202
1665517500,222
1665518400,222
1665519300,230
1665520200,273
1665521100,228
1665522000,242
1665522900,218
1665523800,167
1665524700,133
1665525600,149
1665526500,139
1665527400,145
1665528300,153
1665529200,137
1665530100,144
1665531000,157
1665531900,141
1665532800,150
1665533700,143
1665534600,153
1665535500,144
1665536400,149
1665537300,148
1665538200,135
1665539100,124
1665540000,140
1665540900,130
1665541800,133
1665542700,125
1665543600,135
1665544500,146
1665545400,208
1665546300,213
1665547200,271
1665548100,358
1665549000,245
1665549900,320
1665550800,345
1665551700,301
1665552600,302
1665553500,253
1665554400,250
1665555300,209
1665556200,221
1665557100,213
1665558000,209
1665558900,194
1665559800,160
1665560700,142
1665561600,186
1665562500,172
1665563400,188
1665564300,178
1665565200,185
1665566100,341
1665567000,238
1665567900,261
1665568800,211
1665569700,275
1665570600,244
1665571500,293
1665572400,245
1665573300,282
1665574200,169
1665575100,222
1665576000,228
1665576900,197
1665577800,211
1665578700,183
1665579600,255
1665580500,221
1665581400,201
1665582300,193
1665583200,203
1665584100,232
1665585000,198
1665585900,209
1665586800,239
1665587700,232
1665588600,241
1665589500,248
1665590400,302
1665591300,333
1665592200,354
1665593100,425
1665594000,392
1665594900,364
1665595800,411
1665596700,389
1665597600,347
1665598500,347
1665599400,356
1665600300,358
1665601200,374
1665602100,354
1665603000,370
1665603900,301
1665604800,219
1665605700,194
1665606600,200
1665607500,155
1665608400,150
1665609300,149
1665610200,135
1665611100,168
1665612000,151
1665612900,198
1665613800,154
1665614700,159
1665615600,157
1665616500,153
1665617400,127
1665618300,152
1665619200,158
1665620100,150
1665621000,138
1665621900,146
1665622800,155
1665623700,160
1665624600,138
1665625500,126
1665626400,135
1665627300,128
1665628200,141
1665629100,131
1665630000,136
1665630900,141
1665631800,196
1665632700,167
1665633600,167
1665634500,244
1665635400,233
1665636300,237
1665637200,233
1665638100,236
1665639000,534
1665639900,318
1665640800,254
1665641700,257
1665642600,368
1665643500,717
1665644400,327
1665645300,324
1665646200,302
1665647100,308
1665648000,349
1665648900,440
1665649800,506
1665650700,392
1665651600,381
1665652500,346
1665653400,274
1665654300,339
1665655200,259
1665656100,181
1665657000,203
1665657900,280
1665658800,238
1665659700,149
1665660600,318
1665661500,374
1665662400,215
1665663300,221
1665664200,226
1665665100,227
1665666000,230
1665666900,250
1665667800,600
1665668700,224
1665669600,327
1665670500,287
1665671400,233
1665672300,254
1665673200,276
1665674100,301
1665675000,270
1665675900,330
1665676800,417
1665677700,334
1665678600,305
1665679500,377
1665680400,395
1665681300,398
1665682200,372
1665683100,385
1665684000,408
1665684900,399
1665685800,402
1665686700,376
1665687600,404
1665688500,441
1665689400,384
1665690300,244
1665691200,208
1665692100,201
1665693000,166
1665693900,138
1665694800,154
1665695700,164
1665696600,129
1665697500,138
1665698400,134
1665699300,141
1665700200,141
1665701100,148
1665702000,187
1665702900,158
1665703800,139
1665704700,148
1665705600,143
1665706500,154
1665707400,160
1665708300,133
1665709200,166
1665710100,161
1665711000,142
1665711900,148
1665712800,157
1665713700,152
1665714600,200
1665715500,189
1665716400,154
1665717300,153
1665718200,129
1665719100,181
1665720000,170
1665720900,255
1665721800,199
1665722700,215
1665723600,227
1665724500,672
1665725400,568
1665726300,417
1665727200,209
1665728100,162
1665729000,166
1665729900,164
1665730800,183
1665731700,174
1665732600,166
1665733500,164
1665734400,192
1665735300,355
1665736200,244
1665737100,144
1665738000,143
1665738900,145
1665739800,146
1665740700,161
1665741600,167
1665742500,159
1665743400,213
1665744300,204
1665745200,255
1665746100,225
1665747000,311
1665747900,447
1665748800,215
1665749700,290
1665750600,236
1665751500,312
1665752400,243
1665753300,254
1665754200,241
1665755100,211
1665756000,254
1665756900,508
1665757800,302
1665758700,289
1665759600,302
1665760500,246
1665761400,418
1665762300,416
1665763200,412
1665764100,617
1665765000,483
1665765900,460
1665766800,477
1665767700,379
1665768600,350
1665769500,379
1665770400,389
1665771300,426
1665772200,366
1665773100,416
1665774000,373
1665774900,383
1665775800,381
1665776700,383
1665777600,337
1665778500,199
1665779400,166
1665780300,138
1665781200,157
1665782100,129
1665783000,153
1665783900,157
1665784800,156
1665785700,194
1665786600,182
1665787500,153
1665788400,134
1665789300,148
1665790200,128
1665791100,135
1665792000,132
1665792900,135
1665793800,186
1665794700,190
1665795600,148
1665796500,138
1665797400,135
1665798300,145
1665799200,164
1665800100,144
1665801000,171
1665801900,199
1665802800,160
1665803700,140
1665804600,151
1665805500,193
1665806400,240
1665807300,264
1665808200,174
1665809100,312
1665810000,250
1665810900,266
1665811800,235
1665812700,587
1665813600,184
1665814500,172
1665815400,272
1665816300,235
1665817200,185
1665818100,176
1665819000,175
1665819900,183
1665820800,210
1665821700,228
1665822600,275
1665823500,476
1665824400,187
1665825300,178
1665826200,173
1665827100,673
1665828000,592
1665828900,446
1665829800,554
1665830700,596
1665831600,549
1665832500,615
1665833400,554
1665834300,497
1665835200,375
1665836100,391
1665837000,385
1665837900,586
1665838800,468
1665839700,424
1665840600,418
1665841500,423
1665842400,473
1665843300,879
1665844200,739
1665845100,763
1665846000,663
1665846900,502
1665847800,353
1665848700,388
1665849600,473
1665850500,527
1665851400,481
1665852300,477
1665853200,488
1665854100,497
1665855000,536
1665855900,500
1665856800,457
1665857700,452
1665858600,461
1665859500,532
1665860400,523
1665861300,501
1665862200,419
1665863100,418
1665864000,436
1665864900,304
1665865800,270
1665866700,251
1665867600,263
1665868500,260
1665869400,222
1665870300,210
1665871200,243
1665872100,203
1665873000,150
1665873900,157
1665874800,130
1665875700,139
1665876600,129
1665877500,150
1665878400,170
1665879300,202
1665880200,151
1665881100,140
1665882000,149
1665882900,159
1665883800,156
1665884700,144
1665885600,152
1665886500,198
1665887400,187
1665888300,138
1665889200,153
1665890100,158
1665891000,151
1665891900,127
1665892800,185
1665893700,283
1665894600,199
1665895500,210
1665896400,268
1665897300,183
1665898200,214
1665899100,197
1665900000,273
1665900900,201
1665901800,358
1665902700,370
1665903600,330
1665904500,320
1665905400,348
1665906300,343
1665907200,414
1665908100,372
1665909000,385
1665909900,361
1665910800,391
1665911700,315
1665912600,236
1665913500,301
1665914400,334
1665915300,549
1665916200,275
1665917100,254
1665918000,242
1665918900,293
1665919800,977
1665920700,672
1665921600,396
1665922500,432
1665923400,380
1665924300,294
1665925200,330
1665926100,449
1665927000,694
1665927900,660
1665928800,445
1665929700,403
1665930600,618
1665931500,478
1665932400,343
1665933300,303
1665934200,335
1665935100,969
1665936000,1171
1665936900,797
1665937800,331
1665938700,444
1665939600,467
1665940500,425
1665941400,411
1665942300,407
1665943200,392
1665944100,433
1665945000,385
1665945900,367
1665946800,410
1665947700,328
1665948600,308
1665949500,310
1665950400,280
1665951300,310
1665952200,370
1665953100,249
1665954000,220
1665954900,201
1665955800,209
1665956700,173
1665957600,179
1665958500,156
1665959400,143
1665960300,142
1665961200,157
1665962100,162
1665963000,224
1665963900,161
1665964800,158
1665965700,146
1665966600,141
1665967500,151
1665968400,154
1665969300,153
1665970200,154
1665971100,128
1665972000,131
1665972900,195
1665973800,171
1665974700,142
1665975600,126
1665976500,133
1665977400,132
1665978300,148
1665979200,136
1665980100,191
1665981000,170
1665981900,136
1665982800,157
1665983700,146
1665984600,149
1665985500,183
1665986400,178
1665987300,141
1665988200,218
1665989100,193
1665990000,219
1665990900,314
1665991800,436
1665992700,773
1665993600,949
1665994500,470
1665995400,499
1665996300,637
1665997200,578
1665998100,533
1665999000,536
1665999900,429
1666000800,437
1666001700,441
1666002600,278
1666003500,552
1666004400,1186
1666005300,1636
1666006200,1443
1666007100,1352
1666008000,1046
1666008900,899
1666009800,303
1666010700,398
1666011600,440
1666012500,542
1666013400,572
1666014300,533
1666015200,511
1666016100,552
1666017000,1000
1666017900,415
1666018800,392
1666019700,480
1666020600,411
1666021500,462
1666022400,287
1666023300,301
1666024200,286
1666025100,337
1666026000,795
1666026900,969
1666027800,636
1666028700,443
1666029600,442
1666030500,492
1666031400,928
1666032300,635
1666033200,441
1666034100,397
1666035000,390
1666035900,374
1666036800,362
1666037700,309
1666038600,309
1666039500,228
1666040400,199
1666041300,195
1666042200,171
1666043100,157
1666044000,182
1666044900,163
1666045800,177
1666046700,141
1666047600,150
1666048500,204
1666049400,192
1666050300,162
1666051200,151
1666052100,143
1666053000,140
1666053900,159
1666054800,147
1666055700,164
1666056600,132
1666057500,182
1666058400,211
1666059300,159
1666060200,211
1666061100,152
1666062000,158
1666062900,146
1666063800,137
1666064700,158
1666065600,165
1666066500,131
1666067400,188
1666068300,161
1666069200,129
1666070100,137
1666071000,138
1666071900,139
1666072800,198
1666073700,286
1666074600,187
1666075500,186
1666076400,176
1666077300,280
1666078200,497
1666079100,300
1666080000,214
1666080900,171
1666081800,382
1666082700,550
1666083600,437
1666084500,435
1666085400,303
1666086300,294
1666087200,380
1666088100,423
1666089000,412
1666089900,436
1666090800,402
1666091700,339
1666092600,395
1666093500,415
1666094400,388
1666095300,412
1666096200,351
1666097100,511
1666098000,444
1666098900,603
1666099800,560
1666100700,377
1666101600,444
1666102500,410
1666103400,974
1666104300,591
1666105200,467
1666106100,427
1666107000,433
1666107900,505
1666108800,508
1666109700,413
1666110600,372
1666111500,363
1666112400,356
1666113300,353
1666114200,368
1666115100,457
1666116000,389
1666116900,309
1666117800,341
1666118700,428
1666119600,443
1666120500,441
1666121400,391
1666122300,360
1666123200,353
1666124100,274
1666125000,215
1666125900,192
1666126800,158
1666127700,130
1666128600,141
1666129500,187
1666130400,200
1666131300,165
1666132200,142
1666133100,134
1666134000,152
1666134900,149
1666135800,149
1666136700,157
1666137600,149
1666138500,138
1666139400,169
1666140300,206
1666141200,206
1666142100,153
1666143000,151
1666143900,150
1666144800,152
1666145700,142
1666146600,155
1666147500,149
1666148400,205
1666149300,198
1666150200,159
1666151100,170
1666152000,201
1666152900,383
1666153800,267
1666154700,203
1666155600,255
1666156500,409
1666157400,286
1666158300,191
1666159200,185
1666160100,198
1666161000,234
1666161900,250
1666162800,241
1666163700,301
1666164600,201
1666165500,201
1666166400,219
1666167300,345
1666168200,264
1666169100,259
1666170000,233
1666170900,259
1666171800,246
1666172700,278
1666173600,256
1666174500,227
1666175400,281
1666176300,170
1666177200,170
1666178100,159
1666179000,162
1666179900,176
1666180800,209
1666181700,226
1666182600,260
1666183500,202
1666184400,215
1666185300,195
1666186200,207
1666187100,231
1666188000,199
1666188900,225
1666189800,247
1666190700,255
1666191600,341
1666192500,304
1666193400,252
1666194300,256
1666195200,265
1666196100,351
1666197000,433
1666197900,561
1666198800,575
1666199700,388
1666200600,382
1666201500,407
1666202400,429
1666203300,520
1666204200,481
1666205100,415
1666206000,382
1666206900,344
1666207800,341
1666208700,367
1666209600,297
1666210500,207
1666211400,150
1666212300,140
1666213200,139
1666214100,127
1666215000,137
1666215900,179
1666216800,200
1666217700,150
1666218600,145
1666219500,136
1666220400,135
1666221300,156
1666222200,156
1666223100,154
1666224000,206
1666224900,192
1666225800,128
1666226700,156
1666227600,159
1666228500,164
1666229400,134
1666230300,185
1666231200,199
1666232100,163
1666233000,145
1666233900,138
1666234800,145
1666235700,177
1666236600,194
1666237500,180
1666238400,192
1666239300,303
1666240200,277
1666241100,222
1666242000,317
1666242900,253
1666243800,292
1666244700,632
1666245600,288
1666246500,293
1666247400,301
1666248300,344
1666249200,305
1666250100,282
1666251000,275
1666251900,330
1666252800,264
1666253700,312
1666254600,336
1666255500,331
1666256400,542
1666257300,386
1666258200,370
1666259100,310
1666260000,321
1666260900,336
1666261800,342
1666262700,328
1666263600,296
1666264500,186
1666265400,310
1666266300,325
1666267200,221
1666268100,212
1666269000,191
1666269900,180
1666270800,195
1666271700,178
1666272600,159
1666273500,153
1666274400,178
1666275300,218
1666276200,236
1666277100,206
1666278000,201
1666278900,212
1666279800,198
1666280700,253
1666281600,299
1666282500,348
1666283400,392
1666284300,594
1666285200,604
1666286100,527
1666287000,399
1666287900,374
1666288800,344
1666289700,324
1666290600,489
1666291500,628
1666292400,411
1666293300,362
1666294200,384
1666295100,787
1666296000,440
1666296900,158
1666297800,148
1666298700,123
1666299600,115
1666300500,131
1666301400,122
1666302300,124
1666303200,122
1666304100,124
1666305000,116
1666305900,142
1666306800,123
1666307700,140
1666308600,194
1666309500,136
1666310400,129
1666311300,142
1666312200,146
1666313100,123
1666314000,150
1666314900,143
1666315800,138
1666316700,125
1666317600,151
1666318500,134
1666319400,154
1666320300,115
1666321200,135
1666322100,181
1666323000,162
1666323900,155
1666324800,157
1666325700,255
1666326600,235
1666327500,191
1666328400,164
1666329300,191
1666330200,171
1666331100,194
1666332000,185
1666332900,165
1666333800,150
1666334700,165
1666335600,163
1666336500,199
1666337400,682
1666338300,368
1666339200,390
1666340100,517
1666341000,280
1666341900,261
1666342800,308
1666343700,267
1666344600,173
1666345500,413
1666346400,294
1666347300,326
1666348200,208
1666349100,186
1666350000,310
1666350900,256
1666351800,255
1666352700,269
1666353600,216
1666354500,194
1666355400,223
1666356300,228
1666357200,294
1666358100,233
1666359000,129
1666359900,154
1666360800,155
1666361700,139
1666362600,318
1666363500,161
1666364400,213
1666365300,254
1666366200,237
1666367100,508
1666368000,483
1666368900,594
1666369800,979
1666370700,602
1666371600,612
1666372500,722
1666373400,815
1666374300,816
1666375200,750
1666376100,743
1666377000,760
1666377900,666
1666378800,566
1666379700,565
1666380600,508
1666381500,451
1666382400,341
1666383300,320
1666384200,294
1666385100,306
1666386000,298
1666386900,221
1666387800,197
1666388700,178
1666389600,136
1666390500,167
1666391400,140
1666392300,149
1666393200,168
1666394100,179
1666395000,121
1666395900,125
1666396800,122
1666397700,121
1666398600,133
1666399500,120
1666400400,130
1666401300,136
1666402200,126
1666403100,125
1666404000,139
1666404900,131
1666405800,143
1666406700,156
1666407600,202
1666408500,144
1666409400,148
1666410300,161
1666411200,205
1666412100,209
1666413000,259
1666413900,240
1666414800,198
1666415700,217
1666416600,349
1666417500,726
1666418400,721
1666419300,244
1666420200,191
1666421100,203
1666422000,199
1666422900,194
1666423800,211
1666424700,248
1666425600,197
1666426500,249
1666427400,217
1666428300,204
1666429200,234
1666430100,194
1666431000,226
1666431900,334
1666432800,768
1666433700,212
1666434600,675
1666435500,839
1666436400,901
1666437300,731
1666438200,257
1666439100,606
1666440000,222
1666440900,209
1666441800,232
1666442700,197
1666443600,205
1666444500,198
1666445400,247
1666446300,260
1666447200,312
1666448100,262
1666449000,280
1666449900,477
1666450800,778
1666451700,294
1666452600,300
1666453500,451
1666454400,518
1666455300,779
1666456200,452
1666457100,468
1666458000,442
1666458900,839
1666459800,870
1666460700,498
1666461600,491
1666462500,450
1666463400,423
1666464300,449
1666465200,460
1666466100,478
1666467000,489
1666467900,486
1666468800,362
1666469700,366
1666470600,325
1666471500,269
1666472400,241
1666473300,222
1666474200,213
1666475100,189
1666476000,178
1666476900,178
1666477800,195
1666478700,191
1666479600,190
1666480500,179
1666481400,234
1666482300,200
1666483200,205
1666484100,136
1666485000,144
1666485900,131
1666486800,144
1666487700,136
1666488600,152
1666489500,117
1666490400,144
1666491300,137
1666492200,152
1666493100,172
1666494000,170
1666494900,154
1666495800,134
1666496700,126
1666497600,128
1666498500,206
1666499400,174
1666500300,233
1666501200,215
1666502100,224
1666503000,247
1666503900,277
1666504800,216
1666505700,232
1666506600,306
1666507500,264
1666508400,308
1666509300,322
1666510200,406
1666511100,321
1666512000,355
1666512900,378
1666513800,400
1666514700,483
1666515600,881
1666516500,677
1666517400,540
1666518300,842
1666519200,442
1666520100,377
1666521000,513
1666521900,465
1666522800,475
1666523700,548
1666524600,403
1666525500,368
1666526400,405
1666527300,403
1666528200,356
1666529100,386
1666530000,412
1666530900,370
1666531800,356
1666532700,501
1666533600,375
1666534500,302
1666535400,296
1666536300,412
1666537200,469
1666538100,499
1666539000,493
1666539900,496
1666540800,645
1666541700,413
1666542600,960
1666543500,399
1666544400,308
1666545300,455
1666546200,460
1666547100,380
1666548000,352
1666548900,376
1666549800,420
1666550700,446
1666551600,330
1666552500,322
1666553400,322
1666554300,313
1666555200,243
1666556100,231
1666557000,153
1666557900,140
1666558800,190
1666559700,157
1666560600,136
1666561500,189
1666562400,197
1666563300,158
1666564200,167
1666565100,129
1666566000,155
1666566900,146
1666567800,197
1666568700,190
1666569600,164
1666570500,180
1666571400,198
1666572300,148
1666573200,154
1666574100,158
1666575000,158
1666575900,132
1666576800,196
1666577700,185
1666578600,149
1666579500,146
1666580400,135
1666581300,157
1666582200,195
1666583100,195
1666584000,158
1666584900,144
1666585800,137
1666586700,192
1666587600,182
1666588500,161
1666589400,139
1666590300,227
1666591200,179
1666592100,256
1666593000,380
1666593900,298
1666594800,484
1666595700,683
1666596600,681
1666597500,542
1666598400,512
1666599300,608
1666600200,1028
1666601100,663
1666602000,590
1666602900,1148
1666603800,869
1666604700,650
1666605600,604
1666606500,369
1666607400,394
1666608300,383
1666609200,523
1666610100,381
1666611000,319
1666611900,296
1666612800,542
1666613700,677
1666614600,570
1666615500,640
1666616400,525
1666617300,305
1666618200,337
1666619100,408
1666620000,359
1666620900,481
1666621800,345
1666622700,290
1666623600,331
1666624500,521
1666625400,547
1666626300,590
1666627200,710
1666628100,454
1666629000,457
1666629900,549
1666630800,502
1666631700,493
1666632600,403
1666633500,405
1666634400,378
1666635300,428
1666636200,417
1666637100,508
1666638000,447
1666638900,396
1666639800,356
1666640700,356
1666641600,355
1666642500,421
1666643400,384
1666644300,351
1666645200,337
1666646100,270
1666647000,205
1666647900,231
1666648800,220
1666649700,180
1666650600,151
1666651500,133
1666652400,155
1666653300,146
1666654200,192
1666655100,199
1666656000,177
1666656900,146
1666657800,152
1666658700,139
1666659600,161
1666660500,159
1666661400,213
1666662300,178
1666663200,145
1666664100,159
1666665000,131
1666665900,133
1666666800,140
1666667700,195
1666668600,178
1666669500,139
1666670400,131
1666671300,145
1666672200,135
1666673100,160
1666674000,193
1666674900,200
1666675800,147
1666676700,150
1666677600,134
1666678500,164
1666679400,192
1666680300,192
1666681200,304
1666682100,236
1666683000,178
1666683900,171
1666684800,367
1666685700,304
1666686600,212
1666687500,256
1666688400,275
1666689300,314
1666690200,435
1666691100,373
1666692000,345
1666692900,489
1666693800,1016
1666694700,744
1666695600,694
1666696500,410
1666697400,426
1666698300,456
1666699200,589
1666700100,303
1666701000,322
1666701900,295
1666702800,720
1666703700,567
1666704600,224
1666705500,208
1666706400,233
1666707300,252
1666708200,226
1666709100,263
1666710000,272
1666710900,363
1666711800,275
1666712700,240
1666713600,262
1666714500,395
1666715400,422
1666716300,390
1666717200,786
1666718100,453
1666719000,428
1666719900,434
1666720800,431
1666721700,463
1666722600,433
1666723500,446
1666724400,423
1666725300,423
1666726200,445
1666727100,423
1666728000,423
1666728900,472
1666729800,505
1666730700,460
1666731600,384
1666732500,330
1666733400,271
1666734300,221
1666735200,156
1666736100,138
1666737000,127
1666737900,202
1666738800,208
1666739700,206
1666740600,203
1666741500,145
1666742400,144
1666743300,168
1666744200,153
1666745100,137
1666746000,148
1666746900,152
1666747800,175
1666748700,201
1666749600,168
1666750500,148
1666751400,155
1666752300,139
1666753200,148
1666754100,136
1666755000,197
1666755900,178
1666756800,154
1666757700,130
1666758600,142
1666759500,135
1666760400,172
1666761300,197
1666762200,176
1666763100,142
1666764000,255
1666764900,168
1666765800,215
1666766700,318
1666767600,347
1666768500,332
1666769400,428
1666770300,599
1666771200,579
1666772100,625
1666773000,584
1666773900,334
1666774800,440
1666775700,360
1666776600,327
1666777500,295
1666778400,253
1666779300,288
1666780200,165
1666781100,176
1666782000,154
1666782900,195
1666783800,202
1666784700,150
1666785600,219
1666786500,264
1666787400,279
1666788300,285
1666789200,280
1666790100,299
1666791000,268
1666791900,203
1666792800,188
1666793700,217
1666794600,282
1666795500,335
1666796400,650
1666797300,663
1666798200,683
1666799100,546
1666800000,594
1666800900,615
1666801800,596
1666802700,317
1666803600,397
1666804500,362
1666805400,348
1666806300,362
1666807200,384
1666808100,370
1666809000,368
1666809900,709
1666810800,735
1666811700,592
1666812600,401
1666813500,317
1666814400,323
1666815300,316
1666816200,370
1666817100,392
1666818000,314
1666818900,315
1666819800,301
1666820700,216
1666821600,192
1666822500,205
1666823400,198
1666824300,227
1666825200,192
1666826100,198
1666827000,150
1666827900,152
1666828800,138
1666829700,149
1666830600,139
1666831500,149
1666832400,145
1666833300,181
1666834200,197
1666835100,150
1666836000,143
1666836900,149
1666837800,150
1666838700,138
1666839600,144
1666840500,143
1666841400,204
1666842300,187
1666843200,145
1666844100,135
1666845000,160
1666845900,191
1666846800,179
1666847700,137
1666848600,144
1666849500,149
1666850400,644
1666851300,531
1666852200,237
1666853100,262
1666854000,345
1666854900,584
1666855800,225
1666856700,212
1666857600,247
1666858500,659
1666859400,411
1666860300,242
1666861200,201
1666862100,177
1666863000,198
1666863900,285
1666864800,224
1666865700,162
1666866600,291
1666867500,822
1666868400,687
1666869300,702
1666870200,495
1666871100,196
1666872000,554
1666872900,586
1666873800,328
1666874700,415
1666875600,433
1666876500,439
1666877400,497
1666878300,436
1666879200,414
1666880100,339
1666881000,292
1666881900,269
1666882800,185
1666883700,205
1666884600,214
1666885500,378
1666886400,445
1666887300,440
1666888200,483
1666889100,391
1666890000,386
1666890900,423
1666891800,406
1666892700,444
1666893600,423
1666894500,341
1666895400,332
1666896300,336
1666897200,335
1666898100,329
1666899000,380
1666899900,372
1666900800,346
1666901700,332
1666902600,302
1666903500,311
1666904400,228
1666905300,222
1666906200,259
1666907100,200
1666908000,167
1666908900,171
1666909800,145
1666910700,154
1666911600,141
1666912500,160
1666913400,204
1666914300,182
1666915200,135
1666916100,159
1666917000,147
1666917900,145
1666918800,140
1666919700,176
1666920600,224
1666921500,180
1666922400,133
1666923300,138
1666924200,131
1666925100,143
1666926000,130
1666926900,132
1666927800,183
1666928700,183
1666929600,154
1666930500,139
1666931400,128
1666932300,142
1666933200,135
1666934100,160
1666935000,212
1666935900,223
1666936800,226
1666937700,180
1666938600,205
1666939500,185
1666940400,187
1666941300,300
1666942200,399
1666943100,254
1666944000,655
1666944900,275
1666945800,341
1666946700,244
1666947600,350
1666948500,346
1666949400,13
1666950300,195
1666951200,162
1666952100,206
1666953000,213
1666953900,214
1666954800,577
1666955700,241
1666956600,603
1666957500,469
1666958400,380
1666959300,319
1666960200,234
1666961100,581
1666962000,345
1666962900,335
1666963800,304
1666964700,529
1666965600,573
1666966500,285
1666967400,226
1666968300,253
1666969200,357
1666970100,290
1666971000,425
1666971900,351
1666972800,426
1666973700,548
1666974600,376
1666975500,401
1666976400,345
1666977300,301
1666978200,326
1666979100,287
1666980000,261
1666980900,275
1666981800,289
1666982700,300
1666983600,310
1666984500,347
1666985400,319
1666986300,336
1666987200,403
1666988100,355
1666989000,343
1666989900,337
1666990800,397
1666991700,288
1666992600,237
1666993500,215
1666994400,237
1666995300,184
1666996200,161
1666997100,160
1666998000,218
1666998900,178
1666999800,160
1667000700,149
1667001600,166
1667002500,135
1667003400,148
1667004300,150
1667005200,179
1667006100,221
1667007000,151
1667007900,155
1667008800,151
1667009700,147
1667010600,151
1667011500,154
1667012400,183
1667013300,190
1667014200,152
1667015100,157
1667016000,157
1667016900,136
1667017800,134
1667018700,179
1667019600,181
1667020500,134
1667021400,149
1667022300,323
1667023200,161
1667024100,180
1667025000,189
1667025900,157
1667026800,252
1667027700,205
1667028600,211
1667029500,243
1667030400,475
1667031300,207
1667032200,396
1667033100,172
1667034000,179
1667034900,214
1667035800,264
1667036700,291
1667037600,296
1667038500,271
1667039400,246
1667040300,218
1667041200,225
1667042100,220
1667043000,277
1667043900,460
1667044800,263
1667045700,192
1667046600,184
1667047500,256
1667048400,227
1667049300,306
1667050200,312
1667051100,267
1667052000,247
1667052900,214
1667053800,245
1667054700,282
1667055600,252
1667056500,279
1667057400,255
1667058300,348
1667059200,445
1667060100,448
1667061000,474
1667061900,472
1667062800,402
1667063700,414
1667064600,383
1667065500,393
1667066400,378
1667067300,419
1667068200,445
1667069100,429
1667070000,398
1667070900,370
1667071800,349
1667072700,320
1667073600,298
1667074500,322
1667075400,278
1667076300,210
1667077200,189
1667078100,193
1667079000,182
1667079900,154
1667080800,147
1667081700,151
1667082600,161
1667083500,188
1667084400,198
1667085300,167
1667086200,148
1667087100,129
1667088000,139
1667088900,129
1667089800,146
1667090700,140
1667091600,147
1667092500,128
1667093400,203
1667094300,194
1667095200,154
1667096100,150
1667097000,148
1667097900,143
1667098800,143
1667099700,154
1667100600,188
1667101500,211
1667102400,149
1667103300,152
1667104200,144
1667105100,144
1667106000,147
1667106900,140
1667107800,158
1667108700,193
1667109600,176
1667110500,149
1667111400,666
1667112300,257
1667113200,259
1667114100,246
1667115000,241
1667115900,216
1667116800,293
1667117700,379
1667118600,282
1667119500,482
1667120400,801
1667121300,316
1667122200,372
1667123100,383
1667124000,321
1667124900,397
1667125800,394
1667126700,289
1667127600,269
1667128500,309
1667129400,654
1667130300,722
1667131200,1061
1667132100,548
1667133000,310
1667133900,197
1667134800,492
1667135700,556
1667136600,196
1667137500,182
1667138400,261
1667139300,329
1667140200,215
1667141100,247
1667142000,243
1667142900,234
1667143800,288
1667144700,234
1667145600,240
1667146500,285
1667147400,350
1667148300,465
1667149200,634
1667150100,484
1667151000,417
1667151900,400
1667152800,342
1667153700,319
1667154600,464
1667155500,441
1667156400,381
1667157300,358
1667158200,347
1667159100,352
1667160000,370
1667160900,376
1667161800,340
1667162700,362
1667163600,313
1667164500,308
1667165400,218
1667166300,203
1667167200,239
1667168100,169
1667169000,193
1667169900,207
1667170800,210
1667171700,137
1667172600,149
1667173500,161
1667174400,135
1667175300,148
1667176200,145
1667177100,155
1667178000,174
1667178900,196
1667179800,162
1667180700,154
1667181600,133
1667182500,149
1667183400,161
1667184300,154
1667185200,200
1667186100,173
1667187000,128
1667187900,138
1667188800,139
1667189700,127
1667190600,147
1667191500,162
1667192400,191
1667193300,165
1667194200,143
1667195100,136
1667196000,139
1667196900,142
1667197800,149
1667198700,213
1667199600,266
1667200500,154
1667201400,196
1667202300,203
1667203200,230
1667204100,410
1667205000,293
1667205900,255
1667206800,207
1667207700,266
1667208600,262
1667209500,287
1667210400,279
1667211300,625
1667212200,497
1667213100,513
1667214000,323
1667214900,295
1667215800,430
1667216700,384
1667217600,311
1667218500,266
1667219400,284
1667220300,273
1667221200,286
1667222100,386
1667223000,277
1667223900,527
1667224800,290
1667225700,297
1667226600,269
1667227500,378
1667228400,367
1667229300,408
1667230200,437
1667231100,408
1667232000,390
1667232900,487
1667233800,937
1667234700,628
1667235600,552
1667236500,542
1667237400,494
1667238300,829
1667239200,652
1667240100,465
1667241000,480
1667241900,891
1667242800,1098
1667243700,1025
1667244600,927
1667245500,697
1667246400,902
1667247300,415
1667248200,463
1667249100,444
1667250000,393
1667250900,318
1667251800,266
1667252700,247
1667253600,226
1667254500,175
1667255400,189
1667256300,218
1667257200,219
1667258100,197
1667259000,173
1667259900,134
1667260800,153
1667261700,149
1667262600,163
1667263500,145
1667264400,138
1667265300,153
1667266200,212
1667267100,158
1667268000,152
1667268900,145
1667269800,156
1667270700,147
1667271600,197
1667272500,193
1667273400,154
1667274300,127
1667275200,139
1667276100,127
1667277000,157
1667277900,129
1667278800,174
1667279700,183
1667280600,155
1667281500,146
1667282400,141
1667283300,135
1667284200,145
1667285100,174
1667286000,270
1667286900,185
1667287800,148
1667288700,160
1667289600,269
1667290500,310
1667291400,268
1667292300,234
1667293200,220
1667294100,232
1667295000,267
1667295900,257
1667296800,284
1667297700,288
1667298600,525
1667299500,730
1667300400,413
1667301300,263
1667302200,351
1667303100,253
1667304000,297
1667304900,284
1667305800,297
1667306700,289
1667307600,279
1667308500,225
1667309400,458
1667310300,550
1667311200,299
1667312100,241
1667313000,335
1667313900,413
1667314800,239
1667315700,197
1667316600,189
1667317500,251
1667318400,325
1667319300,293
1667320200,284
1667321100,349
1667322000,349
1667322900,485
1667323800,360
1667324700,365
1667325600,626
1667326500,998
1667327400,849
1667328300,855
1667329200,747
1667330100,424
1667331000,360
1667331900,357
1667332800,363
1667333700,324
1667334600,375
1667335500,373
1667336400,312
1667337300,235
1667338200,192
1667339100,155
1667340000,153
1667340900,140
1667341800,164
1667342700,179
1667343600,223
1667344500,173
1667345400,163
1667346300,145
1667347200,171
1667348100,160
1667349000,139
1667349900,162
1667350800,207
1667351700,210
1667352600,137
1667353500,149
1667354400,150
1667355300,154
1667356200,156
1667357100,220
1667358000,171
1667358900,152
1667359800,139
1667360700,141
1667361600,145
1667362500,130
1667363400,137
1667364300,171
1667365200,192
1667366100,167
1667367000,242
1667367900,226
1667368800,190
1667369700,380
1667370600,262
1667371500,477
1667372400,683
1667373300,754
1667374200,610
1667375100,578
1667376000,865
1667376900,649
1667377800,456
1667378700,411
1667379600,365
1667380500,365
1667381400,377
1667382300,610
1667383200,784
1667384100,623
1667385000,637
1667385900,473
1667386800,490
1667387700,400
1667388600,431
1667389500,522
1667390400,365
1667391300,307
1667392200,413
1667393100,486
1667394000,436
1667394900,491
1667395800,403
1667396700,400
1667397600,263
1667398500,288
1667399400,338
1667400300,425
1667401200,324
1667402100,269
1667403000,216
1667403900,175
1667404800,205
1667405700,256
1667406600,243
1667407500,301
1667408400,377
1667409300,1077
1667410200,623
1667411100,353
1667412000,397
1667412900,411
1667413800,397
1667414700,395
1667415600,405
1667416500,420
1667417400,395
1667418300,362
1667419200,337
1667420100,349
1667421000,321
1667421900,329
1667422800,327
1667423700,316
1667424600,294
1667425500,210
1667426400,201
1667427300,150
1667428200,140
1667429100,156
1667430000,152
1667430900,136
1667431800,197
1667432700,199
1667433600,157
1667434500,156
1667435400,148
1667436300,194
1667437200,175
1667438100,157
1667439000,153
1667439900,156
1667440800,130
1667441700,170
1667442600,203
1667443500,191
1667444400,140
1667445300,149
1667446200,151
1667447100,158
1667448000,138
1667448900,138
1667449800,135
1667450700,149
1667451600,189
1667452500,148
1667453400,165
1667454300,302
1667455200,229
1667456100,174
1667457000,143
1667457900,254
1667458800,168
1667459700,377
1667460600,423
1667461500,481
1667462400,458
1667463300,474
1667464200,451
1667465100,412
1667466000,498
1667466900,511
1667467800,531
1667468700,494
1667469600,602
1667470500,607
1667471400,693
1667472300,391
1667473200,332
1667474100,239
1667475000,341
1667475900,803
1667476800,294
1667477700,296
1667478600,400
1667479500,789
1667480400,775
1667481300,393
1667482200,404
1667483100,474
1667484000,496
1667484900,542
1667485800,586
1667486700,432
1667487600,371
1667488500,364
1667489400,419
1667490300,367
1667491200,388
1667492100,567
1667493000,580
1667493900,548
1667494800,360
1667495700,375
1667496600,423
1667497500,489
1667498400,462
1667499300,415
1667500200,410
1667501100,422
1667502000,397
1667502900,421
1667503800,502
1667504700,377
1667505600,375
1667506500,378
1667507400,351
1667508300,390
1667509200,376
1667510100,336
1667511000,312
1667511900,198
1667512800,196
1667513700,142
1667514600,138
1667515500,155
1667516400,217
1667517300,161
1667518200,146
1667519100,135
1667520000,145
1667520900,151
1667521800,139
1667522700,167
1667523600,203
1667524500,178
1667525400,141
1667526300,157
1667527200,147
1667528100,140
1667529000,144
1667529900,166
1667530800,222
1667531700,163
1667532600,148
1667533500,144
1667534400,154
1667535300,129
1667536200,138
1667537100,173
1667538000,180
1667538900,216
1667539800,197
1667540700,185
1667541600,215
1667542500,493
1667543400,458
1667544300,690
1667545200,927
1667546100,869
1667547000,635
1667547900,534
1667548800,662
1667549700,514
1667550600,612
1667551500,601
1667552400,494
1667553300,499
1667554200,546
1667555100,481
1667556000,728
1667556900,674
1667557800,1130
1667558700,855
1667559600,277
1667560500,277
1667561400,328
1667562300,316
1667563200,480
1667564100,493
1667565000,399
1667565900,366
1667566800,361
1667567700,433
1667568600,420
1667569500,449
1667570400,521
1667571300,453
1667572200,434
1667573100,419
1667574000,421
1667574900,536
1667575800,531
1667576700,491
1667577600,494
1667578500,487
1667579400,566
1667580300,669
1667581200,666
1667582100,822
1667583000,688
1667583900,599
1667584800,418
1667585700,364
1667586600,528
1667587500,598
1667588400,471
1667589300,617
1667590200,524
1667591100,463
1667592000,439
1667592900,451
1667593800,389
1667594700,395
1667595600,392
1667596500,405
1667597400,346
1667598300,231
1667599200,221
1667600100,205
1667601000,202
1667601900,237
1667602800,218
1667603700,137
1667604600,148
1667605500,152
1667606400,157
1667607300,136
1667608200,145
1667609100,198
1667610000,180
1667610900,155
1667611800,157
1667612700,147
1667613600,155
1667614500,137
1667615400,155
1667616300,185
1667617200,199
1667618100,150
1667619000,166
1667619900,148
1667620800,181
1667621700,200
1667622600,128
1667623500,133
1667624400,126
1667625300,136
1667626200,222
1667627100,228
1667628000,228
1667628900,186
1667629800,199
1667630700,640
1667631600,667
1667632500,241
1667633400,353
1667634300,407
1667635200,213
1667636100,218
1667637000,470
1667637900,430
1667638800,229
1667639700,256
1667640600,288
1667641500,827
1667642400,333
1667643300,367
1667644200,504
1667645100,387
1667646000,316
1667646900,300
1667647800,383
1667648700,576
1667649600,494
1667650500,545
1667651400,583
1667652300,736
1667653200,726
1667654100,327
1667655000,251
1667655900,250
1667656800,451
1667657700,418
1667658600,332
1667659500,335
1667660400,285
1667661300,302
1667662200,370
1667663100,458
1667664000,525
1667664900,513
1667665800,577
1667666700,406
1667667600,376
1667668500,418
1667669400,467
1667670300,449
1667671200,502
1667672100,533
1667673000,508
1667673900,458
1667674800,464
1667675700,532
1667676600,425
1667677500,417
1667678400,424
1667679300,433
1667680200,433
1667681100,477
1667682000,359
1667682900,620
1667683800,514
1667684700,286
1667685600,242
1667686500,250
1667687400,257
1667688300,270
1667689200,229
1667690100,217
1667691000,155
1667691900,136
1667692800,160
1667693700,145
1667694600,136
1667695500,146
1667696400,187
1667697300,217
1667698200,148
1667699100,151
1667700000,145
1667700900,161
1667701800,165
1667702700,207
1667703600,160
1667704500,150
1667705400,133
1667706300,146
1667707200,161
1667708100,144
1667709000,150
1667709900,182
1667710800,180
1667711700,151
1667712600,227
1667713500,192
1667714400,224
1667715300,733
1667716200,194
1667717100,182
1667718000,211
1667718900,276
1667719800,281
1667720700,258
1667721600,212
1667722500,255
1667723400,232
1667724300,220
1667725200,330
1667726100,227
1667727000,312
1667727900,357
1667728800,328
1667729700,366
1667730600,594
1667731500,734
1667732400,448
1667733300,306
1667734200,331
1667735100,248
1667736000,386
1667736900,543
1667737800,417
1667738700,302
1667739600,332
1667740500,419
1667741400,820
1667742300,439
1667743200,270
1667744100,297
1667745000,312
1667745900,392
1667746800,501
1667747700,493
1667748600,508
1667749500,504
1667750400,518
1667751300,669
1667752200,538
1667753100,688
1667754000,723
1667754900,662
1667755800,590
1667756700,588
1667757600,550
1667758500,543
1667759400,490
1667760300,484
1667761200,480
1667762100,489
1667763000,506
1667763900,504
1667764800,505
1667765700,443
1667766600,449
1667767500,421
1667768400,397
1667769300,410
1667770200,395
1667771100,360
1667772000,349
1667772900,319
1667773800,285
1667774700,267
1667775600,264
1667776500,180
1667777400,185
1667778300,179
1667779200,173
1667780100,135
1667781000,130
1667781900,144
1667782800,122
1667783700,147
1667784600,148
1667785500,143
1667786400,133
1667787300,126
1667788200,148
1667789100,145
1667790000,134
1667790900,136
1667791800,147
1667792700,137
1667793600,132
1667794500,157
1667795400,196
1667796300,166
1667797200,118
1667798100,127
1667799000,118
1667799900,133
1667800800,124
1667801700,119
1667802600,137
1667803500,122
1667804400,132
1667805300,236
1667806200,165
1667807100,204
1667808000,249
1667808900,361
1667809800,764
1667810700,278
1667811600,328
1667812500,385
1667813400,360
1667814300,420
1667815200,344
1667816100,721
1667817000,482
1667817900,598
1667818800,632
1667819700,672
1667820600,607
1667821500,274
1667822400,316
1667823300,273
1667824200,390
1667825100,335
1667826000,271
1667826900,296
1667827800,290
1667828700,306
1667829600,282
1667830500,410
1667831400,241
1667832300,311
1667833200,297
1667834100,327
1667835000,326
1667835900,501
1667836800,704
1667837700,521
1667838600,476
1667839500,448
1667840400,502
1667841300,465
1667842200,575
1667843100,476
1667844000,397
1667844900,390
1667845800,385
1667846700,410
1667847600,383
1667848500,403
1667849400,369
1667850300,364
1667851200,438
1667852100,400
1667853000,398
1667853900,429
1667854800,358
1667855700,281
1667856600,231
1667857500,171
1667858400,179
1667859300,169
1667860200,169
1667861100,161
1667862000,212
1667862900,157
1667863800,134
1667864700,158
1667865600,134
1667866500,170
1667867400,153
1667868300,159
1667869200,137
1667870100,212
1667871000,201
1667871900,153
1667872800,153
1667873700,149
1667874600,191
1667875500,200
1667876400,153
1667877300,163
1667878200,155
1667879100,135
1667880000,150
1667880900,159
1667881800,149
1667882700,165
1667883600,138
1667884500,195
1667885400,182
1667886300,132
1667887200,339
1667888100,440
1667889000,163
1667889900,153
1667890800,174
1667891700,494
1667892600,614
1667893500,286
1667894400,592
1667895300,388
1667896200,225
1667897100,285
1667898000,391
1667898900,428
1667899800,289
1667900700,209
1667901600,207
1667902500,190
1667903400,199
1667904300,173
1667905200,262
1667906100,294
1667907000,245
1667907900,336
1667908800,312
1667909700,281
1667910600,222
1667911500,238
1667912400,292
1667913300,211
1667914200,217
1667915100,208
1667916000,266
1667916900,253
1667917800,225
1667918700,258
1667919600,240
1667920500,223
1667921400,284
1667922300,589
1667923200,720
1667924100,387
1667925000,431
1667925900,492
1667926800,432
1667927700,360
1667928600,487
1667929500,502
1667930400,442
1667931300,414
1667932200,396
1667933100,814
1667934000,900
1667934900,860
1667935800,840
1667936700,408
1667937600,399
1667938500,358
1667939400,364
1667940300,405
1667941200,421
1667942100,429
1667943000,336
1667943900,289
1667944800,327
1667945700,294
1667946600,258
1667947500,218
1667948400,204
1667949300,157
1667950200,144
1667951100,131
1667952000,170
1667952900,153
1667953800,150
1667954700,138
1667955600,157
1667956500,141
1667957400,219
1667958300,187
1667959200,176
1667960100,215
1667961000,148
1667961900,159
1667962800,159
1667963700,141
1667964600,139
1667965500,141
1667966400,147
1667967300,139
1667968200,198
1667969100,189
1667970000,166
1667970900,137
1667971800,236
1667972700,399
1667973600,393
1667974500,642
1667975400,160
1667976300,168
1667977200,194
1667978100,547
1667979000,632
1667979900,183
1667980800,182
1667981700,168
1667982600,199
1667983500,281
1667984400,279
1667985300,217
1667986200,173
1667987100,178
1667988000,152
1667988900,204
1667989800,201
1667990700,160
1667991600,155
1667992500,446
1667993400,484
1667994300,225
1667995200,227
1667996100,200
1667997000,203
1667997900,203
1667998800,233
1667999700,292
1668000600,298
1668001500,362
1668002400,364
1668003300,340
1668004200,374
1668005100,374
1668006000,294
1668006900,194
1668007800,203
1668008700,315
1668009600,356
1668010500,413
1668011400,468
1668012300,426
1668013200,508
1668014100,594
1668015000,480
1668015900,455
1668016800,365
1668017700,429
1668018600,501
1668019500,503
1668020400,514
1668021300,597
1668022200,563
1668023100,443
1668024000,441
1668024900,432
1668025800,473
1668026700,425
1668027600,419
1668028500,400
1668029400,311
1668030300,230
1668031200,177
1668032100,188
1668033000,175
1668033900,180
1668034800,197
1668035700,196
1668036600,159
1668037500,149
1668038400,155
1668039300,133
1668040200,158
1668041100,147
1668042000,176
1668042900,207
1668043800,182
1668044700,156
1668045600,133
1668046500,173
1668047400,141
1668048300,146
1668049200,139
1668050100,134
1668051000,148
1668051900,150
1668052800,195
1668053700,191
1668054600,170
1668055500,137
1668056400,140
1668057300,228
1668058200,177
1668059100,268
1668060000,213
1668060900,266
1668061800,249
1668062700,205
1668063600,163
1668064500,169
1668065400,369
1668066300,306
1668067200,314
1668068100,332
1668069000,326
1668069900,326
1668070800,290
1668071700,253
1668072600,266
1668073500,355
1668074400,237
1668075300,386
1668076200,537
1668077100,511
1668078000,306
1668078900,235
1668079800,241
1668080700,243
1668081600,245
1668082500,311
1668083400,380
1668084300,227
1668085200,194
1668086100,257
1668087000,212
1668087900,263
1668088800,278
1668089700,301
1668090600,370
1668091500,416
1668092400,480
1668093300,380
1668094200,376
1668095100,384
1668096000,598
1668096900,530
1668097800,364
1668098700,349
1668099600,502
1668100500,399
1668101400,482
1668102300,399
1668103200,359
1668104100,344
1668105000,383
1668105900,401
1668106800,396
1668107700,407
1668108600,381
1668109500,427
1668110400,411
1668111300,415
1668112200,385
1668113100,335
1668114000,330
1668114900,266
1668115800,164
1668116700,156
1668117600,141
1668118500,161
1668119400,142
1668120300,139
1668121200,178
1668122100,189
1668123000,157
1668123900,150
1668124800,141
1668125700,150
1668126600,141
1668127500,202
1668128400,197
1668129300,176
1668130200,204
1668131100,193
1668132000,162
1668132900,161
1668133800,208
1668134700,185
1668135600,130
1668136500,140
1668137400,143
1668138300,139
1668139200,129
1668140100,190
1668141000,188
1668141900,168
1668142800,189
1668143700,287
1668144600,242
1668145500,219
1668146400,219
1668147300,233
1668148200,551
1668149100,441
1668150000,555
1668150900,433
1668151800,233
1668152700,237
1668153600,245
1668154500,233
1668155400,262
1668156300,281
1668157200,208
1668158100,171
1668159000,362
1668159900,260
1668160800,210
1668161700,220
1668162600,300
1668163500,458
1668164400,442
1668165300,262
1668166200,384
1668167100,217
1668168000,711
1668168900,330
1668169800,241
1668170700,228
1668171600,225
1668172500,224
1668173400,193
1668174300,211
1668175200,278
1668176100,272
1668177000,239
1668177900,241
1668178800,232
1668179700,240
1668180600,272
1668181500,377
1668182400,342
1668183300,365
1668184200,318
1668185100,358
1668186000,421
1668186900,469
1668187800,322
1668188700,287
1668189600,318
1668190500,316
1668191400,285
1668192300,238
1668193200,299
1668194100,302
1668195000,312
1668195900,339
1668196800,382
1668197700,341
1668198600,311
1668199500,351
1668200400,296
1668201300,282
1668202200,240
1668203100,247
1668204000,234
1668204900,223
1668205800,219
1668206700,299
1668207600,285
1668208500,212
1668209400,133
1668210300,140
1668211200,150
1668212100,141
1668213000,158
1668213900,142
1668214800,146
1668215700,148
1668216600,196
1668217500,184
1668218400,166
1668219300,150
1668220200,152
1668221100,141
1668222000,133
1668222900,162
1668223800,153
1668224700,200
1668225600,195
1668226500,150
1668227400,149
1668228300,164
1668229200,176
1668230100,303
1668231000,416
1668231900,702
1668232800,313
1668233700,288
1668234600,275
1668235500,258
1668236400,319
1668237300,252
1668238200,221
1668239100,180
1668240000,136
1668240900,252
1668241800,234
1668242700,662
1668243600,752
1668244500,531
1668245400,374
1668246300,312
1668247200,299
1668248100,541
1668249000,336
1668249900,276
1668250800,324
1668251700,306
1668252600,328
1668253500,354
1668254400,377
1668255300,281
1668256200,357
1668257100,292
1668258000,268
1668258900,307
1668259800,292
1668260700,292
1668261600,375
1668262500,480
1668263400,454
1668264300,387
1668265200,409
1668266100,307
1668267000,512
1668267900,334
1668268800,315
1668269700,379
1668270600,369
1668271500,434
1668272400,377
1668273300,839
1668274200,1115
1668275100,893
1668276000,797
1668276900,440
1668277800,437
1668278700,428
1668279600,392
1668280500,391
1668281400,432
1668282300,470
1668283200,393
1668284100,357
1668285000,392
1668285900,345
1668286800,327
1668287700,321
1668288600,290
1668289500,244
1668290400,236
1668291300,271
1668292200,229
1668293100,280
1668294000,239
1668294900,191
1668295800,137
1668296700,149
1668297600,139
1668298500,132
1668299400,151
1668300300,131
1668301200,139
1668302100,134
1668303000,131
1668303900,188
1668304800,201
1668305700,152
1668306600,130
1668307500,153
1668308400,156
1668309300,148
1668310200,154
1668311100,158
1668312000,155
1668312900,195
1668313800,194
1668314700,156
1668315600,159
1668316500,176
1668317400,280
1668318300,220
1668319200,298
1668320100,667
1668321000,733
1668321900,485
1668322800,219
1668323700,278
1668324600,266
1668325500,268
1668326400,214
1668327300,254
1668328200,253
1668329100,249
1668330000,203
1668330900,326
1668331800,890
1668332700,795
1668333600,741
1668334500,560
1668335400,687
1668336300,505
1668337200,426
1668338100,209
1668339000,197
1668339900,185
1668340800,169
1668341700,172
1668342600,166
1668343500,165
1668344400,173
1668345300,209
1668346200,185
1668347100,234
1668348000,226
1668348900,245
1668349800,325
1668350700,321
1668351600,325
1668352500,271
1668353400,382
1668354300,451
1668355200,352
1668356100,299
1668357000,301
1668357900,342
1668358800,365
1668359700,391
1668360600,470
1668361500,649
1668362400,665
1668363300,660
1668364200,654
1668365100,644
1668366000,712
1668366900,1156
1668367800,701
1668368700,469
1668369600,379
1668370500,424
1668371400,451
1668372300,356
1668373200,333
1668374100,270
1668375000,307
1668375900,335
1668376800,382
1668377700,305
1668378600,311
1668379500,300
1668380400,308
1668381300,221
1668382200,188
1668383100,165
1668384000,191
1668384900,206
1668385800,186
1668386700,154
1668387600,155
1668388500,133
1668389400,214
1668390300,213
1668391200,167
1668392100,133
1668393000,143
1668393900,165
1668394800,192
1668395700,183
1668396600,140
1668397500,142
1668398400,131
1668399300,175
1668400200,201
1668401100,175
1668402000,169
1668402900,138
1668403800,204
1668404700,225
1668405600,208
1668406500,155
1668407400,191
1668408300,307
1668409200,240
1668410100,326
1668411000,300
1668411900,251
1668412800,325
1668413700,438
1668414600,313
1668415500,317
1668416400,305
1668417300,267
1668418200,629
1668419100,601
1668420000,506
1668420900,388
1668421800,249
1668422700,276
1668423600,468
1668424500,503
1668425400,273
1668426300,279
1668427200,487
1668428100,422
1668429000,411
1668429900,346
1668430800,374
1668431700,349
1668432600,313
1668433500,420
1668434400,513
1668435300,454
1668436200,339
1668437100,311
1668438000,333
1668438900,355
1668439800,393
1668440700,406
1668441600,500
1668442500,531
1668443400,449
1668444300,463
1668445200,463
1668446100,569
1668447000,1055
1668447900,1074
1668448800,1073
1668449700,972
1668450600,637
1668451500,545
1668452400,381
1668453300,388
1668454200,404
1668455100,665
1668456000,448
1668456900,358
1668457800,341
1668458700,483
1668459600,1145
1668460500,400
1668461400,436
1668462300,395
1668463200,259
1668464100,251
1668465000,259
1668465900,319
1668466800,279
1668467700,249
1668468600,254
1668469500,250
1668470400,268
1668471300,228
1668472200,254
1668473100,255
1668474000,252
1668474900,318
1668475800,240
1668476700,194
1668477600,519
1668478500,159
1668479400,185
1668480300,166
1668481200,466
1668482100,504
1668483000,165
1668483900,135
1668484800,138
1668485700,140
1668486600,133
1668487500,146
1668488400,172
1668489300,209
1668490200,153
1668491100,155
1668492000,163
1668492900,144
1668493800,157
1668494700,158
1668495600,167
1668496500,207
1668497400,183
1668498300,165
1668499200,251
1668500100,156
1668501000,246
1668501900,247
1668502800,231
1668503700,210
1668504600,442
1668505500,828
1668506400,393
1668507300,330
1668508200,751
1668509100,457
1668510000,355
1668510900,333
1668511800,352
1668512700,297
1668513600,280
1668514500,318
1668515400,331
1668516300,298
1668517200,338
1668518100,287
1668519000,298
1668519900,305
1668520800,337
1668521700,522
1668522600,339
1668523500,340
1668524400,359
1668525300,371
1668526200,407
1668527100,438
1668528000,519
1668528900,499
1668529800,434
1668530700,432
1668531600,466
1668532500,460
1668533400,398
1668534300,311
1668535200,321
1668536100,381
1668537000,310
1668537900,302
1668538800,310
1668539700,333
1668540600,442
1668541500,435
1668542400,507
1668543300,415
1668544200,394
1668545100,386
1668546000,335
1668546900,232
1668547800,241
1668548700,252
1668549600,174
1668550500,157
1668551400,147
1668552300,162
1668553200,154
1668554100,146
1668555000,168
1668555900,187
1668556800,196
1668557700,157
1668558600,154
1668559500,144
1668560400,155
1668561300,210
1668562200,169
1668563100,154
1668564000,149
1668564900,163
1668565800,168
1668566700,214
1668567600,169
1668568500,128
1668569400,138
1668570300,141
1668571200,147
1668572100,134
1668573000,146
1668573900,208
1668574800,254
1668575700,229
1668576600,220
1668577500,255
1668578400,213
1668579300,575
1668580200,404
1668581100,294
1668582000,276
1668582900,241
1668583800,243
1668584700,337
1668585600,229
1668586500,327
1668587400,276
1668588300,277
1668589200,266
1668590100,286
1668591000,227
1668591900,247
1668592800,310
1668593700,694
1668594600,808
1668595500,361
1668596400,377
1668597300,386
1668598200,318
1668599100,315
1668600000,552
1668600900,561
1668601800,362
1668602700,388
1668603600,407
1668604500,959
1668605400,497
1668606300,362
1668607200,425
1668608100,392
1668609000,460
1668609900,345
1668610800,432
1668611700,411
1668612600,431
1668613500,510
1668614400,517
1668615300,526
1668616200,656
1668617100,587
1668618000,468
1668618900,462
1668619800,451
1668620700,462
1668621600,452
1668622500,459
1668623400,455
1668624300,513
1668625200,485
1668626100,396
1668627000,461
1668627900,436
1668628800,395
1668629700,354
1668630600,351
1668631500,348
1668632400,331
1668633300,318
1668634200,250
1668635100,217
1668636000,208
1668636900,170
1668637800,153
1668638700,145
1668639600,205
1668640500,164
1668641400,161
1668642300,159
1668643200,156
1668644100,141
1668645000,142
1668645900,159
1668646800,161
1668647700,150
1668648600,207
1668649500,172
1668650400,149
1668651300,180
1668652200,202
1668653100,156
1668654000,159
1668654900,131
1668655800,145
1668656700,136
1668657600,145
1668658500,132
1668659400,132
1668660300,209
1668661200,213
1668662100,178
1668663000,175
1668663900,274
1668664800,205
1668665700,253
1668666600,227
1668667500,265
1668668400,325
1668669300,315
1668670200,311
1668671100,359
1668672000,289
1668672900,211
1668673800,234
1668674700,251
1668675600,288
1668676500,325
1668677400,355
1668678300,520
1668679200,276
1668680100,657
1668681000,631
1668681900,323
1668682800,258
1668683700,294
1668684600,224
1668685500,203
1668686400,177
1668687300,165
1668688200,162
1668689100,182
1668690000,135
1668690900,137
1668691800,133
1668692700,126
1668693600,139
1668694500,158
1668695400,155
1668696300,151
1668697200,138
1668698100,168
1668699000,213
1668699900,196
1668700800,304
1668701700,745
1668702600,470
1668703500,477
1668704400,419
1668705300,347
1668706200,371
1668707100,325
1668708000,339
1668708900,331
1668709800,366
1668710700,373
1668711600,363
1668712500,351
1668713400,348
1668714300,404
1668715200,397
1668716100,361
1668717000,346
1668717900,348
1668718800,332
1668719700,312
1668720600,220
1668721500,166
1668722400,150
1668723300,163
1668724200,145
1668725100,160
1668726000,143
1668726900,155
1668727800,161
1668728700,154
1668729600,225
1668730500,189
1668731400,167
1668732300,205
1668733200,192
1668734100,169
1668735000,163
1668735900,160
1668736800,187
1668737700,217
1668738600,169
1668739500,159
1668740400,154
1668741300,165
1668742200,157
1668743100,175
1668744000,170
1668744900,159
1668745800,162
1668746700,222
1668747600,251
1668748500,192
1668749400,246
1668750300,330
1668751200,274
1668752100,268
1668753000,207
1668753900,623
1668754800,739
1668755700,741
1668756600,480
1668757500,327
1668758400,320
1668759300,295
1668760200,364
1668761100,345
1668762000,323
1668762900,341
1668763800,414
1668764700,448
1668765600,346
1668766500,368
1668767400,1141
1668768300,951
1668769200,827
1668770100,379
1668771000,339
1668771900,356
1668772800,328
1668773700,298
1668774600,484
1668775500,344
1668776400,438
1668777300,333
1668778200,273
1668779100,266
1668780000,299
1668780900,271
1668781800,339
1668782700,335
1668783600,380
1668784500,331
1668785400,328
1668786300,475
1668787200,463
1668788100,518
1668789000,435
1668789900,438
1668790800,433
1668791700,405
1668792600,467
1668793500,451
1668794400,421
1668795300,495
1668796200,576
1668797100,482
1668798000,408
1668798900,375
1668799800,357
1668800700,382
1668801600,365
1668802500,356
1668803400,362
1668804300,339
1668805200,359
1668806100,367
1668807000,290
1668807900,221
1668808800,208
1668809700,195
1668810600,206
1668811500,200
1668812400,211
1668813300,198
1668814200,240
1668815100,256
1668816000,194
1668816900,186
1668817800,247
1668818700,208
1668819600,189
1668820500,183
1668821400,187
1668822300,197
1668823200,198
1668824100,195
1668825000,183
1668825900,222
1668826800,256
1668827700,229
1668828600,182
1668829500,221
1668830400,186
1668831300,200
1668832200,207
1668833100,233
1668834000,300
1668834900,317
1668835800,183
1668836700,196
1668837600,266
1668838500,247
1668839400,203
1668840300,194
1668841200,555
1668842100,259
1668843000,216
1668843900,173
1668844800,361
1668845700,578
1668846600,180
1668847500,214
1668848400,174
1668849300,168
1668850200,153
1668851100,199
1668852000,176
1668852900,178
1668853800,178
1668854700,222
1668855600,205
1668856500,205
1668857400,191
1668858300,207
1668859200,189
1668860100,206
1668861000,201
1668861900,201
1668862800,206
1668863700,208
1668864600,256
1668865500,229
1668866400,341
1668867300,320
1668868200,290
1668869100,221
1668870000,182
1668870900,187
1668871800,228
1668872700,310
1668873600,524
1668874500,1108
1668875400,426
1668876300,451
1668877200,471
1668878100,399
1668879000,403
1668879900,391
1668880800,399
1668881700,385
1668882600,411
1668883500,360
1668884400,340
1668885300,340
1668886200,385
1668887100,322
1668888000,336
1668888900,343
1668889800,321
1668890700,332
1668891600,312
1668892500,322
1668893400,307
1668894300,305
1668895200,286
1668896100,223
1668897000,142
1668897900,188
1668898800,171
1668899700,143
1668900600,145
1668901500,132
1668902400,141
1668903300,124
1668904200,144
1668905100,143
1668906000,142
1668906900,133
1668907800,142
1668908700,134
1668909600,147
1668910500,137
1668911400,140
1668912300,134
1668913200,139
1668914100,137
1668915000,161
1668915900,187
1668916800,178
1668917700,133
1668918600,132
1668919500,150
1668920400,139
1668921300,148
1668922200,239
1668923100,180
1668924000,259
1668924900,213
1668925800,245
1668926700,258
1668927600,276
1668928500,227
1668929400,166
1668930300,159
1668931200,166
1668932100,149
1668933000,186
1668933900,187
1668934800,202
1668935700,164
1668936600,183
1668937500,205
1668938400,169
1668939300,284
1668940200,677
1668941100,526
1668942000,265
1668942900,240
1668943800,303
1668944700,315
1668945600,318
1668946500,580
1668947400,253
1668948300,376
1668949200,323
1668950100,586
1668951000,417
1668951900,268
1668952800,252
1668953700,240
1668954600,246
1668955500,289
1668956400,221
1668957300,283
1668958200,374
1668959100,473
1668960000,486
1668960900,464
1668961800,710
1668962700,1307
1668963600,1072
1668964500,667
1668965400,667
1668966300,612
1668967200,527
1668968100,526
1668969000,522
1668969900,476
1668970800,457
1668971700,397
1668972600,400
1668973500,396
1668974400,404
1668975300,376
1668976200,345
1668977100,340
1668978000,344
1668978900,305
1668979800,291
1668980700,204
1668981600,181
1668982500,182
1668983400,190
1668984300,152
1668985200,145
1668986100,156
1668987000,151
1668987900,141
1668988800,132
1668989700,148
1668990600,155
1668991500,142
1668992400,135
1668993300,143
1668994200,146
1668995100,158
1668996000,124
1668996900,135
1668997800,144
1668998700,187
1668999600,150
1669000500,136
1669001400,122
1669002300,132
1669003200,133
1669004100,136
1669005000,139
1669005900,149
1669006800,143
1669007700,146
1669008600,141
1669009500,151
1669010400,135
1669011300,147
1669012200,149
1669013100,140
1669014000,166
1669014900,858
1669015800,521
1669016700,497
1669017600,247
1669018500,275
1669019400,639
1669020300,289
1669021200,371
1669022100,273
1669023000,742
1669023900,499
1669024800,264
1669025700,276
1669026600,332
1669027500,330
1669028400,1164
1669029300,733
1669030200,904
1669031100,529
1669032000,533
1669032900,759
1669033800,322
1669034700,317
1669035600,297
1669036500,385
1669037400,560
1669038300,319
1669039200,352
1669040100,432
1669041000,370
1669041900,290
1669042800,349
1669043700,393
1669044600,486
1669045500,565
1669046400,614
1669047300,484
1669048200,474
1669049100,435
1669050000,377
1669050900,348
1669051800,365
1669052700,392
1669053600,324
1669054500,389
1669055400,368
1669056300,358
1669057200,308
1669058100,329
1669059000,325
1669059900,328
1669060800,326
1669061700,341
1669062600,350
1669063500,324
1669064400,320
1669065300,297
1669066200,277
1669067100,295
1669068000,231
1669068900,299
1669069800,263
1669070700,235
1669071600,172
1669072500,175
1669073400,190
1669074300,162
1669075200,156
1669076100,150
1669077000,166
1669077900,153
1669078800,175
1669079700,163
1669080600,169
1669081500,153
1669082400,167
1669083300,169
1669084200,222
1669085100,171
1669086000,162
1669086900,169
1669087800,167
1669088700,160
1669089600,146
1669090500,167
1669091400,139
1669092300,159
1669093200,150
1669094100,148
1669095000,138
1669095900,147
1669096800,143
1669097700,167
1669098600,150
1669099500,206
1669100400,194
1669101300,195
1669102200,734
1669103100,631
1669104000,285
1669104900,340
1669105800,235
1669106700,236
1669107600,281
1669108500,307
1669109400,424
1669110300,257
1669111200,276
1669112100,259
1669113000,255
1669113900,308
1669114800,302
1669115700,281
1669116600,280
1669117500,240
1669118400,246
1669119300,252
1669120200,718
1669121100,840
1669122000,709
1669122900,956
1669123800,541
1669124700,218
1669125600,224
1669126500,198
1669127400,200
1669128300,309
1669129200,414
1669130100,407
1669131000,614
1669131900,651
1669132800,480
1669133700,453
1669134600,425
1669135500,1531
1669136400,930
1669137300,446
1669138200,385
1669139100,383
1669140000,389
1669140900,391
1669141800,259
1669142700,279
1669143600,314
1669144500,405
1669145400,333
1669146300,276
1669147200,313
1669148100,296
1669149000,243
1669149900,321
1669150800,310
1669151700,286
1669152600,226
1669153500,231
1669154400,226
1669155300,217
1669156200,221
1669157100,143
1669158000,134
1669158900,167
1669159800,132
1669160700,158
1669161600,148
1669162500,156
1669163400,133
1669164300,164
1669165200,152
1669166100,152
1669167000,207
1669167900,174
1669168800,163
1669169700,161
1669170600,137
1669171500,150
1669172400,154
1669173300,130
1669174200,167
1669175100,146
1669176000,158
1669176900,155
1669177800,139
1669178700,158
1669179600,235
1669180500,186
1669181400,265
1669182300,259
1669183200,187
1669184100,167
1669185000,168
1669185900,136
1669186800,142
1669187700,136
1669188600,166
1669189500,157
1669190400,206
1669191300,262
1669192200,262
1669193100,224
1669194000,198
1669194900,215
1669195800,208
1669196700,214
1669197600,212
1669198500,199
1669199400,199
1669200300,287
1669201200,421
1669202100,225
1669203000,182
1669203900,169
1669204800,160
1669205700,153
1669206600,383
1669207500,254
1669208400,251
1669209300,310
1669210200,230
1669211100,214
1669212000,216
1669212900,206
1669213800,202
1669214700,170
1669215600,141
1669216500,158
1669217400,714
1669218300,751
1669219200,678
1669220100,285
1669221000,382
1669221900,445
1669222800,424
1669223700,399
1669224600,499
1669225500,419
1669226400,370
1669227300,417
1669228200,356
1669229100,341
1669230000,289
1669230900,294
1669231800,449
1669232700,346
1669233600,371
1669234500,375
1669235400,321
1669236300,322
1669237200,298
1669238100,295
1669239000,226
1669239900,161
1669240800,138
1669241700,150
1669242600,132
1669243500,167
1669244400,140
1669245300,149
1669246200,148
1669247100,157
1669248000,150
1669248900,149
1669249800,146
1669250700,137
1669251600,129
1669252500,161
1669253400,194
1669254300,163
1669255200,129
1669256100,145
1669257000,141
1669257900,148
1669258800,135
1669259700,138
1669260600,147
1669261500,158
1669262400,149
1669263300,155
1669264200,143
1669265100,178
1669266000,232
1669266900,237
1669267800,271
1669268700,199
1669269600,191
1669270500,206
1669271400,197
1669272300,184
1669273200,177
1669274100,306
1669275000,249
1669275900,244
1669276800,146
1669277700,177
1669278600,280
1669279500,302
1669280400,213
1669281300,165
1669282200,204
1669283100,183
1669284000,260
1669284900,173
1669285800,183
1669286700,190
1669287600,184
1669288500,229
1669289400,230
1669290300,224
1669291200,247
1669292100,218
1669293000,223
1669293900,407
1669294800,278
1669295700,287
1669296600,295
1669297500,286
1669298400,269
1669299300,314
1669300200,260
1669301100,218
1669302000,212
1669302900,311
1669303800,237
1669304700,368
1669305600,394
1669306500,448
1669307400,838
1669308300,642
1669309200,477
1669310100,573
1669311000,763
1669311900,400
1669312800,369
1669313700,314
1669314600,249
1669315500,372
1669316400,320
1669317300,311
1669318200,365
1669319100,381
1669320000,363
1669320900,361
1669321800,313
1669322700,320
1669323600,318
1669324500,285
1669325400,289
1669326300,232
1669327200,226
1669328100,233
1669329000,235
1669329900,152
1669330800,165
1669331700,151
1669332600,165
1669333500,159
1669334400,200
1669335300,184
1669336200,136
1669337100,138
1669338000,144
1669338900,140
1669339800,132
1669340700,141
1669341600,144
1669342500,163
1669343400,136
1669344300,147
1669345200,149
1669346100,160
1669347000,152
1669347900,171
1669348800,146
1669349700,157
1669350600,143
1669351500,180
1669352400,269
1669353300,251
1669354200,336
1669355100,223
1669356000,260
1669356900,221
1669357800,257
1669358700,267
1669359600,218
1669360500,182
1669361400,177
1669362300,228
1669363200,177
1669364100,167
1669365000,218
1669365900,250
1669366800,263
1669367700,194
1669368600,197
1669369500,202
1669370400,204
1669371300,227
1669372200,304
1669373100,325
1669374000,288
1669374900,215
1669375800,369
1669376700,278
1669377600,234
1669378500,252
1669379400,274
1669380300,325
1669381200,186
1669382100,241
1669383000,205
1669383900,180
1669384800,171
1669385700,166
1669386600,164
1669387500,164
1669388400,173
1669389300,196
1669390200,253
1669391100,613
1669392000,316
1669392900,320
1669393800,349
1669394700,652
1669395600,745
1669396500,296
1669397400,336
1669398300,329
1669399200,533
1669400100,296
1669401000,288
1669401900,326
1669402800,328
1669403700,347
1669404600,388
1669405500,438
1669406400,351
1669407300,370
1669408200,376
1669409100,432
1669410000,384
1669410900,279
1669411800,219
1669412700,245
1669413600,245
1669414500,232
1669415400,238
1669416300,237
1669417200,211
1669418100,197
1669419000,138
1669419900,143
1669420800,147
1669421700,156
1669422600,146
1669423500,151
1669424400,147
1669425300,155
1669426200,171
1669427100,192
1669428000,160
1669428900,145
1669429800,129
1669430700,134
1669431600,134
1669432500,154
1669433400,193
1669434300,192
1669435200,136
1669436100,133
1669437000,149
1669437900,170
1669438800,209
1669439700,161
1669440600,175
1669441500,162
1669442400,218
1669443300,200
1669444200,200
1669445100,672
1669446000,767
1669446900,367
1669447800,290
1669448700,223
1669449600,214
1669450500,204
1669451400,222
1669452300,302
1669453200,218
1669454100,203
1669455000,180
1669455900,176
1669456800,175
1669457700,262
1669458600,874
1669459500,863
1669460400,868
1669461300,646
1669462200,290
1669463100,247
1669464000,227
1669464900,242
1669465800,255
1669466700,237
1669467600,267
1669468500,263
1669469400,201
1669470300,228
1669471200,250
1669472100,284
1669473000,279
1669473900,249
1669474800,236
1669475700,254
1669476600,240
1669477500,235
1669478400,232
1669479300,327
1669480200,383
1669481100,483
1669482000,422
1669482900,358
1669483800,385
1669484700,370
1669485600,299
1669486500,226
1669487400,195
1669488300,222
1669489200,208
1669490100,204
1669491000,369
1669491900,336
1669492800,615
1669493700,697
1669494600,618
1669495500,350
1669496400,405
1669497300,353
1669498200,712
1669499100,530
1669500000,309
1669500900,300
1669501800,294
1669502700,243
1669503600,231
1669504500,246
1669505400,184
1669506300,170
1669507200,146
1669508100,146
1669509000,148
1669509900,146
1669510800,145
1669511700,171
1669512600,149
1669513500,158
1669514400,133
1669515300,161
1669516200,163
1669517100,200
1669518000,196
1669518900,147
1669519800,148
1669520700,140
1669521600,166
1669522500,144
1669523400,148
1669524300,134
1669525200,142
1669526100,148
1669527000,156
1669527900,155
1669528800,146
1669529700,212
1669530600,197
1669531500,401
1669532400,585
1669533300,372
1669534200,206
1669535100,246
1669536000,623
1669536900,607
1669537800,610
1669538700,481
1669539600,453
1669540500,397
1669541400,356
1669542300,366
1669543200,385
1669544100,378
1669545000,400
1669545900,461
1669546800,380
1669547700,339
1669548600,345
1669549500,423
1669550400,396
1669551300,348
1669552200,709
1669553100,487
1669554000,668
1669554900,305
1669555800,627
1669556700,554
1669557600,318
1669558500,422
1669559400,380
1669560300,498
1669561200,1003
1669562100,883
1669563000,1028
1669563900,909
1669564800,705
1669565700,686
1669566600,647
1669567500,661
1669568400,597
1669569300,567
1669570200,451
1669571100,446
1669572000,386
1669572900,327
1669573800,371
1669574700,395
1669575600,633
1669576500,795
1669577400,665
1669578300,571
1669579200,518
1669580100,491
1669581000,462
1669581900,475
1669582800,398
1669583700,352
1669584600,261
1669585500,235
1669586400,186
1669587300,185
1669588200,179
1669589100,191
1669590000,186
1669590900,165
1669591800,149
1669592700,142
1669593600,137
1669594500,174
1669595400,161
1669596300,144
1669597200,160
1669598100,150
1669599000,150
1669599900,161
1669600800,172
1669601700,161
1669602600,145
1669603500,155
1669604400,170
1669605300,152
1669606200,185
1669607100,217
1669608000,193
1669608900,172
1669609800,194
1669610700,173
1669611600,153
1669612500,174
1669613400,153
1669614300,166
1669615200,134
1669616100,160
1669617000,209
1669617900,207
1669618800,258
1669619700,348
1669620600,665
1669621500,221
1669622400,343
1669623300,695
1669624200,337
1669625100,402
1669626000,820
1669626900,554
1669627800,500
1669628700,321
1669629600,677
1669630500,831
1669631400,790
1669632300,588
1669633200,478
1669634100,1140
1669635000,483
1669635900,278
1669636800,369
1669637700,314
1669638600,289
1669639500,542
1669640400,482
1669641300,297
1669642200,320
1669643100,323
1669644000,406
1669644900,290
1669645800,295
1669646700,684
1669647600,330
1669648500,473
1669649400,394
1669650300,708
1669651200,838
1669652100,436
1669653000,458
1669653900,858
1669654800,834
1669655700,529
1669656600,511
1669657500,453
1669658400,361
1669659300,347
1669660200,405
1669661100,357
1669662000,365
1669662900,434
1669663800,370
1669664700,340
1669665600,321
1669666500,440
1669667400,329
1669668300,315
1669669200,315
1669670100,300
1669671000,259
1669671900,220
1669672800,214
1669673700,144
1669674600,140
1669675500,133
1669676400,165
1669677300,191
1669678200,206
1669679100,141
1669680000,135
1669680900,153
1669681800,150
1669682700,160
1669683600,146
1669684500,168
1669685400,170
1669686300,162
1669687200,151
1669688100,154
1669689000,155
1669689900,151
1669690800,159
1669691700,160
1669692600,163
1669693500,132
1669694400,204
1669695300,229
1669696200,195
1669697100,148
1669698000,151
1669698900,183
1669699800,164
1669700700,140
1669701600,132
1669702500,196
1669703400,182
1669704300,170
1669705200,150
1669706100,144
1669707000,189
1669707900,654
1669708800,343
1669709700,237
1669710600,500
1669711500,976
1669712400,910
1669713300,512
1669714200,471
1669715100,527
1669716000,871
1669716900,416
1669717800,308
1669718700,253
1669719600,226
1669720500,820
1669721400,1226
1669722300,1021
1669723200,848
1669724100,397
1669725000,350
1669725900,356
1669726800,374
1669727700,331
1669728600,317
1669729500,319
1669730400,304
1669731300,301
1669732200,282
1669733100,270
1669734000,352
1669734900,254
1669735800,243
1669736700,243
1669737600,300
1669738500,659
1669739400,631
1669740300,609
1669741200,631
1669742100,718
1669743000,581
1669743900,440
1669744800,464
1669745700,493
1669746600,720
1669747500,561
1669748400,492
1669749300,480
1669750200,457
1669751100,468
1669752000,385
1669752900,532
1669753800,358
1669754700,352
1669755600,305
1669756500,200
1669757400,159
1669758300,152
1669759200,147
1669760100,157
1669761000,135
1669761900,142
1669762800,132
1669763700,151
1669764600,134
1669765500,160
1669766400,145
1669767300,147
1669768200,140
1669769100,164
1669770000,151
1669770900,159
1669771800,141
1669772700,218
1669773600,212
1669774500,147
1669775400,154
1669776300,153
1669777200,162
1669778100,153
1669779000,155
1669779900,161
1669780800,188
1669781700,200
1669782600,199
1669783500,243
1669784400,522
1669785300,192
1669786200,163
1669787100,169
1669788000,146
1669788900,241
1669789800,166
1669790700,228
1669791600,221
1669792500,166
1669793400,147
1669794300,149
1669795200,182
1669796100,207
1669797000,193
1669797900,220
1669798800,263
1669799700,326
1669800600,222
1669801500,231
1669802400,244
1669803300,434
1669804200,426
1669805100,235
1669806000,205
1669806900,278
1669807800,731
1669808700,310
1669809600,163
1669810500,273
1669811400,343
1669812300,185
1669813200,250
1669814100,225
1669815000,248
1669815900,249
1669816800,252
1669817700,195
1669818600,218
1669819500,272
1669820400,259
1669821300,352
1669822200,269
1669823100,307
1669824000,345
1669824900,600
1669825800,824
1669826700,545
1669827600,441
1669828500,378
1669829400,405
1669830300,417
1669831200,347
1669832100,405
1669833000,416
1669833900,458
1669834800,423
1669835700,348
1669836600,343
1669837500,326
1669838400,320
1669839300,353
1669840200,366
1669841100,321
1669842000,239
1669842900,223
1669843800,198
1669844700,169
1669845600,129
1669846500,141
1669847400,140
1669848300,150
1669849200,140
1669850100,137
1669851000,131
1669851900,202
1669852800,182
1669853700,141
1669854600,133
1669855500,160
1669856400,156
1669857300,151
1669858200,154
1669859100,147
1669860000,143
1669860900,161
1669861800,161
1669862700,142
1669863600,163
1669864500,171
1669865400,217
1669866300,198
1669867200,141
1669868100,152
1669869000,171
1669869900,255
1669870800,271
1669871700,312
1669872600,227
1669873500,277
1669874400,194
1669875300,199
1669876200,168
1669877100,180
1669878000,137
1669878900,145
1669879800,136
1669880700,132
1669881600,148
1669882500,134
1669883400,147
1669884300,148
1669885200,174
1669886100,203
1669887000,215
1669887900,168
1669888800,152
1669889700,160
1669890600,163
1669891500,171
1669892400,246
1669893300,308
1669894200,253
1669895100,218
1669896000,320
1669896900,182
1669897800,249
1669898700,265
1669899600,243
1669900500,338
1669901400,229
1669902300,229
1669903200,263
1669904100,221
1669905000,215
1669905900,285
1669906800,302
1669907700,282
1669908600,270
1669909500,262
1669910400,219
1669911300,653
1669912200,642
1669913100,526
1669914000,406
1669914900,425
1669915800,326
1669916700,323
1669917600,360
1669918500,348
1669919400,283
1669920300,256
1669921200,259
1669922100,260
1669923000,272
1669923900,301
1669924800,309
1669925700,261
1669926600,241
1669927500,288
1669928400,315
1669929300,250
1669930200,239
1669931100,174
1669932000,150
1669932900,147
1669933800,160
1669934700,144
1669935600,152
1669936500,140
1669937400,148
1669938300,149
1669939200,195
1669940100,200
1669941000,169
1669941900,151
1669942800,153
1669943700,170
1669944600,137
1669945500,139
1669946400,144
1669947300,152
1669948200,145
1669949100,140
1669950000,139
1669950900,180
1669951800,193
1669952700,181
1669953600,158
1669954500,207
1669955400,217
1669956300,266
1669957200,216
1669958100,234
1669959000,181
1669959900,210
1669960800,245
1669961700,247
1669962600,238
1669963500,222
1669964400,198
1669965300,179
1669966200,158
1669967100,188
1669968000,173
1669968900,170
1669969800,173
1669970700,371
1669971600,237
1669972500,175
1669973400,210
1669974300,303
1669975200,245
1669976100,286
1669977000,150
1669977900,149
1669978800,155
1669979700,157
1669980600,165
1669981500,157
1669982400,151
1669983300,594
1669984200,513
1669985100,561
1669986000,540
1669986900,184
1669987800,388
1669988700,392
1669989600,360
1669990500,370
1669991400,342
1669992300,315
1669993200,337
1669994100,242
1669995000,258
1669995900,207
1669996800,227
1669997700,330
1669998600,387
1669999500,902
1670000400,559
1670001300,512
1670002200,467
1670003100,332
1670004000,773
1670004900,379
1670005800,359
1670006700,445
1670007600,474
1670008500,574
1670009400,782
1670010300,343
1670011200,329
1670012100,334
1670013000,397
1670013900,359
1670014800,318
1670015700,252
1670016600,185
1670017500,147
1670018400,217
1670019300,158
1670020200,138
1670021100,133
1670022000,149
1670022900,151
1670023800,139
1670024700,182
1670025600,180
1670026500,148
1670027400,134
1670028300,155
1670029200,140
1670030100,164
1670031000,148
1670031900,150
1670032800,146
1670033700,163
1670034600,137
1670035500,154
1670036400,178
1670037300,208
1670038200,217
1670039100,150
1670040000,168
1670040900,194
1670041800,194
1670042700,253
1670043600,210
1670044500,323
1670045400,219
1670046300,191
1670047200,254
1670048100,272
1670049000,218
1670049900,215
1670050800,159
1670051700,163
1670052600,168
1670053500,163
1670054400,226
1670055300,210
1670056200,206
1670057100,172
1670058000,353
1670058900,245
1670059800,222
1670060700,186
1670061600,260
1670062500,192
1670063400,273
1670064300,274
1670065200,301
1670066100,227
1670067000,246
1670067900,221
1670068800,303
1670069700,237
1670070600,328
1670071500,342
1670072400,294
1670073300,242
1670074200,224
1670075100,233
1670076000,231
1670076900,234
1670077800,356
1670078700,319
1670079600,255
1670080500,739
1670081400,526
1670082300,634
1670083200,748
1670084100,628
1670085000,444
1670085900,378
1670086800,472
1670087700,505
1670088600,550
1670089500,630
1670090400,990
1670091300,510
1670092200,511
1670093100,454
1670094000,730
1670094900,1407
1670095800,946
1670096700,589
1670097600,419
1670098500,404
1670099400,491
1670100300,478
1670101200,434
1670102100,338
1670103000,323
1670103900,292
1670104800,235
1670105700,263
1670106600,251
1670107500,253
1670108400,229
1670109300,182
1670110200,171
1670111100,149
1670112000,140
1670112900,156
1670113800,168
1670114700,167
1670115600,154
1670116500,134
1670117400,156
1670118300,134
1670119200,138
1670120100,183
1670121000,193
1670121900,185
1670122800,131
1670123700,139
1670124600,168
1670125500,138
1670126400,167
1670127300,208
1670128200,216
1670129100,220
1670130000,210
1670130900,209
1670131800,199
1670132700,509
1670133600,504
1670134500,304
1670135400,273
1670136300,278
1670137200,215
1670138100,257
1670139000,240
1670139900,329
1670140800,390
1670141700,403
1670142600,328
1670143500,269
1670144400,255
1670145300,289
1670146200,364
1670147100,174
1670148000,162
1670148900,204
1670149800,191
1670150700,192
1670151600,182
1670152500,181
1670153400,178
1670154300,495
1670155200,712
1670156100,650
1670157000,221
1670157900,191
1670158800,174
1670159700,222
1670160600,306
1670161500,281
1670162400,306
1670163300,250
1670164200,218
1670165100,227
1670166000,382
1670166900,903
1670167800,788
1670168700,718
1670169600,629
1670170500,391
1670171400,354
1670172300,300
1670173200,570
1670174100,625
1670175000,344
1670175900,332
1670176800,339
1670177700,352
1670178600,201
1670179500,204
1670180400,282
1670181300,368
1670182200,333
1670183100,246
1670184000,222
1670184900,289
1670185800,286
1670186700,181
1670187600,174
1670188500,179
1670189400,192
1670190300,180
1670191200,182
1670192100,173
1670193000,175
1670193900,212
1670194800,234
1670195700,194
1670196600,166
1670197500,149
1670198400,152
1670199300,164
1670200200,156
1670201100,177
1670202000,204
1670202900,173
1670203800,163
1670204700,144
1670205600,144
1670206500,130
1670207400,147
1670208300,130
1670209200,139
1670210100,195
1670211000,193
1670211900,153
1670212800,136
1670213700,138
1670214600,151
1670215500,169
1670216400,212
1670217300,213
1670218200,181
1670219100,160
1670220000,162
1670220900,209
1670221800,217
1670222700,219
1670223600,481
1670224500,427
1670225400,208
1670226300,305
1670227200,282
1670228100,235
1670229000,363
1670229900,487
1670230800,250
1670231700,733
1670232600,417
1670233500,280
1670234400,230
1670235300,222
1670236200,226
1670237100,410
1670238000,825
1670238900,996
1670239800,876
1670240700,796
1670241600,718
1670242500,564
1670243400,269
1670244300,270
1670245200,305
1670246100,331
1670247000,324
1670247900,316
1670248800,275
1670249700,235
1670250600,259
1670251500,305
1670252400,388
1670253300,507
1670254200,535
1670255100,503
1670256000,429
1670256900,344
1670257800,620
1670258700,520
1670259600,731
1670260500,512
1670261400,862
1670262300,892
1670263200,501
1670264100,270
1670265000,255
1670265900,239
1670266800,289
1670267700,388
1670268600,413
1670269500,515
1670270400,444
1670271300,411
1670272200,377
1670273100,408
1670274000,394
1670274900,348
1670275800,312
1670276700,331
1670277600,357
1670278500,306
1670279400,256
1670280300,253
1670281200,282
1670282100,183
1670283000,163
1670283900,150
1670284800,136
1670285700,159
1670286600,157
1670287500,163
1670288400,158
1670289300,159
1670290200,152
1670291100,168
1670292000,136
1670292900,134
1670293800,162
1670294700,193
1670295600,169
1670296500,141
1670297400,142
1670298300,130
1670299200,152
1670300100,138
1670301000,146
1670301900,179
1670302800,202
1670303700,208
1670304600,172
1670305500,164
1670306400,141
1670307300,174
1670308200,228
1670309100,220
1670310000,199
1670310900,213
1670311800,262
1670312700,333
1670313600,714
1670314500,813
1670315400,833
1670316300,652
1670317200,665
1670318100,508
1670319000,358
1670319900,1103
1670320800,952
1670321700,1257
1670322600,662
1670323500,820
1670324400,745
1670325300,386
1670326200,827
1670327100,458
1670328000,340
1670328900,311
1670329800,294
1670330700,298
1670331600,316
1670332500,361
1670333400,368
1670334300,420
1670335200,420
1670336100,486
1670337000,404
1670337900,342
1670338800,252
1670339700,312
1670340600,304
1670341500,281
1670342400,299
1670343300,517
1670344200,471
1670345100,406
1670346000,425
1670346900,432
1670347800,440
1670348700,559
1670349600,524
1670350500,473
1670351400,511
1670352300,488
1670353200,741
1670354100,478
1670355000,407
1670355900,424
1670356800,433
1670357700,475
1670358600,528
1670359500,424
1670360400,359
1670361300,327
1670362200,318
1670363100,284
1670364000,262
1670364900,263
1670365800,276
1670366700,189
1670367600,173
1670368500,153
1670369400,177
1670370300,228
1670371200,232
1670372100,156
1670373000,175
1670373900,167
1670374800,172
1670375700,167
1670376600,159
1670377500,173
1670378400,173
1670379300,164
1670380200,163
1670381100,150
1670382000,148
1670382900,148
1670383800,162
1670384700,207
1670385600,207
1670386500,183
1670387400,168
1670388300,206
1670389200,299
1670390100,324
1670391000,671
1670391900,577
1670392800,228
1670393700,207
1670394600,235
1670395500,209
1670396400,157
1670397300,166
1670398200,196
1670399100,225
1670400000,217
1670400900,210
1670401800,214
1670402700,179
1670403600,234
1670404500,190
1670405400,174
1670406300,164
1670407200,174
1670408100,164
1670409000,170
1670409900,154
1670410800,166
1670411700,158
1670412600,176
1670413500,159
1670414400,162
1670415300,168
1670416200,175
1670417100,273
1670418000,358
1670418900,525
1670419800,191
1670420700,196
1670421600,198
1670422500,184
1670423400,197
1670424300,217
1670425200,211
1670426100,230
1670427000,229
1670427900,179
1670428800,298
1670429700,292
1670430600,266
1670431500,339
1670432400,325
1670433300,353
1670434200,341
1670435100,339
1670436000,466
1670436900,357
1670437800,319
1670438700,373
1670439600,350
1670440500,294
1670441400,346
1670442300,449
1670443200,329
1670444100,324
1670445000,328
1670445900,382
1670446800,399
1670447700,304
1670448600,274
1670449500,191
1670450400,152
1670451300,156
1670452200,165
1670453100,142
1670454000,175
1670454900,162
1670455800,167
1670456700,181
1670457600,197
1670458500,157
1670459400,155
1670460300,146
1670461200,164
1670462100,178
1670463000,154
1670463900,159
1670464800,146
1670465700,157
1670466600,143
1670467500,192
1670468400,201
1670469300,143
1670470200,144
1670471100,134
1670472000,163
1670472900,152
1670473800,172
1670474700,236
1670475600,245
1670476500,293
1670477400,281
1670478300,204
1670479200,222
1670480100,278
1670481000,211
1670481900,327
1670482800,290
1670483700,314
1670484600,295
1670485500,251
1670486400,265
1670487300,229
1670488200,229
1670489100,253
1670490000,276
1670490900,242
1670491800,223
1670492700,200
1670493600,172
1670494500,164
1670495400,136
1670496300,145
1670497200,149
1670498100,291
1670499000,231
1670499900,258
1670500800,456
1670501700,328
1670502600,252
1670503500,273
1670504400,240
1670505300,276
1670506200,219
1670507100,184
1670508000,189
1670508900,208
1670509800,186
1670510700,269
1670511600,269
1670512500,257
1670513400,237
1670514300,254
1670515200,662
1670516100,588
1670517000,378
1670517900,367
1670518800,344
1670519700,337
1670520600,355
1670521500,310
1670522400,230
1670523300,288
1670524200,333
1670525100,317
1670526000,328
1670526900,399
1670527800,260
1670528700,292
1670529600,330
1670530500,592
1670531400,359
1670532300,342
1670533200,332
1670534100,230
1670535000,236
1670535900,194
1670536800,151
1670537700,152
1670538600,148
1670539500,194
1670540400,185
1670541300,166
1670542200,136
1670543100,147
1670544000,152
1670544900,160
1670545800,172
1670546700,171
1670547600,218
1670548500,241
1670549400,223
1670550300,155
1670551200,167
1670552100,174
1670553000,158
1670553900,161
1670554800,148
1670555700,158
1670556600,193
1670557500,220
1670558400,151
1670559300,166
1670560200,170
1670561100,207
1670562000,178
1670562900,240
1670563800,221
1670564700,240
1670565600,253
1670566500,610
1670567400,710
1670568300,521
1670569200,176
1670570100,339
1670571000,396
1670571900,262
1670572800,202
1670573700,248
1670574600,185
1670575500,190
1670576400,293
1670577300,254
1670578200,282
1670579100,218
1670580000,261
1670580900,210
1670581800,233
1670582700,250
1670583600,240
1670584500,276
1670585400,669
1670586300,849
1670587200,743
1670588100,710
1670589000,562
1670589900,300
1670590800,249
1670591700,225
1670592600,184
1670593500,293
1670594400,302
1670595300,240
1670596200,248
1670597100,258
1670598000,384
1670598900,295
1670599800,267
1670600700,407
1670601600,364
1670602500,370
1670603400,425
1670604300,435
1670605200,398
1670606100,387
1670607000,719
1670607900,459
1670608800,493
1670609700,495
1670610600,490
1670611500,451
1670612400,650
1670613300,834
1670614200,507
1670615100,510
1670616000,470
1670616900,759
1670617800,750
1670618700,427
1670619600,415
1670620500,354
1670621400,301
1670622300,293
1670623200,326
1670624100,243
1670625000,236
1670625900,222
1670626800,217
1670627700,146
1670628600,163
1670629500,152
1670630400,137
1670631300,144
1670632200,152
1670633100,172
1670634000,145
1670634900,154
1670635800,160
1670636700,146
1670637600,159
1670638500,166
1670639400,219
1670640300,178
1670641200,146
1670642100,155
1670643000,193
1670643900,141
1670644800,150
1670645700,161
1670646600,151
1670647500,217
1670648400,245
1670649300,299
1670650200,202
1670651100,180
1670652000,164
1670652900,234
1670653800,185
1670654700,169
1670655600,204
1670656500,268
1670657400,296
1670658300,276
1670659200,256
1670660100,265
1670661000,257
1670661900,217
1670662800,222
1670663700,274
1670664600,392
1670665500,282
1670666400,743
1670667300,596
1670668200,484
1670669100,583
1670670000,385
1670670900,327
1670671800,286
1670672700,352
1670673600,398
1670674500,374
1670675400,280
1670676300,248
1670677200,261
1670678100,324
1670679000,313
1670679900,284
1670680800,395
1670681700,414
1670682600,367
1670683500,326
1670684400,369
1670685300,343
1670686200,377
1670687100,623
1670688000,737
1670688900,450
1670689800,430
1670690700,349
1670691600,379
1670692500,470
1670693400,492
1670694300,388
1670695200,382
1670696100,404
1670697000,355
1670697900,356
1670698800,370
1670699700,398
1670700600,407
1670701500,322
1670702400,318
1670703300,366
1670704200,363
1670705100,308
1670706000,387
1670706900,361
1670707800,220
1670708700,155
1670709600,133
1670710500,140
1670711400,142
1670712300,130
1670713200,147
1670714100,141
1670715000,154
1670715900,152
1670716800,139
1670717700,135
1670718600,141
1670719500,148
1670720400,156
1670721300,178
1670722200,155
1670723100,136
1670724000,181
1670724900,206
1670725800,168
1670726700,156
1670727600,160
1670728500,160
1670729400,172
1670730300,144
1670731200,159
1670732100,176
1670733000,195
1670733900,233
1670734800,192
1670735700,239
1670736600,233
1670737500,168
1670738400,264
1670739300,164
1670740200,175
1670741100,177
1670742000,185
1670742900,197
1670743800,252
1670744700,235
1670745600,213
1670746500,401
1670747400,295
1670748300,285
1670749200,283
1670750100,244
1670751000,256
1670751900,270
1670752800,225
1670753700,188
1670754600,195
1670755500,205
1670756400,213
1670757300,194
1670758200,431
1670759100,319
1670760000,273
1670760900,440
1670761800,381
1670762700,331
1670763600,270
1670764500,222
1670765400,228
1670766300,235
1670767200,199
1670768100,295
1670769000,260
1670769900,233
1670770800,177
1670771700,509
1670772600,438
1670773500,382
1670774400,420
1670775300,689
1670776200,724
1670777100,609
1670778000,401
1670778900,341
1670779800,301
1670780700,324
1670781600,290
1670782500,283
1670783400,379
1670784300,427
1670785200,415
1670786100,384
1670787000,406
1670787900,380
1670788800,365
1670789700,368
1670790600,384
1670791500,361
1670792400,342
1670793300,281
1670794200,318
1670795100,317
1670796000,313
1670796900,244
1670797800,218
1670798700,225
1670799600,243
1670800500,206
1670801400,188
1670802300,144
1670803200,157
1670804100,142
1670805000,149
1670805900,176
1670806800,158
1670807700,141
1670808600,147
1670809500,157
1670810400,179
1670811300,205
1670812200,170
1670813100,158
1670814000,147
1670814900,142
1670815800,157
1670816700,160
1670817600,131
1670818500,168
1670819400,214
1670820300,211
1670821200,148
1670822100,153
1670823000,160
1670823900,154
1670824800,200
1670825700,191
1670826600,169
1670827500,158
1670828400,135
1670829300,248
1670830200,215
1670831100,243
1670832000,265
1670832900,228
1670833800,655
1670834700,367
1670835600,321
1670836500,282
1670837400,326
1670838300,369
1670839200,383
1670840100,378
1670841000,1053
1670841900,1070
1670842800,870
1670843700,412
1670844600,710
1670845500,564
1670846400,351
1670847300,395
1670848200,340
1670849100,910
1670850000,947
1670850900,826
1670851800,833
1670852700,726
1670853600,814
1670854500,299
1670855400,344
1670856300,333
1670857200,399
1670858100,388
1670859000,320
1670859900,285
1670860800,362
1670861700,309
1670862600,292
1670863500,288
1670864400,330
1670865300,633
1670866200,1315
1670867100,1168
1670868000,1314
1670868900,525
1670869800,429
1670870700,438
1670871600,509
1670872500,806
1670873400,666
1670874300,607
1670875200,527
1670876100,547
1670877000,927
1670877900,512
1670878800,433
1670879700,429
1670880600,405
1670881500,465
1670882400,324
1670883300,209
1670884200,138
1670885100,142
1670886000,146
1670886900,134
1670887800,141
1670888700,141
1670889600,155
1670890500,203
1670891400,201
1670892300,156
1670893200,160
1670894100,162
1670895000,137
1670895900,183
1670896800,157
1670897700,136
1670898600,153
1670899500,149
1670900400,157
1670901300,203
1670902200,214
1670903100,166
1670904000,156
1670904900,139
1670905800,148
1670906700,167
1670907600,157
1670908500,153
1670909400,213
1670910300,213
1670911200,174
1670912100,150
1670913000,152
1670913900,139
1670914800,193
1670915700,194
1670916600,181
1670917500,181
1670918400,332
1670919300,343
1670920200,278
1670921100,252
1670922000,285
1670922900,360
1670923800,373
1670924700,389
1670925600,350
1670926500,279
1670927400,280
1670928300,214
1670929200,176
1670930100,223
1670931000,206
1670931900,185
1670932800,164
1670933700,149
1670934600,169
1670935500,213
1670936400,207
1670937300,175
1670938200,174
1670939100,164
1670940000,161
1670940900,147
1670941800,299
1670942700,247
1670943600,185
1670944500,177
1670945400,202
1670946300,304
1670947200,385
1670948100,409
1670949000,415
1670949900,429
1670950800,466
1670951700,414
1670952600,470
1670953500,580
1670954400,425
1670955300,422
1670956200,476
1670957100,453
1670958000,397
1670958900,395
1670959800,436
1670960700,596
1670961600,693
1670962500,428
1670963400,394
1670964300,402
1670965200,834
1670966100,448
1670967000,328
1670967900,374
1670968800,345
1670969700,265
1670970600,203
1670971500,154
1670972400,145
1670973300,149
1670974200,129
1670975100,140
1670976000,183
1670976900,198
1670977800,137
1670978700,138
1670979600,148
1670980500,156
1670981400,163
1670982300,146
1670983200,178
1670984100,207
1670985000,185
1670985900,140
1670986800,147
1670987700,155
1670988600,158
1670989500,148
1670990400,162
1670991300,203
1670992200,206
1670993100,180
1670994000,214
1670994900,226
1670995800,212
1670996700,171
1670997600,149
1670998500,172
1670999400,133
1671000300,138
1671001200,169
1671002100,211
1671003000,223
1671003900,192
1671004800,225
1671005700,202
1671006600,234
1671007500,213
1671008400,174
1671009300,168
1671010200,170
1671011100,172
1671012000,229
1671012900,220
1671013800,187
1671014700,161
1671015600,167
1671016500,149
1671017400,146
1671018300,140
1671019200,190
1671020100,223
1671021000,151
1671021900,153
1671022800,157
1671023700,160
1671024600,230
1671025500,233
1671026400,253
1671027300,197
1671028200,211
1671029100,621
1671030000,606
1671030900,585
1671031800,369
1671032700,540
1671033600,614
1671034500,495
1671035400,565
1671036300,531
1671037200,531
1671038100,403
1671039000,753
1671039900,433
1671040800,362
1671041700,381
1671042600,346
1671043500,402
1671044400,415
1671045300,370
1671046200,396
1671047100,323
1671048000,338
1671048900,365
1671049800,389
1671050700,367
1671051600,309
1671052500,289
1671053400,173
1671054300,165
1671055200,218
1671056100,155
1671057000,140
1671057900,200
1671058800,195
1671059700,155
1671060600,128
1671061500,132
1671062400,135
1671063300,159
1671064200,216
1671065100,157
1671066000,145
1671066900,160
1671067800,128
1671068700,182
1671069600,210
1671070500,170
1671071400,132
1671072300,146
1671073200,160
1671074100,185
1671075000,212
1671075900,182
1671076800,165
1671077700,213
1671078600,201
1671079500,197
1671080400,201
1671081300,235
1671082200,275
1671083100,302
1671084000,257
1671084900,209
1671085800,181
1671086700,176
1671087600,446
1671088500,521
1671089400,222
1671090300,204
1671091200,185
1671092100,174
1671093000,205
1671093900,190
1671094800,145
1671095700,150
1671096600,143
1671097500,221
1671098400,222
1671099300,210
1671100200,183
1671101100,191
1671102000,459
1671102900,443
1671103800,235
1671104700,249
1671105600,256
1671106500,330
1671107400,276
1671108300,260
1671109200,219
1671110100,171
1671111000,260
1671111900,275
1671112800,229
1671113700,248
1671114600,208
1671115500,269
1671116400,275
1671117300,265
1671118200,231
1671119100,252
1671120000,760
1671120900,488
1671121800,511
1671122700,445
1671123600,550
1671124500,581
1671125400,437
1671126300,420
1671127200,414
1671128100,458
1671129000,616
1671129900,707
1671130800,386
1671131700,506
1671132600,517
1671133500,709
1671134400,633
1671135300,299
1671136200,362
1671137100,365
1671138000,283
1671138900,205
1671139800,182
1671140700,161
1671141600,204
1671142500,172
1671143400,143
1671144300,199
1671145200,208
1671146100,142
1671147000,132
1671147900,147
1671148800,136
1671149700,144
1671150600,131
1671151500,152
1671152400,204
1671153300,155
1671154200,140
1671155100,140
1671156000,179
1671156900,162
1671157800,139
1671158700,145
1671159600,179
1671160500,199
1671161400,191
1671162300,157
1671163200,151
1671164100,181
1671165000,220
1671165900,226
1671166800,243
1671167700,322
1671168600,199
1671169500,243
1671170400,228
1671171300,212
1671172200,287
1671173100,320
1671174000,292
1671174900,334
1671175800,352
1671176700,263
1671177600,376
1671178500,380
1671179400,373
1671180300,241
1671181200,228
1671182100,191
1671183000,185
1671183900,234
1671184800,198
1671185700,163
1671186600,156
1671187500,181
1671188400,357
1671189300,308
1671190200,258
1671191100,252
1671192000,253
1671192900,283
1671193800,312
1671194700,362
1671195600,321
1671196500,286
1671197400,281
1671198300,250
1671199200,345
1671200100,284
1671201000,301
1671201900,280
1671202800,277
1671203700,222
1671204600,213
1671205500,459
1671206400,407
1671207300,672
1671208200,377
1671209100,575
1671210000,399
1671210900,523
1671211800,382
1671212700,415
1671213600,479
1671214500,441
1671215400,416
1671216300,400
1671217200,441
1671218100,385
1671219000,347
1671219900,359
1671220800,452
1671221700,407
1671222600,343
1671223500,296
1671224400,282
1671225300,247
1671226200,184
1671227100,156
1671228000,164
1671228900,161
1671229800,157
1671230700,212
1671231600,221
1671232500,201
1671233400,159
1671234300,138
1671235200,137
1671236100,144
1671237000,140
1671237900,141
1671238800,182
1671239700,182
1671240600,151
1671241500,146
1671242400,156
1671243300,146
1671244200,193
1671245100,197
1671246000,158
1671246900,140
1671247800,157
1671248700,193
1671249600,202
1671250500,171
1671251400,144
1671252300,188
1671253200,281
1671254100,311
1671255000,187
1671255900,195
1671256800,241
1671257700,267
1671258600,217
1671259500,190
1671260400,184
1671261300,202
1671262200,210
1671263100,214
1671264000,441
1671264900,364
1671265800,185
1671266700,155
1671267600,215
1671268500,183
1671269400,296
1671270300,217
1671271200,213
1671272100,226
1671273000,250
1671273900,231
1671274800,856
1671275700,656
1671276600,215
1671277500,309
1671278400,249
1671279300,317
1671280200,288
1671281100,373
1671282000,315
1671282900,289
1671283800,260
1671284700,285
1671285600,356
1671286500,400
1671287400,306
1671288300,280
1671289200,337
1671290100,360
1671291000,430
1671291900,492
1671292800,455
1671293700,517
1671294600,517
1671295500,550
1671296400,510
1671297300,545
1671298200,505
1671299100,442
1671300000,293
1671300900,263
1671301800,292
1671302700,392
1671303600,310
1671304500,264
1671305400,217
1671306300,215
1671307200,262
1671308100,324
1671309000,311
1671309900,232
1671310800,259
1671311700,286
1671312600,190
1671313500,191
1671314400,167
1671315300,157
1671316200,166
1671317100,222
1671318000,208
1671318900,209
1671319800,163
1671320700,165
1671321600,134
1671322500,152
1671323400,172
1671324300,200
1671325200,191
1671326100,146
1671327000,157
1671327900,163
1671328800,155
1671329700,195
1671330600,194
1671331500,144
1671332400,138
1671333300,128
1671334200,153
1671335100,189
1671336000,199
1671336900,159
1671337800,145
1671338700,173
1671339600,242
1671340500,232
1671341400,200
1671342300,176
1671343200,259
1671344100,209
1671345000,203
1671345900,162
1671346800,199
1671347700,243
1671348600,307
1671349500,204
1671350400,193
1671351300,196
1671352200,328
1671353100,273
1671354000,260
1671354900,213
1671355800,335
1671356700,231
1671357600,276
1671358500,283
1671359400,218
1671360300,259
1671361200,313
1671362100,330
1671363000,206
1671363900,208
1671364800,170
1671365700,178
1671366600,263
1671367500,238
1671368400,196
1671369300,299
1671370200,234
1671371100,257
1671372000,298
1671372900,286
1671373800,209
1671374700,185
1671375600,231
1671376500,245
1671377400,339
1671378300,287
1671379200,309
1671380100,334
1671381000,716
1671381900,930
1671382800,1134
1671383700,645
1671384600,437
1671385500,368
1671386400,428
1671387300,432
1671388200,434
1671389100,588
1671390000,490
1671390900,534
1671391800,454
1671392700,423
1671393600,443
1671394500,472
1671395400,388
1671396300,450
1671397200,383
1671398100,406
1671399000,394
1671399900,332
1671400800,255
1671401700,233
1671402600,230
1671403500,234
1671404400,267
1671405300,287
1671406200,202
1671407100,138
1671408000,128
1671408900,135
1671409800,129
1671410700,137
1671411600,139
1671412500,197
1671413400,204
1671414300,166
1671415200,143
1671416100,145
1671417000,148
1671417900,154
1671418800,162
1671419700,221
1671420600,191
1671421500,177
1671422400,147
1671423300,141
1671424200,157
1671425100,165
1671426000,211
1671426900,197
1671427800,194
1671428700,161
1671429600,168
1671430500,149
1671431400,163
1671432300,168
1671433200,211
1671434100,207
1671435000,185
1671435900,601
1671436800,631
1671437700,302
1671438600,210
1671439500,237
1671440400,236
1671441300,229
1671442200,258
1671443100,318
1671444000,287
1671444900,276
1671445800,297
1671446700,354
1671447600,841
1671448500,1112
1671449400,813
1671450300,505
1671451200,337
1671452100,308
1671453000,317
1671453900,297
1671454800,328
1671455700,520
1671456600,635
1671457500,361
1671458400,291
1671459300,310
1671460200,459
1671461100,346
1671462000,311
1671462900,298
1671463800,354
1671464700,406
1671465600,510
1671466500,744
1671467400,543
1671468300,789
1671469200,1218
1671470100,1859
1671471000,1541
1671471900,1123
1671472800,694
1671473700,457
1671474600,442
1671475500,501
1671476400,410
1671477300,394
1671478200,523
1671479100,1276
1671480000,830
1671480900,516
1671481800,513
1671482700,750
1671483600,760
1671484500,346
1671485400,357
1671486300,387
1671487200,352
1671488100,275
1671489000,212
1671489900,210
1671490800,197
1671491700,214
1671492600,194
1671493500,134
1671494400,147
1671495300,133
1671496200,139
1671497100,128
1671498000,144
1671498900,144
1671499800,166
1671500700,230
1671501600,169
1671502500,137
1671503400,151
1671504300,138
1671505200,162
1671506100,147
1671507000,204
1671507900,193
1671508800,178
1671509700,153
1671510600,140
1671511500,153
1671512400,154
1671513300,201
1671514200,216
1671515100,177
1671516000,171
1671516900,160
1671517800,173
1671518700,209
1671519600,215
1671520500,184
1671521400,156
1671522300,230
1671523200,506
1671524100,696
1671525000,337
1671525900,241
1671526800,276
1671527700,553
1671528600,824
1671529500,660
1671530400,651
1671531300,774
1671532200,854
1671533100,695
1671534000,614
1671534900,458
1671535800,327
1671536700,573
1671537600,608
1671538500,223
1671539400,244
1671540300,283
1671541200,321
1671542100,225
1671543000,238
1671543900,285
1671544800,351
1671545700,358
1671546600,523
1671547500,365
1671548400,322
1671549300,319
1671550200,372
1671551100,426
1671552000,394
1671552900,449
1671553800,549
1671554700,345
1671555600,346
1671556500,766
1671557400,385
1671558300,508
1671559200,512
1671560100,529
1671561000,787
1671561900,492
1671562800,494
1671563700,447
1671564600,500
1671565500,557
1671566400,386
1671567300,439
1671568200,523
1671569100,488
1671570000,460
1671570900,407
1671571800,318
1671572700,313
1671573600,223
1671574500,183
1671575400,159
1671576300,214
1671577200,200
1671578100,206
1671579000,195
1671579900,156
1671580800,148
1671581700,136
1671582600,141
1671583500,129
1671584400,128
1671585300,191
1671586200,181
1671587100,146
1671588000,163
1671588900,149
1671589800,134
1671590700,151
1671591600,139
1671592500,205
1671593400,209
1671594300,195
1671595200,141
1671596100,163
1671597000,150
1671597900,195
1671598800,578
1671599700,483
1671600600,350
1671601500,472
1671602400,601
1671603300,274
1671604200,222
1671605100,211
1671606000,686
1671606900,431
1671607800,229
1671608700,282
1671609600,365
1671610500,401
1671611400,362
1671612300,325
1671613200,512
1671614100,576
1671615000,630
1671615900,440
1671616800,430
1671617700,501
1671618600,891
1671619500,1288
1671620400,695
1671621300,275
1671622200,372
1671623100,356
1671624000,520
1671624900,774
1671625800,301
1671626700,354
1671627600,295
1671628500,297
1671629400,383
1671630300,290
1671631200,355
1671632100,295
1671633000,291
1671633900,238
1671634800,319
1671635700,309
1671636600,347
1671637500,294
1671638400,361
1671639300,361
1671640200,352
1671641100,372
1671642000,466
1671642900,730
1671643800,1133
1671644700,620
1671645600,671
1671646500,607
1671647400,493
1671648300,503
1671649200,417
1671650100,383
1671651000,351
1671651900,371
1671652800,388
1671653700,380
1671654600,328
1671655500,321
1671656400,310
1671657300,307
1671658200,233
1671659100,217
1671660000,214
1671660900,162
1671661800,142
1671662700,202
1671663600,218
1671664500,191
1671665400,160
1671666300,158
1671667200,151
1671668100,139
1671669000,132
1671669900,144
1671670800,132
1671671700,143
1671672600,133
1671673500,141
1671674400,206
1671675300,188
1671676200,172
1671677100,130
1671678000,160
1671678900,155
1671679800,138
1671680700,159
1671681600,156
1671682500,193
1671683400,208
1671684300,169
1671685200,162
1671686100,147
1671687000,164
1671687900,238
1671688800,439
1671689700,315
1671690600,312
1671691500,282
1671692400,345
1671693300,300
1671694200,364
1671695100,395
1671696000,402
1671696900,309
1671697800,316
1671698700,360
1671699600,315
1671700500,387
1671701400,491
1671702300,393
1671703200,483
1671704100,523
1671705000,721
1671705900,465
1671706800,466
1671707700,437
1671708600,418
1671709500,298
1671710400,267
1671711300,217
1671712200,264
1671713100,340
1671714000,320
1671714900,394
1671715800,384
1671716700,502
1671717600,258
1671718500,210
1671719400,284
1671720300,279
1671721200,362
1671722100,458
1671723000,920
1671723900,552
1671724800,498
1671725700,668
1671726600,773
1671727500,462
1671728400,448
1671729300,879
1671730200,557
1671731100,501
1671732000,501
1671732900,826
1671733800,986
1671734700,644
1671735600,505
1671736500,463
1671737400,554
1671738300,447
1671739200,477
1671740100,388
1671741000,404
1671741900,467
1671742800,400
1671743700,346
1671744600,257
1671745500,243
1671746400,245
1671747300,224
1671748200,260
1671749100,204
1671750000,156
1671750900,150
1671751800,153
1671752700,150
1671753600,159
1671754500,137
1671755400,130
1671756300,139
1671757200,140
1671758100,146
1671759000,159
1671759900,148
1671760800,204
1671761700,196
1671762600,143
1671763500,131
1671764400,157
1671765300,154
1671766200,166
1671767100,163
1671768000,161
1671768900,209
1671769800,206
1671770700,159
1671771600,145
1671772500,240
1671773400,241
1671774300,214
1671775200,248
1671776100,259
1671777000,244
1671777900,198
1671778800,153
1671779700,161
1671780600,192
1671781500,297
1671782400,1029
1671783300,909
1671784200,907
1671785100,699
1671786000,674
1671786900,608
1671787800,513
1671788700,543
1671789600,554
1671790500,1161
1671791400,876
1671792300,1285
1671793200,969
1671794100,784
1671795000,707
1671795900,610
1671796800,244
1671797700,226
1671798600,243
1671799500,705
1671800400,661
1671801300,256
1671802200,215
1671803100,155
1671804000,158
1671804900,600
1671805800,716
1671806700,695
1671807600,714
1671808500,505
1671809400,373
1671810300,423
1671811200,351
1671812100,316
1671813000,286
1671813900,421
1671814800,336
1671815700,336
1671816600,321
1671817500,352
1671818400,349
1671819300,337
1671820200,326
1671821100,314
1671822000,334
1671822900,320
1671823800,364
1671824700,384
1671825600,400
1671826500,433
1671827400,537
1671828300,506
1671829200,521
1671830100,363
1671831000,345
1671831900,382
1671832800,318
1671833700,214
1671834600,155
1671835500,176
1671836400,176
1671837300,175
1671838200,159
1671839100,165
1671840000,167
1671840900,154
1671841800,186
1671842700,187
1671843600,172
1671844500,132
1671845400,127
1671846300,137
1671847200,139
1671848100,152
1671849000,159
1671849900,136
1671850800,134
1671851700,148
1671852600,161
1671853500,149
1671854400,189
1671855300,212
1671856200,187
1671857100,162
1671858000,153
1671858900,162
1671859800,141
1671860700,160
1671861600,156
1671862500,191
1671863400,196
1671864300,221
1671865200,196
1671866100,258
1671867000,221
1671867900,687
1671868800,325
1671869700,287
1671870600,498
1671871500,766
1671872400,566
1671873300,455
1671874200,346
1671875100,526
1671876000,284
1671876900,317
1671877800,489
1671878700,371
1671879600,382
1671880500,353
1671881400,347
1671882300,275
1671883200,263
1671884100,347
1671885000,275
1671885900,279
1671886800,330
1671887700,330
1671888600,228
1671889500,282
1671890400,288
1671891300,221
1671892200,207
1671893100,249
1671894000,267
1671894900,257
1671895800,253
1671896700,284
1671897600,329
1671898500,350
1671899400,1109
1671900300,450
1671901200,199
1671902100,203
1671903000,237
1671903900,324
1671904800,324
1671905700,301
1671906600,277
1671907500,249
1671908400,263
1671909300,252
1671910200,264
1671911100,293
1671912000,280
1671912900,260
1671913800,331
1671914700,332
1671915600,315
1671916500,314
1671917400,339
1671918300,336
1671919200,419
1671920100,252
1671921000,419
1671921900,309
1671922800,305
1671923700,295
1671924600,269
1671925500,269
1671926400,272
1671927300,198
1671928200,178
1671929100,138
1671930000,137
1671930900,128
1671931800,136
1671932700,126
1671933600,131
1671934500,146
1671935400,149
1671936300,148
1671937200,129
1671938100,135
1671939000,150
1671939900,207
1671940800,214
1671941700,181
1671942600,155
1671943500,137
1671944400,170
1671945300,156
1671946200,160
1671947100,154
1671948000,136
1671948900,164
1671949800,210
1671950700,196
1671951600,212
1671952500,226
1671953400,191
1671954300,262
1671955200,227
1671956100,258
1671957000,276
1671957900,435
1671958800,500
1671959700,1339
1671960600,757
1671961500,791
1671962400,612
1671963300,834
1671964200,1199
1671965100,469
1671966000,291
1671966900,330
1671967800,276
1671968700,306
1671969600,354
1671970500,327
1671971400,349
1671972300,321
1671973200,476
1671974100,524
1671975000,425
1671975900,477
1671976800,423
1671977700,360
1671978600,310
1671979500,329
1671980400,311
1671981300,322
1671982200,378
1671983100,384
1671984000,367
1671984900,903
1671985800,726
1671986700,735
1671987600,668
1671988500,652
1671989400,439
1671990300,524
1671991200,486
1671992100,484
1671993000,463
1671993900,481
1671994800,425
1671995700,459
1671996600,434
1671997500,482
1671998400,457
1671999300,394
1672000200,358
1672001100,377
1672002000,378
1672002900,382
1672003800,387
1672004700,387
1672005600,386
1672006500,314
1672007400,261
1672008300,236
1672009200,246
1672010100,200
1672011000,220
1672011900,205
1672012800,173
1672013700,202
1672014600,178
1672015500,151
1672016400,134
1672017300,138
1672018200,155
1672019100,138
1672020000,137
1672020900,135
1672021800,127
1672022700,144
1672023600,147
1672024500,140
1672025400,131
1672026300,158
1672027200,231
1672028100,205
1672029000,158
1672029900,168
1672030800,143
1672031700,157
1672032600,152
1672033500,159
1672034400,173
1672035300,215
1672036200,229
1672037100,183
1672038000,144
1672038900,178
1672039800,215
1672040700,316
1672041600,183
1672042500,210
1672043400,427
1672044300,438
1672045200,984
1672046100,372
1672047000,276
1672047900,735
1672048800,1317
1672049700,1191
1672050600,846
1672051500,382
1672052400,875
1672053300,479
1672054200,271
1672055100,300
1672056000,526
1672056900,296
1672057800,309
1672058700,335
1672059600,287
1672060500,280
1672061400,267
1672062300,292
1672063200,408
1672064100,309
1672065000,285
1672065900,322
1672066800,247
1672067700,263
1672068600,271
1672069500,268
1672070400,258
1672071300,330
1672072200,452
1672073100,487
1672074000,832
1672074900,477
1672075800,446
1672076700,450
1672077600,811
1672078500,1492
1672079400,529
1672080300,328
1672081200,374
1672082100,333
1672083000,422
1672083900,402
1672084800,482
1672085700,734
1672086600,646
1672087500,486
1672088400,486
1672089300,320
1672090200,291
1672091100,243
1672092000,250
1672092900,261
1672093800,271
1672094700,253
1672095600,213
1672096500,182
1672097400,173
1672098300,156
1672099200,142
1672100100,152
1672101000,165
1672101900,156
1672102800,159
1672103700,133
1672104600,137
1672105500,141
1672106400,131
1672107300,138
1672108200,148
1672109100,153
1672110000,160
1672110900,136
1672111800,191
1672112700,187
1672113600,182
1672114500,161
1672115400,150
1672116300,159
1672117200,155
1672118100,209
1672119000,209
1672119900,189
1672120800,157
1672121700,155
1672122600,155
1672123500,147
1672124400,168
1672125300,230
1672126200,204
1672127100,198
1672128000,173
1672128900,813
1672129800,404
1672130700,504
1672131600,280
1672132500,229
1672133400,555
1672134300,462
1672135200,266
1672136100,336
1672137000,439
1672137900,257
1672138800,378
1672139700,572
1672140600,338
1672141500,218
1672142400,234
1672143300,264
1672144200,350
1672145100,286
1672146000,305
1672146900,230
1672147800,219
1672148700,359
1672149600,228
1672150500,251
1672151400,240
1672152300,368
1672153200,294
1672154100,378
1672155000,415
1672155900,409
1672156800,422
1672157700,481
1672158600,680
1672159500,361
1672160400,383
1672161300,379
1672162200,381
1672163100,414
1672164000,551
1672164900,631
1672165800,904
1672166700,869
1672167600,553
1672168500,520
1672169400,424
1672170300,448
1672171200,405
1672172100,367
1672173000,368
1672173900,389
1672174800,445
1672175700,390
1672176600,350
1672177500,297
1672178400,214
1672179300,176
1672180200,165
1672181100,173
1672182000,165
1672182900,137
1672183800,161
1672184700,152
1672185600,152
1672186500,163
1672187400,208
1672188300,191
1672189200,166
1672190100,154
1672191000,165
1672191900,183
1672192800,146
1672193700,134
1672194600,144
1672195500,141
1672196400,137
1672197300,158
1672198200,141
1672199100,139
1672200000,153
1672200900,153
1672201800,155
1672202700,148
1672203600,162
1672204500,136
1672205400,218
1672206300,225
1672207200,178
1672208100,159
1672209000,156
1672209900,154
1672210800,161
1672211700,224
1672212600,360
1672213500,444
1672214400,295
1672215300,242
1672216200,634
1672217100,291
1672218000,694
1672218900,675
1672219800,721
1672220700,591
1672221600,192
1672222500,216
1672223400,210
1672224300,248
1672225200,809
1672226100,388
1672227000,185
1672227900,226
1672228800,223
1672229700,267
1672230600,292
1672231500,239
1672232400,574
1672233300,894
1672234200,742
1672235100,707
1672236000,492
1672236900,432
1672237800,449
1672238700,381
1672239600,386
1672240500,490
1672241400,510
1672242300,751
1672243200,370
1672244100,324
1672245000,367
1672245900,766
1672246800,699
1672247700,549
1672248600,387
1672249500,306
1672250400,229
1672251300,253
1672252200,196
1672253100,175
1672254000,231
1672254900,271
1672255800,628
1672256700,662
1672257600,336
1672258500,313
1672259400,331
1672260300,322
1672261200,260
1672262100,238
1672263000,224
1672263900,443
1672264800,220
1672265700,234
1672266600,270
1672267500,191
1672268400,206
1672269300,221
1672270200,183
1672271100,150
1672272000,161
1672272900,161
1672273800,158
1672274700,164
1672275600,163
1672276500,156
1672277400,129
1672278300,130
1672279200,142
1672280100,139
1672281000,211
1672281900,196
1672282800,168
1672283700,132
1672284600,145
1672285500,143
1672286400,131
1672287300,165
1672288200,144
1672289100,148
1672290000,170
1672290900,172
1672291800,199
1672292700,207
1672293600,212
1672294500,153
1672295400,163
1672296300,223
1672297200,215
1672298100,190
1672299000,143
1672299900,156
1672300800,196
1672301700,202
1672302600,202
1672303500,195
1672304400,314
1672305300,951
1672306200,306
1672307100,312
1672308000,224
1672308900,224
1672309800,211
1672310700,189
1672311600,235
1672312500,323
1672313400,231
1672314300,245
1672315200,208
1672316100,248
1672317000,315
1672317900,494
1672318800,398
1672319700,384
1672320600,638
1672321500,595
1672322400,410
1672323300,347
1672324200,410
1672325100,385
1672326000,510
1672326900,479
1672327800,482
1672328700,535
1672329600,701
1672330500,538
1672331400,763
1672332300,620
1672333200,821
1672334100,732
1672335000,308
1672335900,611
1672336800,271
1672337700,380
1672338600,396
1672339500,706
1672340400,896
1672341300,524
1672342200,487
1672343100,504
1672344000,591
1672344900,452
1672345800,413
1672346700,364
1672347600,331
1672348500,319
1672349400,334
1672350300,322
1672351200,339
1672352100,279
1672353000,213
1672353900,245
1672354800,193
1672355700,214
1672356600,166
1672357500,134
1672358400,159
1672359300,151
1672360200,155
1672361100,167
1672362000,134
1672362900,170
1672363800,162
1672364700,144
1672365600,136
1672366500,154
1672367400,134
1672368300,132
1672369200,142
1672370100,131
1672371000,152
1672371900,187
1672372800,206
1672373700,202
1672374600,175
1672375500,156
1672376400,140
1672377300,611
1672378200,428
1672379100,206
1672380000,242
1672380900,223
1672381800,329
1672382700,695
1672383600,260
1672384500,185
1672385400,191
1672386300,169
1672387200,210
1672388100,273
1672389000,338
1672389900,229
1672390800,263
1672391700,275
1672392600,291
1672393500,319
1672394400,233
1672395300,256
1672396200,248
1672397100,266
1672398000,653
1672398900,570
1672399800,370
1672400700,204
1672401600,202
1672402500,206
1672403400,363
1672404300,390
1672405200,366
1672406100,312
1672407000,282
1672407900,343
1672408800,570
1672409700,759
1672410600,452
1672411500,479
1672412400,513
1672413300,686
1672414200,766
1672415100,668
1672416000,484
1672416900,497
1672417800,381
1672418700,355
1672419600,357
1672420500,804
1672421400,339
1672422300,314
1672423200,351
1672424100,361
1672425000,362
1672425900,393
1672426800,555
1672427700,425
1672428600,394
1672429500,345
1672430400,497
1672431300,389
1672432200,346
1672433100,325
1672434000,309
1672434900,314
1672435800,283
1672436700,167
1672437600,167
1672438500,165
1672439400,146
1672440300,149
1672441200,159
1672442100,146
1672443000,148
1672443900,147
1672444800,156
1672445700,152
1672446600,148
1672447500,155
1672448400,160
1672449300,206
1672450200,190
1672451100,158
1672452000,143
1672452900,134
1672453800,162
1672454700,137
1672455600,132
1672456500,134
1672457400,128
1672458300,157
1672459200,157
1672460100,212
1672461000,191
1672461900,160
1672462800,179
1672463700,157
1672464600,154
1672465500,151
1672466400,157
1672467300,145
1672468200,191
1672469100,230
1672470000,217
1672470900,169
1672471800,150
1672472700,167
1672473600,225
1672474500,637
1672475400,626
1672476300,307
1672477200,239
1672478100,288
1672479000,702
1672479900,846
1672480800,759
1672481700,822
1672482600,956
1672483500,1000
1672484400,777
1672485300,385
1672486200,729
1672487100,291
1672488000,320
1672488900,439
1672489800,908
1672490700,911
1672491600,736
1672492500,335
1672493400,184
1672494300,187
1672495200,272
1672496100,252
1672497000,337
1672497900,472
1672498800,486
1672499700,808
1672500600,496
1672501500,507
1672502400,423
1672503300,401
1672504200,707
1672505100,740
1672506000,421
1672506900,393
1672507800,458
1672508700,444
1672509600,322
1672510500,262
1672511400,534
1672512300,647
1672513200,432
1672514100,290
1672515000,302
1672515900,336
1672516800,270
1672517700,194
1672518600,210
1672519500,209
1672520400,237
1672521300,217
1672522200,221
1672523100,281
1672524000,271
1672524900,319
1672525800,298
1672526700,343
1672527600,265
1672528500,464
1672529400,441
1672530300,282
1672531200,281
1672532100,324
1672533000,302
1672533900,302
1672534800,274
1672535700,282
1672536600,185
1672537500,153
1672538400,136
1672539300,195
1672540200,201
1672541100,148
1672542000,138
1672542900,132
1672543800,132
1672544700,148
1672545600,165
1672546500,139
1672547400,133
1672548300,147
1672549200,175
1672550100,159
1672551000,177
1672551900,210
1672552800,187
1672553700,179
1672554600,161
1672555500,154
1672556400,163
1672557300,198
1672558200,219
1672559100,190
1672560000,169
1672560900,152
1672561800,156
1672562700,146
1672563600,283
1672564500,288
1672565400,396
1672566300,754
1672567200,432
1672568100,299
1672569000,228
1672569900,206
1672570800,245
1672571700,271
1672572600,237
1672573500,237
1672574400,264
1672575300,250
1672576200,205
1672577100,200
1672578000,248
1672578900,243
1672579800,232
1672580700,205
1672581600,203
1672582500,331
1672583400,410
1672584300,371
1672585200,296
1672586100,345
1672587000,692
1672587900,590
1672588800,771
1672589700,961
1672590600,597
1672591500,601
1672592400,446
1672593300,526
1672594200,336
1672595100,348
1672596000,405
1672596900,374
1672597800,511
1672598700,441
1672599600,380
1672600500,331
1672601400,314
1672602300,421
1672603200,431
1672604100,397
1672605000,358
1672605900,422
1672606800,406
1672607700,406
1672608600,395
1672609500,418
1672610400,450
1672611300,399
1672612200,418
1672613100,379
1672614000,416
1672614900,377
1672615800,194
1672616700,166
1672617600,163
1672618500,132
1672619400,166
1672620300,155
1672621200,159
1672622100,158
1672623000,148
1672623900,166
1672624800,161
1672625700,140
1672626600,139
1672627500,134
1672628400,142
1672629300,164
1672630200,211
1672631100,193
1672632000,157
1672632900,153
1672633800,132
1672634700,154
1672635600,159
1672636500,147
1672637400,150
1672638300,164
1672639200,223
1672640100,195
1672641000,208
1672641900,179
1672642800,156
1672643700,146
1672644600,168
1672645500,263
1672646400,232
1672647300,228
1672648200,239
1672649100,190
1672650000,754
1672650900,446
1672651800,445
1672652700,773
1672653600,668
1672654500,492
1672655400,887
1672656300,487
1672657200,419
1672658100,312
1672659000,445
1672659900,740
1672660800,306
1672661700,328
1672662600,353
1672663500,302
1672664400,299
1672665300,280
1672666200,340
1672667100,375
1672668000,382
1672668900,445
1672669800,407
1672670700,480
1672671600,375
1672672500,380
1672673400,878
1672674300,830
1672675200,555
1672676100,383
1672677000,353
1672677900,1117
1672678800,712
1672679700,1119
1672680600,514
1672681500,391
1672682400,435
1672683300,489
1672684200,463
1672685100,492
1672686000,882
1672686900,424
1672687800,458
1672688700,440
1672689600,740
1672690500,871
1672691400,437
1672692300,462
1672693200,395
1672694100,334
1672695000,380
1672695900,322
1672696800,281
1672697700,235
1672698600,255
1672699500,251
1672700400,247
1672701300,229
1672702200,256
1672703100,176
1672704000,174
1672704900,163
1672705800,192
1672706700,201
1672707600,193
1672708500,161
1672709400,155
1672710300,160
1672711200,155
1672712100,167
1672713000,145
1672713900,138
1672714800,133
1672715700,151
1672716600,148
1672717500,188
1672718400,172
1672719300,163
1672720200,169
1672721100,147
1672722000,141
1672722900,171
1672723800,162
1672724700,163
1672725600,169
1672726500,163
1672727400,162
1672728300,168
1672729200,166
1672730100,169
1672731000,171
1672731900,251
1672732800,336
1672733700,639
1672734600,224
1672735500,321
1672736400,327
1672737300,351
1672738200,316
1672739100,303
1672740000,412
1672740900,457
1672741800,725
1672742700,753
1672743600,512
1672744500,532
1672745400,231
1672746300,247
1672747200,227
1672748100,277
1672749000,319
1672749900,290
1672750800,269
1672751700,244
1672752600,227
1672753500,350
1672754400,342
1672755300,309
1672756200,407
1672757100,367
1672758000,358
1672758900,445
1672759800,398
1672760700,422
1672761600,491
1672762500,832
1672763400,437
1672764300,557
1672765200,509
1672766100,452
1672767000,486
1672767900,496
1672768800,545
1672769700,469
1672770600,560
1672771500,417
1672772400,392
1672773300,453
1672774200,420
1672775100,367
1672776000,447
1672776900,982
1672777800,467
1672778700,455
1672779600,432
1672780500,421
1672781400,446
1672782300,350
1672783200,305
1672784100,269
1672785000,235
1672785900,375
1672786800,278
1672787700,256
1672788600,270
1672789500,170
1672790400,189
1672791300,151
1672792200,148
1672793100,164
1672794000,142
1672794900,170
1672795800,167
1672796700,158
1672797600,168
1672798500,143
1672799400,156
1672800300,145
1672801200,138
1672802100,144
1672803000,139
1672803900,152
1672804800,146
1672805700,145
1672806600,157
1672807500,137
1672808400,154
1672809300,244
1672810200,356
1672811100,288
1672812000,282
1672812900,300
1672813800,198
1672814700,180
1672815600,171
1672816500,274
1672817400,563
1672818300,346
1672819200,297
1672820100,348
1672821000,357
1672821900,291
1672822800,224
1672823700,266
1672824600,484
1672825500,538
1672826400,271
1672827300,452
1672828200,573
1672829100,710
1672830000,621
1672830900,314
1672831800,320
1672832700,620
1672833600,412
1672834500,560
1672835400,437
1672836300,530
1672837200,925
1672838100,627
1672839000,440
1672839900,487
1672840800,430
1672841700,436
1672842600,393
1672843500,376
1672844400,378
1672845300,375
1672846200,417
1672847100,476
1672848000,474
1672848900,473
1672849800,458
1672850700,503
1672851600,626
1672852500,490
1672853400,551
1672854300,556
1672855200,560
1672856100,510
1672857000,436
1672857900,826
1672858800,833
1672859700,486
1672860600,465
1672861500,460
1672862400,482
1672863300,463
1672864200,490
1672865100,464
1672866000,416
1672866900,366
1672867800,378
1672868700,386
1672869600,285
1672870500,287
1672871400,273
1672872300,210
1672873200,182
1672874100,163
1672875000,156
1672875900,134
1672876800,169
1672877700,161
1672878600,157
1672879500,160
1672880400,202
1672881300,203
1672882200,203
1672883100,188
1672884000,217
1672884900,171
1672885800,154
1672886700,130
1672887600,134
1672888500,140
1672889400,153
1672890300,146
1672891200,135
1672892100,132
1672893000,140
1672893900,147
1672894800,188
1672895700,306
1672896600,242
1672897500,218
1672898400,227
1672899300,233
1672900200,233
1672901100,217
1672902000,242
1672902900,242
1672903800,235
1672904700,391
1672905600,277
1672906500,218
1672907400,322
1672908300,897
1672909200,826
1672910100,367
1672911000,970
1672911900,525
1672912800,390
1672913700,496
1672914600,550
1672915500,435
1672916400,422
1672917300,432
1672918200,1182
1672919100,995
1672920000,729
1672920900,629
1672921800,481
1672922700,427
1672923600,489
1672924500,455
1672925400,373
1672926300,295
1672927200,254
1672928100,264
1672929000,253
1672929900,405
1672930800,301
1672931700,346
1672932600,361
1672933500,378
1672934400,558
1672935300,533
1672936200,429
1672937100,501
1672938000,476
1672938900,522
1672939800,551
1672940700,548
1672941600,880
1672942500,883
1672943400,617
1672944300,549
1672945200,761
1672946100,708
1672947000,542
1672947900,486
1672948800,510
1672949700,946
1672950600,541
1672951500,456
1672952400,425
1672953300,554
1672954200,600
1672955100,504
1672956000,471
1672956900,396
1672957800,332
1672958700,277
1672959600,279
1672960500,338
1672961400,214
1672962300,268
1672963200,259
1672964100,245
1672965000,230
1672965900,237
1672966800,186
1672967700,185
1672968600,197
1672969500,187
1672970400,199
1672971300,171
1672972200,196
1672973100,195
1672974000,221
1672974900,224
1672975800,211
1672976700,220
1672977600,214
1672978500,183
1672979400,188
1672980300,176
1672981200,192
1672982100,174
1672983000,187
1672983900,239
1672984800,249
1672985700,251
1672986600,243
1672987500,254
1672988400,222
1672989300,248
1672990200,316
1672991100,273
1672992000,295
1672992900,301
1672993800,606
1672994700,650
1672995600,400
1672996500,314
1672997400,344
1672998300,447
1672999200,427
1673000100,1007
1673001000,372
1673001900,958
1673002800,866
1673003700,464
1673004600,596
1673005500,734
1673006400,418
1673007300,355
1673008200,595
1673009100,1344
1673010000,1153
1673010900,789
1673011800,634
1673012700,384
1673013600,246
1673014500,266
1673015400,332
1673016300,355
1673017200,259
1673018100,276
1673019000,398
1673019900,408
1673020800,355
1673021700,436
1673022600,428
1673023500,439
1673024400,869
1673025300,473
1673026200,483
1673027100,405
1673028000,405
1673028900,499
1673029800,500
1673030700,501
1673031600,482
1673032500,443
1673033400,444
1673034300,310
1673035200,367
1673036100,391
1673037000,346
1673037900,355
1673038800,330
1673039700,215
1673040600,206
1673041500,186
1673042400,216
1673043300,166
1673044200,152
1673045100,145
1673046000,166
1673046900,141
1673047800,146
1673048700,171
1673049600,205
1673050500,209
1673051400,190
1673052300,201
1673053200,187
1673054100,135
1673055000,165
1673055900,165
1673056800,168
1673057700,153
1673058600,132
1673059500,159
1673060400,151
1673061300,147
1673062200,153
1673063100,140
1673064000,190
1673064900,178
1673065800,187
1673066700,179
1673067600,251
1673068500,328
1673069400,192
1673070300,182
1673071200,186
1673072100,259
1673073000,226
1673073900,239
1673074800,234
1673075700,235
1673076600,213
1673077500,187
1673078400,476
1673079300,349
1673080200,324
1673081100,392
1673082000,302
1673082900,265
1673083800,303
1673084700,289
1673085600,281
1673086500,259
1673087400,365
1673088300,264
1673089200,253
1673090100,347
1673091000,264
1673091900,288
1673092800,267
1673093700,267
1673094600,292
1673095500,274
1673096400,392
1673097300,206
1673098200,192
1673099100,264
1673100000,261
1673100900,201
1673101800,203
1673102700,213
1673103600,221
1673104500,252
1673105400,380
1673106300,289
1673107200,306
1673108100,295
1673109000,426
1673109900,726
1673110800,505
1673111700,380
1673112600,569
1673113500,741
1673114400,475
1673115300,417
1673116200,458
1673117100,376
1673118000,428
1673118900,461
1673119800,563
1673120700,628
1673121600,878
1673122500,452
1673123400,489
1673124300,441
1673125200,392
1673126100,299
1673127000,265
1673127900,295
1673128800,196
1673129700,137
1673130600,164
1673131500,141
1673132400,144
1673133300,132
1673134200,145
1673135100,139
1673136000,150
1673136900,212
1673137800,201
1673138700,209
1673139600,199
1673140500,199
1673141400,195
1673142300,198
1673143200,181
1673144100,145
1673145000,159
1673145900,161
1673146800,163
1673147700,152
1673148600,152
1673149500,217
1673150400,212
1673151300,189
1673152200,218
1673153100,202
1673154000,261
1673154900,332
1673155800,196
1673156700,188
1673157600,176
1673158500,171
1673159400,169
1673160300,220
1673161200,163
1673162100,196
1673163000,244
1673163900,243
1673164800,258
1673165700,197
1673166600,201
1673167500,170
1673168400,175
1673169300,179
1673170200,166
1673171100,178
1673172000,159
1673172900,364
1673173800,383
1673174700,432
1673175600,314
1673176500,309
1673177400,306
1673178300,232
1673179200,219
1673180100,219
1673181000,247
1673181900,421
1673182800,260
1673183700,211
1673184600,161
1673185500,146
1673186400,154
1673187300,139
1673188200,147
1673189100,157
1673190000,172
1673190900,231
1673191800,278
1673192700,338
1673193600,404
1673194500,354
1673195400,375
1673196300,406
1673197200,376
1673198100,346
1673199000,341
1673199900,419
1673200800,316
1673201700,403
1673202600,361
1673203500,421
1673204400,388
1673205300,413
1673206200,378
1673207100,419
1673208000,389
1673208900,374
1673209800,342
1673210700,320
1673211600,302
1673212500,294
1673213400,293
1673214300,314
1673215200,438
1673216100,310
1673217000,267
1673217900,314
1673218800,341
1673219700,227
1673220600,158
1673221500,159
1673222400,170
1673223300,147
1673224200,155
1673225100,159
1673226000,153
1673226900,145
1673227800,158
1673228700,199
1673229600,208
1673230500,168
1673231400,151
1673232300,140
1673233200,163
1673234100,147
1673235000,154
1673235900,158
1673236800,166
1673237700,217
1673238600,209
1673239500,209
1673240400,157
1673241300,154
1673242200,166
1673243100,157
1673244000,167
1673244900,198
1673245800,222
1673246700,202
1673247600,193
1673248500,474
1673249400,220
1673250300,199
1673251200,298
1673252100,455
1673253000,695
1673253900,347
1673254800,422
1673255700,769
1673256600,688
1673257500,781
1673258400,318
1673259300,244
1673260200,277
1673261100,314
1673262000,495
1673262900,827
1673263800,882
1673264700,767
1673265600,665
1673266500,942
1673267400,474
1673268300,291
1673269200,500
1673270100,816
1673271000,480
1673271900,489
1673272800,445
1673273700,789
1673274600,818
1673275500,494
1673276400,423
1673277300,470
1673278200,571
1673279100,532
1673280000,579
1673280900,574
1673281800,582
1673282700,592
1673283600,668
1673284500,631
1673285400,622
1673286300,1103
1673287200,744
1673288100,544
1673289000,565
1673289900,624
1673290800,546
1673291700,520
1673292600,611
1673293500,601
1673294400,568
1673295300,479
1673296200,499
1673297100,502
1673298000,467
1673298900,524
1673299800,513
1673300700,461
1673301600,395
1673302500,346
1673303400,325
1673304300,244
1673305200,216
1673306100,199
1673307000,177
1673307900,161
1673308800,156
1673309700,163
1673310600,154
1673311500,151
1673312400,169
1673313300,215
1673314200,216
1673315100,184
1673316000,193
1673316900,154
1673317800,157
1673318700,173
1673319600,153
1673320500,163
1673321400,151
1673322300,133
1673323200,155
1673324100,143
1673325000,189
1673325900,202
1673326800,191
1673327700,198
1673328600,190
1673329500,209
1673330400,145
1673331300,186
1673332200,225
1673333100,203
1673334000,222
1673334900,205
1673335800,202
1673336700,581
1673337600,339
1673338500,294
1673339400,284
1673340300,378
1673341200,306
1673342100,776
1673343000,1081
1673343900,1373
1673344800,858
1673345700,823
1673346600,1083
1673347500,762
1673348400,705
1673349300,693
1673350200,957
1673351100,583
1673352000,313
1673352900,349
1673353800,491
1673354700,935
1673355600,908
1673356500,738
1673357400,378
1673358300,339
1673359200,378
1673360100,324
1673361000,517
1673361900,407
1673362800,371
1673363700,438
1673364600,818
1673365500,873
1673366400,1178
1673367300,835
1673368200,500
1673369100,431
1673370000,398
1673370900,340
1673371800,324
1673372700,345
1673373600,402
1673374500,483
1673375400,520
1673376300,466
1673377200,478
1673378100,499
1673379000,529
1673379900,510
1673380800,557
1673381700,449
1673382600,457
1673383500,446
1673384400,370
1673385300,265
1673386200,245
1673387100,270
1673388000,237
1673388900,226
1673389800,160
1673390700,175
1673391600,188
1673392500,201
1673393400,214
1673394300,208
1673395200,156
1673396100,152
1673397000,154
1673397900,165
1673398800,159
1673399700,165
1673400600,154
1673401500,161
1673402400,144
1673403300,160
1673404200,181
1673405100,221
1673406000,220
1673406900,201
1673407800,200
1673408700,182
1673409600,145
1673410500,150
1673411400,135
1673412300,153
1673413200,225
1673414100,327
1673415000,238
1673415900,224
1673416800,216
1673417700,165
1673418600,184
1673419500,229
1673420400,207
1673421300,180
1673422200,195
1673423100,283
1673424000,466
1673424900,413
1673425800,416
1673426700,311
1673427600,223
1673428500,169
1673429400,166
1673430300,157
1673431200,199
1673432100,213
1673433000,226
1673433900,177
1673434800,143
1673435700,157
1673436600,153
1673437500,172
1673438400,195
1673439300,187
1673440200,163
1673441100,164
1673442000,159
1673442900,181
1673443800,220
1673444700,261
1673445600,260
1673446500,228
1673447400,221
1673448300,257
1673449200,248
1673450100,334
1673451000,562
1673451900,469
1673452800,358
1673453700,405
1673454600,605
1673455500,399
1673456400,484
1673457300,613
1673458200,498
1673459100,433
1673460000,402
1673460900,308
1673461800,335
1673462700,420
1673463600,385
1673464500,427
1673465400,396
1673466300,338
1673467200,346
1673468100,350
1673469000,361
1673469900,352
1673470800,288
1673471700,255
1673472600,281
1673473500,299
1673474400,244
1673475300,162
1673476200,153
1673477100,148
1673478000,151
1673478900,145
1673479800,161
1673480700,151
1673481600,164
1673482500,188
1673483400,211
1673484300,218
1673485200,191
1673486100,199
1673487000,151
1673487900,155
1673488800,149
1673489700,167
1673490600,171
1673491500,148
1673492400,143
1673493300,159
1673494200,184
1673495100,219
1673496000,208
1673496900,212
1673497800,203
1673498700,200
1673499600,214
1673500500,177
1673501400,242
1673502300,161
1673503200,237
1673504100,226
1673505000,212
1673505900,290
1673506800,711
1673507700,214
1673508600,270
1673509500,209
1673510400,224
1673511300,212
1673512200,287
1673513100,200
1673514000,651
1673514900,923
1673515800,694
1673516700,377
1673517600,357
1673518500,347
1673519400,355
1673520300,314
1673521200,296
1673522100,466
1673523000,962
1673523900,786
1673524800,728
1673525700,310
1673526600,273
1673527500,256
1673528400,257
1673529300,263
1673530200,239
1673531100,244
1673532000,491
1673532900,216
1673533800,197
1673534700,215
1673535600,220
1673536500,268
1673537400,485
1673538300,482
1673539200,946
1673540100,808
1673541000,512
1673541900,402
1673542800,748
1673543700,577
1673544600,453
1673545500,456
1673546400,660
1673547300,963
1673548200,401
1673549100,409
1673550000,544
1673550900,625
1673551800,486
1673552700,419
1673553600,742
1673554500,634
1673555400,392
1673556300,403
1673557200,386
1673558100,837
1673559000,538
1673559900,152
1673560800,181
1673561700,144
1673562600,141
1673563500,207
1673564400,209
1673565300,206
1673566200,207
1673567100,184
1673568000,156
1673568900,153
1673569800,160
1673570700,144
1673571600,162
1673572500,157
1673573400,150
1673574300,163
1673575200,214
1673576100,235
1673577000,176
1673577900,141
1673578800,156
1673579700,176
1673580600,155
1673581500,195
1673582400,217
1673583300,203
1673584200,197
1673585100,176
1673586000,204
1673586900,322
1673587800,225
1673588700,220
1673589600,237
1673590500,284
1673591400,219
1673592300,271
1673593200,179
1673594100,163
1673595000,204
1673595900,223
1673596800,227
1673597700,192
1673598600,202
1673599500,461
1673600400,289
1673601300,235
1673602200,452
1673603100,325
1673604000,311
1673604900,194
1673605800,167
1673606700,187
1673607600,202
1673608500,177
1673609400,162
1673610300,196
1673611200,214
1673612100,203
1673613000,166
1673613900,158
1673614800,158
1673615700,136
1673616600,179
1673617500,280
1673618400,258
1673619300,194
1673620200,171
1673621100,222
1673622000,213
1673622900,220
1673623800,227
1673624700,279
1673625600,402
1673626500,635
1673627400,639
1673628300,590
1673629200,436
1673630100,407
1673631000,451
1673631900,428
1673632800,590
1673633700,647
1673634600,469
1673635500,457
1673636400,512
1673637300,393
1673638200,452
1673639100,517
1673640000,466
1673640900,438
1673641800,414
1673642700,369
1673643600,276
1673644500,196
1673645400,161
1673646300,136
1673647200,142
1673648100,138
1673649000,146
1673649900,155
1673650800,152
1673651700,198
1673652600,188
1673653500,212
1673654400,187
1673655300,141
1673656200,153
1673657100,164
1673658000,155
1673658900,154
1673659800,168
1673660700,160
1673661600,151
1673662500,157
1673663400,189
1673664300,223
1673665200,203
1673666100,196
1673667000,164
1673667900,154
1673668800,163
1673669700,142
1673670600,165
1673671500,195
1673672400,214
1673673300,344
1673674200,230
1673675100,223
1673676000,262
1673676900,206
1673677800,214
1673678700,214
1673679600,215
1673680500,204
1673681400,218
1673682300,190
1673683200,182
1673684100,217
1673685000,424
1673685900,385
1673686800,300
1673687700,239
1673688600,203
1673689500,333
1673690400,177
1673691300,230
1673692200,253
1673693100,220
1673694000,170
1673694900,180
1673695800,398
1673696700,337
1673697600,211
1673698500,233
1673699400,242
1673700300,217
1673701200,231
1673702100,370
1673703000,454
1673703900,322
1673704800,276
1673705700,240
1673706600,269
1673707500,312
1673708400,286
1673709300,281
1673710200,232
1673711100,299
1673712000,288
1673712900,395
1673713800,625
1673714700,504
1673715600,547
1673716500,484
1673717400,464
1673718300,467
1673719200,446
1673720100,339
1673721000,299
1673721900,377
1673722800,502
1673723700,391
1673724600,403
1673725500,458
1673726400,394
1673727300,337
1673728200,380
1673729100,369
1673730000,335
1673730900,249
1673731800,185
1673732700,214
1673733600,229
1673734500,169
1673735400,142
1673736300,165
1673737200,161
1673738100,220
1673739000,218
1673739900,198
1673740800,195
1673741700,141
1673742600,141
1673743500,139
1673744400,149
1673745300,145
1673746200,153
1673747100,156
1673748000,163
1673748900,202
1673749800,202
1673750700,198
1673751600,177
1673752500,166
1673753400,199
1673754300,213
1673755200,201
1673756100,164
1673757000,152
1673757900,167
1673758800,212
1673759700,297
1673760600,204
1673761500,321
1673762400,358
1673763300,276
1673764200,340
1673765100,289
1673766000,258
1673766900,191
1673767800,175
1673768700,210
1673769600,277
1673770500,269
1673771400,257
1673772300,261
1673773200,240
1673774100,207
1673775000,215
1673775900,257
1673776800,252
1673777700,492
1673778600,465
1673779500,968
1673780400,952
1673781300,881
1673782200,325
1673783100,541
1673784000,279
1673784900,275
1673785800,294
1673786700,612
1673787600,519
1673788500,370
1673789400,425
1673790300,353
1673791200,440
1673792100,297
1673793000,318
1673793900,350
1673794800,400
1673795700,883
1673796600,566
1673797500,906
1673798400,678
1673799300,977
1673800200,877
1673801100,481
1673802000,645
1673802900,833
1673803800,1227
1673804700,1122
1673805600,994
1673806500,742
1673807400,470
1673808300,471
1673809200,476
1673810100,521
1673811000,440
1673811900,444
1673812800,475
1673813700,443
1673814600,542
1673815500,476
1673816400,451
1673817300,444
1673818200,436
1673819100,388
1673820000,327
1673820900,280
1673821800,260
1673822700,176
1673823600,160
1673824500,183
1673825400,223
1673826300,191
1673827200,167
1673828100,159
1673829000,156
1673829900,157
1673830800,165
1673831700,144
1673832600,151
1673833500,166
1673834400,147
1673835300,143
1673836200,188
1673837100,186
1673838000,190
1673838900,149
1673839800,142
1673840700,145
1673841600,156
1673842500,152
1673843400,135
1673844300,160
1673845200,164
1673846100,192
1673847000,214
1673847900,221
1673848800,197
1673849700,202
1673850600,169
1673851500,157
1673852400,149
1673853300,292
1673854200,254
1673855100,283
1673856000,251
1673856900,663
1673857800,279
1673858700,697
1673859600,537
1673860500,448
1673861400,463
1673862300,959
1673863200,702
1673864100,756
1673865000,661
1673865900,763
1673866800,687
1673867700,506
1673868600,354
1673869500,658
1673870400,670
1673871300,494
1673872200,573
1673873100,752
1673874000,750
1673874900,630
1673875800,636
1673876700,631
1673877600,873
1673878500,849
1673879400,637
1673880300,551
1673881200,413
1673882100,909
1673883000,993
1673883900,733
1673884800,758
1673885700,646
1673886600,610
1673887500,581
1673888400,482
1673889300,520
1673890200,729
1673891100,698
1673892000,487
1673892900,464
1673893800,449
1673894700,444
1673895600,480
1673896500,475
1673897400,426
1673898300,492
1673899200,458
1673900100,478
1673901000,399
1673901900,395
1673902800,396
1673903700,394
1673904600,342
1673905500,315
1673906400,277
1673907300,180
1673908200,174
1673909100,163
1673910000,173
1673910900,242
1673911800,216
1673912700,208
1673913600,183
1673914500,147
1673915400,159
1673916300,144
1673917200,180
1673918100,163
1673919000,209
1673919900,208
1673920800,138
1673921700,159
1673922600,138
1673923500,149
1673924400,143
1673925300,130
1673926200,138
1673927100,146
1673928000,194
1673928900,208
1673929800,159
1673930700,166
1673931600,141
1673932500,160
1673933400,149
1673934300,180
1673935200,206
1673936100,200
1673937000,203
1673937900,167
1673938800,218
1673939700,237
1673940600,186
1673941500,173
1673942400,335
1673943300,1037
1673944200,854
1673945100,284
1673946000,391
1673946900,488
1673947800,788
1673948700,811
1673949600,532
1673950500,469
1673951400,424
1673952300,453
1673953200,608
1673954100,1372
1673955000,1093
1673955900,490
1673956800,345
1673957700,286
1673958600,271
1673959500,281
1673960400,730
1673961300,272
1673962200,235
1673963100,766
1673964000,1126
1673964900,1439
1673965800,733
1673966700,387
1673967600,325
1673968500,350
1673969400,389
1673970300,432
1673971200,440
1673972100,454
1673973000,431
1673973900,778
1673974800,995
1673975700,788
1673976600,541
1673977500,510
1673978400,457
1673979300,419
1673980200,460
1673981100,490
1673982000,708
1673982900,501
1673983800,520
1673984700,558
1673985600,532
1673986500,449
1673987400,440
1673988300,400
1673989200,419
1673990100,297
1673991000,250
1673991900,201
1673992800,221
1673993700,192
1673994600,161
1673995500,178
1673996400,155
1673997300,171
1673998200,160
1673999100,162
1674000000,203
1674000900,191
1674001800,175
1674002700,160
1674003600,142
1674004500,218
1674005400,211
1674006300,173
1674007200,146
1674008100,155
1674009000,160
1674009900,132
1674010800,142
1674011700,140
1674012600,144
1674013500,158
1674014400,189
1674015300,187
1674016200,142
1674017100,151
1674018000,202
1674018900,312
1674019800,206
1674020700,275
1674021600,201
1674022500,198
1674023400,234
1674024300,212
1674025200,187
1674026100,171
1674027000,155
1674027900,158
1674028800,145
1674029700,179
1674030600,243
1674031500,147
1674032400,191
1674033300,223
1674034200,206
1674035100,190
1674036000,164
1674036900,182
1674037800,188
1674038700,182
1674039600,237
1674040500,389
1674041400,979
1674042300,451
1674043200,263
1674044100,172
1674045000,190
1674045900,546
1674046800,465
1674047700,272
1674048600,281
1674049500,423
1674050400,782
1674051300,365
1674052200,334
1674053100,217
1674054000,283
1674054900,321
1674055800,312
1674056700,460
1674057600,844
1674058500,531
1674059400,786
1674060300,721
1674061200,738
1674062100,922
1674063000,1052
1674063900,863
1674064800,924
1674065700,809
1674066600,930
1674067500,867
1674068400,791
1674069300,684
1674070200,698
1674071100,471
1674072000,495
1674072900,386
1674073800,389
1674074700,394
1674075600,394
1674076500,337
1674077400,282
1674078300,221
1674079200,217
1674080100,180
1674081000,171
1674081900,141
1674082800,155
1674083700,169
1674084600,156
1674085500,156
1674086400,152
1674087300,154
1674088200,156
1674089100,175
1674090000,233
1674090900,213
1674091800,154
1674092700,148
1674093600,160
1674094500,159
1674095400,161
1674096300,142
1674097200,146
1674098100,135
1674099000,143
1674099900,142
1674100800,158
1674101700,180
1674102600,184
1674103500,193
1674104400,197
1674105300,269
1674106200,315
1674107100,264
1674108000,235
1674108900,197
1674109800,205
1674110700,256
1674111600,549
1674112500,352
1674113400,166
1674114300,184
1674115200,179
1674116100,185
1674117000,193
1674117900,225
1674118800,227
1674119700,168
1674120600,264
1674121500,245
1674122400,218
1674123300,179
1674124200,167
1674125100,190
1674126000,179
1674126900,486
1674127800,307
1674128700,170
1674129600,163
1674130500,408
1674131400,375
1674132300,318
1674133200,323
1674134100,358
1674135000,288
1674135900,352
1674136800,414
1674137700,400
1674138600,291
1674139500,391
1674140400,279
1674141300,254
1674142200,263
1674143100,269
1674144000,339
1674144900,823
1674145800,1152
1674146700,691
1674147600,747
1674148500,877
1674149400,703
1674150300,657
1674151200,597
1674152100,577
1674153000,480
1674153900,517
1674154800,618
1674155700,533
1674156600,500
1674157500,563
1674158400,484
1674159300,436
1674160200,421
1674161100,408
1674162000,391
1674162900,333
1674163800,342
1674164700,343
1674165600,283
1674166500,177
1674167400,181
1674168300,175
1674169200,141
1674170100,232
1674171000,231
1674171900,210
1674172800,168
1674173700,154
1674174600,169
1674175500,176
1674176400,139
1674177300,163
1674178200,158
1674179100,156
1674180000,170
1674180900,164
1674181800,206
1674182700,212
1674183600,156
1674184500,142
1674185400,153
1674186300,151
1674187200,153
1674188100,138
1674189000,134
1674189900,146
1674190800,255
1674191700,354
1674192600,227
1674193500,193
1674194400,183
1674195300,180
1674196200,226
1674197100,286
1674198000,199
1674198900,209
1674199800,198
1674200700,179
1674201600,149
1674202500,166
1674203400,167
1674204300,180
1674205200,607
1674206100,185
1674207000,449
1674207900,472
1674208800,562
1674209700,767
1674210600,332
1674211500,326
1674212400,290
1674213300,243
1674214200,231
1674215100,227
1674216000,253
1674216900,288
1674217800,287
1674218700,259
1674219600,219
1674220500,201
1674221400,288
1674222300,257
1674223200,292
1674224100,265
1674225000,263
1674225900,255
1674226800,254
1674227700,309
1674228600,259
1674229500,239
1674230400,431
1674231300,1238
1674232200,605
1674233100,644
1674234000,916
1674234900,928
1674235800,706
1674236700,715
1674237600,708
1674238500,1286
1674239400,1015
1674240300,862
1674241200,824
1674242100,792
1674243000,721
1674243900,697
1674244800,564
1674245700,535
1674246600,463
1674247500,460
1674248400,472
1674249300,745
1674250200,802
1674251100,532
1674252000,296
1674252900,277
1674253800,249
1674254700,218
1674255600,201
1674256500,245
1674257400,173
1674258300,151
1674259200,161
1674260100,196
1674261000,218
1674261900,198
1674262800,162
1674263700,173
1674264600,145
1674265500,156
1674266400,162
1674267300,166
1674268200,163
1674269100,142
1674270000,219
1674270900,195
1674271800,174
1674272700,209
1674273600,185
1674274500,155
1674275400,140
1674276300,148
1674277200,234
1674278100,322
1674279000,215
1674279900,224
1674280800,843
1674281700,804
1674282600,684
1674283500,476
1674284400,197
1674285300,212
1674286200,357
1674287100,285
1674288000,237
1674288900,218
1674289800,180
1674290700,162
1674291600,159
1674292500,165
1674293400,210
1674294300,322
1674295200,225
1674296100,482
1674297000,395
1674297900,420
1674298800,374
1674299700,316
1674300600,301
1674301500,279
1674302400,297
1674303300,354
1674304200,444
1674305100,287
1674306000,270
1674306900,316
1674307800,310
1674308700,349
1674309600,429
1674310500,375
1674311400,339
1674312300,319
1674313200,339
1674314100,309
1674315000,319
1674315900,674
1674316800,487
1674317700,564
1674318600,452
1674319500,417
1674320400,466
1674321300,936
1674322200,724
1674323100,837
1674324000,975
1674324900,721
1674325800,436
1674326700,465
1674327600,507
1674328500,453
1674329400,460
1674330300,412
1674331200,394
1674332100,325
1674333000,364
1674333900,332
1674334800,285
1674335700,312
1674336600,214
1674337500,162
1674338400,177
1674339300,157
1674340200,159
1674341100,173
1674342000,165
1674342900,151
1674343800,159
1674344700,152
1674345600,165
1674346500,202
1674347400,220
1674348300,197
1674349200,155
1674350100,145
1674351000,154
1674351900,164
1674352800,172
1674353700,162
1674354600,169
1674355500,159
1674356400,158
1674357300,168
1674358200,186
1674359100,209
1674360000,153
1674360900,133
1674361800,141
1674362700,134
1674363600,203
1674364500,236
1674365400,288
1674366300,231
1674367200,246
1674368100,237
1674369000,223
1674369900,190
1674370800,259
1674371700,211
1674372600,279
1674373500,232
1674374400,186
1674375300,180
1674376200,169
1674377100,190
1674378000,212
1674378900,219
1674379800,248
1674380700,226
1674381600,185
1674382500,181
1674383400,181
1674384300,231
1674385200,343
1674386100,767
1674387000,602
1674387900,477
1674388800,527
1674389700,216
1674390600,659
1674391500,336
1674392400,324
1674393300,500
1674394200,300
1674395100,301
1674396000,383
1674396900,380
1674397800,334
1674398700,331
1674399600,385
1674400500,353
1674401400,380
1674402300,410
1674403200,369
1674404100,415
1674405000,497
1674405900,478
1674406800,405
1674407700,410
1674408600,428
1674409500,410
1674410400,315
1674411300,373
1674412200,382
1674413100,394
1674414000,354
1674414900,342
1674415800,323
1674416700,312
1674417600,317
1674418500,315
1674419400,308
1674420300,359
1674421200,354
1674422100,333
1674423000,258
1674423900,237
1674424800,268
1674425700,277
1674426600,211
1674427500,170
1674428400,144
1674429300,151
1674430200,156
1674431100,159
1674432000,222
1674432900,219
1674433800,177
1674434700,150
1674435600,147
1674436500,155
1674437400,163
1674438300,140
1674439200,170
1674440100,169
1674441000,154
1674441900,202
1674442800,209
1674443700,196
1674444600,141
1674445500,133
1674446400,156
1674447300,141
1674448200,143
1674449100,147
1674450000,139
1674450900,182
1674451800,201
1674452700,193
1674453600,195
1674454500,160
1674455400,184
1674456300,220
1674457200,269
1674458100,363
1674459000,302
1674459900,427
1674460800,381
1674461700,357
1674462600,441
1674463500,400
1674464400,428
1674465300,466
1674466200,446
1674467100,442
1674468000,429
1674468900,446
1674469800,450
1674470700,1189
1674471600,751
1674472500,448
1674473400,489
1674474300,468
1674475200,948
1674476100,760
1674477000,642
1674477900,723
1674478800,551
1674479700,858
1674480600,856
1674481500,658
1674482400,677
1674483300,586
1674484200,835
1674485100,475
1674486000,346
1674486900,436
1674487800,391
1674488700,684
1674489600,533
1674490500,441
1674491400,387
1674492300,400
1674493200,412
1674494100,426
1674495000,436
1674495900,794
1674496800,506
1674497700,567
1674498600,827
1674499500,972
1674500400,551
1674501300,559
1674502200,558
1674503100,789
1674504000,860
1674504900,408
1674505800,399
1674506700,431
1674507600,533
1674508500,368
1674509400,317
1674510300,318
1674511200,261
1674512100,212
1674513000,166
1674513900,150
1674514800,148
1674515700,144
1674516600,138
1674517500,175
1674518400,152
1674519300,164
1674520200,144
1674521100,198
1674522000,224
1674522900,202
1674523800,160
1674524700,155
1674525600,181
1674526500,150
1674527400,152
1674528300,163
1674529200,158
1674530100,162
1674531000,144
1674531900,203
1674532800,229
1674533700,181
1674534600,165
1674535500,157
1674536400,167
1674537300,166
1674538200,152
1674539100,239
1674540000,195
1674540900,198
1674541800,190
1674542700,140
1674543600,153
1674544500,146
1674545400,274
1674546300,759
1674547200,771
1674548100,323
1674549000,300
1674549900,532
1674550800,575
1674551700,443
1674552600,483
1674553500,418
1674554400,1172
1674555300,1414
1674556200,1517
1674557100,1056
1674558000,898
1674558900,467
1674559800,391
1674560700,428
1674561600,359
1674562500,382
1674563400,839
1674564300,472
1674565200,329
1674566100,318
1674567000,278
1674567900,538
1674568800,546
1674569700,534
1674570600,273
1674571500,317
1674572400,435
1674573300,368
1674574200,332
1674575100,424
1674576000,390
1674576900,411
1674577800,356
1674578700,374
1674579600,437
1674580500,466
1674581400,408
1674582300,353
1674583200,325
1674584100,314
1674585000,327
1674585900,317
1674586800,318
1674587700,342
1674588600,351
1674589500,370
1674590400,319
1674591300,274
1674592200,318
1674593100,326
1674594000,293
1674594900,196
1674595800,191
1674596700,229
1674597600,214
1674598500,181
1674599400,153
1674600300,155
1674601200,158
1674602100,165
1674603000,167
1674603900,194
1674604800,229
1674605700,218
1674606600,185
1674607500,175
1674608400,166
1674609300,188
1674610200,198
1674611100,179
1674612000,177
1674612900,246
1674613800,227
1674614700,180
1674615600,189
1674616500,193
1674617400,177
1674618300,195
1674619200,166
1674620100,226
1674621000,238
1674621900,180
1674622800,251
1674623700,316
1674624600,210
1674625500,195
1674626400,199
1674627300,271
1674628200,259
1674629100,277
1674630000,211
1674630900,215
1674631800,205
1674632700,250
1674633600,241
1674634500,232
1674635400,206
1674636300,183
1674637200,189
1674638100,194
1674639000,178
1674639900,170
1674640800,199
1674641700,214
1674642600,184
1674643500,168
1674644400,177
1674645300,166
1674646200,166
1674647100,143
1674648000,174
1674648900,246
1674649800,251
1674650700,245
1674651600,424
1674652500,302
1674653400,265
1674654300,220
1674655200,295
1674656100,268
1674657000,272
1674657900,236
1674658800,218
1674659700,312
1674660600,308
1674661500,463
1674662400,528
1674663300,495
1674664200,358
1674665100,544
1674666000,631
1674666900,574
1674667800,398
1674668700,383
1674669600,472
1674670500,913
1674671400,720
1674672300,512
1674673200,429
1674674100,434
1674675000,419
1674675900,347
1674676800,377
1674677700,457
1674678600,496
1674679500,442
1674680400,316
1674681300,269
1674682200,152
1674683100,163
1674684000,166
1674684900,152
1674685800,158
1674686700,153
1674687600,153
1674688500,196
1674689400,203
1674690300,185
1674691200,169
1674692100,174
1674693000,151
1674693900,151
1674694800,164
1674695700,166
1674696600,150
1674697500,201
1674698400,231
1674699300,195
1674700200,160
1674701100,166
1674702000,162
1674702900,169
1674703800,179
1674704700,192
1674705600,224
1674706500,186
1674707400,180
1674708300,163
1674709200,232
1674710100,317
1674711000,198
1674711900,193
1674712800,273
1674713700,287
1674714600,221
1674715500,167
1674716400,176
1674717300,164
1674718200,198
1674719100,202
1674720000,244
1674720900,255
1674721800,237
1674722700,456
1674723600,385
1674724500,300
1674725400,272
1674726300,268
1674727200,685
1674728100,768
1674729000,691
1674729900,330
1674730800,305
1674731700,267
1674732600,368
1674733500,391
1674734400,181
1674735300,158
1674736200,151
1674737100,167
1674738000,160
1674738900,191
1674739800,209
1674740700,220
1674741600,192
1674742500,164
1674743400,180
1674744300,182
1674745200,227
1674746100,225
1674747000,225
1674747900,220
1674748800,404
1674749700,452
1674750600,759
1674751500,815
1674752400,640
1674753300,401
1674754200,441
1674755100,465
1674756000,431
1674756900,682
1674757800,366
1674758700,391
1674759600,391
1674760500,479
1674761400,362
1674762300,456
1674763200,471
1674764100,492
1674765000,395
1674765900,374
1674766800,279
1674767700,241
1674768600,206
1674769500,178
1674770400,195
1674771300,160
1674772200,156
1674773100,158
1674774000,152
1674774900,233
1674775800,211
1674776700,215
1674777600,218
1674778500,219
1674779400,185
1674780300,169
1674781200,178
1674782100,150
1674783000,159
1674783900,179
1674784800,171
1674785700,211
1674786600,201
1674787500,231
1674788400,212
1674789300,167
1674790200,156
1674791100,166
1674792000,165
1674792900,173
1674793800,211
1674794700,216
1674795600,271
1674796500,284
1674797400,198
1674798300,181
1674799200,182
1674800100,268
1674801000,195
1674801900,169
1674802800,209
1674803700,271
1674804600,262
1674805500,446
1674806400,665
1674807300,578
1674808200,431
1674809100,298
1674810000,179
1674810900,178
1674811800,201
1674812700,360
1674813600,465
1674814500,380
1674815400,296
1674816300,201
1674817200,253
1674818100,225
1674819000,248
1674819900,294
1674820800,538
1674821700,398
1674822600,306
1674823500,354
1674824400,314
1674825300,249
1674826200,270
1674827100,279
1674828000,327
1674828900,337
1674829800,333
1674830700,299
1674831600,335
1674832500,230
1674833400,214
1674834300,186
1674835200,359
1674836100,547
1674837000,496
1674837900,338
1674838800,327
1674839700,369
1674840600,349
1674841500,401
1674842400,368
1674843300,422
1674844200,360
1674845100,391
1674846000,372
1674846900,517
1674847800,373
1674848700,442
1674849600,441
1674850500,372
1674851400,382
1674852300,359
1674853200,365
1674854100,342
1674855000,223
1674855900,175
1674856800,151
1674857700,149
1674858600,149
1674859500,145
1674860400,171
1674861300,147
1674862200,162
1674863100,200
1674864000,198
1674864900,216
1674865800,177
1674866700,172
1674867600,167
1674868500,168
1674869400,144
1674870300,167
1674871200,164
1674872100,187
1674873000,214
1674873900,221
1674874800,206
1674875700,158
1674876600,149
1674877500,154
1674878400,167
1674879300,160
1674880200,184
1674881100,219
1674882000,327
1674882900,466
1674883800,345
1674884700,440
1674885600,280
1674886500,220
1674887400,207
1674888300,444
1674889200,500
1674890100,279
1674891000,254
1674891900,218
1674892800,667
1674893700,318
1674894600,153
1674895500,199
1674896400,181
1674897300,216
1674898200,215
1674899100,349
1674900000,346
1674900900,602
1674901800,491
1674902700,300
1674903600,304
1674904500,265
1674905400,404
1674906300,305
1674907200,302
1674908100,262
1674909000,263
1674909900,247
1674910800,240
1674911700,226
1674912600,204
1674913500,185
1674914400,247
1674915300,351
1674916200,368
1674917100,218
1674918000,234
1674918900,264
1674919800,313
1674920700,797
1674921600,454
1674922500,343
1674923400,384
1674924300,471
1674925200,419
1674926100,391
1674927000,348
1674927900,356
1674928800,335
1674929700,336
1674930600,417
1674931500,402
1674932400,315
1674933300,359
1674934200,317
1674935100,384
1674936000,293
1674936900,321
1674937800,336
1674938700,332
1674939600,244
1674940500,177
1674941400,143
1674942300,143
1674943200,148
1674944100,150
1674945000,163
1674945900,152
1674946800,158
1674947700,213
1674948600,226
1674949500,213
1674950400,223
1674951300,199
1674952200,195
1674953100,164
1674954000,152
1674954900,165
1674955800,165
1674956700,167
1674957600,156
1674958500,219
1674959400,215
1674960300,200
1674961200,178
1674962100,150
1674963000,155
1674963900,165
1674964800,157
1674965700,167
1674966600,203
1674967500,217
1674968400,247
1674969300,392
1674970200,239
1674971100,334
1674972000,521
1674972900,907
1674973800,529
1674974700,358
1674975600,322
1674976500,286
1674977400,462
1674978300,454
1674979200,268
1674980100,277
1674981000,281
1674981900,281
1674982800,250
1674983700,276
1674984600,692
1674985500,821
1674986400,366
1674987300,334
1674988200,490
1674989100,479
1674990000,378
1674990900,210
1674991800,175
1674992700,263
1674993600,217
1674994500,306
1674995400,213
1674996300,228
1674997200,263
1674998100,323
1674999000,288
1674999900,243
1675000800,221
1675001700,251
1675002600,290
1675003500,300
1675004400,249
1675005300,253
1675006200,483
1675007100,687
1675008000,324
1675008900,304
1675009800,337
1675010700,303
1675011600,560
1675012500,570
1675013400,637
1675014300,477
1675015200,603
1675016100,506
1675017000,440
1675017900,364
1675018800,334
1675019700,320
1675020600,364
1675021500,356
1675022400,347
1675023300,324
1675024200,344
1675025100,328
1675026000,300
1675026900,247
1675027800,226
1675028700,216
1675029600,173
1675030500,170
1675031400,165
1675032300,152
1675033200,175
1675034100,222
1675035000,215
1675035900,219
1675036800,196
1675037700,215
1675038600,182
1675039500,147
1675040400,151
1675041300,149
1675042200,146
1675043100,140
1675044000,147
1675044900,157
1675045800,162
1675046700,221
1675047600,197
1675048500,196
1675049400,197
1675050300,150
1675051200,181
1675052100,197
1675053000,166
1675053900,193
1675054800,211
1675055700,214
1675056600,187
1675057500,158
1675058400,186
1675059300,162
1675060200,166
1675061100,181
1675062000,211
1675062900,227
1675063800,455
1675064700,882
1675065600,364
1675066500,208
1675067400,162
1675068300,187
1675069200,170
1675070100,190
1675071000,276
1675071900,225
1675072800,224
1675073700,202
1675074600,259
1675075500,727
1675076400,825
1675077300,285
1675078200,316
1675079100,589
1675080000,1044
1675080900,465
1675081800,361
1675082700,315
1675083600,504
1675084500,737
1675085400,408
1675086300,418
1675087200,370
1675088100,305
1675089000,302
1675089900,391
1675090800,344
1675091700,347
1675092600,280
1675093500,193
1675094400,260
1675095300,380
1675096200,364
1675097100,283
1675098000,319
1675098900,410
1675099800,390
1675100700,483
1675101600,653
1675102500,504
1675103400,478
1675104300,411
1675105200,426
1675106100,373
1675107000,425
1675107900,427
1675108800,420
1675109700,463
1675110600,421
1675111500,367
1675112400,365
1675113300,330
1675114200,302
1675115100,352
1675116000,393
1675116900,307
1675117800,258
1675118700,232
1675119600,210
1675120500,188
1675121400,195
1675122300,257
1675123200,212
1675124100,198
1675125000,160
1675125900,161
1675126800,168
1675127700,153
1675128600,157
1675129500,143
1675130400,181
1675131300,202
1675132200,202
1675133100,192
1675134000,166
1675134900,152
1675135800,142
1675136700,147
1675137600,177
1675138500,170
1675139400,170
1675140300,201
1675141200,220
1675142100,192
1675143000,213
1675143900,190
1675144800,182
1675145700,173
1675146600,144
1675147500,177
1675148400,219
1675149300,205
1675150200,220
1675151100,264
1675152000,481
1675152900,969
1675153800,711
1675154700,434
1675155600,290
1675156500,323
1675157400,333
1675158300,312
1675159200,302
1675160100,631
1675161000,1395
1675161900,1397
1675162800,1315
1675163700,1168
1675164600,586
1675165500,370
1675166400,540
1675167300,751
1675168200,789
1675169100,401
1675170000,342
1675170900,314
1675171800,451
1675172700,789
1675173600,395
1675174500,402
1675175400,328
1675176300,211
1675177200,206
1675178100,247
1675179000,282
1675179900,698
1675180800,849
1675181700,424
1675182600,443
1675183500,1186
1675184400,930
1675185300,327
1675186200,373
1675187100,1222
1675188000,823
1675188900,751
1675189800,396
1675190700,753
1675191600,833
1675192500,439
1675193400,369
1675194300,530
1675195200,337
1675196100,426
1675197000,437
1675197900,446
1675198800,390
1675199700,342
1675200600,285
1675201500,250
1675202400,355
1675203300,219
1675204200,169
1675205100,163
1675206000,160
1675206900,220
1675207800,214
1675208700,221
1675209600,216
1675210500,226
1675211400,188
1675212300,153
1675213200,152
1675214100,164
1675215000,152
1675215900,163
1675216800,147
1675217700,156
1675218600,205
1675219500,189
1675220400,198
1675221300,200
1675222200,164
1675223100,142
1675224000,153
1675224900,161
1675225800,217
1675226700,204
1675227600,264
1675228500,370
1675229400,294
1675230300,319
1675231200,210
1675232100,218
1675233000,205
1675233900,167
1675234800,176
1675235700,210
1675236600,194
1675237500,218
1675238400,238
1675239300,185
1675240200,253
1675241100,256
1675242000,217
1675242900,213
1675243800,157
1675244700,148
1675245600,141
1675246500,156
1675247400,349
1675248300,466
1675249200,311
1675250100,309
1675251000,423
1675251900,326
1675252800,309
1675253700,275
1675254600,302
1675255500,461
1675256400,338
1675257300,353
1675258200,270
1675259100,257
1675260000,470
1675260900,268
1675261800,240
1675262700,257
1675263600,244
1675264500,245
1675265400,233
1675266300,299
1675267200,344
1675268100,632
1675269000,523
1675269900,327
1675270800,360
1675271700,412
1675272600,375
1675273500,433
1675274400,522
1675275300,449
1675276200,531
1675277100,572
1675278000,487
1675278900,479
1675279800,489
1675280700,513
1675281600,436
1675282500,503
1675283400,512
1675284300,499
1675285200,384
1675286100,452
1675287000,343
1675287900,337
1675288800,321
1675289700,238
1675290600,194
1675291500,176
1675292400,175
1675293300,208
1675294200,220
1675295100,211
1675296000,208
1675296900,149
1675297800,163
1675298700,171
1675299600,225
1675300500,221
1675301400,190
1675302300,149
1675303200,137
1675304100,147
1675305000,153
1675305900,150
1675306800,186
1675307700,205
1675308600,209
1675309500,195
1675310400,171
1675311300,146
1675312200,165
1675313100,174
1675314000,256
1675314900,369
1675315800,248
1675316700,250
1675317600,231
1675318500,243
1675319400,201
1675320300,194
1675321200,187
1675322100,184
1675323000,635
1675323900,439
1675324800,252
1675325700,267
1675326600,655
1675327500,361
1675328400,242
1675329300,263
1675330200,316
1675331100,317
1675332000,481
1675332900,544
1675333800,422
1675334700,332
1675335600,231
1675336500,500
1675337400,546
1675338300,346
1675339200,344
1675340100,280
1675341000,267
1675341900,276
1675342800,293
1675343700,227
1675344600,247
1675345500,251
1675346400,264
1675347300,304
1675348200,247
1675349100,275
1675350000,252
1675350900,280
1675351800,270
1675352700,244
1675353600,538
1675354500,665
1675355400,490
1675356300,406
1675357200,397
1675358100,450
1675359000,470
1675359900,517
1675360800,493
1675361700,817
1675362600,705
1675363500,453
1675364400,576
1675365300,585
1675366200,536
1675367100,430
1675368000,426
1675368900,511
1675369800,573
1675370700,560
1675371600,438
1675372500,403
1675373400,326
1675374300,247
1675375200,199
1675376100,192
1675377000,159
1675377900,157
1675378800,151
1675379700,171
1675380600,227
1675381500,203
1675382400,214
1675383300,211
1675384200,170
1675385100,152
1675386000,162
1675386900,183
1675387800,171
1675388700,139
1675389600,147
1675390500,148
1675391400,200
1675392300,213
1675393200,204
1675394100,203
1675395000,183
1675395900,161
1675396800,146
1675397700,190
1675398600,227
1675399500,263
1675400400,271
1675401300,205
1675402200,175
1675403100,142
1675404000,181
1675404900,166
1675405800,189
1675406700,285
1675407600,471
1675408500,489
1675409400,314
1675410300,389
1675411200,403
1675412100,926
1675413000,769
1675413900,459
1675414800,298
1675415700,250
1675416600,244
1675417500,228
1675418400,231
1675419300,219
1675420200,305
1675421100,367
1675422000,393
1675422900,488
1675423800,341
1675424700,349
1675425600,611
1675426500,525
1675427400,476
1675428300,401
1675429200,295
1675430100,239
1675431000,221
1675431900,177
1675432800,219
1675433700,366
1675434600,358
1675435500,382
1675436400,420
1675437300,461
1675438200,496
1675439100,571
1675440000,545
1675440900,644
1675441800,503
1675442700,552
1675443600,641
1675444500,665
1675445400,775
1675446300,774
1675447200,755
1675448100,725
1675449000,752
1675449900,743
1675450800,659
1675451700,548
1675452600,473
1675453500,435
1675454400,496
1675455300,438
1675456200,360
1675457100,428
1675458000,426
1675458900,393
1675459800,312
1675460700,180
1675461600,169
1675462500,155
1675463400,166
1675464300,166
1675465200,172
1675466100,163
1675467000,158
1675467900,207
1675468800,210
1675469700,213
1675470600,180
1675471500,159
1675472400,165
1675473300,156
1675474200,153
1675475100,155
1675476000,169
1675476900,138
1675477800,152
1675478700,142
1675479600,185
1675480500,197
1675481400,204
1675482300,214
1675483200,147
1675484100,147
1675485000,134
1675485900,174
1675486800,253
1675487700,374
1675488600,243
1675489500,510
1675490400,356
1675491300,206
1675492200,221
1675493100,212
1675494000,210
1675494900,466
1675495800,315
1675496700,226
1675497600,216
1675498500,245
1675499400,254
1675500300,244
1675501200,216
1675502100,204
1675503000,225
1675503900,267
1675504800,262
1675505700,352
1675506600,236
1675507500,543
1675508400,325
1675509300,249
1675510200,270
1675511100,269
1675512000,283
1675512900,263
1675513800,227
1675514700,231
1675515600,205
1675516500,229
1675517400,257
1675518300,264
1675519200,230
1675520100,221
1675521000,206
1675521900,199
1675522800,169
1675523700,218
1675524600,367
1675525500,292
1675526400,364
1675527300,680
1675528200,292
1675529100,479
1675530000,758
1675530900,515
1675531800,400
1675532700,397
1675533600,409
1675534500,830
1675535400,512
1675536300,346
1675537200,292
1675538100,286
1675539000,298
1675539900,284
1675540800,390
1675541700,347
1675542600,407
1675543500,385
1675544400,336
1675545300,280
1675546200,301
1675547100,315
1675548000,256
1675548900,236
1675549800,197
1675550700,142
1675551600,164
1675552500,162
1675553400,177
1675554300,166
1675555200,158
1675556100,171
1675557000,205
1675557900,198
1675558800,202
1675559700,187
1675560600,161
1675561500,169
1675562400,150
1675563300,146
1675564200,145
1675565100,146
1675566000,178
1675566900,196
1675567800,194
1675568700,192
1675569600,153
1675570500,146
1675571400,153
1675572300,137
1675573200,172
1675574100,284
1675575000,254
1675575900,240
1675576800,246
1675577700,286
1675578600,185
1675579500,176
1675580400,220
1675581300,285
1675582200,345
1675583100,253
1675584000,264
1675584900,254
1675585800,231
1675586700,220
1675587600,230
1675588500,675
1675589400,680
1675590300,550
1675591200,493
1675592100,371
1675593000,325
1675593900,327
1675594800,293
1675595700,398
1675596600,317
1675597500,240
1675598400,276
1675599300,302
1675600200,497
1675601100,343
1675602000,382
1675602900,443
1675603800,522
1675604700,517
1675605600,529
1675606500,245
1675607400,194
1675608300,201
1675609200,205
1675610100,248
1675611000,297
1675611900,317
1675612800,301
1675613700,336
1675614600,393
1675615500,378
1675616400,377
1675617300,307
1675618200,366
1675619100,250
1675620000,293
1675620900,742
1675621800,316
1675622700,306
1675623600,302
1675624500,487
1675625400,694
1675626300,391
1675627200,326
1675628100,338
1675629000,339
1675629900,325
1675630800,381
1675631700,452
1675632600,424
1675633500,379
1675634400,303
1675635300,232
1675636200,158
1675637100,169
1675638000,162
1675638900,183
1675639800,166
1675640700,149
1675641600,174
1675642500,213
1675643400,198
1675644300,218
1675645200,194
1675646100,170
1675647000,162
1675647900,146
1675648800,168
1675649700,168
1675650600,156
1675651500,145
1675652400,154
1675653300,150
1675654200,179
1675655100,208
1675656000,187
1675656900,192
1675657800,150
1675658700,158
1675659600,155
1675660500,176
1675661400,151
1675662300,154
1675663200,185
1675664100,218
1675665000,207
1675665900,233
1675666800,188
1675667700,296
1675668600,211
1675669500,423
1675670400,496
1675671300,263
1675672200,260
1675673100,502
1675674000,687
1675674900,575
1675675800,490
1675676700,461
1675677600,619
1675678500,496
1675679400,677
1675680300,708
1675681200,746
1675682100,373
1675683000,527
1675683900,465
1675684800,795
1675685700,729
1675686600,581
1675687500,1107
1675688400,573
1675689300,497
1675690200,499
1675691100,486
1675692000,417
1675692900,476
1675693800,337
1675694700,375
1675695600,743
1675696500,485
1675697400,318
1675698300,352
1675699200,378
1675700100,524
1675701000,506
1675701900,506
1675702800,503
1675703700,939
1675704600,926
1675705500,898
1675706400,583
1675707300,601
1675708200,587
1675709100,562
1675710000,526
1675710900,1018
1675711800,967
1675712700,663
1675713600,502
1675714500,506
1675715400,528
1675716300,500
1675717200,486
1675718100,354
1675719000,272
1675719900,221
1675720800,189
1675721700,162
1675722600,173
1675723500,166
1675724400,149
1675725300,186
1675726200,223
1675727100,205
1675728000,201
1675728900,168
1675729800,169
1675730700,168
1675731600,160
1675732500,168
1675733400,167
1675734300,168
1675735200,160
1675736100,189
1675737000,233
1675737900,209
1675738800,193
1675739700,156
1675740600,153
1675741500,149
1675742400,166
1675743300,145
1675744200,141
1675745100,145
1675746000,172
1675746900,197
1675747800,217
1675748700,219
1675749600,185
1675750500,165
1675751400,163
1675752300,170
1675753200,153
1675754100,187
1675755000,493
1675755900,293
1675756800,219
1675757700,440
1675758600,436
1675759500,846
1675760400,370
1675761300,924
1675762200,700
1675763100,1202
1675764000,1043
1675764900,622
1675765800,656
1675766700,596
1675767600,687
1675768500,609
1675769400,303
1675770300,467
1675771200,323
1675772100,315
1675773000,316
1675773900,342
1675774800,315
1675775700,335
1675776600,283
1675777500,298
1675778400,272
1675779300,285
1675780200,308
1675781100,371
1675782000,411
1675782900,331
1675783800,291
1675784700,430
1675785600,386
1675786500,458
1675787400,448
1675788300,496
1675789200,461
1675790100,790
1675791000,636
1675791900,454
1675792800,503
1675793700,516
1675794600,419
1675795500,439
1675796400,562
1675797300,562
1675798200,513
1675799100,473
1675800000,516
1675800900,371
1675801800,332
1675802700,310
1675803600,315
1675804500,243
1675805400,270
1675806300,210
1675807200,218
1675808100,175
1675809000,166
1675809900,141
1675810800,175
1675811700,161
1675812600,160
1675813500,157
1675814400,166
1675815300,175
1675816200,212
1675817100,197
1675818000,213
1675818900,168
1675819800,152
1675820700,170
1675821600,165
1675822500,163
1675823400,154
1675824300,146
1675825200,174
1675826100,159
1675827000,195
1675827900,187
1675828800,200
1675829700,168
1675830600,145
1675831500,171
1675832400,237
1675833300,261
1675834200,219
1675835100,295
1675836000,253
1675836900,272
1675837800,192
1675838700,167
1675839600,172
1675840500,155
1675841400,261
1675842300,178
1675843200,196
1675844100,212
1675845000,199
1675845900,233
1675846800,182
1675847700,147
1675848600,159
1675849500,162
1675850400,170
1675851300,167
1675852200,160
1675853100,161
1675854000,164
1675854900,277
1675855800,262
1675856700,200
1675857600,291
1675858500,715
1675859400,654
1675860300,211
1675861200,223
1675862100,224
1675863000,212
1675863900,209
1675864800,317
1675865700,275
1675866600,707
1675867500,822
1675868400,844
1675869300,582
1675870200,346
1675871100,332
1675872000,285
1675872900,571
1675873800,451
1675874700,300
1675875600,588
1675876500,909
1675877400,609
1675878300,732
1675879200,610
1675880100,517
1675881000,475
1675881900,469
1675882800,917
1675883700,613
1675884600,396
1675885500,409
1675886400,537
1675887300,484
1675888200,423
1675889100,393
1675890000,312
1675890900,217
1675891800,177
1675892700,169
1675893600,172
1675894500,170
1675895400,184
1675896300,179
1675897200,193
1675898100,213
1675899000,242
1675899900,227
1675900800,230
1675901700,230
1675902600,220
1675903500,179
1675904400,177
1675905300,161
1675906200,172
1675907100,190
1675908000,178
1675908900,226
1675909800,233
1675910700,228
1675911600,222
1675912500,174
1675913400,164
1675914300,162
1675915200,168
1675916100,153
1675917000,187
1675917900,230
1675918800,304
1675919700,371
1675920600,245
1675921500,239
1675922400,224
1675923300,204
1675924200,195
1675925100,191
1675926000,544
1675926900,311
1675927800,238
1675928700,229
1675929600,312
1675930500,708
1675931400,322
1675932300,164
1675933200,167
1675934100,375
1675935000,361
1675935900,322
1675936800,280
1675937700,550
1675938600,458
1675939500,337
1675940400,285
1675941300,256
1675942200,337
1675943100,298
1675944000,336
1675944900,332
1675945800,268
1675946700,189
1675947600,188
1675948500,183
1675949400,192
1675950300,202
1675951200,250
1675952100,457
1675953000,356
1675953900,309
1675954800,286
1675955700,377
1675956600,697
1675957500,469
1675958400,510
1675959300,572
1675960200,411
1675961100,232
1675962000,224
1675962900,235
1675963800,209
1675964700,327
1675965600,259
1675966500,347
1675967400,373
1675968300,364
1675969200,426
1675970100,399
1675971000,412
1675971900,360
1675972800,337
1675973700,326
1675974600,327
1675975500,344
1675976400,285
1675977300,298
1675978200,327
1675979100,236
1675980000,160
1675980900,169
1675981800,210
1675982700,179
1675983600,181
1675984500,174
1675985400,222
1675986300,216
1675987200,214
1675988100,203
1675989000,164
1675989900,177
1675990800,162
1675991700,177
1675992600,172
1675993500,205
1675994400,218
1675995300,215
1675996200,217
1675997100,178
1675998000,180
1675998900,168
1675999800,156
1676000700,180
1676001600,230
1676002500,228
1676003400,220
1676004300,206
1676005200,234
1676006100,367
1676007000,242
1676007900,235
1676008800,204
1676009700,220
1676010600,173
1676011500,162
1676012400,521
1676013300,538
1676014200,426
1676015100,464
1676016000,248
1676016900,206
1676017800,189
1676018700,475
1676019600,359
1676020500,304
1676021400,257
1676022300,361
1676023200,304
1676024100,304
1676025000,265
1676025900,405
1676026800,360
1676027700,298
1676028600,272
1676029500,206
1676030400,251
1676031300,281
1676032200,359
1676033100,439
1676034000,264
1676034900,262
1676035800,349
1676036700,251
1676037600,249
1676038500,259
1676039400,336
1676040300,341
1676041200,381
1676042100,381
1676043000,393
1676043900,312
1676044800,304
1676045700,406
1676046600,454
1676047500,839
1676048400,802
1676049300,507
1676050200,499
1676051100,478
1676052000,529
1676052900,510
1676053800,504
1676054700,520
1676055600,518
1676056500,494
1676057400,404
1676058300,394
1676059200,426
1676060100,478
1676061000,490
1676061900,479
1676062800,361
1676063700,288
1676064600,223
1676065500,222
1676066400,177
1676067300,172
1676068200,168
1676069100,154
1676070000,172
1676070900,237
1676071800,213
1676072700,207
1676073600,197
1676074500,202
1676075400,186
1676076300,162
1676077200,181
1676078100,151
1676079000,155
1676079900,147
1676080800,227
1676081700,231
1676082600,233
1676083500,205
1676084400,232
1676085300,164
1676086200,165
1676087100,179
1676088000,172
1676088900,193
1676089800,212
1676090700,255
1676091600,294
1676092500,335
1676093400,242
1676094300,293
1676095200,314
1676096100,242
1676097000,256
1676097900,227
1676098800,341
1676099700,576
1676100600,367
1676101500,379
1676102400,351
1676103300,378
1676104200,298
1676105100,301
1676106000,233
1676106900,228
1676107800,244
1676108700,293
1676109600,280
1676110500,300
1676111400,221
1676112300,360
1676113200,281
1676114100,235
1676115000,208
1676115900,210
1676116800,219
1676117700,206
1676118600,202
1676119500,226
1676120400,209
1676121300,203
1676122200,185
1676123100,226
1676124000,215
1676124900,273
1676125800,220
1676126700,211
1676127600,215
1676128500,186
1676129400,173
1676130300,241
1676131200,871
1676132100,531
1676133000,619
1676133900,387
1676134800,375
1676135700,416
1676136600,495
1676137500,538
1676138400,472
1676139300,334
1676140200,325
1676141100,241
1676142000,233
1676142900,295
1676143800,254
1676144700,247
1676145600,317
1676146500,300
1676147400,289
1676148300,376
1676149200,269
1676150100,233
1676151000,241
1676151900,174
1676152800,155
1676153700,178
1676154600,200
1676155500,160
1676156400,158
1676157300,216
1676158200,225
1676159100,215
1676160000,217
1676160900,227
1676161800,211
1676162700,188
1676163600,173
1676164500,168
1676165400,172
1676166300,145
1676167200,176
1676168100,207
1676169000,214
1676169900,198
1676170800,215
1676171700,150
1676172600,149
1676173500,161
1676174400,190
1676175300,208
1676176200,205
1676177100,205
1676178000,157
1676178900,259
1676179800,232
1676180700,302
1676181600,382
1676182500,307
1676183400,272
1676184300,330
1676185200,346
1676186100,279
1676187000,746
1676187900,977
1676188800,287
1676189700,227
1676190600,196
1676191500,523
1676192400,532
1676193300,176
1676194200,192
1676195100,397
1676196000,443
1676196900,515
1676197800,313
1676198700,284
1676199600,345
1676200500,221
1676201400,317
1676202300,307
1676203200,293
1676204100,295
1676205000,281
1676205900,219
1676206800,222
1676207700,253
1676208600,283
1676209500,368
1676210400,297
1676211300,393
1676212200,353
1676213100,326
1676214000,413
1676214900,375
1676215800,389
1676216700,385
1676217600,388
1676218500,393
1676219400,332
1676220300,394
1676221200,517
1676222100,466
1676223000,477
1676223900,504
1676224800,622
1676225700,467
1676226600,782
1676227500,584
1676228400,470
1676229300,500
1676230200,475
1676231100,446
1676232000,444
1676232900,449
1676233800,498
1676234700,431
1676235600,436
1676236500,397
1676237400,324
1676238300,273
1676239200,250
1676240100,263
1676241000,251
1676241900,226
1676242800,212
1676243700,241
1676244600,240
1676245500,217
1676246400,183
1676247300,141
1676248200,150
1676249100,150
1676250000,164
1676250900,144
1676251800,148
1676252700,194
1676253600,212
1676254500,202
1676255400,194
1676256300,165
1676257200,160
1676258100,189
1676259000,212
1676259900,208
1676260800,202
1676261700,184
1676262600,149
1676263500,156
1676264400,167
1676265300,161
1676266200,180
1676267100,206
1676268000,239
1676268900,220
1676269800,189
1676270700,204
1676271600,323
1676272500,230
1676273400,372
1676274300,328
1676275200,496
1676276100,447
1676277000,407
1676277900,339
1676278800,289
1676279700,701
1676280600,703
1676281500,711
1676282400,442
1676283300,417
1676284200,316
1676285100,319
1676286000,375
1676286900,896
1676287800,412
1676288700,390
1676289600,401
1676290500,344
1676291400,406
1676292300,310
1676293200,307
1676294100,347
1676295000,297
1676295900,269
1676296800,247
1676297700,198
1676298600,184
1676299500,193
1676300400,202
1676301300,210
1676302200,189
1676303100,189
1676304000,200
1676304900,209
1676305800,233
1676306700,232
1676307600,225
1676308500,192
1676309400,175
1676310300,178
1676311200,197
1676312100,289
1676313000,236
1676313900,470
1676314800,832
1676315700,433
1676316600,337
1676317500,322
1676318400,273
1676319300,274
1676320200,250
1676321100,266
1676322000,241
1676322900,209
1676323800,339
1676324700,341
1676325600,310
1676326500,269
1676327400,241
1676328300,187
1676329200,148
1676330100,209
1676331000,214
1676331900,203
1676332800,208
1676333700,158
1676334600,148
1676335500,170
1676336400,200
1676337300,202
1676338200,189
1676339100,150
1676340000,162
1676340900,162
1676341800,148
1676342700,146
1676343600,149
1676344500,177
1676345400,204
1676346300,219
1676347200,222
1676348100,179
1676349000,166
1676349900,191
1676350800,212
1676351700,204
1676352600,199
1676353500,174
1676354400,158
1676355300,223
1676356200,216
1676357100,199
1676358000,172
1676358900,167
1676359800,215
1676360700,541
1676361600,838
1676362500,629
1676363400,940
1676364300,270
1676365200,295
1676366100,337
1676367000,479
1676367900,950
1676368800,322
1676369700,344
1676370600,583
1676371500,927
1676372400,784
1676373300,755
1676374200,920
1676375100,889
1676376000,929
1676376900,484
1676377800,531
1676378700,450
1676379600,398
1676380500,388
1676381400,702
1676382300,290
1676383200,268
1676384100,243
1676385000,602
1676385900,659
1676386800,298
1676387700,284
1676388600,280
1676389500,367
1676390400,749
1676391300,436
1676392200,362
1676393100,351
1676394000,332
1676394900,382
1676395800,681
1676396700,379
1676397600,501
1676398500,370
1676399400,443
1676400300,434
1676401200,385
1676402100,402
1676403000,426
1676403900,298
1676404800,300
1676405700,320
1676406600,271
1676407500,273
1676408400,346
1676409300,257
1676410200,217
1676411100,241
1676412000,215
1676412900,165
1676413800,144
1676414700,155
1676415600,176
1676416500,192
1676417400,223
1676418300,212
1676419200,208
1676420100,172
1676421000,152
1676421900,207
1676422800,209
1676423700,191
1676424600,157
1676425500,145
1676426400,155
1676427300,159
1676428200,219
1676429100,217
1676430000,194
1676430900,212
1676431800,168
1676432700,173
1676433600,167
1676434500,172
1676435400,160
1676436300,185
1676437200,227
1676438100,315
1676439000,272
1676439900,256
1676440800,224
1676441700,190
1676442600,559
1676443500,760
1676444400,529
1676445300,247
1676446200,265
1676447100,244
1676448000,207
1676448900,175
1676449800,131
1676450700,204
1676451600,181
1676452500,190
1676453400,231
1676454300,279
1676455200,288
1676456100,228
1676457000,243
1676457900,195
1676458800,217
1676459700,198
1676460600,195
1676461500,205
1676462400,212
1676463300,268
1676464200,278
1676465100,317
1676466000,242
1676466900,241
1676467800,273
1676468700,438
1676469600,294
1676470500,272
1676471400,275
1676472300,310
1676473200,313
1676474100,300
1676475000,285
1676475900,427
1676476800,841
1676477700,706
1676478600,699
1676479500,438
1676480400,513
1676481300,990
1676482200,807
1676483100,529
1676484000,852
1676484900,854
1676485800,805
1676486700,516
1676487600,339
1676488500,344
1676489400,353
1676490300,369
1676491200,359
1676492100,382
1676493000,491
1676493900,461
1676494800,393
1676495700,389
1676496600,388
1676497500,379
1676498400,294
1676499300,260
1676500200,282
1676501100,270
1676502000,249
1676502900,248
1676503800,183
1676504700,177
1676505600,232
1676506500,211
1676507400,214
1676508300,203
1676509200,149
1676510100,154
1676511000,149
1676511900,164
1676512800,150
1676513700,164
1676514600,219
1676515500,200
1676516400,207
1676517300,195
1676518200,206
1676519100,202
1676520000,220
1676520900,205
1676521800,212
1676522700,185
1676523600,165
1676524500,195
1676525400,204
1676526300,222
1676527200,210
1676528100,217
1676529000,251
1676529900,779
1676530800,231
1676531700,290
1676532600,228
1676533500,243
1676534400,256
1676535300,289
1676536200,428
1676537100,382
1676538000,395
1676538900,322
1676539800,289
1676540700,312
1676541600,341
1676542500,396
1676543400,540
1676544300,311
1676545200,568
1676546100,379
1676547000,293
1676547900,287
1676548800,605
1676549700,320
1676550600,205
1676551500,253
1676552400,259
1676553300,827
1676554200,534
1676555100,744
1676556000,280
1676556900,283
1676557800,414
1676558700,452
1676559600,335
1676560500,324
1676561400,280
1676562300,768
1676563200,793
1676564100,827
1676565000,914
1676565900,559
1676566800,670
1676567700,875
1676568600,955
1676569500,814
1676570400,881
1676571300,507
1676572200,483
1676573100,495
1676574000,437
1676574900,431
1676575800,439
1676576700,393
1676577600,566
1676578500,489
1676579400,472
1676580300,422
1676581200,472
1676582100,413
1676583000,301
1676583900,253
1676584800,263
1676585700,257
1676586600,197
1676587500,175
1676588400,190
1676589300,239
1676590200,230
1676591100,234
1676592000,220
1676592900,195
1676593800,170
1676594700,148
1676595600,159
1676596500,155
1676597400,163
1676598300,210
1676599200,201
1676600100,204
1676601000,363
1676601900,189
1676602800,162
1676603700,169
1676604600,162
1676605500,156
1676606400,198
1676607300,221
1676608200,358
1676609100,214
1676610000,228
1676610900,434
1676611800,371
1676612700,327
1676613600,475
1676614500,379
1676615400,247
1676616300,306
1676617200,263
1676618100,254
1676619000,318
1676619900,264
1676620800,312
1676621700,354
1676622600,287
1676623500,316
1676624400,313
1676625300,523
1676626200,383
1676627100,416
1676628000,462
1676628900,526
1676629800,641
1676630700,842
1676631600,700
1676632500,685
1676633400,579
1676634300,463
1676635200,614
1676636100,787
1676637000,432
1676637900,344
1676638800,263
1676639700,392
1676640600,705
1676641500,248
1676642400,269
1676643300,238
1676644200,296
1676645100,366
1676646000,292
1676646900,277
1676647800,315
1676648700,367
1676649600,671
1676650500,493
1676651400,454
1676652300,433
1676653200,472
1676654100,431
1676655000,629
1676655900,589
1676656800,598
1676657700,573
1676658600,540
1676659500,614
1676660400,869
1676661300,505
1676662200,498
1676663100,412
1676664000,440
1676664900,444
1676665800,392
1676666700,406
1676667600,402
1676668500,386
1676669400,329
1676670300,417
1676671200,290
1676672100,250
1676673000,254
1676673900,253
1676674800,264
1676675700,188
1676676600,185
1676677500,162
1676678400,230
1676679300,211
1676680200,227
1676681100,187
1676682000,150
1676682900,150
1676683800,143
1676684700,168
1676685600,166
1676686500,149
1676687400,241
1676688300,200
1676689200,277
1676690100,201
1676691000,195
1676691900,180
1676692800,165
1676693700,155
1676694600,162
1676695500,239
1676696400,353
1676697300,435
1676698200,252
1676699100,197
1676700000,165
1676700900,178
1676701800,174
1676702700,165
1676703600,159
1676704500,231
1676705400,223
1676706300,225
1676707200,188
1676708100,177
1676709000,180
1676709900,506
1676710800,356
1676711700,271
1676712600,353
1676713500,358
1676714400,378
1676715300,400
1676716200,428
1676717100,800
1676718000,555
1676718900,263
1676719800,274
1676720700,306
1676721600,678
1676722500,759
1676723400,873
1676724300,447
1676725200,314
1676726100,311
1676727000,252
1676727900,261
1676728800,383
1676729700,333
1676730600,361
1676731500,357
1676732400,363
1676733300,592
1676734200,1073
1676735100,853
1676736000,602
1676736900,337
1676737800,846
1676738700,416
1676739600,508
1676740500,583
1676741400,892
1676742300,806
1676743200,702
1676744100,530
1676745000,449
1676745900,408
1676746800,438
1676747700,358
1676748600,399
1676749500,364
1676750400,483
1676751300,403
1676752200,378
1676753100,343
1676754000,303
1676754900,345
1676755800,295
1676756700,323
1676757600,334
1676758500,320
1676759400,310
1676760300,217
1676761200,205
1676762100,241
1676763000,214
1676763900,211
1676764800,206
1676765700,182
1676766600,173
1676767500,152
1676768400,164
1676769300,153
1676770200,158
1676771100,144
1676772000,160
1676772900,154
1676773800,261
1676774700,216
1676775600,207
1676776500,201
1676777400,159
1676778300,158
1676779200,175
1676780100,177
1676781000,168
1676781900,186
1676782800,303
1676783700,385
1676784600,231
1676785500,721
1676786400,351
1676787300,237
1676788200,186
1676789100,193
1676790000,193
1676790900,204
1676791800,185
1676792700,185
1676793600,236
1676794500,316
1676795400,258
1676796300,249
1676797200,208
1676798100,189
1676799000,190
1676799900,207
1676800800,790
1676801700,675
1676802600,645
1676803500,497
1676804400,361
1676805300,363
1676806200,469
1676807100,766
1676808000,387
1676808900,366
1676809800,286
1676810700,617
1676811600,606
1676812500,472
1676813400,330
1676814300,285
1676815200,336
1676816100,333
1676817000,332
1676817900,327
1676818800,297
1676819700,256
1676820600,284
1676821500,277
1676822400,314
1676823300,321
1676824200,309
1676825100,396
1676826000,332
1676826900,377
1676827800,405
1676828700,410
1676829600,382
1676830500,332
1676831400,317
1676832300,385
1676833200,417
1676834100,324
1676835000,311
1676835900,355
1676836800,513
1676837700,594
1676838600,587
1676839500,689
1676840400,408
1676841300,546
1676842200,434
1676843100,482
1676844000,326
1676844900,232
1676845800,255
1676846700,220
1676847600,187
1676848500,165
1676849400,174
1676850300,198
1676851200,222
1676852100,193
1676853000,217
1676853900,177
1676854800,197
1676855700,208
1676856600,197
1676857500,196
1676858400,144
1676859300,153
1676860200,156
1676861100,183
1676862000,201
1676862900,159
1676863800,154
1676864700,155
1676865600,180
1676866500,145
1676867400,189
1676868300,210
1676869200,219
1676870100,208
1676871000,233
1676871900,187
1676872800,167
1676873700,184
1676874600,188
1676875500,354
1676876400,235
1676877300,220
1676878200,214
1676879100,220
1676880000,638
1676880900,401
1676881800,275
1676882700,293
1676883600,475
1676884500,582
1676885400,289
1676886300,283
1676887200,259
1676888100,709
1676889000,482
1676889900,248
1676890800,311
1676891700,895
1676892600,595
1676893500,1074
1676894400,868
1676895300,658
1676896200,366
1676897100,305
1676898000,622
1676898900,439
1676899800,411
1676900700,493
1676901600,414
1676902500,443
1676903400,527
1676904300,529
1676905200,352
1676906100,560
1676907000,804
1676907900,379
1676908800,363
1676909700,420
1676910600,430
1676911500,678
1676912400,626
1676913300,580
1676914200,698
1676915100,477
1676916000,449
1676916900,520
1676917800,482
1676918700,588
1676919600,632
1676920500,517
1676921400,574
1676922300,412
1676923200,398
1676924100,388
1676925000,402
1676925900,364
1676926800,393
1676927700,407
1676928600,258
1676929500,295
1676930400,240
1676931300,208
1676932200,190
1676933100,163
1676934000,188
1676934900,231
1676935800,234
1676936700,246
1676937600,220
1676938500,219
1676939400,166
1676940300,176
1676941200,177
1676942100,177
1676943000,163
1676943900,168
1676944800,176
1676945700,163
1676946600,176
1676947500,169
1676948400,171
1676949300,161
1676950200,203
1676951100,267
1676952000,212
1676952900,179
1676953800,152
1676954700,155
1676955600,169
1676956500,174
1676957400,174
1676958300,166
1676959200,239
1676960100,244
1676961000,227
1676961900,224
1676962800,338
1676963700,175
1676964600,339
1676965500,275
1676966400,324
1676967300,767
1676968200,277
1676969100,267
1676970000,289
1676970900,571
1676971800,853
1676972700,375
1676973600,910
1676974500,522
1676975400,642
1676976300,797
1676977200,532
1676978100,443
1676979000,307
1676979900,335
1676980800,244
1676981700,238
1676982600,262
1676983500,264
1676984400,287
1676985300,265
1676986200,253
1676987100,362
1676988000,389
1676988900,369
1676989800,323
1676990700,386
1676991600,411
1676992500,382
1676993400,376
1676994300,361
1676995200,332
1676996100,470
1676997000,491
1676997900,451
1676998800,397
1676999700,348
1677000600,337
1677001500,320
1677002400,339
1677003300,581
1677004200,452
1677005100,459
1677006000,569
1677006900,666
1677007800,702
1677008700,600
1677009600,600
1677010500,380
1677011400,356
1677012300,391
1677013200,398
1677014100,315
1677015000,370
1677015900,285
1677016800,298
1677017700,291
1677018600,276
1677019500,300
1677020400,189
1677021300,224
1677022200,243
1677023100,233
1677024000,199
1677024900,181
1677025800,179
1677026700,233
1677027600,162
1677028500,153
1677029400,169
1677030300,175
1677031200,180
1677032100,322
1677033000,298
1677033900,210
1677034800,181
1677035700,148
1677036600,151
1677037500,152
1677038400,158
1677039300,194
1677040200,209
1677041100,228
1677042000,359
1677042900,856
1677043800,968
1677044700,230
1677045600,220
1677046500,235
1677047400,226
1677048300,238
1677049200,217
1677050100,206
1677051000,192
1677051900,169
1677052800,184
1677053700,177
1677054600,188
1677055500,410
1677056400,405
1677057300,357
1677058200,209
1677059100,171
1677060000,186
1677060900,186
1677061800,355
1677062700,434
1677063600,278
1677064500,277
1677065400,221
1677066300,404
1677067200,402
1677068100,432
1677069000,334
1677069900,294
1677070800,289
1677071700,293
1677072600,374
1677073500,304
1677074400,257
1677075300,262
1677076200,279
1677077100,268
1677078000,314
1677078900,282
1677079800,261
1677080700,404
1677081600,243
1677082500,405
1677083400,456
1677084300,465
1677085200,546
1677086100,620
1677087000,768
1677087900,616
1677088800,810
1677089700,904
1677090600,697
1677091500,675
1677092400,686
1677093300,972
1677094200,879
1677095100,747
1677096000,719
1677096900,535
1677097800,484
1677098700,446
1677099600,389
1677100500,362
1677101400,331
1677102300,337
1677103200,268
1677104100,277
1677105000,258
1677105900,199
1677106800,229
1677107700,242
1677108600,197
1677109500,189
1677110400,239
1677111300,291
1677112200,193
1677113100,183
1677114000,184
1677114900,170
1677115800,153
1677116700,167
1677117600,174
1677118500,185
1677119400,223
1677120300,199
1677121200,237
1677122100,229
1677123000,190
1677123900,159
1677124800,211
1677125700,191
1677126600,186
1677127500,186
1677128400,365
1677129300,251
1677130200,338
1677131100,258
1677132000,214
1677132900,237
1677133800,169
1677134700,265
1677135600,251
1677136500,236
1677137400,184
1677138300,196
1677139200,212
1677140100,391
1677141000,296
1677141900,339
1677142800,254
1677143700,240
1677144600,262
1677145500,311
1677146400,307
1677147300,230
1677148200,293
1677149100,265
1677150000,365
1677150900,991
1677151800,335
1677152700,341
1677153600,347
1677154500,553
1677155400,628
1677156300,306
1677157200,241
1677158100,209
1677159000,230
1677159900,263
1677160800,226
1677161700,214
1677162600,201
1677163500,218
1677164400,216
1677165300,217
1677166200,224
1677167100,212
1677168000,303
1677168900,300
1677169800,810
1677170700,502
1677171600,449
1677172500,664
1677173400,919
1677174300,779
1677175200,648
1677176100,447
1677177000,434
1677177900,443
1677178800,602
1677179700,486
1677180600,442
1677181500,425
1677182400,418
1677183300,365
1677184200,369
1677185100,323
1677186000,300
1677186900,338
1677187800,252
1677188700,186
1677189600,227
1677190500,212
1677191400,162
1677192300,177
1677193200,176
1677194100,170
1677195000,165
1677195900,162
1677196800,154
1677197700,166
1677198600,231
1677199500,197
1677200400,164
1677201300,159
1677202200,170
1677203100,167
1677204000,175
1677204900,230
1677205800,301
1677206700,210
1677207600,164
1677208500,153
1677209400,169
1677210300,154
1677211200,147
1677212100,154
1677213000,187
1677213900,282
1677214800,406
1677215700,242
1677216600,311
1677217500,266
1677218400,229
1677219300,361
1677220200,693
1677221100,696
1677222000,489
1677222900,216
1677223800,223
1677224700,241
1677225600,288
1677226500,262
1677227400,202
1677228300,339
1677229200,402
1677230100,361
1677231000,265
1677231900,232
1677232800,269
1677233700,298
1677234600,963
1677235500,866
1677236400,913
1677237300,792
1677238200,682
1677239100,342
1677240000,229
1677240900,203
1677241800,204
1677242700,200
1677243600,322
1677244500,252
1677245400,250
1677246300,294
1677247200,201
1677248100,183
1677249000,241
1677249900,226
1677250800,236
1677251700,222
1677252600,205
1677253500,516
1677254400,560
1677255300,354
1677256200,405
1677257100,448
1677258000,435
1677258900,431
1677259800,416
1677260700,935
1677261600,390
1677262500,343
1677263400,307
1677264300,615
1677265200,864
1677266100,446
1677267000,411
1677267900,376
1677268800,507
1677269700,410
1677270600,406
1677271500,323
1677272400,294
1677273300,261
1677274200,219
1677275100,205
1677276000,144
1677276900,143
1677277800,138
1677278700,154
1677279600,177
1677280500,233
1677281400,211
1677282300,168
1677283200,161
1677284100,150
1677285000,153
1677285900,164
1677286800,164
1677287700,162
1677288600,135
1677289500,167
1677290400,159
1677291300,143
1677292200,216
1677293100,222
1677294000,167
1677294900,165
1677295800,140
1677296700,152
1677297600,158
1677298500,195
1677299400,205
1677300300,237
1677301200,314
1677302100,397
1677303000,237
1677303900,181
1677304800,227
1677305700,154
1677306600,207
1677307500,217
1677308400,479
1677309300,458
1677310200,500
1677311100,383
1677312000,263
1677312900,264
1677313800,295
1677314700,256
1677315600,180
1677316500,168
1677317400,167
1677318300,181
1677319200,186
1677320100,180
1677321000,193
1677321900,241
1677322800,237
1677323700,363
1677324600,235
1677325500,369
1677326400,409
1677327300,277
1677328200,659
1677329100,265
1677330000,252
1677330900,275
1677331800,247
1677332700,292
1677333600,257
1677334500,242
1677335400,235
1677336300,372
1677337200,264
1677338100,367
1677339000,394
1677339900,329
1677340800,309
1677341700,390
1677342600,325
1677343500,494
1677344400,751
1677345300,527
1677346200,475
1677347100,387
1677348000,519
1677348900,424
1677349800,412
1677350700,515
1677351600,483
1677352500,373
1677353400,364
1677354300,445
1677355200,365
1677356100,381
1677357000,389
1677357900,349
1677358800,372
1677359700,239
1677360600,210
1677361500,262
1677362400,196
1677363300,144
1677364200,136
1677365100,234
1677366000,151
1677366900,143
1677367800,213
1677368700,164
1677369600,151
1677370500,159
1677371400,156
1677372300,151
1677373200,140
1677374100,150
1677375000,173
1677375900,159
1677376800,146
1677377700,154
1677378600,219
1677379500,160
1677380400,145
1677381300,156
1677382200,201
1677383100,216
1677384000,192
1677384900,138
1677385800,147
1677386700,182
1677387600,368
1677388500,266
1677389400,232
1677390300,186
1677391200,244
1677392100,208
1677393000,182
1677393900,179
1677394800,166
1677395700,183
1677396600,169
1677397500,159
1677398400,148
1677399300,213
1677400200,247
1677401100,247
1677402000,186
1677402900,189
1677403800,433
1677404700,469
1677405600,300
1677406500,293
1677407400,347
1677408300,297
1677409200,320
1677410100,388
1677411000,425
1677411900,396
1677412800,728
1677413700,1048
1677414600,425
1677415500,454
1677416400,448
1677417300,900
1677418200,683
1677419100,281
1677420000,282
1677420900,294
1677421800,313
1677422700,268
1677423600,331
1677424500,224
1677425400,250
1677426300,277
1677427200,260
1677428100,365
1677429000,975
1677429900,725
1677430800,544
1677431700,548
1677432600,612
1677433500,544
1677434400,593
1677435300,545
1677436200,615
1677437100,541
1677438000,511
1677438900,489
1677439800,387
1677440700,371
1677441600,390
1677442500,353
1677443400,359
1677444300,345
1677445200,403
1677446100,412
1677447000,419
1677447900,336
1677448800,346
1677449700,280
1677450600,269
1677451500,193
1677452400,191
1677453300,259
1677454200,246
1677455100,198
1677456000,174
1677456900,155
1677457800,187
1677458700,182
1677459600,182
1677460500,173
1677461400,174
1677462300,169
1677463200,197
1677464100,159
1677465000,180
1677465900,174
1677466800,178
1677467700,190
1677468600,166
1677469500,178
1677470400,211
1677471300,221
1677472200,203
1677473100,179
1677474000,168
1677474900,170
1677475800,155
1677476700,168
1677477600,215
1677478500,241
1677479400,208
1677480300,262
1677481200,233
1677482100,324
1677483000,346
1677483900,295
1677484800,266
1677485700,209
1677486600,243
1677487500,263
1677488400,267
1677489300,258
1677490200,569
1677491100,364
1677492000,283
1677492900,363
1677493800,1159
1677494700,918
1677495600,519
1677496500,687
1677497400,386
1677498300,315
1677499200,286
1677500100,259
1677501000,236
1677501900,246
1677502800,321
1677503700,241
1677504600,221
1677505500,215
1677506400,263
1677507300,335
1677508200,412
1677509100,289
1677510000,680
1677510900,396
1677511800,701
1677512700,342
1677513600,382
1677514500,334
1677515400,710
1677516300,823
1677517200,514
1677518100,553
1677519000,556
1677519900,777
1677520800,518
1677521700,539
1677522600,448
1677523500,537
1677524400,523
1677525300,555
1677526200,612
1677527100,484
1677528000,440
1677528900,430
1677529800,426
1677530700,403
1677531600,400
1677532500,388
1677533400,397
1677534300,399
1677535200,412
1677536100,387
1677537000,264
1677537900,250
1677538800,255
1677539700,204
1677540600,177
1677541500,142
1677542400,157
1677543300,165
1677544200,197
1677545100,223
1677546000,216
1677546900,180
1677547800,148
1677548700,171
1677549600,161
1677550500,171
1677551400,150
1677552300,157
1677553200,165
1677554100,171
1677555000,152
1677555900,142
1677556800,170
1677557700,172
1677558600,142
1677559500,160
1677560400,196
1677561300,197
1677562200,184
1677563100,149
1677564000,154
1677564900,165
1677565800,155
1677566700,143
1677567600,205
1677568500,235
1677569400,350
1677570300,254
1677571200,215
1677572100,193
1677573000,181
1677573900,709
1677574800,440
1677575700,454
1677576600,457
1677577500,369
1677578400,649
1677579300,786
1677580200,642
1677581100,748
1677582000,548
1677582900,593
1677583800,710
1677584700,537
1677585600,493
1677586500,455
1677587400,367
1677588300,431
1677589200,561
1677590100,324
1677591000,290
1677591900,293
1677592800,876
1677593700,536
1677594600,469
1677595500,345
1677596400,347
1677597300,406
1677598200,411
1677599100,429
1677600000,445
1677600900,453
1677601800,413
1677602700,445
1677603600,501
1677604500,570
1677605400,584
1677606300,409
1677607200,353
1677608100,333
1677609000,401
1677609900,351
1677610800,466
1677611700,401
1677612600,479
1677613500,379
1677614400,377
1677615300,403
1677616200,357
1677617100,356
1677618000,411
1677618900,392
1677619800,328
1677620700,293
1677621600,291
1677622500,293
1677623400,248
1677624300,186
1677625200,158
1677626100,201
1677627000,215
1677627900,209
1677628800,184
1677629700,157
1677630600,156
1677631500,156
1677632400,141
1677633300,168
1677634200,218
1677635100,207
1677636000,167
1677636900,151
1677637800,160
1677638700,159
1677639600,151
1677640500,154
1677641400,158
1677642300,166
1677643200,163
1677644100,155
1677645000,150
1677645900,171
1677646800,308
1677647700,419
1677648600,249
1677649500,160
1677650400,152
1677651300,162
1677652200,156
1677653100,144
1677654000,158
1677654900,149
1677655800,163
1677656700,162
1677657600,156
1677658500,222
1677659400,666
1677660300,358
1677661200,241
1677662100,235
1677663000,466
1677663900,398
1677664800,695
1677665700,855
1677666600,277
1677667500,277
1677668400,249
1677669300,239
1677670200,242
1677671100,283
1677672000,411
1677672900,563
1677673800,429
1677674700,491
1677675600,401
1677676500,802
1677677400,589
1677678300,290
1677679200,292
1677680100,306
1677681000,389
1677681900,317
1677682800,273
1677683700,261
1677684600,449
1677685500,317
1677686400,429
1677687300,813
1677688200,383
1677689100,353
1677690000,367
1677690900,397
1677691800,800
1677692700,871
1677693600,600
1677694500,601
1677695400,578
1677696300,634
1677697200,528
1677698100,504
1677699000,567
1677699900,696
1677700800,461
1677701700,428
1677702600,390
1677703500,332
1677704400,381
1677705300,302
1677706200,266
1677707100,267
1677708000,260
1677708900,272
1677709800,272
1677710700,283
1677711600,269
1677712500,242
1677713400,243
1677714300,228
1677715200,186
1677716100,185
1677717000,184
1677717900,177
1677718800,198
1677719700,186
1677720600,168
1677721500,177
1677722400,180
1677723300,194
1677724200,201
1677725100,169
1677726000,203
1677726900,230
1677727800,226
1677728700,199
1677729600,190
1677730500,195
1677731400,246
1677732300,210
1677733200,245
1677734100,381
1677735000,174
1677735900,181
1677736800,179
1677737700,241
1677738600,255
1677739500,225
1677740400,339
1677741300,725
1677742200,919
1677743100,574
1677744000,371
1677744900,287
1677745800,274
1677746700,518
1677747600,806
1677748500,593
1677749400,304
1677750300,404
1677751200,399
1677752100,381
1677753000,293
1677753900,266
1677754800,340
1677755700,324
1677756600,319
1677757500,342
1677758400,340
1677759300,328
1677760200,298
1677761100,268
1677762000,338
1677762900,292
1677763800,434
1677764700,888
1677765600,780
1677766500,820
1677767400,566
1677768300,415
1677769200,387
1677770100,361
1677771000,342
1677771900,393
1677772800,410
1677773700,995
1677774600,860
1677775500,589
1677776400,648
1677777300,487
1677778200,500
1677779100,556
1677780000,714
1677780900,875
1677781800,440
1677782700,406
1677783600,455
1677784500,431
1677785400,437
1677786300,404
1677787200,387
1677788100,374
1677789000,388
1677789900,503
1677790800,764
1677791700,348
1677792600,304
1677793500,303
1677794400,620
1677795300,679
1677796200,251
1677797100,207
1677798000,182
1677798900,169
1677799800,186
1677800700,230
1677801600,228
1677802500,176
1677803400,171
1677804300,179
1677805200,185
1677806100,182
1677807000,180
1677807900,179
1677808800,170
1677809700,165
1677810600,194
1677811500,227
1677812400,212
1677813300,222
1677814200,184
1677815100,180
1677816000,178
1677816900,164
1677817800,185
1677818700,187
1677819600,266
1677820500,368
1677821400,254
1677822300,245
1677823200,192
1677824100,344
1677825000,631
1677825900,756
1677826800,591
1677827700,249
1677828600,422
1677829500,541
1677830400,466
1677831300,377
1677832200,259
1677833100,733
1677834000,963
1677834900,914
1677835800,689
1677836700,313
1677837600,330
1677838500,447
1677839400,366
1677840300,350
1677841200,274
1677842100,301
1677843000,582
1677843900,730
1677844800,301
1677845700,471
1677846600,241
1677847500,310
1677848400,235
1677849300,232
1677850200,224
1677851100,250
1677852000,323
1677852900,299
1677853800,265
1677854700,257
1677855600,301
1677856500,284
1677857400,294
1677858300,554
1677859200,470
1677860100,430
1677861000,384
1677861900,391
1677862800,432
1677863700,543
1677864600,555
1677865500,578
1677866400,442
1677867300,419
1677868200,460
1677869100,577
1677870000,426
1677870900,401
1677871800,384
1677872700,330
1677873600,434
1677874500,445
1677875400,416
1677876300,363
1677877200,316
1677878100,274
1677879000,232
1677879900,224
1677880800,246
1677881700,239
1677882600,229
1677883500,220
1677884400,201
1677885300,214
1677886200,223
1677887100,232
1677888000,223
1677888900,211
1677889800,177
1677890700,160
1677891600,195
1677892500,219
1677893400,189
1677894300,164
1677895200,167
1677896100,157
1677897000,226
1677897900,157
1677898800,153
1677899700,161
1677900600,164
1677901500,190
1677902400,215
1677903300,209
1677904200,202
1677905100,186
1677906000,376
1677906900,406
1677907800,216
1677908700,220
1677909600,149
1677910500,146
1677911400,150
1677912300,165
1677913200,194
1677914100,174
1677915000,179
1677915900,320
1677916800,425
1677917700,393
1677918600,446
1677919500,290
1677920400,231
1677921300,429
1677922200,283
1677923100,264
1677924000,253
1677924900,248
1677925800,242
1677926700,265
1677927600,267
1677928500,265
1677929400,282
1677930300,309
1677931200,503
1677932100,349
1677933000,283
1677933900,292
1677934800,298
1677935700,264
1677936600,294
1677937500,289
1677938400,257
1677939300,256
1677940200,244
1677941100,257
1677942000,281
1677942900,319
1677943800,313
1677944700,304
1677945600,331
1677946500,360
1677947400,421
1677948300,915
1677949200,578
1677950100,535
1677951000,462
1677951900,546
1677952800,387
1677953700,503
1677954600,522
1677955500,618
1677956400,654
1677957300,546
1677958200,502
1677959100,498
1677960000,481
1677960900,451
1677961800,405
1677962700,328
1677963600,311
1677964500,309
1677965400,263
1677966300,257
1677967200,275
1677968100,230
1677969000,292
1677969900,231
1677970800,158
1677971700,227
1677972600,216
1677973500,195
1677974400,190
1677975300,190
1677976200,155
1677977100,152
1677978000,164
1677978900,162
1677979800,145
1677980700,155
1677981600,165
1677982500,167
1677983400,194
1677984300,185
1677985200,213
1677986100,219
1677987000,196
1677987900,178
1677988800,162
1677989700,150
1677990600,141
1677991500,191
1677992400,214
1677993300,287
1677994200,240
1677995100,306
1677996000,355
1677996900,343
1677997800,303
1677998700,321
1677999600,569
1678000500,448
1678001400,291
1678002300,325
1678003200,280
1678004100,734
1678005000,472
1678005900,192
1678006800,252
1678007700,522
1678008600,324
1678009500,266
1678010400,244
1678011300,318
1678012200,300
1678013100,245
1678014000,228
1678014900,264
1678015800,223
1678016700,442
1678017600,493
1678018500,376
1678019400,344
1678020300,302
1678021200,349
1678022100,282
1678023000,290
1678023900,557
1678024800,390
1678025700,403
1678026600,536
1678027500,638
1678028400,298
1678029300,262
1678030200,267
1678031100,628
1678032000,531
1678032900,333
1678033800,428
1678034700,841
1678035600,905
1678036500,919
1678037400,508
1678038300,607
1678039200,369
1678040100,333
1678041000,370
1678041900,869
1678042800,370
1678043700,542
1678044600,733
1678045500,448
1678046400,810
1678047300,505
1678048200,956
1678049100,634
1678050000,420
1678050900,349
1678051800,412
1678052700,303
1678053600,242
1678054500,217
1678055400,167
1678056300,150
1678057200,273
1678058100,269
1678059000,245
1678059900,201
1678060800,193
1678061700,182
1678062600,160
1678063500,165
1678064400,160
1678065300,135
1678066200,159
1678067100,146
1678068000,195
1678068900,223
1678069800,244
1678070700,233
1678071600,155
1678072500,153
1678073400,168
1678074300,155
1678075200,163
1678076100,157
1678077000,157
1678077900,208
1678078800,195
1678079700,213
1678080600,198
1678081500,157
1678082400,151
1678083300,136
1678084200,145
1678085100,144
1678086000,143
1678086900,237
1678087800,202
1678088700,248
1678089600,493
1678090500,843
1678091400,1098
1678092300,988
1678093200,715
1678094100,466
1678095000,341
1678095900,325
1678096800,662
1678097700,1017
1678098600,953
1678099500,848
1678100400,1013
1678101300,1041
1678102200,625
1678103100,440
1678104000,555
1678104900,683
1678105800,724
1678106700,833
1678107600,872
1678108500,657
1678109400,464
1678110300,282
1678111200,265
1678112100,339
1678113000,307
1678113900,338
1678114800,299
1678115700,236
1678116600,239
1678117500,268
1678118400,240
1678119300,260
1678120200,251
1678121100,481
1678122000,595
1678122900,547
1678123800,672
1678124700,519
1678125600,670
1678126500,509
1678127400,597
1678128300,786
1678129200,599
1678130100,372
1678131000,437
1678131900,433
1678132800,964
1678133700,471
1678134600,371
1678135500,324
1678136400,316
1678137300,312
1678138200,328
1678139100,317
1678140000,240
1678140900,247
1678141800,254
1678142700,219
1678143600,185
1678144500,247
1678145400,213
1678146300,225
1678147200,210
1678148100,185
1678149000,171
1678149900,173
1678150800,171
1678151700,166
1678152600,147
1678153500,181
1678154400,205
1678155300,214
1678156200,205
1678157100,178
1678158000,158
1678158900,142
1678159800,159
1678160700,152
1678161600,166
1678162500,202
1678163400,216
1678164300,221
1678165200,204
1678166100,145
1678167000,218
1678167900,212
1678168800,188
1678169700,153
1678170600,153
1678171500,145
1678172400,214
1678173300,157
1678174200,623
1678175100,572
1678176000,787
1678176900,301
1678177800,282
1678178700,269
1678179600,658
1678180500,577
1678181400,448
1678182300,616
1678183200,324
1678184100,433
1678185000,378
1678185900,777
1678186800,609
1678187700,431
1678188600,366
1678189500,287
1678190400,272
1678191300,300
1678192200,290
1678193100,296
1678194000,313
1678194900,325
1678195800,355
1678196700,340
1678197600,302
1678198500,302
1678199400,435
1678200300,316
1678201200,418
1678202100,312
1678203000,271
1678203900,254
1678204800,266
1678205700,233
1678206600,336
1678207500,292
1678208400,355
1678209300,410
1678210200,411
1678211100,446
1678212000,399
1678212900,362
1678213800,291
1678214700,289
1678215600,350
1678216500,331
1678217400,337
1678218300,470
1678219200,532
1678220100,435
1678221000,490
1678221900,385
1678222800,362
1678223700,361
1678224600,353
1678225500,280
1678226400,218
1678227300,170
1678228200,176
1678229100,157
1678230000,153
1678230900,194
1678231800,210
1678232700,200
1678233600,213
1678234500,214
1678235400,190
1678236300,151
1678237200,155
1678238100,164
1678239000,143
1678239900,162
1678240800,177
1678241700,204
1678242600,269
1678243500,218
1678244400,209
1678245300,142
1678246200,160
1678247100,154
1678248000,178
1678248900,142
1678249800,216
1678250700,264
1678251600,346
1678252500,237
1678253400,212
1678254300,188
1678255200,168
1678256100,165
1678257000,311
1678257900,179
1678258800,241
1678259700,309
1678260600,246
1678261500,255
1678262400,244
1678263300,214
1678264200,207
1678265100,189
1678266000,217
1678266900,221
1678267800,232
1678268700,277
1678269600,275
1678270500,256
1678271400,238
1678272300,240
1678273200,320
1678274100,233
1678275000,241
1678275900,218
1678276800,227
1678277700,219
1678278600,233
1678279500,409
1678280400,450
1678281300,246
1678282200,275
1678283100,281
1678284000,234
1678284900,229
1678285800,215
1678286700,370
1678287600,418
1678288500,258
1678289400,745
1678290300,845
1678291200,314
1678292100,269
1678293000,292
1678293900,810
1678294800,658
1678295700,466
1678296600,755
1678297500,705
1678298400,475
1678299300,493
1678300200,468
1678301100,482
1678302000,839
1678302900,913
1678303800,415
1678304700,411
1678305600,365
1678306500,372
1678307400,323
1678308300,284
1678309200,310
1678310100,311
1678311000,300
1678311900,307
1678312800,243
1678313700,349
1678314600,203
1678315500,171
1678316400,172
1678317300,200
1678318200,196
1678319100,204
1678320000,196
1678320900,196
1678321800,151
1678322700,152
1678323600,150
1678324500,165
1678325400,187
1678326300,210
1678327200,190
1678328100,212
1678329000,268
1678329900,186
1678330800,167
1678331700,227
1678332600,157
1678333500,151
1678334400,206
1678335300,214
1678336200,217
1678337100,284
1678338000,379
1678338900,235
1678339800,239
1678340700,152
1678341600,175
1678342500,281
1678343400,219
1678344300,221
1678345200,602
1678346100,745
1678347000,482
1678347900,446
1678348800,410
1678349700,383
1678350600,414
1678351500,355
1678352400,393
1678353300,420
1678354200,957
1678355100,363
1678356000,304
1678356900,275
1678357800,360
1678358700,356
1678359600,313
1678360500,391
1678361400,336
1678362300,930
1678363200,838
1678364100,772
1678365000,705
1678365900,259
1678366800,226
1678367700,391
1678368600,391
1678369500,215
1678370400,212
1678371300,201
1678372200,171
1678373100,164
1678374000,195
1678374900,282
1678375800,201
1678376700,227
1678377600,379
1678378500,384
1678379400,310
1678380300,333
1678381200,396
1678382100,418
1678383000,438
1678383900,390
1678384800,430
1678385700,400
1678386600,335
1678387500,364
1678388400,422
1678389300,434
1678390200,403
1678391100,381
1678392000,433
1678392900,454
1678393800,378
1678394700,310
1678395600,318
1678396500,252
1678397400,157
1678398300,181
1678399200,215
1678400100,162
1678401000,141
1678401900,146
1678402800,158
1678403700,198
1678404600,207
1678405500,199
1678406400,196
1678407300,193
1678408200,214
1678409100,203
1678410000,186
1678410900,157
1678411800,152
1678412700,160
1678413600,172
1678414500,222
1678415400,201
1678416300,213
1678417200,209
1678418100,150
1678419000,178
1678419900,211
1678420800,218
1678421700,197
1678422600,201
1678423500,213
1678424400,342
1678425300,335
1678426200,276
1678427100,272
1678428000,498
1678428900,642
1678429800,356
1678430700,316
1678431600,205
1678432500,237
1678433400,241
1678434300,236
1678435200,289
1678436100,294
1678437000,689
1678437900,564
1678438800,374
1678439700,361
1678440600,419
1678441500,431
1678442400,390
1678443300,245
1678444200,234
1678445100,253
1678446000,243
1678446900,426
1678447800,302
1678448700,279
1678449600,322
1678450500,200
1678451400,163
1678452300,172
1678453200,164
1678454100,170
1678455000,177
1678455900,172
1678456800,158
1678457700,178
1678458600,274
1678459500,281
1678460400,215
1678461300,238
1678462200,623
1678463100,431
1678464000,217
1678464900,263
1678465800,310
1678466700,286
1678467600,273
1678468500,272
1678469400,310
1678470300,269
1678471200,248
1678472100,353
1678473000,324
1678473900,425
1678474800,404
1678475700,348
1678476600,409
1678477500,343
1678478400,330
1678479300,502
1678480200,392
1678481100,386
1678482000,374
1678482900,266
1678483800,221
1678484700,179
1678485600,160
1678486500,168
1678487400,172
1678488300,145
1678489200,149
1678490100,198
1678491000,212
1678491900,207
1678492800,213
1678493700,211
1678494600,196
1678495500,194
1678496400,141
1678497300,149
1678498200,155
1678499100,227
1678500000,164
1678500900,207
1678501800,213
1678502700,192
1678503600,212
1678504500,185
1678505400,171
1678506300,170
1678507200,220
1678508100,202
1678509000,202
1678509900,179
1678510800,300
1678511700,244
1678512600,150
1678513500,175
1678514400,277
1678515300,220
1678516200,206
1678517100,245
1678518000,310
1678518900,414
1678519800,265
1678520700,240
1678521600,358
1678522500,310
1678523400,280
1678524300,247
1678525200,273
1678526100,204
1678527000,258
1678527900,344
1678528800,279
1678529700,249
1678530600,198
1678531500,599
1678532400,699
1678533300,298
1678534200,233
1678535100,205
1678536000,223
1678536900,255
1678537800,252
1678538700,306
1678539600,418
1678540500,401
1678541400,362
1678542300,446
1678543200,372
1678544100,289
1678545000,224
1678545900,231
1678546800,238
1678547700,243
1678548600,232
1678549500,220
1678550400,529
1678551300,642
1678552200,358
1678553100,361
1678554000,547
1678554900,557
1678555800,635
1678556700,575
1678557600,563
1678558500,579
1678559400,532
1678560300,586
1678561200,584
1678562100,456
1678563000,539
1678563900,570
1678564800,494
1678565700,473
1678566600,475
1678567500,341
1678568400,278
1678569300,221
1678570200,228
1678571100,228
1678572000,236
1678572900,232
1678573800,183
1678574700,165
1678575600,158
1678576500,219
1678577400,228
1678578300,217
1678579200,200
1678580100,200
1678581000,152
1678581900,158
1678582800,222
1678583700,221
1678584600,186
1678585500,144
1678586400,155
1678587300,163
1678588200,151
1678589100,161
1678590000,167
1678590900,184
1678591800,213
1678592700,185
1678593600,221
1678594500,173
1678595400,140
1678596300,169
1678597200,214
1678598100,305
1678599000,328
1678599900,295
1678600800,456
1678601700,1062
1678602600,369
1678603500,265
1678604400,253
1678605300,355
1678606200,1181
1678607100,393
1678608000,283
1678608900,452
1678609800,653
1678610700,1100
1678611600,528
1678612500,458
1678613400,573
1678614300,890
1678615200,759
1678616100,642
1678617000,439
1678617900,313
1678618800,271
1678619700,288
1678620600,444
1678621500,365
1678622400,329
1678623300,366
1678624200,331
1678625100,333
1678626000,434
1678626900,340
1678627800,374
1678628700,470
1678629600,391
1678630500,585
1678631400,470
1678632300,438
1678633200,282
1678634100,518
1678635000,344
1678635900,254
1678636800,251
1678637700,298
1678638600,334
1678639500,452
1678640400,429
1678641300,461
1678642200,469
1678643100,541
1678644000,408
1678644900,416
1678645800,375
1678646700,436
1678647600,410
1678648500,430
1678649400,421
1678650300,390
1678651200,661
1678652100,838
1678653000,446
1678653900,516
1678654800,535
1678655700,403
1678656600,352
1678657500,301
1678658400,261
1678659300,242
1678660200,234
1678661100,227
1678662000,224
1678662900,204
1678663800,197
1678664700,220
1678665600,195
1678666500,190
1678667400,204
1678668300,206
1678669200,181
1678670100,145
1678671000,164
1678671900,152
1678672800,173
1678673700,150
1678674600,142
1678675500,170
1678676400,205
1678677300,195
1678678200,216
1678679100,200
1678680000,154
1678680900,150
1678681800,157
1678682700,138
1678683600,153
1678684500,141
1678685400,160
1678686300,191
1678687200,191
1678688100,201
1678689000,179
1678689900,206
1678690800,207
1678691700,321
1678692600,206
1678693500,231
1678694400,232
1678695300,234
1678696200,318
1678697100,627
1678698000,371
1678698900,402
1678699800,371
1678700700,520
1678701600,366
1678702500,590
1678703400,622
1678704300,567
1678705200,453
1678706100,576
1678707000,488
1678707900,890
1678708800,533
1678709700,324
1678710600,550
1678711500,310
1678712400,759
1678713300,511
1678714200,349
1678715100,398
1678716000,370
1678716900,523
1678717800,349
1678718700,333
1678719600,368
1678720500,347
1678721400,370
1678722300,377
1678723200,405
1678724100,655
1678725000,967
1678725900,865
1678726800,895
1678727700,800
1678728600,649
1678729500,546
1678730400,477
1678731300,774
1678732200,704
1678733100,724
1678734000,708
1678734900,685
1678735800,605
1678736700,455
1678737600,398
1678738500,428
1678739400,541
1678740300,424
1678741200,430
1678742100,375
1678743000,340
1678743900,318
1678744800,347
1678745700,331
1678746600,282
1678747500,419
1678748400,270
1678749300,310
1678750200,485
1678751100,460
1678752000,234
1678752900,190
1678753800,212
1678754700,647
1678755600,308
1678756500,212
1678757400,217
1678758300,220
1678759200,223
1678760100,210
1678761000,174
1678761900,146
1678762800,177
1678763700,200
1678764600,218
1678765500,197
1678766400,191
1678767300,226
1678768200,165
1678769100,153
1678770000,155
1678770900,157
1678771800,145
1678772700,142
1678773600,158
1678774500,202
1678775400,195
1678776300,201
1678777200,170
1678778100,200
1678779000,273
1678779900,255
1678780800,752
1678781700,291
1678782600,572
1678783500,395
1678784400,597
1678785300,688
1678786200,1077
1678787100,1170
1678788000,1157
1678788900,1243
1678789800,745
1678790700,626
1678791600,408
1678792500,351
1678793400,553
1678794300,769
1678795200,867
1678796100,1403
1678797000,841
1678797900,773
1678798800,533
1678799700,655
1678800600,686
1678801500,307
1678802400,321
1678803300,381
1678804200,343
1678805100,395
1678806000,405
1678806900,345
1678807800,302
1678808700,339
1678809600,349
1678810500,393
1678811400,370
1678812300,348
1678813200,494
1678814100,362
1678815000,515
1678815900,461
1678816800,461
1678817700,528
1678818600,428
1678819500,547
1678820400,627
1678821300,524
1678822200,537
1678823100,485
1678824000,470
1678824900,548
1678825800,530
1678826700,468
1678827600,387
1678828500,319
1678829400,272
1678830300,305
1678831200,295
1678832100,214
1678833000,150
1678833900,172
1678834800,172
1678835700,207
1678836600,197
1678837500,210
1678838400,161
1678839300,149
1678840200,172
1678841100,179
1678842000,150
1678842900,163
1678843800,157
1678844700,185
1678845600,197
1678846500,226
1678847400,225
1678848300,172
1678849200,147
1678850100,159
1678851000,163
1678851900,167
1678852800,159
1678853700,178
1678854600,221
1678855500,249
1678856400,364
1678857300,285
1678858200,237
1678859100,221
1678860000,316
1678860900,331
1678861800,562
1678862700,428
1678863600,434
1678864500,391
1678865400,304
1678866300,391
1678867200,406
1678868100,350
1678869000,370
1678869900,284
1678870800,428
1678871700,792
1678872600,569
1678873500,620
1678874400,642
1678875300,692
1678876200,852
1678877100,785
1678878000,707
1678878900,474
1678879800,416
1678880700,382
1678881600,313
1678882500,366
1678883400,288
1678884300,500
1678885200,392
1678886100,390
1678887000,465
1678887900,425
1678888800,383
1678889700,320
1678890600,322
1678891500,293
1678892400,338
1678893300,286
1678894200,312
1678895100,339
1678896000,454
1678896900,662
1678897800,337
1678898700,311
1678899600,410
1678900500,405
1678901400,390
1678902300,445
1678903200,347
1678904100,356
1678905000,404
1678905900,475
1678906800,497
1678907700,479
1678908600,415
1678909500,423
1678910400,455
1678911300,421
1678912200,422
1678913100,362
1678914000,335
1678914900,368
1678915800,202
1678916700,150
1678917600,229
1678918500,244
1678919400,355
1678920300,277
1678921200,176
1678922100,213
1678923000,199
1678923900,202
1678924800,226
1678925700,201
1678926600,154
1678927500,146
1678928400,158
1678929300,155
1678930200,169
1678931100,174
1678932000,163
1678932900,206
1678933800,197
1678934700,201
1678935600,212
1678936500,189
1678937400,214
1678938300,213
1678939200,179
1678940100,161
1678941000,152
1678941900,210
1678942800,306
1678943700,262
1678944600,202
1678945500,245
1678946400,257
1678947300,207
1678948200,223
1678949100,397
1678950000,435
1678950900,400
1678951800,419
1678952700,408
1678953600,511
1678954500,838
1678955400,771
1678956300,830
1678957200,934
1678958100,530
1678959000,530
1678959900,610
1678960800,491
1678961700,750
1678962600,586
1678963500,492
1678964400,868
1678965300,691
1678966200,712
1678967100,512
1678968000,543
1678968900,734
1678969800,958
1678970700,584
1678971600,647
1678972500,530
1678973400,736
1678974300,783
1678975200,686
1678976100,446
1678977000,434
1678977900,299
1678978800,557
1678979700,323
1678980600,265
1678981500,330
1678982400,311
1678983300,750
1678984200,472
1678985100,375
1678986000,330
1678986900,644
1678987800,776
1678988700,737
1678989600,588
1678990500,493
1678991400,456
1678992300,392
1678993200,540
1678994100,378
1678995000,380
1678995900,389
1678996800,369
1678997700,319
1678998600,365
1678999500,396
1679000400,397
1679001300,388
1679002200,298
1679003100,205
1679004000,207
1679004900,159
1679005800,147
1679006700,138
1679007600,146
1679008500,222
1679009400,191
1679010300,216
1679011200,208
1679012100,161
1679013000,163
1679013900,155
1679014800,207
1679015700,207
1679016600,224
1679017500,171
1679018400,164
1679019300,163
1679020200,157
1679021100,175
1679022000,147
1679022900,156
1679023800,199
1679024700,208
1679025600,207
1679026500,199
1679027400,219
1679028300,184
1679029200,230
1679030100,259
1679031000,715
1679031900,422
1679032800,179
1679033700,298
1679034600,312
1679035500,351
1679036400,295
1679037300,289
1679038200,292
1679039100,288
1679040000,286
1679040900,328
1679041800,426
1679042700,384
1679043600,387
1679044500,315
1679045400,330
1679046300,333
1679047200,333
1679048100,306
1679049000,458
1679049900,319
1679050800,361
1679051700,383
1679052600,349
1679053500,329
1679054400,341
1679055300,349
1679056200,491
1679057100,449
1679058000,349
1679058900,332
1679059800,312
1679060700,309
1679061600,330
1679062500,505
1679063400,355
1679064300,282
1679065200,185
1679066100,200
1679067000,198
1679067900,216
1679068800,171
1679069700,181
1679070600,208
1679071500,221
1679072400,230
1679073300,228
1679074200,310
1679075100,907
1679076000,465
1679076900,466
1679077800,601
1679078700,461
1679079600,495
1679080500,441
1679081400,452
1679082300,438
1679083200,466
1679084100,455
1679085000,486
1679085900,464
1679086800,351
1679087700,393
1679088600,259
1679089500,157
1679090400,147
1679091300,147
1679092200,147
1679093100,148
1679094000,152
1679094900,137
1679095800,171
1679096700,135
1679097600,154
1679098500,220
1679099400,211
1679100300,201
1679101200,198
1679102100,178
1679103000,161
1679103900,199
1679104800,169
1679105700,172
1679106600,150
1679107500,152
1679108400,164
1679109300,187
1679110200,193
1679111100,220
1679112000,220
1679112900,168
1679113800,138
1679114700,204
1679115600,219
1679116500,273
1679117400,199
1679118300,263
1679119200,648
1679120100,475
1679121000,360
1679121900,373
1679122800,346
1679123700,314
1679124600,337
1679125500,182
1679126400,138
1679127300,151
1679128200,126
1679129100,230
1679130000,281
1679130900,253
1679131800,576
1679132700,354
1679133600,353
1679134500,369
1679135400,743
1679136300,619
1679137200,476
1679138100,651
1679139000,264
1679139900,329
1679140800,418
1679141700,371
1679142600,381
1679143500,410
1679144400,249
1679145300,210
1679146200,255
1679147100,280
1679148000,336
1679148900,276
1679149800,207
1679150700,420
1679151600,215
1679152500,196
1679153400,228
1679154300,531
1679155200,452
1679156100,322
1679157000,299
1679157900,456
1679158800,646
1679159700,349
1679160600,407
1679161500,502
1679162400,539
1679163300,464
1679164200,471
1679165100,414
1679166000,509
1679166900,426
1679167800,442
1679168700,429
1679169600,346
1679170500,291
1679171400,267
1679172300,280
1679173200,286
1679174100,173
1679175000,161
1679175900,144
1679176800,150
1679177700,150
1679178600,161
1679179500,150
1679180400,152
1679181300,146
1679182200,155
1679183100,155
1679184000,202
1679184900,198
1679185800,216
1679186700,198
1679187600,165
1679188500,148
1679189400,173
1679190300,172
1679191200,158
1679192100,166
1679193000,159
1679193900,177
1679194800,149
1679195700,159
1679196600,187
1679197500,158
1679198400,194
1679199300,220
1679200200,237
1679201100,245
1679202000,184
1679202900,236
1679203800,225
1679204700,815
1679205600,528
1679206500,183
1679207400,308
1679208300,255
1679209200,246
1679210100,425
1679211000,494
1679211900,372
1679212800,329
1679213700,436
1679214600,420
1679215500,466
1679216400,313
1679217300,283
1679218200,327
1679219100,491
1679220000,368
1679220900,510
1679221800,376
1679222700,306
1679223600,305
1679224500,291
1679225400,301
1679226300,241
1679227200,237
1679228100,260
1679229000,249
1679229900,249
1679230800,256
1679231700,266
1679232600,340
1679233500,515
1679234400,396
1679235300,275
1679236200,349
1679237100,337
1679238000,759
1679238900,379
1679239800,397
1679240700,400
1679241600,408
1679242500,253
1679243400,274
1679244300,285
1679245200,316
1679246100,551
1679247000,832
1679247900,719
1679248800,678
1679249700,419
1679250600,325
1679251500,347
1679252400,435
1679253300,481
1679254200,491
1679255100,473
1679256000,483
1679256900,450
1679257800,458
1679258700,463
1679259600,457
1679260500,438
1679261400,382
1679262300,394
1679263200,436
1679264100,235
1679265000,211
1679265900,210
1679266800,217
1679267700,256
1679268600,133
1679269500,134
1679270400,124
1679271300,132
1679272200,125
1679273100,147
1679274000,164
1679274900,190
1679275800,248
1679276700,176
1679277600,166
1679278500,124
1679279400,145
1679280300,144
1679281200,159
1679282100,152
1679283000,120
1679283900,139
1679284800,173
1679285700,138
1679286600,146
1679287500,140
1679288400,144
1679289300,137
1679290200,127
1679291100,148
1679292000,140
1679292900,222
1679293800,150
1679294700,266
1679295600,261
1679296500,390
1679297400,771
1679298300,754
1679299200,467
1679300100,588
1679301000,777
1679301900,468
1679302800,417
1679303700,367
1679304600,289
1679305500,425
1679306400,753
1679307300,976
1679308200,588
1679309100,419
1679310000,523
1679310900,715
1679311800,548
1679312700,803
1679313600,722
1679314500,346
1679315400,315
1679316300,297
1679317200,853
1679318100,505
1679319000,306
1679319900,294
1679320800,277
1679321700,221
1679322600,281
1679323500,280
1679324400,226
1679325300,257
1679326200,288
1679327100,221
1679328000,240
1679328900,221
1679329800,310
1679330700,301
1679331600,331
1679332500,584
1679333400,347
1679334300,444
1679335200,389
1679336100,518
1679337000,287
1679337900,256
1679338800,367
1679339700,317
1679340600,305
1679341500,253
1679342400,249
1679343300,261
1679344200,237
1679345100,280
1679346000,259
1679346900,252
1679347800,249
1679348700,235
1679349600,214
1679350500,179
1679351400,176
1679352300,177
1679353200,169
1679354100,229
1679355000,217
1679355900,207
1679356800,208
1679357700,172
1679358600,171
1679359500,165
1679360400,168
1679361300,156
1679362200,173
1679363100,178
1679364000,167
1679364900,179
1679365800,165
1679366700,213
1679367600,198
1679368500,232
1679369400,177
1679370300,174
1679371200,165
1679372100,164
1679373000,172
1679373900,177
1679374800,160
1679375700,171
1679376600,172
1679377500,183
1679378400,150
1679379300,168
1679380200,148
1679381100,153
1679382000,185
1679382900,153
1679383800,165
1679384700,227
1679385600,782
1679386500,497
1679387400,263
1679388300,395
1679389200,231
1679390100,323
1679391000,768
1679391900,319
1679392800,287
1679393700,332
1679394600,394
1679395500,319
1679396400,348
1679397300,656
1679398200,560
1679399100,392
1679400000,454
1679400900,677
1679401800,716
1679402700,313
1679403600,548
1679404500,1021
1679405400,1274
1679406300,792
1679407200,494
1679408100,207
1679409000,262
1679409900,228
1679410800,269
1679411700,267
1679412600,297
1679413500,301
1679414400,326
1679415300,272
1679416200,276
1679417100,264
1679418000,515
1679418900,339
1679419800,396
1679420700,570
1679421600,435
1679422500,337
1679423400,324
1679424300,394
1679425200,355
1679426100,295
1679427000,332
1679427900,400
1679428800,405
1679429700,373
1679430600,437
1679431500,498
1679432400,416
1679433300,405
1679434200,389
1679435100,331
1679436000,370
1679436900,325
1679437800,227
1679438700,159
1679439600,174
1679440500,159
1679441400,154
1679442300,193
1679443200,217
1679444100,200
1679445000,150
1679445900,161
1679446800,176
1679447700,166
1679448600,177
1679449500,159
1679450400,176
1679451300,158
1679452200,171
1679453100,182
1679454000,179
1679454900,174
1679455800,193
1679456700,190
1679457600,172
1679458500,161
1679459400,184
1679460300,209
1679461200,263
1679462100,277
1679463000,215
1679463900,223
1679464800,348
1679465700,161
1679466600,198
1679467500,237
1679468400,251
1679469300,162
1679470200,175
1679471100,454
1679472000,347
1679472900,218
1679473800,198
1679474700,272
1679475600,706
1679476500,247
1679477400,205
1679478300,206
1679479200,196
1679480100,359
1679481000,398
1679481900,986
1679482800,874
1679483700,273
1679484600,286
1679485500,279
1679486400,402
1679487300,438
1679488200,442
1679489100,263
1679490000,296
1679490900,268
1679491800,291
1679492700,311
1679493600,323
1679494500,479
1679495400,359
1679496300,278
1679497200,281
1679498100,277
1679499000,384
1679499900,255
1679500800,290
1679501700,816
1679502600,760
1679503500,415
1679504400,292
1679505300,528
1679506200,474
1679507100,499
1679508000,553
1679508900,500
1679509800,461
1679510700,425
1679511600,407
1679512500,476
1679513400,409
1679514300,399
1679515200,423
1679516100,352
1679517000,463
1679517900,361
1679518800,335
1679519700,286
1679520600,214
1679521500,190
1679522400,175
1679523300,148
1679524200,154
1679525100,150
1679526000,163
1679526900,194
1679527800,197
1679528700,202
1679529600,194
1679530500,162
1679531400,155
1679532300,167
1679533200,170
1679534100,158
1679535000,248
1679535900,190
1679536800,167
1679537700,161
1679538600,173
1679539500,174
1679540400,163
1679541300,165
1679542200,181
1679543100,190
1679544000,214
1679544900,216
1679545800,219
1679546700,227
1679547600,233
1679548500,233
1679549400,245
1679550300,228
1679551200,214
1679552100,241
1679553000,185
1679553900,155
1679554800,148
1679555700,154
1679556600,150
1679557500,171
1679558400,166
1679559300,164
1679560200,159
1679561100,155
1679562000,178
1679562900,183
1679563800,180
1679564700,193
1679565600,168
1679566500,185
1679567400,191
1679568300,157
1679569200,190
1679570100,239
1679571000,398
1679571900,275
1679572800,234
1679573700,249
1679574600,351
1679575500,359
1679576400,485
1679577300,490
1679578200,391
1679579100,372
1679580000,405
1679580900,309
1679581800,255
1679582700,286
1679583600,216
1679584500,174
1679585400,186
1679586300,439
1679587200,194
1679588100,222
1679589000,187
1679589900,227
1679590800,242
1679591700,341
1679592600,408
1679593500,423
1679594400,406
1679595300,496
1679596200,431
1679597100,361
1679598000,332
1679598900,390
1679599800,388
1679600700,456
1679601600,445
1679602500,433
1679603400,372
1679604300,478
1679605200,444
1679606100,354
1679607000,342
1679607900,206
1679608800,174
1679609700,162
1679610600,146
1679611500,141
1679612400,129
1679613300,135
1679614200,128
1679615100,138
1679616000,158
1679616900,227
1679617800,195
1679618700,179
1679619600,144
1679620500,156
1679621400,161
1679622300,146
1679623200,184
1679624100,201
1679625000,159
1679625900,162
1679626800,154
1679627700,149
1679628600,149
1679629500,147
1679630400,155
1679631300,188
1679632200,172
1679633100,190
1679634000,211
1679634900,238
1679635800,287
1679636700,274
1679637600,221
1679638500,201
1679639400,226
1679640300,286
1679641200,215
1679642100,679
1679643000,344
1679643900,195
1679644800,265
1679645700,284
1679646600,277
1679647500,419
1679648400,296
1679649300,239
1679650200,232
1679651100,234
1679652000,407
1679652900,759
1679653800,265
1679654700,283
1679655600,248
1679656500,418
1679657400,413
1679658300,381
1679659200,361
1679660100,481
1679661000,384
1679661900,265
1679662800,179
1679663700,251
1679664600,170
1679665500,163
1679666400,182
1679667300,186
1679668200,192
1679669100,141
1679670000,247
1679670900,160
1679671800,152
1679672700,171
1679673600,180
1679674500,164
1679675400,186
1679676300,167
1679677200,186
1679678100,244
1679679000,589
1679679900,574
1679680800,373
1679681700,342
1679682600,489
1679683500,423
1679684400,358
1679685300,297
1679686200,283
1679687100,358
1679688000,381
1679688900,307
1679689800,248
1679690700,352
1679691600,236
1679692500,171
1679693400,176
1679694300,179
1679695200,229
1679696100,249
1679697000,169
1679697900,167
1679698800,177
1679699700,220
1679700600,202
1679701500,212
1679702400,197
1679703300,183
1679704200,165
1679705100,158
1679706000,149
1679706900,155
1679707800,148
1679708700,171
1679709600,163
1679710500,153
1679711400,154
1679712300,159
1679713200,163
1679714100,153
1679715000,158
1679715900,178
1679716800,176
1679717700,172
1679718600,171
1679719500,234
1679720400,229
1679721300,206
1679722200,219
1679723100,304
1679724000,225
1679724900,249
1679725800,173
1679726700,176
1679727600,204
1679728500,183
1679729400,250
1679730300,219
1679731200,224
1679732100,232
1679733000,177
1679733900,171
1679734800,175
1679735700,170
1679736600,180
1679737500,178
1679738400,142
1679739300,149
1679740200,145
1679741100,159
1679742000,149
1679742900,271
1679743800,164
1679744700,152
1679745600,210
1679746500,217
1679747400,180
1679748300,211
1679749200,141
1679750100,154
1679751000,221
1679751900,321
1679752800,176
1679753700,183
1679754600,240
1679755500,267
1679756400,315
1679757300,194
1679758200,167
1679759100,221
1679760000,190
1679760900,224
1679761800,176
1679762700,399
1679763600,314
1679764500,693
1679765400,433
1679766300,295
1679767200,372
1679768100,386
1679769000,816
1679769900,480
1679770800,367
1679771700,375
1679772600,381
1679773500,311
1679774400,365
1679775300,356
1679776200,263
1679777100,222
1679778000,158
1679778900,168
1679779800,141
1679780700,152
1679781600,167
1679782500,156
1679783400,144
1679784300,166
1679785200,156
1679786100,157
1679787000,131
1679787900,163
1679788800,216
1679789700,218
1679790600,191
1679791500,175
1679792400,162
1679793300,151
1679794200,151
1679795100,166
1679796000,182
1679796900,186
1679797800,139
1679798700,137
1679799600,143
1679800500,149
1679801400,158
1679802300,132
1679803200,139
1679804100,149
1679805000,148
1679805900,200
1679806800,205
1679807700,229
1679808600,287
1679809500,276
1679810400,271
1679811300,276
1679812200,193
1679813100,190
1679814000,234
1679814900,192
1679815800,161
1679816700,177
1679817600,229
1679818500,467
1679819400,390
1679820300,383
1679821200,629
1679822100,784
1679823000,610
1679823900,955
1679824800,533
1679825700,969
1679826600,910
1679827500,447
1679828400,297
1679829300,339
1679830200,273
1679831100,574
1679832000,809
1679832900,565
1679833800,497
1679834700,483
1679835600,366
1679836500,293
1679837400,293
1679838300,351
1679839200,243
1679840100,211
1679841000,218
1679841900,196
1679842800,210
1679843700,1234
1679844600,796
1679845500,749
1679846400,758
1679847300,407
1679848200,286
1679849100,325
1679850000,320
1679850900,296
1679851800,258
1679852700,234
1679853600,448
1679854500,348
1679855400,337
1679856300,385
1679857200,381
1679858100,335
1679859000,318
1679859900,323
1679860800,302
1679861700,307
1679862600,321
1679863500,354
1679864400,336
1679865300,210
1679866200,204
1679867100,221
1679868000,225
1679868900,223
1679869800,217
1679870700,198
1679871600,171
1679872500,172
1679873400,154
1679874300,186
1679875200,177
1679876100,161
1679877000,173
1679877900,167
1679878800,181
1679879700,169
1679880600,163
1679881500,209
1679882400,172
1679883300,162
1679884200,182
1679885100,174
1679886000,174
1679886900,156
1679887800,231
1679888700,184
1679889600,178
1679890500,155
1679891400,148
1679892300,168
1679893200,156
1679894100,187
1679895000,235
1679895900,239
1679896800,210
1679897700,216
1679898600,201
1679899500,230
1679900400,568
1679901300,771
1679902200,557
1679903100,522
1679904000,232
1679904900,255
1679905800,233
1679906700,409
1679907600,376
1679908500,348
1679909400,310
1679910300,269
1679911200,412
1679912100,721
1679913000,658
1679913900,414
1679914800,346
1679915700,265
1679916600,371
1679917500,823
1679918400,550
1679919300,476
1679920200,371
1679921100,565
1679922000,535
1679922900,265
1679923800,201
1679924700,202
1679925600,338
1679926500,320
1679927400,349
1679928300,296
1679929200,410
1679930100,426
1679931000,247
1679931900,209
1679932800,212
1679933700,219
1679934600,222
1679935500,241
1679936400,249
1679937300,295
1679938200,292
1679939100,250
1679940000,307
1679940900,179
1679941800,176
1679942700,171
1679943600,238
1679944500,314
1679945400,292
1679946300,298
1679947200,271
1679948100,214
1679949000,215
1679949900,248
1679950800,190
1679951700,147
1679952600,165
1679953500,167
1679954400,162
1679955300,252
1679956200,223
1679957100,223
1679958000,205
1679958900,303
1679959800,231
1679960700,191
1679961600,163
1679962500,171
1679963400,199
1679964300,168
1679965200,178
1679966100,229
1679967000,218
1679967900,224
1679968800,164
1679969700,175
1679970600,184
1679971500,153
1679972400,174
1679973300,174
1679974200,201
1679975100,152
1679976000,139
1679976900,157
1679977800,139
1679978700,178
1679979600,140
1679980500,178
1679981400,190
1679982300,183
1679983200,180
1679984100,201
1679985000,276
1679985900,212
1679986800,607
1679987700,530
1679988600,334
1679989500,409
1679990400,267
1679991300,364
1679992200,338
1679993100,332
1679994000,400
1679994900,302
1679995800,309
1679996700,269
1679997600,318
1679998500,311
1679999400,278
1680000300,250
1680001200,258
1680002100,323
1680003000,242
1680003900,672
1680004800,311
1680005700,266
1680006600,235
1680007500,222
1680008400,234
1680009300,279
1680010200,258
1680011100,240
1680012000,181
1680012900,183
1680013800,175
1680014700,172
1680015600,176
1680016500,212
1680017400,768
1680018300,508
1680019200,325
1680020100,247
1680021000,200
1680021900,269
1680022800,291
1680023700,289
1680024600,309
1680025500,297
1680026400,400
1680027300,549
1680028200,569
1680029100,388
1680030000,366
1680030900,337
1680031800,321
1680032700,364
1680033600,345
1680034500,263
1680035400,264
1680036300,207
1680037200,190
1680038100,169
1680039000,146
1680039900,157
1680040800,166
1680041700,156
1680042600,168
1680043500,144
1680044400,155
1680045300,158
1680046200,139
1680047100,161
1680048000,165
1680048900,139
1680049800,168
1680050700,174
1680051600,204
1680052500,233
1680053400,205
1680054300,187
1680055200,174
1680056100,162
1680057000,175
1680057900,177
1680058800,175
1680059700,162
1680060600,155
1680061500,227
1680062400,312
1680063300,328
1680064200,218
1680065100,238
1680066000,264
1680066900,162
1680067800,241
1680068700,200
1680069600,189
1680070500,221
1680071400,217
1680072300,206
1680073200,205
1680074100,192
1680075000,300
1680075900,348
1680076800,365
1680077700,352
1680078600,441
1680079500,489
1680080400,471
1680081300,392
1680082200,342
1680083100,384
1680084000,422
1680084900,389
1680085800,235
1680086700,399
1680087600,406
1680088500,507
1680089400,441
1680090300,405
1680091200,414
1680092100,339
1680093000,339
1680093900,344
1680094800,475
1680095700,381
1680096600,349
1680097500,250
1680098400,183
1680099300,515
1680100200,175
1680101100,184
1680102000,316
1680102900,234
1680103800,303
1680104700,268
1680105600,257
1680106500,176
1680107400,284
1680108300,265
1680109200,239
1680110100,264
1680111000,316
1680111900,355
1680112800,416
1680113700,358
1680114600,424
1680115500,478
1680116400,304
1680117300,278
1680118200,284
1680119100,294
1680120000,303
1680120900,233
1680121800,177
1680122700,165
1680123600,166
1680124500,149
1680125400,165
1680126300,241
1680127200,154
1680128100,159
1680129000,169
1680129900,160
1680130800,166
1680131700,162
1680132600,174
1680133500,168
1680134400,185
1680135300,225
1680136200,218
1680137100,226
1680138000,178
1680138900,192
1680139800,215
1680140700,178
1680141600,218
1680142500,164
1680143400,152
1680144300,148
1680145200,138
1680146100,143
1680147000,158
1680147900,207
1680148800,422
1680149700,261
1680150600,270
1680151500,167
1680152400,200
1680153300,170
1680154200,185
1680155100,593
1680156000,793
1680156900,202
1680157800,259
1680158700,309
1680159600,747
1680160500,343
1680161400,179
1680162300,143
1680163200,160
1680164100,144
1680165000,166
1680165900,331
1680166800,189
1680167700,232
1680168600,326
1680169500,218
1680170400,170
1680171300,255
1680172200,205
1680173100,178
1680174000,207
1680174900,491
1680175800,708
1680176700,412
1680177600,236
1680178500,275
1680179400,216
1680180300,188
1680181200,200
1680182100,252
1680183000,278
1680183900,280
1680184800,441
1680185700,594
1680186600,227
1680187500,151
1680188400,216
1680189300,257
1680190200,249
1680191100,354
1680192000,884
1680192900,384
1680193800,350
1680194700,216
1680195600,698
1680196500,899
1680197400,801
1680198300,749
1680199200,731
1680200100,387
1680201000,532
1680201900,483
1680202800,380
1680203700,361
1680204600,315
1680205500,305
1680206400,381
1680207300,318
1680208200,301
1680209100,183
1680210000,170
1680210900,181
1680211800,165
1680212700,157
1680213600,186
1680214500,174
1680215400,154
1680216300,183
1680217200,173
1680218100,175
1680219000,161
1680219900,172
1680220800,197
1680221700,163
1680222600,155
1680223500,146
1680224400,161
1680225300,150
1680226200,172
1680227100,182
1680228000,152
1680228900,177
1680229800,196
1680230700,224
1680231600,231
1680232500,173
1680233400,172
1680234300,203
1680235200,322
1680236100,326
1680237000,229
1680237900,256
1680238800,237
1680239700,266
1680240600,205
1680241500,234
1680242400,222
1680243300,366
1680244200,695
1680245100,1151
1680246000,584
1680246900,564
1680247800,355
1680248700,383
1680249600,318
1680250500,499
1680251400,563
1680252300,344
1680253200,1014
1680254100,824
1680255000,753
1680255900,519
1680256800,266
1680257700,313
1680258600,288
1680259500,526
1680260400,1063
1680261300,803
1680262200,849
1680263100,556
1680264000,239
1680264900,327
1680265800,275
1680266700,476
1680267600,452
1680268500,464
1680269400,309
1680270300,240
1680271200,207
1680272100,306
1680273000,256
1680273900,564
1680274800,191
1680275700,206
1680276600,306
1680277500,287
1680278400,237
1680279300,227
1680280200,227
1680281100,241
1680282000,271
1680282900,415
1680283800,337
1680284700,371
1680285600,398
1680286500,361
1680287400,370
1680288300,405
1680289200,384
1680290100,438
1680291000,357
1680291900,322
1680292800,299
1680293700,320
1680294600,304
1680295500,217
1680296400,248
1680297300,149
1680298200,153
1680299100,153
1680300000,140
1680300900,255
1680301800,297
1680302700,192
1680303600,219
1680304500,246
1680305400,223
1680306300,198
1680307200,149
1680308100,135
1680309000,137
1680309900,144
1680310800,141
1680311700,139
1680312600,143
1680313500,143
1680314400,151
1680315300,146
1680316200,141
1680317100,157
1680318000,147
1680318900,162
1680319800,156
1680320700,206
1680321600,374
1680322500,488
1680323400,277
1680324300,323
1680325200,226
1680326100,251
1680327000,221
1680327900,385
1680328800,316
1680329700,314
1680330600,266
1680331500,226
1680332400,231
1680333300,218
1680334200,301
1680335100,231
1680336000,205
1680336900,285
1680337800,274
1680338700,460
1680339600,330
1680340500,351
1680341400,898
1680342300,923
1680343200,830
1680344100,362
1680345000,353
1680345900,322
1680346800,319
1680347700,147
1680348600,259
1680349500,443
1680350400,705
1680351300,366
1680352200,175
1680353100,174
1680354000,214
1680354900,305
1680355800,334
1680356700,199
1680357600,362
1680358500,995
1680359400,415
1680360300,406
1680361200,372
1680362100,371
1680363000,329
1680363900,346
1680364800,382
1680365700,329
1680366600,327
1680367500,319
1680368400,338
1680369300,326
1680370200,402
1680371100,451
1680372000,528
1680372900,416
1680373800,544
1680374700,432
1680375600,445
1680376500,397
1680377400,379
1680378300,348
1680379200,383
1680380100,414
1680381000,314
1680381900,342
1680382800,272
1680383700,187
1680384600,169
1680385500,145
1680386400,171
1680387300,229
1680388200,186
1680389100,210
1680390000,215
1680390900,176
1680391800,144
1680392700,140
1680393600,152
1680394500,146
1680395400,130
1680396300,143
1680397200,140
1680398100,141
1680399000,152
1680399900,131
1680400800,158
1680401700,181
1680402600,199
1680403500,186
1680404400,202
1680405300,177
1680406200,141
1680407100,135
1680408000,157
1680408900,141
1680409800,165
1680410700,145
1680411600,149
1680412500,165
1680413400,180
1680414300,269
1680415200,357
1680416100,298
1680417000,391
1680417900,467
1680418800,371
1680419700,253
1680420600,643
1680421500,921
1680422400,522
1680423300,609
1680424200,658
1680425100,1370
1680426000,693
1680426900,395
1680427800,276
1680428700,361
1680429600,416
1680430500,649
1680431400,487
1680432300,259
1680433200,262
1680434100,228
1680435000,214
1680435900,197
1680436800,214
1680437700,206
1680438600,220
1680439500,231
1680440400,209
1680441300,187
1680442200,226
1680443100,271
1680444000,213
1680444900,222
1680445800,221
1680446700,224
1680447600,243
1680448500,294
1680449400,384
1680450300,301
1680451200,276
1680452100,661
1680453000,764
1680453900,635
1680454800,338
1680455700,245
1680456600,290
1680457500,247
1680458400,430
1680459300,871
1680460200,780
1680461100,660
1680462000,561
1680462900,589
1680463800,593
1680464700,701
1680465600,556
1680466500,322
1680467400,353
1680468300,261
1680469200,197
1680470100,187
1680471000,184
1680471900,149
1680472800,125
1680473700,116
1680474600,138
1680475500,142
1680476400,140
1680477300,181
1680478200,186
1680479100,178
1680480000,170
1680480900,122
1680481800,126
1680482700,120
1680483600,111
1680484500,118
1680485400,130
1680486300,128
1680487200,121
1680488100,135
1680489000,120
1680489900,114
1680490800,128
1680491700,128
1680492600,189
1680493500,186
1680494400,184
1680495300,160
1680496200,129
1680497100,129
1680498000,137
1680498900,198
1680499800,257
1680500700,170
1680501600,178
1680502500,225
1680503400,180
1680504300,199
1680505200,337
1680506100,496
1680507000,225
1680507900,266
1680508800,527
1680509700,512
1680510600,421
1680511500,392
1680512400,478
1680513300,488
1680514200,694
1680515100,617
1680516000,919
1680516900,784
1680517800,453
1680518700,476
1680519600,305
1680520500,331
1680521400,392
1680522300,271
1680523200,736
1680524100,636
1680525000,282
1680525900,258
1680526800,272
1680527700,310
1680528600,363
1680529500,344
1680530400,964
1680531300,391
1680532200,373
1680533100,939
1680534000,1021
1680534900,1429
1680535800,888
1680536700,329
1680537600,247
1680538500,242
1680539400,343
1680540300,439
1680541200,941
1680542100,488
1680543000,269
1680543900,296
1680544800,300
1680545700,359
1680546600,360
1680547500,311
1680548400,293
1680549300,269
1680550200,302
1680551100,255
1680552000,283
1680552900,253
1680553800,235
1680554700,403
1680555600,429
1680556500,282
1680557400,333
1680558300,269
1680559200,232
1680560100,243
1680561000,244
1680561900,335
1680562800,183
1680563700,133
1680564600,134
1680565500,147
1680566400,170
1680567300,160
1680568200,149
1680569100,132
1680570000,124
1680570900,119
1680571800,121
1680572700,138
1680573600,234
1680574500,175
1680575400,162
1680576300,113
1680577200,159
1680578100,162
1680579000,144
1680579900,159
1680580800,153
1680581700,136
1680582600,121
1680583500,138
1680584400,123
1680585300,119
1680586200,167
1680587100,198
1680588000,224
1680588900,716
1680589800,608
1680590700,392
1680591600,282
1680592500,369
1680593400,262
1680594300,716
1680595200,371
1680596100,289
1680597000,276
1680597900,496
1680598800,812
1680599700,374
1680600600,316
1680601500,300
1680602400,330
1680603300,340
1680604200,367
1680605100,319
1680606000,270
1680606900,250
1680607800,243
1680608700,364
1680609600,235
1680610500,204
1680611400,202
1680612300,303
1680613200,280
1680614100,280
1680615000,411
1680615900,340
1680616800,371
1680617700,357
1680618600,336
1680619500,848
1680620400,626
1680621300,583
1680622200,590
1680623100,295
1680624000,303
1680624900,294
1680625800,243
1680626700,254
1680627600,249
1680628500,270
1680629400,273
1680630300,256
1680631200,281
1680632100,304
1680633000,264
1680633900,273
1680634800,331
1680635700,269
1680636600,264
1680637500,271
1680638400,297
1680639300,265
1680640200,280
1680641100,308
1680642000,345
1680642900,412
1680643800,218
1680644700,241
1680645600,245
1680646500,259
1680647400,253
1680648300,201
1680649200,191
1680650100,143
1680651000,136
1680651900,130
1680652800,161
1680653700,146
1680654600,178
1680655500,154
1680656400,125
1680657300,117
1680658200,110
1680659100,129
1680660000,132
1680660900,118
1680661800,113
1680662700,115
1680663600,149
1680664500,169
1680665400,211
1680666300,202
1680667200,203
1680668100,158
1680669000,134
1680669900,133
1680670800,123
1680671700,139
1680672600,178
1680673500,135
1680674400,142
1680675300,148
1680676200,161
1680677100,245
1680678000,659
1680678900,299
1680679800,245
1680680700,259
1680681600,963
1680682500,563
1680683400,636
1680684300,531
1680685200,623
1680686100,856
1680687000,781
1680687900,476
1680688800,267
1680689700,357
1680690600,359
1680691500,238
1680692400,232
1680693300,572
1680694200,771
1680695100,368
1680696000,381
1680696900,334
1680697800,665
1680698700,598
1680699600,385
1680700500,371
1680701400,348
1680702300,303
1680703200,301
1680704100,391
1680705000,373
1680705900,363
1680706800,351
1680707700,344
1680708600,355
1680709500,588
1680710400,702
1680711300,380
1680712200,493
1680713100,502
1680714000,382
1680714900,444
1680715800,442
1680716700,408
1680717600,500
1680718500,433
1680719400,532
1680720300,496
1680721200,449
1680722100,401
1680723000,358
1680723900,384
1680724800,395
1680725700,356
1680726600,278
1680727500,246
1680728400,226
1680729300,218
1680730200,250
1680731100,240
1680732000,186
1680732900,144
1680733800,170
1680734700,179
1680735600,169
1680736500,205
1680737400,208
1680738300,208
1680739200,154
1680740100,136
1680741000,217
1680741900,160
1680742800,154
1680743700,139
1680744600,163
1680745500,147
1680746400,156
1680747300,146
1680748200,144
1680749100,172
1680750000,188
1680750900,190
1680751800,168
1680752700,185
1680753600,421
1680754500,288
1680755400,238
1680756300,148
1680757200,219
1680758100,137
1680759000,199
1680759900,169
1680760800,371
1680761700,344
1680762600,363
1680763500,248
1680764400,209
1680765300,211
1680766200,185
1680767100,214
1680768000,269
1680768900,169
1680769800,230
1680770700,204
1680771600,185
1680772500,258
1680773400,330
1680774300,457
1680775200,430
1680776100,266
1680777000,242
1680777900,254
1680778800,411
1680779700,459
1680780600,426
1680781500,850
1680782400,575
1680783300,287
1680784200,266
1680785100,282
1680786000,390
1680786900,229
1680787800,278
1680788700,206
1680789600,233
1680790500,172
1680791400,583
1680792300,710
1680793200,639
1680794100,230
1680795000,262
1680795900,231
1680796800,364
1680797700,465
1680798600,230
1680799500,257
1680800400,406
1680801300,1059
1680802200,537
1680803100,279
1680804000,288
1680804900,663
1680805800,518
1680806700,214
1680807600,219
1680808500,222
1680809400,222
1680810300,259
1680811200,198
1680812100,171
1680813000,333
1680813900,252
1680814800,281
1680815700,179
1680816600,160
1680817500,145
1680818400,159
1680819300,164
1680820200,207
1680821100,203
1680822000,214
1680822900,172
1680823800,154
1680824700,161
1680825600,181
1680826500,164
1680827400,140
1680828300,163
1680829200,155
1680830100,165
1680831000,178
1680831900,153
1680832800,205
1680833700,206
1680834600,259
1680835500,163
1680836400,153
1680837300,145
1680838200,151
1680839100,189
1680840000,335
1680840900,319
1680841800,259
1680842700,274
1680843600,357
1680844500,697
1680845400,360
1680846300,293
1680847200,282
1680848100,288
1680849000,185
1680849900,201
1680850800,191
1680851700,181
1680852600,159
1680853500,188
1680854400,316
1680855300,334
1680856200,251
1680857100,304
1680858000,305
1680858900,265
1680859800,200
1680860700,362
1680861600,235
1680862500,223
1680863400,201
1680864300,222
1680865200,256
1680866100,203
1680867000,253
1680867900,278
1680868800,294
1680869700,589
1680870600,547
1680871500,217
1680872400,174
1680873300,189
1680874200,258
1680875100,209
1680876000,193
1680876900,195
1680877800,204
1680878700,224
1680879600,307
1680880500,237
1680881400,498
1680882300,205
1680883200,187
1680884100,197
1680885000,239
1680885900,245
1680886800,245
1680887700,213
1680888600,230
1680889500,283
1680890400,366
1680891300,384
1680892200,435
1680893100,393
1680894000,365
1680894900,279
1680895800,329
1680896700,275
1680897600,209
1680898500,217
1680899400,254
1680900300,189
1680901200,145
1680902100,156
1680903000,158
1680903900,159
1680904800,171
1680905700,152
1680906600,142
1680907500,161
1680908400,164
1680909300,163
1680910200,160
1680911100,198
1680912000,242
1680912900,198
1680913800,207
1680914700,212
1680915600,148
1680916500,151
1680917400,161
1680918300,157
1680919200,164
1680920100,222
1680921000,167
1680921900,136
1680922800,143
1680923700,136
1680924600,145
1680925500,184
1680926400,285
1680927300,336
1680928200,212
1680929100,266
1680930000,596
1680930900,665
1680931800,569
1680932700,276
1680933600,252
1680934500,211
1680935400,231
1680936300,407
1680937200,251
1680938100,227
1680939000,213
1680939900,201
1680940800,190
1680941700,252
1680942600,255
1680943500,176
1680944400,241
1680945300,232
1680946200,206
1680947100,480
1680948000,255
1680948900,215
1680949800,195
1680950700,202
1680951600,186
1680952500,199
1680953400,186
1680954300,341
1680955200,241
1680956100,263
1680957000,204
1680957900,151
1680958800,169
1680959700,151
1680960600,262
1680961500,235
1680962400,167
1680963300,305
1680964200,248
1680965100,172
1680966000,275
1680966900,611
1680967800,271
1680968700,208
1680969600,195
1680970500,201
1680971400,341
1680972300,291
1680973200,264
1680974100,293
1680975000,322
1680975900,287
1680976800,305
1680977700,397
1680978600,427
1680979500,356
1680980400,335
1680981300,315
1680982200,297
1680983100,299
1680984000,279
1680984900,227
1680985800,201
1680986700,147
1680987600,160
1680988500,156
1680989400,238
1680990300,209
1680991200,157
1680992100,222
1680993000,212
1680993900,227
1680994800,195
1680995700,178
1680996600,165
1680997500,167
1680998400,169
1680999300,177
1681000200,175
1681001100,160
1681002000,151
1681002900,163
1681003800,169
1681004700,167
1681005600,222
1681006500,160
1681007400,155
1681008300,161
1681009200,137
1681010100,158
1681011000,154
1681011900,223
1681012800,370
1681013700,193
1681014600,191
1681015500,308
1681016400,217
1681017300,268
1681018200,262
1681019100,673
1681020000,327
1681020900,238
1681021800,199
1681022700,391
1681023600,210
1681024500,223
1681025400,227
1681026300,650
1681027200,255
1681028100,257
1681029000,269
1681029900,304
1681030800,294
1681031700,266
1681032600,217
1681033500,214
1681034400,178
1681035300,199
1681036200,245
1681037100,300
1681038000,367
1681038900,357
1681039800,258
1681040700,264
1681041600,386
1681042500,224
1681043400,355
1681044300,255
1681045200,282
1681046100,293
1681047000,336
1681047900,353
1681048800,729
1681049700,385
1681050600,325
1681051500,281
1681052400,536
1681053300,663
1681054200,670
1681055100,418
1681056000,357
1681056900,353
1681057800,354
1681058700,354
1681059600,258
1681060500,198
1681061400,216
1681062300,427
1681063200,926
1681064100,1050
1681065000,493
1681065900,414
1681066800,370
1681067700,382
1681068600,354
1681069500,334
1681070400,315
1681071300,282
1681072200,281
1681073100,344
1681074000,295
1681074900,372
1681075800,312
1681076700,172
1681077600,203
1681078500,152
1681079400,155
1681080300,158
1681081200,176
1681082100,188
1681083000,225
1681083900,215
1681084800,214
1681085700,163
1681086600,161
1681087500,180
1681088400,179
1681089300,151
1681090200,166
1681091100,163
1681092000,166
1681092900,211
1681093800,186
1681094700,170
1681095600,173
1681096500,142
1681097400,148
1681098300,145
1681099200,186
1681100100,151
1681101000,205
1681101900,212
1681102800,216
1681103700,209
1681104600,170
1681105500,245
1681106400,166
1681107300,285
1681108200,272
1681109100,170
1681110000,186
1681110900,171
1681111800,811
1681112700,371
1681113600,308
1681114500,259
1681115400,311
1681116300,784
1681117200,900
1681118100,828
1681119000,924
1681119900,781
1681120800,424
1681121700,660
1681122600,736
1681123500,431
1681124400,423
1681125300,609
1681126200,425
1681127100,570
1681128000,457
1681128900,443
1681129800,849
1681130700,811
1681131600,324
1681132500,415
1681133400,347
1681134300,313
1681135200,312
1681136100,350
1681137000,330
1681137900,354
1681138800,280
1681139700,804
1681140600,775
1681141500,747
1681142400,719
1681143300,503
1681144200,512
1681145100,306
1681146000,476
1681146900,379
1681147800,406
1681148700,584
1681149600,578
1681150500,494
1681151400,458
1681152300,376
1681153200,900
1681154100,574
1681155000,337
1681155900,357
1681156800,389
1681157700,325
1681158600,327
1681159500,356
1681160400,388
1681161300,269
1681162200,199
1681163100,182
1681164000,189
1681164900,201
1681165800,221
1681166700,193
1681167600,180
1681168500,224
1681169400,219
1681170300,237
1681171200,368
1681172100,176
1681173000,176
1681173900,167
1681174800,176
1681175700,176
1681176600,172
1681177500,169
1681178400,177
1681179300,173
1681180200,209
1681181100,209
1681182000,237
1681182900,227
1681183800,187
1681184700,151
1681185600,198
1681186500,189
1681187400,168
1681188300,158
1681189200,148
1681190100,158
1681191000,160
1681191900,168
1681192800,220
1681193700,232
1681194600,247
1681195500,246
1681196400,219
1681197300,398
1681198200,628
1681199100,288
1681200000,301
1681200900,316
1681201800,429
1681202700,380
1681203600,379
1681204500,292
1681205400,207
1681206300,277
1681207200,237
1681208100,401
1681209000,445
1681209900,346
1681210800,340
1681211700,263
1681212600,160
1681213500,163
1681214400,157
1681215300,189
1681216200,170
1681217100,238
1681218000,619
1681218900,539
1681219800,443
1681220700,488
1681221600,450
1681222500,621
1681223400,353
1681224300,249
1681225200,262
1681226100,326
1681227000,747
1681227900,554
1681228800,460
1681229700,256
1681230600,254
1681231500,240
1681232400,253
1681233300,355
1681234200,443
1681235100,414
1681236000,389
1681236900,377
1681237800,308
1681238700,378
1681239600,364
1681240500,329
1681241400,341
1681242300,304
1681243200,276
1681244100,352
1681245000,224
1681245900,175
1681246800,145
1681247700,147
1681248600,157
1681249500,151
1681250400,149
1681251300,231
1681252200,206
1681253100,214
1681254000,211
1681254900,166
1681255800,154
1681256700,180
1681257600,175
1681258500,154
1681259400,172
1681260300,159
1681261200,175
1681262100,162
1681263000,164
1681263900,177
1681264800,177
1681265700,211
1681266600,168
1681267500,175
1681268400,176
1681269300,156
1681270200,187
1681271100,262
1681272000,395
1681272900,349
1681273800,233
1681274700,173
1681275600,170
1681276500,163
1681277400,212
1681278300,178
1681279200,247
1681280100,140
1681281000,167
1681281900,170
1681282800,185
1681283700,159
1681284600,171
1681285500,219
1681286400,204
1681287300,255
1681288200,323
1681289100,394
1681290000,340
1681290900,228
1681291800,212
1681292700,296
1681293600,189
1681294500,186
1681295400,190
1681296300,202
1681297200,198
1681298100,194
1681299000,202
1681299900,171
1681300800,295
1681301700,252
1681302600,267
1681303500,232
1681304400,216
1681305300,217
1681306200,218
1681307100,204
1681308000,228
1681308900,208
1681309800,209
1681310700,208
1681311600,248
1681312500,213
1681313400,244
1681314300,225
1681315200,260
1681316100,269
1681317000,283
1681317900,671
1681318800,468
1681319700,452
1681320600,464
1681321500,441
1681322400,534
1681323300,477
1681324200,460
1681325100,371
1681326000,341
1681326900,324
1681327800,364
1681328700,335
1681329600,290
1681330500,297
1681331400,186
1681332300,148
1681333200,139
1681334100,125
1681335000,119
1681335900,134
1681336800,125
1681337700,125
1681338600,195
1681339500,196
1681340400,177
1681341300,153
1681342200,146
1681343100,120
1681344000,161
1681344900,150
1681345800,154
1681346700,132
1681347600,135
1681348500,147
1681349400,153
1681350300,126
1681351200,222
1681352100,212
1681353000,206
1681353900,199
1681354800,187
1681355700,142
1681356600,145
1681357500,191
1681358400,308
1681359300,362
1681360200,185
1681361100,222
1681362000,165
1681362900,228
1681363800,191
1681364700,222
1681365600,219
1681366500,207
1681367400,158
1681368300,192
1681369200,269
1681370100,284
1681371000,292
1681371900,226
1681372800,202
1681373700,152
1681374600,174
1681375500,169
1681376400,182
1681377300,210
1681378200,236
1681379100,345
1681380000,398
1681380900,199
1681381800,184
1681382700,179
1681383600,198
1681384500,209
1681385400,207
1681386300,189
1681387200,184
1681388100,190
1681389000,199
1681389900,183
1681390800,260
1681391700,281
1681392600,191
1681393500,206
1681394400,186
1681395300,163
1681396200,176
1681397100,178
1681398000,556
1681398900,307
1681399800,396
1681400700,440
1681401600,480
1681402500,326
1681403400,353
1681404300,227
1681405200,274
1681406100,325
1681407000,303
1681407900,274
1681408800,240
1681409700,302
1681410600,346
1681411500,347
1681412400,299
1681413300,317
1681414200,441
1681415100,315
1681416000,303
1681416900,286
1681417800,315
1681418700,190
1681419600,172
1681420500,145
1681421400,162
1681422300,169
1681423200,241
1681424100,292
1681425000,227
1681425900,210
1681426800,210
1681427700,163
1681428600,143
1681429500,168
1681430400,168
1681431300,154
1681432200,156
1681433100,155
1681434000,159
1681434900,255
1681435800,446
1681436700,169
1681437600,383
1681438500,172
1681439400,155
1681440300,164
1681441200,180
1681442100,167
1681443000,217
1681443900,240
1681444800,346
1681445700,313
1681446600,209
1681447500,195
1681448400,211
1681449300,221
1681450200,220
1681451100,179
1681452000,213
1681452900,191
1681453800,155
1681454700,159
1681455600,185
1681456500,323
1681457400,175
1681458300,238
1681459200,398
1681460100,203
1681461000,174
1681461900,192
1681462800,216
1681463700,244
1681464600,316
1681465500,498
1681466400,393
1681467300,316
1681468200,275
1681469100,271
1681470000,263
1681470900,256
1681471800,274
1681472700,408
1681473600,321
1681474500,264
1681475400,251
1681476300,263
1681477200,254
1681478100,219
1681479000,284
1681479900,395
1681480800,294
1681481700,221
1681482600,249
1681483500,260
1681484400,352
1681485300,624
1681486200,277
1681487100,277
1681488000,333
1681488900,702
1681489800,601
1681490700,390
1681491600,420
1681492500,410
1681493400,410
1681494300,415
1681495200,380
1681496100,342
1681497000,442
1681497900,410
1681498800,381
1681499700,363
1681500600,339
1681501500,269
1681502400,228
1681503300,213
1681504200,154
1681505100,147
1681506000,143
1681506900,128
1681507800,132
1681508700,143
1681509600,153
1681510500,207
1681511400,177
1681512300,203
1681513200,182
1681514100,154
1681515000,145
1681515900,161
1681516800,157
1681517700,138
1681518600,147
1681519500,150
1681520400,160
1681521300,156
1681522200,144
1681523100,156
1681524000,228
1681524900,181
1681525800,206
1681526700,204
1681527600,195
1681528500,155
1681529400,164
1681530300,199
1681531200,265
1681532100,191
1681533000,221
1681533900,247
1681534800,215
1681535700,223
1681536600,240
1681537500,166
1681538400,132
1681539300,139
1681540200,158
1681541100,147
1681542000,174
1681542900,149
1681543800,134
1681544700,142
1681545600,279
1681546500,247
1681547400,373
1681548300,402
1681549200,225
1681550100,305
1681551000,241
1681551900,220
1681552800,221
1681553700,193
1681554600,232
1681555500,426
1681556400,312
1681557300,264
1681558200,241
1681559100,200
1681560000,218
1681560900,239
1681561800,250
1681562700,248
1681563600,196
1681564500,187
1681565400,221
1681566300,311
1681567200,231
1681568100,514
1681569000,429
1681569900,249
1681570800,211
1681571700,214
1681572600,311
1681573500,290
1681574400,195
1681575300,275
1681576200,300
1681577100,260
1681578000,254
1681578900,206
1681579800,255
1681580700,337
1681581600,442
1681582500,419
1681583400,414
1681584300,359
1681585200,313
1681586100,257
1681587000,311
1681587900,263
1681588800,232
1681589700,230
1681590600,161
1681591500,152
1681592400,158
1681593300,127
1681594200,133
1681595100,146
1681596000,153
1681596900,173
1681597800,183
1681598700,201
1681599600,219
1681600500,120
1681601400,132
1681602300,143
1681603200,124
1681604100,136
1681605000,121
1681605900,130
1681606800,147
1681607700,181
1681608600,149
1681609500,143
1681610400,208
1681611300,146
1681612200,194
1681613100,198
1681614000,192
1681614900,187
1681615800,142
1681616700,153
1681617600,200
1681618500,195
1681619400,261
1681620300,317
1681621200,223
1681622100,346
1681623000,271
1681623900,239
1681624800,211
1681625700,173
1681626600,165
1681627500,193
1681628400,203
1681629300,201
1681630200,185
1681631100,222
1681632000,281
1681632900,454
1681633800,347
1681634700,250
1681635600,352
1681636500,561
1681637400,268
1681638300,250
1681639200,197
1681640100,287
1681641000,196
1681641900,241
1681642800,273
1681643700,226
1681644600,226
1681645500,240
1681646400,333
1681647300,354
1681648200,308
1681649100,309
1681650000,292
1681650900,374
1681651800,298
1681652700,244
1681653600,402
1681654500,395
1681655400,474
1681656300,429
1681657200,237
1681658100,673
1681659000,486
1681659900,864
1681660800,259
1681661700,182
1681662600,179
1681663500,187
1681664400,165
1681665300,210
1681666200,210
1681667100,254
1681668000,312
1681668900,350
1681669800,353
1681670700,326
1681671600,331
1681672500,301
1681673400,287
1681674300,312
1681675200,240
1681676100,316
1681677000,303
1681677900,275
1681678800,377
1681679700,350
1681680600,187
1681681500,152
1681682400,172
1681683300,168
1681684200,195
1681685100,199
1681686000,223
1681686900,206
1681687800,155
1681688700,183
1681689600,158
1681690500,165
1681691400,154
1681692300,150
1681693200,156
1681694100,176
1681695000,159
1681695900,144
1681696800,151
1681697700,155
1681698600,213
1681699500,155
1681700400,165
1681701300,200
1681702200,204
1681703100,183
1681704000,203
1681704900,179
1681705800,156
1681706700,154
1681707600,159
1681708500,275
1681709400,158
1681710300,213
1681711200,359
1681712100,846
1681713000,767
1681713900,307
1681714800,345
1681715700,265
1681716600,334
1681717500,470
1681718400,1049
1681719300,620
1681720200,666
1681721100,1054
1681722000,332
1681722900,700
1681723800,720
1681724700,329
1681725600,590
1681726500,226
1681727400,207
1681728300,319
1681729200,206
1681730100,248
1681731000,229
1681731900,255
1681732800,304
1681733700,404
1681734600,383
1681735500,362
1681736400,329
1681737300,929
1681738200,749
1681739100,343
1681740000,643
1681740900,326
1681741800,293
1681742700,296
1681743600,334
1681744500,428
1681745400,354
1681746300,313
1681747200,819
1681748100,811
1681749000,724
1681749900,552
1681750800,297
1681751700,275
1681752600,199
1681753500,151
1681754400,124
1681755300,119
1681756200,126
1681757100,132
1681758000,139
1681758900,128
1681759800,219
1681760700,132
1681761600,122
1681762500,139
1681763400,409
1681764300,275
1681765200,249
1681766100,197
1681767000,174
1681767900,165
1681768800,165
1681769700,154
1681770600,146
1681771500,140
1681772400,187
1681773300,341
1681774200,203
1681775100,347
1681776000,253
1681776900,164
1681777800,159
1681778700,184
1681779600,153
1681780500,141
1681781400,147
1681782300,121
1681783200,132
1681784100,130
1681785000,130
1681785900,131
1681786800,134
1681787700,145
1681788600,187
1681789500,188
1681790400,167
1681791300,144
1681792200,145
1681793100,157
1681794000,144
1681794900,133
1681795800,161
1681796700,122
1681797600,143
1681798500,145
1681799400,588
1681800300,462
1681801200,269
1681802100,312
1681803000,303
1681803900,393
1681804800,450
1681805700,467
1681806600,352
1681807500,451
1681808400,432
1681809300,387
1681810200,682
1681811100,657
1681812000,279
1681812900,356
1681813800,327
1681814700,389
1681815600,436
1681816500,560
1681817400,165
1681818300,168
1681819200,177
1681820100,559
1681821000,480
1681821900,167
1681822800,260
1681823700,463
1681824600,311
1681825500,624
1681826400,284
1681827300,265
1681828200,208
1681829100,319
1681830000,683
1681830900,236
1681831800,256
1681832700,220
1681833600,269
1681834500,314
1681835400,235
1681836300,202
1681837200,311
1681838100,221
1681839000,427
1681839900,428
1681840800,384
1681841700,374
1681842600,353
1681843500,362
1681844400,389
1681845300,353
1681846200,416
1681847100,350
1681848000,308
1681848900,476
1681849800,317
1681850700,307
1681851600,308
1681852500,252
1681853400,272
1681854300,197
1681855200,168
1681856100,191
1681857000,197
1681857900,195
1681858800,177
1681859700,127
1681860600,152
1681861500,143
1681862400,131
1681863300,135
1681864200,148
1681865100,151
1681866000,144
1681866900,140
1681867800,134
1681868700,140
1681869600,153
1681870500,186
1681871400,134
1681872300,132
1681873200,137
1681874100,166
1681875000,173
1681875900,231
1681876800,288
1681877700,320
1681878600,190
1681879500,167
1681880400,190
1681881300,195
1681882200,222
1681883100,232
1681884000,217
1681884900,284
1681885800,249
1681886700,708
1681887600,750
1681888500,618
1681889400,372
1681890300,285
1681891200,263
1681892100,216
1681893000,237
1681893900,222
1681894800,190
1681895700,280
1681896600,373
1681897500,230
1681898400,182
1681899300,166
1681900200,167
1681901100,154
1681902000,160
1681902900,162
1681903800,168
1681904700,436
1681905600,313
1681906500,179
1681907400,155
1681908300,158
1681909200,178
1681910100,150
1681911000,174
1681911900,170
1681912800,165
1681913700,362
1681914600,406
1681915500,196
1681916400,239
1681917300,215
1681918200,222
1681919100,256
1681920000,266
1681920900,631
1681921800,251
1681922700,229
1681923600,213
1681924500,274
1681925400,284
1681926300,261
1681927200,262
1681928100,273
1681929000,284
1681929900,371
1681930800,353
1681931700,432
1681932600,366
1681933500,369
1681934400,379
1681935300,302
1681936200,265
1681937100,203
1681938000,154
1681938900,161
1681939800,149
1681940700,151
1681941600,126
1681942500,186
1681943400,191
1681944300,137
1681945200,157
1681946100,162
1681947000,135
1681947900,140
1681948800,122
1681949700,143
1681950600,146
1681951500,139
1681952400,152
1681953300,135
1681954200,144
1681955100,132
1681956000,163
1681956900,213
1681957800,141
1681958700,153
1681959600,130
1681960500,125
1681961400,116
1681962300,233
1681963200,233
1681964100,376
1681965000,193
1681965900,199
1681966800,180
1681967700,150
1681968600,142
1681969500,230
1681970400,163
1681971300,166
1681972200,313
1681973100,289
1681974000,295
1681974900,221
1681975800,238
1681976700,230
1681977600,294
1681978500,267
1681979400,230
1681980300,151
1681981200,145
1681982100,151
1681983000,153
1681983900,351
1681984800,188
1681985700,149
1681986600,154
1681987500,155
1681988400,146
1681989300,253
1681990200,302
1681991100,222
1681992000,239
1681992900,228
1681993800,178
1681994700,230
1681995600,352
1681996500,342
1681997400,326
1681998300,341
1681999200,325
1682000100,319
1682001000,304
1682001900,345
1682002800,285
1682003700,222
1682004600,224
1682005500,275
1682006400,238
1682007300,197
1682008200,243
1682009100,260
1682010000,264
1682010900,240
1682011800,217
1682012700,334
1682013600,270
1682014500,256
1682015400,376
1682016300,256
1682017200,317
1682018100,256
1682019000,252
1682019900,256
1682020800,249
1682021700,365
1682022600,244
1682023500,172
1682024400,210
1682025300,122
1682026200,123
1682027100,131
1682028000,145
1682028900,205
1682029800,226
1682030700,208
1682031600,146
1682032500,145
1682033400,139
1682034300,122
1682035200,145
1682036100,156
1682037000,151
1682037900,118
1682038800,144
1682039700,138
1682040600,140
1682041500,135
1682042400,153
1682043300,234
1682044200,161
1682045100,151
1682046000,206
1682046900,191
1682047800,172
1682048700,215
1682049600,218
1682050500,184
1682051400,366
1682052300,374
1682053200,211
1682054100,156
1682055000,136
1682055900,172
1682056800,152
1682057700,138
1682058600,141
1682059500,154
1682060400,199
1682061300,258
1682062200,228
1682063100,169
1682064000,148
1682064900,154
1682065800,142
1682066700,161
1682067600,137
1682068500,294
1682069400,249
1682070300,165
1682071200,202
1682072100,161
1682073000,159
1682073900,216
1682074800,204
1682075700,219
1682076600,172
1682077500,226
1682078400,167
1682079300,202
1682080200,190
1682081100,209
1682082000,193
1682082900,259
1682083800,273
1682084700,195
1682085600,201
1682086500,204
1682087400,189
1682088300,383
1682089200,632
1682090100,478
1682091000,473
1682091900,349
1682092800,783
1682093700,602
1682094600,226
1682095500,243
1682096400,261
1682097300,288
1682098200,256
1682099100,278
1682100000,267
1682100900,311
1682101800,337
1682102700,402
1682103600,422
1682104500,453
1682105400,476
1682106300,390
1682107200,349
1682108100,389
1682109000,320
1682109900,212
1682110800,154
1682111700,155
1682112600,150
1682113500,143
1682114400,152
1682115300,191
1682116200,186
1682117100,186
1682118000,166
1682118900,145
1682119800,153
1682120700,139
1682121600,144
1682122500,130
1682123400,121
1682124300,128
1682125200,124
1682126100,146
1682127000,136
1682127900,121
1682128800,177
1682129700,188
1682130600,238
1682131500,148
1682132400,152
1682133300,150
1682134200,161
1682135100,176
1682136000,220
1682136900,386
1682137800,224
1682138700,250
1682139600,395
1682140500,352
1682141400,225
1682142300,171
1682143200,173
1682144100,176
1682145000,162
1682145900,177
1682146800,158
1682147700,152
1682148600,168
1682149500,193
1682150400,192
1682151300,175
1682152200,184
1682153100,179
1682154000,204
1682154900,220
1682155800,195
1682156700,166
1682157600,361
1682158500,318
1682159400,380
1682160300,505
1682161200,485
1682162100,221
1682163000,187
1682163900,189
1682164800,715
1682165700,321
1682166600,218
1682167500,220
1682168400,213
1682169300,291
1682170200,252
1682171100,214
1682172000,239
1682172900,203
1682173800,194
1682174700,177
1682175600,276
1682176500,253
1682177400,180
1682178300,195
1682179200,214
1682180100,211
1682181000,280
1682181900,392
1682182800,416
1682183700,249
1682184600,221
1682185500,317
1682186400,633
1682187300,339
1682188200,402
1682189100,484
1682190000,376
1682190900,458
1682191800,384
1682192700,358
1682193600,380
1682194500,279
1682195400,327
1682196300,235
1682197200,181
1682198100,165
1682199000,154
1682199900,161
1682200800,177
1682201700,188
1682202600,208
1682203500,188
1682204400,191
1682205300,126
1682206200,143
1682207100,158
1682208000,157
1682208900,158
1682209800,169
1682210700,177
1682211600,133
1682212500,137
1682213400,130
1682214300,134
1682215200,132
1682216100,197
1682217000,140
1682217900,124
1682218800,147
1682219700,125
1682220600,148
1682221500,191
1682222400,211
1682223300,292
1682224200,203
1682225100,275
1682226000,178
1682226900,602
1682227800,348
1682228700,224
1682229600,231
1682230500,214
1682231400,228
1682232300,262
1682233200,728
1682234100,634
1682235000,259
1682235900,273
1682236800,271
1682237700,262
1682238600,229
1682239500,209
1682240400,234
1682241300,420
1682242200,424
1682243100,681
1682244000,439
1682244900,385
1682245800,270
1682246700,240
1682247600,207
1682248500,238
1682249400,425
1682250300,236
1682251200,257
1682252100,185
1682253000,548
1682253900,241
1682254800,266
1682255700,248
1682256600,247
1682257500,236
1682258400,235
1682259300,207
1682260200,210
1682261100,205
1682262000,206
1682262900,216
1682263800,220
1682264700,283
1682265600,215
1682266500,220
1682267400,209
1682268300,216
1682269200,234
1682270100,424
1682271000,282
1682271900,225
1682272800,239
1682273700,340
1682274600,255
1682275500,269
1682276400,255
1682277300,275
1682278200,297
1682279100,353
1682280000,272
1682280900,280
1682281800,318
1682282700,393
1682283600,325
1682284500,238
1682285400,184
1682286300,152
1682287200,150
1682288100,209
1682289000,200
1682289900,180
1682290800,187
1682291700,159
1682292600,158
1682293500,139
1682294400,218
1682295300,140
1682296200,130
1682297100,126
1682298000,139
1682298900,137
1682299800,125
1682300700,129
1682301600,120
1682302500,159
1682303400,188
1682304300,134
1682305200,139
1682306100,146
1682307000,151
1682307900,174
1682308800,186
1682309700,187
1682310600,148
1682311500,154
1682312400,161
1682313300,149
1682314200,135
1682315100,144
1682316000,228
1682316900,206
1682317800,195
1682318700,225
1682319600,297
1682320500,236
1682321400,606
1682322300,778
1682323200,432
1682324100,292
1682325000,245
1682325900,197
1682326800,187
1682327700,318
1682328600,392
1682329500,290
1682330400,434
1682331300,458
1682332200,462
1682333100,581
1682334000,271
1682334900,310
1682335800,798
1682336700,771
1682337600,622
1682338500,398
1682339400,362
1682340300,337
1682341200,742
1682342100,429
1682343000,208
1682343900,203
1682344800,292
1682345700,256
1682346600,216
1682347500,231
1682348400,219
1682349300,178
1682350200,171
1682351100,190
1682352000,187
1682352900,169
1682353800,188
1682354700,204
1682355600,156
1682356500,135
1682357400,140
1682358300,205
1682359200,237
1682360100,318
1682361000,335
1682361900,299
1682362800,302
1682363700,307
1682364600,321
1682365500,319
1682366400,306
1682367300,385
1682368200,341
1682369100,313
1682370000,286
1682370900,270
1682371800,228
1682372700,187
1682373600,174
1682374500,274
1682375400,201
1682376300,229
1682377200,252
1682378100,231
1682379000,220
1682379900,189
1682380800,157
1682381700,146
1682382600,171
1682383500,150
1682384400,136
1682385300,141
1682386200,133
1682387100,140
1682388000,146
1682388900,153
1682389800,155
1682390700,138
1682391600,144
1682392500,135
1682393400,167
1682394300,153
1682395200,162
1682396100,155
1682397000,152
1682397900,183
1682398800,196
1682399700,206
1682400600,183
1682401500,197
1682402400,210
1682403300,202
1682404200,237
1682405100,399
1682406000,450
1682406900,230
1682407800,264
1682408700,326
1682409600,216
1682410500,200
1682411400,179
1682412300,222
1682413200,162
1682414100,195
1682415000,220
1682415900,221
1682416800,846
1682417700,684
1682418600,490
1682419500,644
1682420400,202
1682421300,361
1682422200,191
1682423100,172
1682424000,182
1682424900,187
1682425800,181
1682426700,164
1682427600,146
1682428500,179
1682429400,233
1682430300,228
1682431200,180
1682432100,162
1682433000,147
1682433900,170
1682434800,248
1682435700,243
1682436600,244
1682437500,228
1682438400,586
1682439300,831
1682440200,490
1682441100,353
1682442000,715
1682442900,423
1682443800,639
1682444700,310
1682445600,743
1682446500,725
1682447400,819
1682448300,571
1682449200,310
1682450100,308
1682451000,338
1682451900,324
1682452800,271
1682453700,232
1682454600,180
1682455500,175
1682456400,134
1682457300,150
1682458200,144
1682459100,121
1682460000,153
1682460900,190
1682461800,190
1682462700,171
1682463600,136
1682464500,152
1682465400,139
1682466300,196
1682467200,145
1682468100,151
1682469000,160
1682469900,139
1682470800,130
1682471700,123
1682472600,135
1682473500,127
1682474400,124
1682475300,208
1682476200,125
1682477100,135
1682478000,138
1682478900,123
1682479800,126
1682480700,154
1682481600,269
1682482500,319
1682483400,202
1682484300,192
1682485200,138
1682486100,506
1682487000,352
1682487900,201
1682488800,315
1682489700,366
1682490600,371
1682491500,215
1682492400,251
1682493300,182
1682494200,187
1682495100,350
1682496000,245
1682496900,210
1682497800,222
1682498700,266
1682499600,220
1682500500,315
1682501400,452
1682502300,171
1682503200,182
1682504100,165
1682505000,343
1682505900,127
1682506800,145
1682507700,142
1682508600,127
1682509500,123
1682510400,156
1682511300,193
1682512200,282
1682513100,269
1682514000,236
1682514900,183
1682515800,186
1682516700,192
1682517600,262
1682518500,209
1682519400,553
1682520300,372
1682521200,254
1682522100,518
1682523000,204
1682523900,275
1682524800,213
1682525700,269
1682526600,174
1682527500,183
1682528400,243
1682529300,319
1682530200,263
1682531100,325
1682532000,390
1682532900,399
1682533800,392
1682534700,444
1682535600,364
1682536500,385
1682537400,303
1682538300,272
1682539200,242
1682540100,208
1682541000,245
1682541900,156
1682542800,146
1682543700,121
1682544600,161
1682545500,151
1682546400,148
1682547300,135
1682548200,134
1682549100,141
1682550000,149
1682550900,199
1682551800,159
1682552700,142
1682553600,145
1682554500,134
1682555400,143
1682556300,147
1682557200,152
1682558100,187
1682559000,180
1682559900,168
1682560800,128
1682561700,131
1682562600,178
1682563500,174
1682564400,151
1682565300,150
1682566200,121
1682567100,175
1682568000,213
1682568900,267
1682569800,222
1682570700,279
1682571600,174
1682572500,170
1682573400,267
1682574300,234
1682575200,399
1682576100,235
1682577000,200
1682577900,501
1682578800,288
1682579700,234
1682580600,221
1682581500,451
1682582400,277
1682583300,206
1682584200,176
1682585100,181
1682586000,164
1682586900,136
1682587800,125
1682588700,180
1682589600,231
1682590500,816
1682591400,178
1682592300,169
1682593200,150
1682594100,180
1682595000,160
1682595900,272
1682596800,251
1682597700,186
1682598600,189
1682599500,353
1682600400,261
1682601300,180
1682602200,171
1682603100,247
1682604000,753
1682604900,174
1682605800,261
1682606700,274
1682607600,169
1682608500,143
1682609400,140
1682610300,146
1682611200,147
1682612100,175
1682613000,206
1682613900,238
1682614800,353
1682615700,185
1682616600,199
1682617500,249
1682618400,332
1682619300,398
1682620200,381
1682621100,381
1682622000,294
1682622900,329
1682623800,350
1682624700,349
1682625600,317
1682626500,316
1682627400,271
1682628300,202
1682629200,155
1682630100,153
1682631000,160
1682631900,142
1682632800,164
1682633700,167
1682634600,171
1682635500,158
1682636400,167
1682637300,163
1682638200,142
1682639100,134
1682640000,142
1682640900,161
1682641800,159
1682642700,131
1682643600,139
1682644500,146
1682645400,131
1682646300,145
1682647200,178
1682648100,181
1682649000,245
1682649900,134
1682650800,146
1682651700,153
1682652600,141
1682653500,188
1682654400,221
1682655300,785
1682656200,359
1682657100,157
1682658000,167
1682658900,166
1682659800,175
1682660700,158
1682661600,157
1682662500,211
1682663400,406
1682664300,677
1682665200,505
1682666100,182
1682667000,160
1682667900,185
1682668800,200
1682669700,243
1682670600,220
1682671500,186
1682672400,314
1682673300,297
1682674200,189
1682675100,222
1682676000,319
1682676900,194
1682677800,339
1682678700,274
1682679600,245
1682680500,182
1682681400,268
1682682300,256
1682683200,243
1682684100,277
1682685000,202
1682685900,172
1682686800,133
1682687700,214
1682688600,190
1682689500,177
1682690400,146
1682691300,269
1682692200,290
1682693100,142
1682694000,197
1682694900,155
1682695800,157
1682696700,520
1682697600,167
1682698500,148
1682699400,177
1682700300,198
1682701200,136
1682702100,164
1682703000,143
1682703900,153
1682704800,164
1682705700,185
1682706600,246
1682707500,268
1682708400,243
1682709300,254
1682710200,378
1682711100,289
1682712000,305
1682712900,228
1682713800,219
1682714700,226
1682715600,173
1682716500,179
1682717400,138
1682718300,147
1682719200,136
1682720100,130
1682721000,159
1682721900,148
1682722800,155
1682723700,130
1682724600,135
1682725500,158
1682726400,133
1682727300,134
1682728200,150
1682729100,152
1682730000,169
1682730900,147
1682731800,154
1682732700,134
1682733600,148
1682734500,154
1682735400,152
1682736300,135
1682737200,126
1682738100,200
1682739000,145
1682739900,178
1682740800,199
1682741700,196
1682742600,192
1682743500,166
1682744400,280
1682745300,164
1682746200,178
1682747100,195
1682748000,211
1682748900,176
1682749800,315
1682750700,534
1682751600,323
1682752500,247
1682753400,250
1682754300,248
1682755200,678
1682756100,239
1682757000,151
1682757900,234
1682758800,221
1682759700,174
1682760600,239
1682761500,257
1682762400,182
1682763300,194
1682764200,143
1682765100,138
1682766000,132
1682766900,141
1682767800,143
1682768700,151
1682769600,176
1682770500,180
1682771400,202
1682772300,204
1682773200,674
1682774100,200
1682775000,235
1682775900,182
1682776800,157
1682777700,167
1682778600,177
1682779500,160
1682780400,138
1682781300,133
1682782200,144
1682783100,151
1682784000,129
1682784900,184
1682785800,182
1682786700,210
1682787600,195
1682788500,580
1682789400,533
1682790300,260
1682791200,257
1682792100,224
1682793000,333
1682793900,368
1682794800,311
1682795700,256
1682796600,280
1682797500,267
1682798400,195
1682799300,176
1682800200,181
1682801100,175
1682802000,223
1682802900,123
1682803800,104
1682804700,120
1682805600,132
1682806500,128
1682807400,128
1682808300,132
1682809200,143
1682810100,143
1682811000,163
1682811900,177
1682812800,155
1682813700,143
1682814600,146
1682815500,154
1682816400,133
1682817300,138
1682818200,166
1682819100,178
1682820000,150
1682820900,147
1682821800,184
1682822700,167
1682823600,144
1682824500,141
1682825400,138
1682826300,134
1682827200,150
1682828100,311
1682829000,218
1682829900,199
1682830800,402
1682831700,423
1682832600,155
1682833500,160
1682834400,131
1682835300,145
1682836200,162
1682837100,182
1682838000,187
1682838900,160
1682839800,243
1682840700,228
1682841600,196
1682842500,167
1682843400,183
1682844300,151
1682845200,181
1682846100,584
1682847000,447
1682847900,311
1682848800,206
1682849700,183
1682850600,146
1682851500,173
1682852400,174
1682853300,163
1682854200,180
1682855100,192
1682856000,257
1682856900,206
1682857800,345
1682858700,435
1682859600,245
1682860500,653
1682861400,559
1682862300,191
1682863200,182
1682864100,160
1682865000,216
1682865900,219
1682866800,212
1682867700,200
1682868600,163
1682869500,176
1682870400,192
1682871300,186
1682872200,223
1682873100,212
1682874000,162
1682874900,235
1682875800,408
1682876700,534
1682877600,235
1682878500,272
1682879400,341
1682880300,690
1682881200,740
1682882100,354
1682883000,335
1682883900,359
1682884800,317
1682885700,279
1682886600,244
1682887500,274
1682888400,200
1682889300,125
1682890200,148
1682891100,150
1682892000,283
1682892900,229
1682893800,187
1682894700,190
1682895600,155
1682896500,173
1682897400,172
1682898300,171
1682899200,154
1682900100,164
1682901000,182
1682901900,180
1682902800,170
1682903700,153
1682904600,151
1682905500,171
1682906400,157
1682907300,143
1682908200,158
1682909100,158
1682910000,155
1682910900,184
1682911800,146
1682912700,173
1682913600,144
1682914500,171
1682915400,195
1682916300,170
1682917200,170
1682918100,158
1682919000,180
1682919900,174
1682920800,289
1682921700,940
1682922600,740
1682923500,521
1682924400,511
1682925300,744
1682926200,577
1682927100,285
1682928000,244
1682928900,228
1682929800,220
1682930700,222
1682931600,200
1682932500,224
1682933400,190
1682934300,229
1682935200,208
1682936100,589
1682937000,416
1682937900,228
1682938800,243
1682939700,240
1682940600,257
1682941500,237
1682942400,244
1682943300,251
1682944200,230
1682945100,244
1682946000,269
1682946900,249
1682947800,239
1682948700,234
1682949600,227
1682950500,228
1682951400,274
1682952300,292
1682953200,268
1682954100,229
1682955000,246
1682955900,239
1682956800,282
1682957700,284
1682958600,250
1682959500,231
1682960400,208
1682961300,219
1682962200,259
1682963100,220
1682964000,235
1682964900,227
1682965800,353
1682966700,362
1682967600,364
1682968500,376
1682969400,429
1682970300,412
1682971200,406
1682972100,557
1682973000,526
1682973900,272
1682974800,259
1682975700,228
1682976600,221
1682977500,217
1682978400,177
1682979300,150
1682980200,180
1682981100,184
1682982000,162
1682982900,166
1682983800,167
1682984700,156
1682985600,177
1682986500,170
1682987400,169
1682988300,167
1682989200,147
1682990100,188
1682991000,176
1682991900,158
1682992800,153
1682993700,159
1682994600,170
1682995500,150
1682996400,187
1682997300,162
1682998200,158
1682999100,167
1683000000,183
1683000900,176
1683001800,186
1683002700,142
1683003600,159
1683004500,168
1683005400,238
1683006300,159
1683007200,152
1683008100,213
1683009000,177
1683009900,272
1683010800,373
1683011700,411
1683012600,479
1683013500,523
1683014400,518
1683015300,1053
1683016200,781
1683017100,611
1683018000,411
1683018900,433
1683019800,797
1683020700,644
1683021600,449
1683022500,385
1683023400,329
1683024300,302
1683025200,294
1683026100,763
1683027000,344
1683027900,316
1683028800,349
1683029700,376
1683030600,356
1683031500,333
1683032400,322
1683033300,407
1683034200,341
1683035100,297
1683036000,629
1683036900,844
1683037800,323
1683038700,394
1683039600,826
1683040500,396
1683041400,261
1683042300,265
1683043200,251
1683044100,239
1683045000,268
1683045900,264
1683046800,230
1683047700,228
1683048600,241
1683049500,251
1683050400,291
1683051300,280
1683052200,266
1683053100,264
1683054000,248
1683054900,247
1683055800,268
1683056700,230
1683057600,260
1683058500,273
1683059400,264
1683060300,251
1683061200,240
1683062100,223
1683063000,208
1683063900,237
1683064800,200
1683065700,185
1683066600,170
1683067500,163
1683068400,150
1683069300,165
1683070200,146
1683071100,186
1683072000,150
1683072900,158
1683073800,173
1683074700,164
1683075600,176
1683076500,170
1683077400,171
1683078300,154
1683079200,175
1683080100,187
1683081000,171
1683081900,163
1683082800,182
1683083700,164
1683084600,188
1683085500,164
1683086400,170
1683087300,192
1683088200,164
1683089100,166
1683090000,176
1683090900,185
1683091800,175
1683092700,155
1683093600,158
1683094500,260
1683095400,207
1683096300,244
1683097200,272
1683098100,262
1683099000,264
1683099900,491
1683100800,471
1683101700,286
1683102600,295
1683103500,280
1683104400,288
1683105300,291
1683106200,298
1683107100,276
1683108000,293
1683108900,270
1683109800,267
1683110700,449
1683111600,314
1683112500,276
1683113400,266
1683114300,309
1683115200,379
1683116100,306
1683117000,278
1683117900,265
1683118800,288
1683119700,224
1683120600,215
1683121500,195
1683122400,206
1683123300,188
1683124200,222
1683125100,219
1683126000,243
1683126900,231
1683127800,231
1683128700,242
1683129600,274
1683130500,228
1683131400,227
1683132300,233
1683133200,230
1683134100,282
1683135000,302
1683135900,313
1683136800,386
1683137700,415
1683138600,440
1683139500,439
1683140400,464
1683141300,449
1683142200,450
1683143100,381
1683144000,354
1683144900,273
1683145800,266
1683146700,214
1683147600,198
1683148500,183
1683149400,185
1683150300,156
1683151200,162
1683152100,139
1683153000,153
1683153900,152
1683154800,159
1683155700,169
1683156600,158
1683157500,160
1683158400,167
1683159300,150
1683160200,169
1683161100,172
1683162000,171
1683162900,177
1683163800,152
1683164700,187
1683165600,169
1683166500,168
1683167400,165
1683168300,175
1683169200,179
1683170100,171
1683171000,164
1683171900,171
1683172800,190
1683173700,211
1683174600,256
1683175500,238
1683176400,278
1683177300,259
1683178200,285
1683179100,263
1683180000,883
1683180900,544
1683181800,310
1683182700,473
1683183600,317
1683184500,289
1683185400,417
1683186300,313
1683187200,300
1683188100,316
1683189000,595
1683189900,299
1683190800,308
1683191700,401
1683192600,308
1683193500,276
1683194400,290
1683195300,434
1683196200,402
1683197100,352
1683198000,323
1683198900,310
1683199800,311
1683200700,365
1683201600,307
1683202500,360
1683203400,373
1683204300,375
1683205200,357
1683206100,365
1683207000,459
1683207900,478
1683208800,558
1683209700,493
1683210600,368
1683211500,312
1683212400,347
1683213300,354
1683214200,355
1683215100,377
1683216000,379
1683216900,379
1683217800,430
1683218700,432
1683219600,424
1683220500,405
1683221400,470
1683222300,447
1683223200,429
1683224100,420
1683225000,439
1683225900,470
1683226800,440
1683227700,445
1683228600,424
1683229500,443
1683230400,914
1683231300,441
1683232200,291
1683233100,597
1683234000,612
1683234900,159
1683235800,173
1683236700,165
1683237600,161
1683238500,186
1683239400,174
1683240300,179
1683241200,161
1683242100,170
1683243000,182
1683243900,157
1683244800,170
1683245700,175
1683246600,181
1683247500,174
1683248400,159
1683249300,165
1683250200,185
1683251100,152
1683252000,155
1683252900,165
1683253800,162
1683254700,154
1683255600,152
1683256500,167
1683257400,172
1683258300,169
1683259200,221
1683260100,274
1683261000,182
1683261900,244
1683262800,165
1683263700,164
1683264600,193
1683265500,225
1683266400,196
1683267300,190
1683268200,214
1683269100,287
1683270000,248
1683270900,228
1683271800,239
1683272700,219
1683273600,363
1683274500,391
1683275400,312
1683276300,266
1683277200,380
1683278100,382
1683279000,373
1683279900,232
1683280800,326
1683281700,316
1683282600,342
1683283500,197
1683284400,190
1683285300,196
1683286200,214
1683287100,228
1683288000,316
1683288900,288
1683289800,272
1683290700,322
1683291600,411
1683292500,278
1683293400,274
1683294300,263
1683295200,214
1683296100,232
1683297000,219
1683297900,204
1683298800,345
1683299700,357
1683300600,406
1683301500,339
1683302400,380
1683303300,408
1683304200,411
1683305100,417
1683306000,417
1683306900,456
1683307800,433
1683308700,407
1683309600,416
1683310500,494
1683311400,497
1683312300,489
1683313200,479
1683314100,472
1683315000,427
1683315900,412
1683316800,752
1683317700,291
1683318600,271
1683319500,238
1683320400,192
1683321300,215
1683322200,165
1683323100,175
1683324000,155
1683324900,164
1683325800,158
1683326700,158
1683327600,171
1683328500,154
1683329400,159
1683330300,154
1683331200,166
1683332100,167
1683333000,153
1683333900,172
1683334800,162
1683335700,175
1683336600,179
1683337500,163
1683338400,157
1683339300,177
1683340200,186
1683341100,156
1683342000,167
1683342900,178
1683343800,198
1683344700,169
1683345600,208
1683346500,291
1683347400,229
1683348300,304
1683349200,352
1683350100,358
1683351000,338
1683351900,337
1683352800,343
1683353700,670
1683354600,781
1683355500,658
1683356400,530
1683357300,676
1683358200,610
1683359100,400
1683360000,386
1683360900,368
1683361800,336
1683362700,423
1683363600,507
1683364500,356
1683365400,360
1683366300,371
1683367200,533
1683368100,341
1683369000,271
1683369900,262
1683370800,259
1683371700,228
1683372600,204
1683373500,214
1683374400,235
1683375300,216
1683376200,273
1683377100,268
1683378000,256
1683378900,293
1683379800,331
1683380700,285
1683381600,259
1683382500,274
1683383400,321
1683384300,310
1683385200,390
1683386100,618
1683387000,660
1683387900,344
1683388800,335
1683389700,312
1683390600,360
1683391500,380
1683392400,372
1683393300,379
1683394200,401
1683395100,376
1683396000,387
1683396900,333
1683397800,355
1683398700,346
1683399600,412
1683400500,393
1683401400,877
1683402300,571
1683403200,436
1683404100,661
1683405000,847
1683405900,304
1683406800,229
1683407700,238
1683408600,239
1683409500,226
1683410400,178
1683411300,154
1683412200,194
1683413100,180
1683414000,163
1683414900,177
1683415800,179
1683416700,184
1683417600,170
1683418500,166
1683419400,179
1683420300,167
1683421200,168
1683422100,149
1683423000,169
1683423900,151
1683424800,153
1683425700,166
1683426600,150
1683427500,174
1683428400,157
1683429300,165
1683430200,171
1683431100,187
1683432000,185
1683432900,168
1683433800,220
1683434700,248
1683435600,280
1683436500,200
1683437400,173
1683438300,177
1683439200,175
1683440100,172
1683441000,199
1683441900,280
1683442800,366
1683443700,434
1683444600,271
1683445500,253
1683446400,298
1683447300,339
1683448200,307
1683449100,369
1683450000,1227
1683450900,392
1683451800,351
1683452700,317
1683453600,318
1683454500,325
1683455400,533
1683456300,385
1683457200,307
1683458100,278
1683459000,281
1683459900,278
1683460800,320
1683461700,286
1683462600,271
1683463500,273
1683464400,243
1683465300,243
1683466200,225
1683467100,242
1683468000,251
1683468900,249
1683469800,244
1683470700,267
1683471600,223
1683472500,242
1683473400,302
1683474300,316
1683475200,374
1683476100,267
1683477000,264
1683477900,261
1683478800,250
1683479700,240
1683480600,271
1683481500,253
1683482400,253
1683483300,307
1683484200,371
1683485100,366
1683486000,411
1683486900,422
1683487800,428
1683488700,434
1683489600,401
1683490500,398
1683491400,378
1683492300,955
1683493200,976
1683494100,704
1683495000,466
1683495900,790
1683496800,252
1683497700,226
1683498600,181
1683499500,181
1683500400,172
1683501300,170
1683502200,172
1683503100,173
1683504000,156
1683504900,181
1683505800,171
1683506700,184
1683507600,151
1683508500,178
1683509400,174
1683510300,169
1683511200,167
1683512100,170
1683513000,174
1683513900,169
1683514800,166
1683515700,180
1683516600,157
1683517500,168
1683518400,172
1683519300,168
1683520200,217
1683521100,190
1683522000,662
1683522900,755
1683523800,753
1683524700,403
1683525600,197
1683526500,204
1683527400,212
1683528300,273
1683529200,302
1683530100,532
1683531000,379
1683531900,344
1683532800,478
1683533700,493
1683534600,359
1683535500,317
1683536400,240
1683537300,255
1683538200,265
1683539100,261
1683540000,376
1683540900,284
1683541800,297
1683542700,297
1683543600,279
1683544500,277
1683545400,261
1683546300,332
1683547200,288
1683548100,284
1683549000,275
1683549900,284
1683550800,249
1683551700,247
1683552600,189
1683553500,195
1683554400,278
1683555300,351
1683556200,267
1683557100,266
1683558000,276
1683558900,297
1683559800,227
1683560700,240
1683561600,239
1683562500,251
1683563400,223
1683564300,215
1683565200,226
1683566100,593
1683567000,159
1683567900,241
1683568800,217
1683569700,234
1683570600,210
1683571500,216
1683572400,216
1683573300,258
1683574200,235
1683575100,210
1683576000,203
1683576900,203
1683577800,205
1683578700,191
1683579600,181
1683580500,201
1683581400,201
1683582300,202
1683583200,164
1683584100,173
1683585000,157
1683585900,173
1683586800,174
1683587700,173
1683588600,161
1683589500,183
1683590400,190
1683591300,186
1683592200,162
1683593100,181
1683594000,179
1683594900,201
1683595800,161
1683596700,179
1683597600,168
1683598500,175
1683599400,179
1683600300,172
1683601200,171
1683602100,155
1683603000,182
1683603900,166
1683604800,179
1683605700,165
1683606600,178
1683607500,173
1683608400,179
1683609300,166
1683610200,283
1683611100,211
1683612000,229
1683612900,212
1683613800,242
1683614700,195
1683615600,726
1683616500,271
1683617400,266
1683618300,619
1683619200,666
1683620100,243
1683621000,238
1683621900,260
1683622800,236
1683623700,237
1683624600,586
1683625500,422
1683626400,183
1683627300,225
1683628200,291
1683629100,257
1683630000,217
1683630900,189
1683631800,250
1683632700,716
1683633600,309
1683634500,336
1683635400,299
1683636300,393
1683637200,306
1683638100,367
1683639000,296
1683639900,324
1683640800,299
1683641700,298
1683642600,287
1683643500,299
1683644400,301
1683645300,302
1683646200,291
1683647100,505
1683648000,785
1683648900,382
1683649800,265
1683650700,365
1683651600,261
1683652500,255
1683653400,239
1683654300,266
1683655200,299
1683656100,298
1683657000,300
1683657900,327
1683658800,325
1683659700,417
1683660600,350
1683661500,345
1683662400,358
1683663300,365
1683664200,374
1683665100,370
1683666000,265
1683666900,255
1683667800,189
1683668700,213
1683669600,181
1683670500,138
1683671400,153
1683672300,170
1683673200,177
1683674100,174
1683675000,146
1683675900,145
1683676800,141
1683677700,162
1683678600,143
1683679500,148
1683680400,144
1683681300,147
1683682200,166
1683683100,148
1683684000,151
1683684900,144
1683685800,168
1683686700,160
1683687600,181
1683688500,158
1683689400,158
1683690300,170
1683691200,159
1683692100,178
1683693000,175
1683693900,174
1683694800,169
1683695700,132
1683696600,163
1683697500,156
1683698400,173
1683699300,160
1683700200,184
1683701100,171
1683702000,318
1683702900,209
1683703800,166
1683704700,215
1683705600,906
1683706500,763
1683707400,744
1683708300,536
1683709200,893
1683710100,548
1683711000,234
1683711900,206
1683712800,180
1683713700,141
1683714600,183
1683715500,176
1683716400,197
1683717300,212
1683718200,334
1683719100,302
1683720000,756
1683720900,464
1683721800,292
1683722700,349
1683723600,866
1683724500,459
1683725400,296
1683726300,295
1683727200,292
1683728100,318
1683729000,516
1683729900,742
1683730800,335
1683731700,273
1683732600,294
1683733500,307
1683734400,286
1683735300,293
1683736200,282
1683737100,313
1683738000,305
1683738900,290
1683739800,299
1683740700,338
1683741600,373
1683742500,428
1683743400,393
1683744300,379
1683745200,348
1683746100,357
1683747000,349
1683747900,363
1683748800,355
1683749700,271
1683750600,233
1683751500,218
1683752400,134
1683753300,156
1683754200,155
1683755100,148
1683756000,147
1683756900,158
1683757800,150
1683758700,165
1683759600,142
1683760500,176
1683761400,159
1683762300,155
1683763200,152
1683764100,145
1683765000,145
1683765900,153
1683766800,148
1683767700,155
1683768600,147
1683769500,157
1683770400,150
1683771300,178
1683772200,167
1683773100,179
1683774000,146
1683774900,179
1683775800,181
1683776700,159
1683777600,201
1683778500,300
1683779400,242
1683780300,233
1683781200,199
1683782100,302
1683783000,214
1683783900,213
1683784800,247
1683785700,255
1683786600,342
1683787500,279
1683788400,202
1683789300,230
1683790200,244
1683791100,213
1683792000,198
1683792900,195
1683793800,205
1683794700,172
1683795600,173
1683796500,179
1683797400,205
1683798300,216
1683799200,227
1683800100,228
1683801000,269
1683801900,257
1683802800,209
1683803700,341
1683804600,372
1683805500,330
1683806400,292
1683807300,235
1683808200,238
1683809100,189
1683810000,173
1683810900,209
1683811800,258
1683812700,252
1683813600,247
1683814500,262
1683815400,259
1683816300,309
1683817200,331
1683818100,347
1683819000,356
1683819900,379
1683820800,402
1683821700,398
1683822600,358
1683823500,292
1683824400,294
1683825300,300
1683826200,299
1683827100,329
1683828000,359
1683828900,333
1683829800,357
1683830700,328
1683831600,331
1683832500,321
1683833400,291
1683834300,266
1683835200,273
1683836100,252
1683837000,233
1683837900,173
1683838800,162
1683839700,162
1683840600,175
1683841500,167
1683842400,168
1683843300,150
1683844200,170
1683845100,161
1683846000,163
1683846900,147
1683847800,163
1683848700,147
1683849600,160
1683850500,170
1683851400,174
1683852300,169
1683853200,167
1683854100,172
1683855000,172
1683855900,201
1683856800,172
1683857700,162
1683858600,172
1683859500,168
1683860400,169
1683861300,176
1683862200,177
1683863100,177
1683864000,211
1683864900,272
1683865800,208
1683866700,181
1683867600,214
1683868500,219
1683869400,248
1683870300,626
1683871200,713
1683872100,541
1683873000,289
1683873900,390
1683874800,295
1683875700,855
1683876600,1239
1683877500,1038
1683878400,800
1683879300,456
1683880200,248
1683881100,348
1683882000,370
1683882900,259
1683883800,262
1683884700,699
1683885600,323
1683886500,289
1683887400,219
1683888300,251
1683889200,214
1683890100,354
1683891000,308
1683891900,260
1683892800,268
1683893700,253
1683894600,259
1683895500,253
1683896400,253
1683897300,311
1683898200,304
1683899100,292
1683900000,261
1683900900,221
1683901800,230
1683902700,241
1683903600,235
1683904500,249
1683905400,413
1683906300,349
1683907200,398
1683908100,361
1683909000,379
1683909900,366
1683910800,528
1683911700,412
1683912600,351
1683913500,339
1683914400,348
1683915300,322
1683916200,340
1683917100,367
1683918000,380
1683918900,475
1683919800,499
1683920700,474
1683921600,748
1683922500,701
1683923400,315
1683924300,307
1683925200,723
1683926100,278
1683927000,192
1683927900,174
1683928800,168
1683929700,159
1683930600,183
1683931500,183
1683932400,184
1683933300,157
1683934200,165
1683935100,163
1683936000,169
1683936900,151
1683937800,166
1683938700,161
1683939600,183
1683940500,168
1683941400,166
1683942300,162
1683943200,190
1683944100,167
1683945000,169
1683945900,178
1683946800,185
1683947700,167
1683948600,182
1683949500,171
1683950400,216
1683951300,275
1683952200,232
1683953100,218
1683954000,210
1683954900,177
1683955800,175
1683956700,715
1683957600,349
1683958500,715
1683959400,533
1683960300,515
1683961200,345
1683962100,252
1683963000,324
1683963900,211
1683964800,211
1683965700,193
1683966600,344
1683967500,282
1683968400,191
1683969300,152
1683970200,140
1683971100,169
1683972000,155
1683972900,153
1683973800,296
1683974700,335
1683975600,312
1683976500,291
1683977400,186
1683978300,174
1683979200,196
1683980100,175
1683981000,229
1683981900,180
1683982800,157
1683983700,170
1683984600,166
1683985500,166
1683986400,159
1683987300,169
1683988200,167
1683989100,167
1683990000,236
1683990900,276
1683991800,240
1683992700,404
1683993600,430
1683994500,441
1683995400,362
1683996300,317
1683997200,326
1683998100,319
1683999000,358
1683999900,354
1684000800,354
1684001700,363
1684002600,359
1684003500,364
1684004400,362
1684005300,366
1684006200,375
1684007100,348
1684008000,317
1684008900,302
1684009800,321
1684010700,275
1684011600,383
1684012500,599
1684013400,243
1684014300,250
1684015200,204
1684016100,181
1684017000,199
1684017900,200
1684018800,192
1684019700,149
1684020600,162
1684021500,148
1684022400,167
1684023300,156
1684024200,159
1684025100,151
1684026000,156
1684026900,178
1684027800,166
1684028700,161
1684029600,178
1684030500,159
1684031400,188
1684032300,174
1684033200,178
1684034100,147
1684035000,182
1684035900,178
1684036800,187
1684037700,195
1684038600,230
1684039500,189
1684040400,189
1684041300,156
1684042200,175
1684043100,327
1684044000,305
1684044900,262
1684045800,340
1684046700,291
1684047600,252
1684048500,251
1684049400,285
1684050300,263
1684051200,266
1684052100,244
1684053000,312
1684053900,279
1684054800,314
1684055700,316
1684056600,202
1684057500,362
1684058400,383
1684059300,288
1684060200,359
1684061100,257
1684062000,335
1684062900,282
1684063800,254
1684064700,211
1684065600,200
1684066500,216
1684067400,289
1684068300,382
1684069200,373
1684070100,385
1684071000,381
1684071900,379
1684072800,353
1684073700,299
1684074600,289
1684075500,270
1684076400,284
1684077300,268
1684078200,262
1684079100,274
1684080000,388
1684080900,405
1684081800,349
1684082700,387
1684083600,586
1684084500,484
1684085400,476
1684086300,445
1684087200,425
1684088100,450
1684089000,468
1684089900,438
1684090800,468
1684091700,461
1684092600,453
1684093500,404
1684094400,393
1684095300,794
1684096200,494
1684097100,285
1684098000,469
1684098900,754
1684099800,217
1684100700,156
1684101600,179
1684102500,165
1684103400,189
1684104300,170
1684105200,179
1684106100,173
1684107000,155
1684107900,159
1684108800,165
1684109700,161
1684110600,153
1684111500,162
1684112400,153
1684113300,175
1684114200,160
1684115100,156
1684116000,158
1684116900,187
1684117800,183
1684118700,172
1684119600,163
1684120500,185
1684121400,181
1684122300,180
1684123200,182
1684124100,189
1684125000,260
1684125900,176
1684126800,183
1684127700,184
1684128600,183
1684129500,302
1684130400,536
1684131300,190
1684132200,214
1684133100,233
1684134000,300
1684134900,289
1684135800,312
1684136700,308
1684137600,479
1684138500,393
1684139400,301
1684140300,415
1684141200,418
1684142100,880
1684143000,752
1684143900,362
1684144800,339
1684145700,308
1684146600,306
1684147500,303
1684148400,332
1684149300,375
1684150200,288
1684151100,266
1684152000,251
1684152900,248
1684153800,248
1684154700,279
1684155600,272
1684156500,282
1684157400,233
1684158300,253
1684159200,214
1684160100,338
1684161000,296
1684161900,540
1684162800,286
1684163700,291
1684164600,285
1684165500,267
1684166400,308
1684167300,312
1684168200,550
1684169100,515
1684170000,351
1684170900,404
1684171800,385
1684172700,380
1684173600,385
1684174500,389
1684175400,449
1684176300,432
1684177200,444
1684178100,463
1684179000,430
1684179900,388
1684180800,288
1684181700,268
1684182600,267
1684183500,263
1684184400,253
1684185300,239
1684186200,201
1684187100,197
1684188000,210
1684188900,185
1684189800,180
1684190700,146
1684191600,171
1684192500,181
1684193400,170
1684194300,173
1684195200,170
1684196100,189
1684197000,155
1684197900,175
1684198800,165
1684199700,195
1684200600,185
1684201500,157
1684202400,164
1684203300,157
1684204200,178
1684205100,175
1684206000,156
1684206900,175
1684207800,182
1684208700,189
1684209600,162
1684210500,167
1684211400,166
1684212300,150
1684213200,177
1684214100,163
1684215000,164
1684215900,147
1684216800,199
1684217700,197
1684218600,258
1684219500,212
1684220400,185
1684221300,184
1684222200,231
1684223100,188
1684224000,202
1684224900,205
1684225800,298
1684226700,262
1684227600,336
1684228500,345
1684229400,344
1684230300,398
1684231200,556
1684232100,455
1684233000,357
1684233900,797
1684234800,1142
1684235700,1172
1684236600,995
1684237500,954
1684238400,1094
1684239300,521
1684240200,501
1684241100,455
1684242000,926
1684242900,1038
1684243800,828
1684244700,533
1684245600,388
1684246500,805
1684247400,421
1684248300,325
1684249200,852
1684250100,573
1684251000,327
1684251900,344
1684252800,344
1684253700,433
1684254600,347
1684255500,317
1684256400,304
1684257300,273
1684258200,346
1684259100,1037
1684260000,1227
1684260900,560
1684261800,334
1684262700,344
1684263600,447
1684264500,672
1684265400,403
1684266300,373
1684267200,299
1684268100,257
1684269000,260
1684269900,231
1684270800,208
1684271700,227
1684272600,207
1684273500,256
1684274400,220
1684275300,167
1684276200,185
1684277100,164
1684278000,159
1684278900,170
1684279800,149
1684280700,165
1684281600,157
1684282500,162
1684283400,164
1684284300,166
1684285200,148
1684286100,194
1684287000,166
1684287900,183
1684288800,147
1684289700,174
1684290600,187
1684291500,156
1684292400,179
1684293300,184
1684294200,166
1684295100,174
1684296000,167
1684296900,188
1684297800,260
1684298700,657
1684299600,335
1684300500,209
1684301400,185
1684302300,186
1684303200,213
1684304100,293
1684305000,289
1684305900,206
1684306800,174
1684307700,180
1684308600,165
1684309500,185
1684310400,272
1684311300,217
1684312200,266
1684313100,269
1684314000,236
1684314900,237
1684315800,220
1684316700,214
1684317600,229
1684318500,375
1684319400,287
1684320300,237
1684321200,245
1684322100,241
1684323000,202
1684323900,209
1684324800,221
1684325700,252
1684326600,271
1684327500,239
1684328400,281
1684329300,359
1684330200,279
1684331100,276
1684332000,291
1684332900,271
1684333800,287
1684334700,244
1684335600,245
1684336500,251
1684337400,264
1684338300,266
1684339200,272
1684340100,256
1684341000,277
1684341900,268
1684342800,260
1684343700,254
1684344600,267
1684345500,265
1684346400,263
1684347300,281
1684348200,384
1684349100,372
1684350000,380
1684350900,385
1684351800,357
1684352700,363
1684353600,813
1684354500,450
1684355400,247
1684356300,404
1684357200,688
1684358100,154
1684359000,141
1684359900,151
1684360800,162
1684361700,158
1684362600,159
1684363500,140
1684364400,140
1684365300,148
1684366200,141
1684367100,141
1684368000,157
1684368900,138
1684369800,170
1684370700,152
1684371600,151
1684372500,152
1684373400,150
1684374300,169
1684375200,188
1684376100,158
1684377000,167
1684377900,158
1684378800,171
1684379700,157
1684380600,177
1684381500,176
1684382400,223
1684383300,241
1684384200,241
1684385100,198
1684386000,196
1684386900,225
1684387800,717
1684388700,198
1684389600,192
1684390500,429
1684391400,301
1684392300,290
1684393200,250
1684394100,212
1684395000,440
1684395900,247
1684396800,213
1684397700,166
1684398600,169
1684399500,164
1684400400,171
1684401300,158
1684402200,156
1684403100,139
1684404000,213
1684404900,346
1684405800,202
1684406700,239
1684407600,381
1684408500,225
1684409400,202
1684410300,226
1684411200,322
1684412100,243
1684413000,245
1684413900,268
1684414800,259
1684415700,228
1684416600,223
1684417500,278
1684418400,214
1684419300,191
1684420200,169
1684421100,179
1684422000,255
1684422900,541
1684423800,632
1684424700,342
1684425600,373
1684426500,504
1684427400,411
1684428300,525
1684429200,455
1684430100,478
1684431000,426
1684431900,432
1684432800,430
1684433700,433
1684434600,491
1684435500,534
1684436400,521
1684437300,506
1684438200,473
1684439100,384
1684440000,384
1684440900,312
1684441800,220
1684442700,215
1684443600,201
1684444500,166
1684445400,147
1684446300,147
1684447200,157
1684448100,161
1684449000,155
1684449900,172
1684450800,160
1684451700,183
1684452600,179
1684453500,173
1684454400,177
1684455300,164
1684456200,178
1684457100,177
1684458000,159
1684458900,172
1684459800,191
1684460700,171
1684461600,164
1684462500,169
1684463400,168
1684464300,176
1684465200,170
1684466100,153
1684467000,172
1684467900,196
1684468800,232
1684469700,307
1684470600,218
1684471500,206
1684472400,185
1684473300,146
1684474200,168
1684475100,206
1684476000,210
1684476900,194
1684477800,272
1684478700,242
1684479600,203
1684480500,192
1684481400,198
1684482300,204
1684483200,204
1684484100,190
1684485000,221
1684485900,218
1684486800,207
1684487700,192
1684488600,433
1684489500,325
1684490400,319
1684491300,244
1684492200,254
1684493100,230
1684494000,226
1684494900,434
1684495800,307
1684496700,227
1684497600,234
1684498500,221
1684499400,254
1684500300,243
1684501200,274
1684502100,344
1684503000,287
1684503900,242
1684504800,235
1684505700,211
1684506600,214
1684507500,240
1684508400,265
1684509300,283
1684510200,281
1684511100,415
1684512000,332
1684512900,376
1684513800,320
1684514700,391
1684515600,284
1684516500,311
1684517400,317
1684518300,366
1684519200,318
1684520100,346
1684521000,367
1684521900,428
1684522800,439
1684523700,451
1684524600,447
1684525500,422
1684526400,367
1684527300,354
1684528200,268
1684529100,186
1684530000,137
1684530900,142
1684531800,146
1684532700,137
1684533600,127
1684534500,149
1684535400,148
1684536300,168
1684537200,154
1684538100,151
1684539000,161
1684539900,190
1684540800,184
1684541700,180
1684542600,174
1684543500,187
1684544400,185
1684545300,188
1684546200,189
1684547100,183
1684548000,167
1684548900,195
1684549800,180
1684550700,183
1684551600,169
1684552500,182
1684553400,198
1684554300,195
1684555200,250
1684556100,186
1684557000,210
1684557900,181
1684558800,143
1684559700,266
1684560600,285
1684561500,174
1684562400,164
1684563300,208
1684564200,243
1684565100,312
1684566000,314
1684566900,177
1684567800,198
1684568700,251
1684569600,236
1684570500,207
1684571400,213
1684572300,180
1684573200,162
1684574100,176
1684575000,190
1684575900,184
1684576800,184
1684577700,207
1684578600,191
1684579500,224
1684580400,154
1684581300,169
1684582200,303
1684583100,386
1684584000,297
1684584900,271
1684585800,210
1684586700,218
1684587600,286
1684588500,757
1684589400,273
1684590300,253
1684591200,563
1684592100,765
1684593000,229
1684593900,271
1684594800,378
1684595700,287
1684596600,380
1684597500,287
1684598400,283
1684599300,308
1684600200,241
1684601100,267
1684602000,496
1684602900,341
1684603800,221
1684604700,212
1684605600,232
1684606500,287
1684607400,231
1684608300,226
1684609200,252
1684610100,317
1684611000,266
1684611900,268
1684612800,241
1684613700,232
1684614600,244
1684615500,258
1684616400,697
1684617300,874
1684618200,252
1684619100,304
1684620000,780
1684620900,289
1684621800,166
1684622700,145
1684623600,158
1684624500,151
1684625400,143
1684626300,154
1684627200,133
1684628100,121
1684629000,148
1684629900,130
1684630800,135
1684631700,129
1684632600,131
1684633500,158
1684634400,133
1684635300,125
1684636200,142
1684637100,144
1684638000,166
1684638900,163
1684639800,145
1684640700,154
1684641600,169
1684642500,148
1684643400,160
1684644300,136
1684645200,140
1684646100,141
1684647000,218
1684647900,189
1684648800,222
1684649700,205
1684650600,203
1684651500,210
1684652400,757
1684653300,163
1684654200,156
1684655100,149
1684656000,126
1684656900,172
1684657800,159
1684658700,172
1684659600,150
1684660500,182
1684661400,598
1684662300,222
1684663200,233
1684664100,264
1684665000,223
1684665900,396
1684666800,263
1684667700,241
1684668600,258
1684669500,282
1684670400,226
1684671300,268
1684672200,497
1684673100,570
1684674000,266
1684674900,249
1684675800,272
1684676700,271
1684677600,246
1684678500,277
1684679400,262
1684680300,296
1684681200,240
1684682100,213
1684683000,234
1684683900,269
1684684800,209
1684685700,246
1684686600,253
1684687500,388
1684688400,323
1684689300,252
1684690200,292
1684691100,487
1684692000,457
1684692900,500
1684693800,478
1684694700,503
1684695600,488
1684696500,473
1684697400,426
1684698300,464
1684699200,401
1684700100,690
1684701000,496
1684701900,309
1684702800,461
1684703700,820
1684704600,281
1684705500,273
1684706400,304
1684707300,313
1684708200,268
1684709100,201
1684710000,251
1684710900,216
1684711800,229
1684712700,219
1684713600,213
1684714500,211
1684715400,214
1684716300,195
1684717200,205
1684718100,217
1684719000,204
1684719900,201
1684720800,225
1684721700,200
1684722600,223
1684723500,196
1684724400,219
1684725300,237
1684726200,238
1684727100,212
1684728000,235
1684728900,223
1684729800,266
1684730700,207
1684731600,233
1684732500,294
1684733400,261
1684734300,266
1684735200,340
1684736100,263
1684737000,279
1684737900,315
1684738800,372
1684739700,312
1684740600,338
1684741500,557
1684742400,509
1684743300,380
1684744200,278
1684745100,379
1684746000,438
1684746900,389
1684747800,410
1684748700,353
1684749600,551
1684750500,639
1684751400,279
1684752300,301
1684753200,392
1684754100,576
1684755000,443
1684755900,458
1684756800,309
1684757700,299
1684758600,324
1684759500,324
1684760400,789
1684761300,853
1684762200,589
1684763100,611
1684764000,614
1684764900,421
1684765800,676
1684766700,340
1684767600,343
1684768500,314
1684769400,374
1684770300,391
1684771200,525
1684772100,511
1684773000,511
1684773900,420
1684774800,345
1684775700,293
1684776600,278
1684777500,305
1684778400,302
1684779300,312
1684780200,304
1684781100,290
1684782000,310
1684782900,417
1684783800,417
1684784700,426
1684785600,397
1684786500,355
1684787400,392
1684788300,789
1684789200,309
1684790100,281
1684791000,294
1684791900,288
1684792800,276
1684793700,161
1684794600,202
1684795500,212
1684796400,188
1684797300,201
1684798200,200
1684799100,199
1684800000,205
1684800900,145
1684801800,153
1684802700,158
1684803600,160
1684804500,155
1684805400,156
1684806300,146
1684807200,183
1684808100,174
1684809000,160
1684809900,172
1684810800,164
1684811700,185
1684812600,187
1684813500,178
1684814400,169
1684815300,186
1684816200,177
1684817100,164
1684818000,179
1684818900,177
1684819800,180
1684820700,220
1684821600,186
1684822500,223
1684823400,178
1684824300,160
1684825200,189
1684826100,250
1684827000,303
1684827900,255
1684828800,697
1684829700,353
1684830600,369
1684831500,535
1684832400,756
1684833300,212
1684834200,171
1684835100,163
1684836000,305
1684836900,201
1684837800,182
1684838700,442
1684839600,438
1684840500,828
1684841400,888
1684842300,374
1684843200,311
1684844100,299
1684845000,285
1684845900,300
1684846800,292
1684847700,265
1684848600,742
1684849500,797
1684850400,761
1684851300,617
1684852200,239
1684853100,224
1684854000,247
1684854900,570
1684855800,335
1684856700,229
1684857600,277
1684858500,243
1684859400,223
1684860300,184
1684861200,203
1684862100,204
1684863000,188
1684863900,184
1684864800,187
1684865700,206
1684866600,218
1684867500,237
1684868400,280
1684869300,290
1684870200,311
1684871100,331
1684872000,252
1684872900,241
1684873800,196
1684874700,221
1684875600,214
1684876500,226
1684877400,209
1684878300,213
1684879200,208
1684880100,211
1684881000,182
1684881900,163
1684882800,149
1684883700,161
1684884600,147
1684885500,161
1684886400,157
1684887300,156
1684888200,141
1684889100,148
1684890000,142
1684890900,134
1684891800,144
1684892700,138
1684893600,151
1684894500,134
1684895400,158
1684896300,137
1684897200,156
1684898100,153
1684899000,142
1684899900,154
1684900800,165
1684901700,169
1684902600,151
1684903500,164
1684904400,168
1684905300,366
1684906200,643
1684907100,514
1684908000,209
1684908900,274
1684909800,189
1684910700,233
1684911600,171
1684912500,236
1684913400,265
1684914300,285
1684915200,281
1684916100,348
1684917000,607
1684917900,377
1684918800,254
1684919700,302
1684920600,267
1684921500,615
1684922400,409
1684923300,285
1684924200,298
1684925100,246
1684926000,531
1684926900,269
1684927800,286
1684928700,279
1684929600,287
1684930500,296
1684931400,282
1684932300,966
1684933200,416
1684934100,411
1684935000,784
1684935900,702
1684936800,313
1684937700,731
1684938600,539
1684939500,519
1684940400,403
1684941300,334
1684942200,334
1684943100,358
1684944000,345
1684944900,288
1684945800,323
1684946700,291
1684947600,502
1684948500,394
1684949400,292
1684950300,306
1684951200,285
1684952100,293
1684953000,297
1684953900,347
1684954800,353
1684955700,355
1684956600,370
1684957500,303
1684958400,287
1684959300,249
1684960200,269
1684961100,163
1684962000,162
1684962900,147
1684963800,163
1684964700,167
1684965600,139
1684966500,160
1684967400,157
1684968300,164
1684969200,151
1684970100,158
1684971000,159
1684971900,158
1684972800,153
1684973700,146
1684974600,163
1684975500,140
1684976400,146
1684977300,136
1684978200,127
1684979100,151
1684980000,141
1684980900,154
1684981800,142
1684982700,165
1684983600,156
1684984500,150
1684985400,180
1684986300,186
1684987200,176
1684988100,301
1684989000,189
1684989900,174
1684990800,179
1684991700,198
1684992600,200
1684993500,156
1684994400,204
1684995300,155
1684996200,153
1684997100,164
1684998000,245
1684998900,163
1684999800,182
1685000700,175
1685001600,217
1685002500,185
1685003400,196
1685004300,332
1685005200,242
1685006100,193
1685007000,347
1685007900,215
1685008800,189
1685009700,197
1685010600,180
1685011500,197
1685012400,169
1685013300,170
1685014200,186
1685015100,280
1685016000,222
1685016900,229
1685017800,210
1685018700,224
1685019600,180
1685020500,212
1685021400,189
1685022300,174
1685023200,188
1685024100,191
1685025000,209
1685025900,209
1685026800,285
1685027700,257
1685028600,217
1685029500,266
1685030400,249
1685031300,254
1685032200,256
1685033100,238
1685034000,258
1685034900,261
1685035800,285
1685036700,244
1685037600,233
1685038500,264
1685039400,220
1685040300,260
1685041200,298
1685042100,651
1685043000,592
1685043900,326
1685044800,301
1685045700,769
1685046600,413
1685047500,181
1685048400,198
1685049300,144
1685050200,134
1685051100,152
1685052000,156
1685052900,153
1685053800,135
1685054700,152
1685055600,155
1685056500,149
1685057400,129
1685058300,155
1685059200,151
1685060100,153
1685061000,131
1685061900,146
1685062800,133
1685063700,132
1685064600,128
1685065500,129
1685066400,142
1685067300,139
1685068200,130
1685069100,133
1685070000,147
1685070900,125
1685071800,139
1685072700,158
1685073600,192
1685074500,258
1685075400,227
1685076300,189
1685077200,177
1685078100,165
1685079000,172
1685079900,211
1685080800,216
1685081700,194
1685082600,417
1685083500,392
1685084400,187
1685085300,168
1685086200,189
1685087100,214
1685088000,234
1685088900,234
1685089800,290
1685090700,223
1685091600,256
1685092500,180
1685093400,260
1685094300,243
1685095200,292
1685096100,358
1685097000,336
1685097900,316
1685098800,163
1685099700,283
1685100600,384
1685101500,427
1685102400,416
1685103300,473
1685104200,225
1685105100,253
1685106000,212
1685106900,243
1685107800,330
1685108700,325
1685109600,171
1685110500,159
1685111400,255
1685112300,188
1685113200,206
1685114100,216
1685115000,248
1685115900,249
1685116800,251
1685117700,304
1685118600,334
1685119500,337
1685120400,316
1685121300,402
1685122200,390
1685123100,405
1685124000,405
1685124900,368
1685125800,389
1685126700,345
1685127600,330
1685128500,263
1685129400,277
1685130300,296
1685131200,264
1685132100,238
1685133000,227
1685133900,227
1685134800,188
1685135700,157
1685136600,128
1685137500,126
1685138400,128
1685139300,137
1685140200,127
1685141100,156
1685142000,144
1685142900,154
1685143800,131
1685144700,159
1685145600,156
1685146500,164
1685147400,133
1685148300,159
1685149200,146
1685150100,157
1685151000,153
1685151900,155
1685152800,161
1685153700,155
1685154600,166
1685155500,157
1685156400,160
1685157300,167
1685158200,168
1685159100,170
1685160000,205
1685160900,281
1685161800,381
1685162700,211
1685163600,219
1685164500,237
1685165400,199
1685166300,203
1685167200,934
1685168100,701
1685169000,199
1685169900,340
1685170800,799
1685171700,449
1685172600,251
1685173500,301
1685174400,252
1685175300,207
1685176200,223
1685177100,278
1685178000,302
1685178900,444
1685179800,357
1685180700,428
1685181600,207
1685182500,182
1685183400,189
1685184300,465
1685185200,228
1685186100,219
1685187000,205
1685187900,210
1685188800,184
1685189700,506
1685190600,206
1685191500,250
1685192400,199
1685193300,254
1685194200,235
1685195100,234
1685196000,269
1685196900,301
1685197800,282
1685198700,344
1685199600,306
1685200500,259
1685201400,301
1685202300,369
1685203200,386
1685204100,307
1685205000,373
1685205900,336
1685206800,765
1685207700,348
1685208600,312
1685209500,571
1685210400,760
1685211300,312
1685212200,320
1685213100,316
1685214000,287
1685214900,307
1685215800,308
1685216700,320
1685217600,292
1685218500,259
1685219400,276
1685220300,280
1685221200,265
1685222100,292
1685223000,461
1685223900,739
1685224800,581
1685225700,185
1685226600,183
1685227500,207
1685228400,174
1685229300,155
1685230200,153
1685231100,166
1685232000,146
1685232900,155
1685233800,158
1685234700,177
1685235600,172
1685236500,174
1685237400,147
1685238300,171
1685239200,162
1685240100,172
1685241000,161
1685241900,171
1685242800,172
1685243700,158
1685244600,159
1685245500,176
1685246400,163
1685247300,176
1685248200,644
1685249100,660
1685250000,661
1685250900,653
1685251800,239
1685252700,253
1685253600,608
1685254500,190
1685255400,306
1685256300,376
1685257200,414
1685258100,284
1685259000,521
1685259900,650
1685260800,658
1685261700,551
1685262600,370
1685263500,551
1685264400,292
1685265300,264
1685266200,272
1685267100,541
1685268000,1012
1685268900,294
1685269800,372
1685270700,283
1685271600,306
1685272500,620
1685273400,917
1685274300,804
1685275200,770
1685276100,462
1685277000,310
1685277900,310
1685278800,303
1685279700,321
1685280600,303
1685281500,305
1685282400,286
1685283300,399
1685284200,301
1685285100,364
1685286000,354
1685286900,251
1685287800,262
1685288700,284
1685289600,251
1685290500,280
1685291400,289
1685292300,324
1685293200,429
1685294100,366
1685295000,343
1685295900,318
1685296800,349
1685297700,391
1685298600,434
1685299500,413
1685300400,394
1685301300,400
1685302200,397
1685303100,313
1685304000,315
1685304900,296
1685305800,284
1685306700,255
1685307600,245
1685308500,230
1685309400,187
1685310300,156
1685311200,142
1685312100,142
1685313000,165
1685313900,152
1685314800,149
1685315700,153
1685316600,157
1685317500,163
1685318400,150
1685319300,148
1685320200,172
1685321100,165
1685322000,157
1685322900,161
1685323800,172
1685324700,153
1685325600,172
1685326500,170
1685327400,169
1685328300,152
1685329200,174
1685330100,161
1685331000,192
1685331900,154
1685332800,169
1685333700,152
1685334600,163
1685335500,228
1685336400,173
1685337300,153
1685338200,161
1685339100,186
1685340000,197
1685340900,189
1685341800,396
1685342700,474
1685343600,456
1685344500,351
1685345400,427
1685346300,492
1685347200,492
1685348100,310
1685349000,279
1685349900,425
1685350800,678
1685351700,261
1685352600,389
1685353500,1650
1685354400,1032
1685355300,199
1685356200,271
1685357100,190
1685358000,543
1685358900,318
1685359800,413
1685360700,372
1685361600,464
1685362500,654
1685363400,333
1685364300,492
1685365200,397
1685366100,308
1685367000,429
1685367900,804
1685368800,346
1685369700,408
1685370600,456
1685371500,451
1685372400,450
1685373300,606
1685374200,495
1685375100,362
1685376000,319
1685376900,321
1685377800,308
1685378700,358
1685379600,337
1685380500,346
1685381400,345
1685382300,451
1685383200,370
1685384100,438
1685385000,453
1685385900,426
1685386800,397
1685387700,427
1685388600,368
1685389500,309
1685390400,317
1685391300,355
1685392200,335
1685393100,353
1685394000,324
1685394900,267
1685395800,229
1685396700,235
1685397600,217
1685398500,205
1685399400,153
1685400300,171
1685401200,169
1685402100,180
1685403000,151
1685403900,160
1685404800,171
1685405700,174
1685406600,152
1685407500,142
1685408400,153
1685409300,152
1685410200,155
1685411100,150
1685412000,151
1685412900,148
1685413800,173
1685414700,149
1685415600,152
1685416500,166
1685417400,161
1685418300,165
1685419200,163
1685420100,186
1685421000,148
1685421900,190
1685422800,162
1685423700,158
1685424600,182
1685425500,234
1685426400,276
1685427300,237
1685428200,204
1685429100,226
1685430000,219
1685430900,260
1685431800,288
1685432700,302
1685433600,298
1685434500,290
1685435400,270
1685436300,256
1685437200,235
1685438100,360
1685439000,389
1685439900,248
1685440800,828
1685441700,485
1685442600,296
1685443500,223
1685444400,216
1685445300,239
1685446200,250
1685447100,477
1685448000,629
1685448900,451
1685449800,274
1685450700,307
1685451600,409
1685452500,390
1685453400,529
1685454300,1081
1685455200,662
1685456100,542
1685457000,949
1685457900,878
1685458800,362
1685459700,337
1685460600,334
1685461500,313
1685462400,278
1685463300,280
1685464200,383
1685465100,370
1685466000,415
1685466900,407
1685467800,458
1685468700,428
1685469600,458
1685470500,440
1685471400,477
1685472300,951
1685473200,853
1685474100,842
1685475000,1134
1685475900,1188
1685476800,763
1685477700,660
1685478600,641
1685479500,1084
1685480400,729
1685481300,737
1685482200,1039
1685483100,1081
1685484000,617
1685484900,672
1685485800,705
1685486700,608
1685487600,464
1685488500,537
1685489400,609
1685490300,234
1685491200,178
1685492100,696
1685493000,403
1685493900,154
1685494800,150
1685495700,172
1685496600,144
1685497500,153
1685498400,155
1685499300,164
1685500200,166
1685501100,160
1685502000,159
1685502900,164
1685503800,177
1685504700,169
1685505600,163
1685506500,189
1685507400,178
1685508300,149
1685509200,183
1685510100,178
1685511000,179
1685511900,157
1685512800,168
1685513700,180
1685514600,245
1685515500,163
1685516400,212
1685517300,709
1685518200,417
1685519100,333
1685520000,529
1685520900,858
1685521800,330
1685522700,240
1685523600,242
1685524500,235
1685525400,287
1685526300,543
1685527200,761
1685528100,400
1685529000,318
1685529900,313
1685530800,325
1685531700,354
1685532600,308
1685533500,324
1685534400,294
1685535300,304
1685536200,306
1685537100,284
1685538000,315
1685538900,300
1685539800,370
1685540700,301
1685541600,327
1685542500,316
1685543400,305
1685544300,290
1685545200,499
1685546100,636
1685547000,319
1685547900,317
1685548800,334
1685549700,330
1685550600,340
1685551500,924
1685552400,1019
1685553300,788
1685554200,785
1685555100,945
1685556000,341
1685556900,391
1685557800,761
1685558700,695
1685559600,361
1685560500,404
1685561400,422
1685562300,402
1685563200,396
1685564100,366
1685565000,384
1685565900,340
1685566800,307
1685567700,210
1685568600,191
1685569500,191
1685570400,172
1685571300,157
1685572200,148
1685573100,167
1685574000,182
1685574900,154
1685575800,162
1685576700,161
1685577600,176
1685578500,168
1685579400,152
1685580300,161
1685581200,145
1685582100,154
1685583000,152
1685583900,150
1685584800,143
1685585700,152
1685586600,147
1685587500,173
1685588400,145
1685589300,168
1685590200,143
1685591100,186
1685592000,176
1685592900,166
1685593800,152
1685594700,165
1685595600,164
1685596500,184
1685597400,174
1685598300,167
1685599200,173
1685600100,147
1685601000,194
1685601900,217
1685602800,223
1685603700,467
1685604600,642
1685605500,492
1685606400,224
1685607300,225
1685608200,330
1685609100,319
1685610000,283
1685610900,261
1685611800,497
1685612700,352
1685613600,318
1685614500,658
1685615400,894
1685616300,414
1685617200,364
1685618100,236
1685619000,192
1685619900,209
1685620800,207
1685621700,194
1685622600,190
1685623500,202
1685624400,193
1685625300,231
1685626200,234
1685627100,266
1685628000,305
1685628900,273
1685629800,249
1685630700,284
1685631600,223
1685632500,226
1685633400,216
1685634300,214
1685635200,244
1685636100,237
1685637000,247
1685637900,522
1685638800,386
1685639700,264
1685640600,274
1685641500,313
1685642400,342
1685643300,333
1685644200,328
1685645100,318
1685646000,326
1685646900,301
1685647800,349
1685648700,369
1685649600,384
1685650500,277
1685651400,284
1685652300,275
1685653200,226
1685654100,176
1685655000,178
1685655900,156
1685656800,154
1685657700,159
1685658600,177
1685659500,166
1685660400,156
1685661300,176
1685662200,175
1685663100,160
1685664000,162
1685664900,167
1685665800,185
1685666700,163
1685667600,153
1685668500,142
1685669400,153
1685670300,154
1685671200,161
1685672100,143
1685673000,152
1685673900,141
1685674800,178
1685675700,146
1685676600,153
1685677500,185
1685678400,161
1685679300,170
1685680200,169
1685681100,161
1685682000,282
1685682900,215
1685683800,194
1685684700,156
1685685600,191
1685686500,181
1685687400,306
1685688300,209
1685689200,194
1685690100,344
1685691000,254
1685691900,275
1685692800,260
1685693700,292
1685694600,281
1685695500,297
1685696400,490
1685697300,1103
1685698200,820
1685699100,581
1685700000,534
1685700900,320
1685701800,222
1685702700,226
1685703600,220
1685704500,216
1685705400,200
1685706300,272
1685707200,414
1685708100,284
1685709000,270
1685709900,321
1685710800,289
1685711700,262
1685712600,246
1685713500,245
1685714400,285
1685715300,333
1685716200,259
1685717100,286
1685718000,282
1685718900,290
1685719800,426
1685720700,342
1685721600,386
1685722500,382
1685723400,322
1685724300,353
1685725200,401
1685726100,331
1685727000,323
1685727900,308
1685728800,302
1685729700,308
1685730600,330
1685731500,337
1685732400,339
1685733300,384
1685734200,461
1685735100,442
1685736000,823
1685736900,548
1685737800,379
1685738700,342
1685739600,770
1685740500,293
1685741400,169
1685742300,160
1685743200,157
1685744100,169
1685745000,152
1685745900,169
1685746800,169
1685747700,161
1685748600,169
1685749500,170
1685750400,165
1685751300,169
1685752200,148
1685753100,179
1685754000,164
1685754900,150
1685755800,150
1685756700,152
1685757600,172
1685758500,151
1685759400,146
1685760300,148
1685761200,147
1685762100,188
1685763000,158
1685763900,155
1685764800,173
1685765700,217
1685766600,265
1685767500,182
1685768400,166
1685769300,153
1685770200,174
1685771100,271
1685772000,310
1685772900,309
1685773800,223
1685774700,218
1685775600,193
1685776500,160
1685777400,179
1685778300,232
1685779200,261
1685780100,213
1685781000,208
1685781900,508
1685782800,642
1685783700,652
1685784600,309
1685785500,246
1685786400,364
1685787300,295
1685788200,297
1685789100,273
1685790000,205
1685790900,196
1685791800,178
1685792700,259
1685793600,275
1685794500,220
1685795400,226
1685796300,196
1685797200,176
1685798100,174
1685799000,174
1685799900,181
1685800800,143
1685801700,163
1685802600,172
1685803500,211
1685804400,200
1685805300,194
1685806200,197
1685807100,194
1685808000,187
1685808900,199
1685809800,185
1685810700,196
1685811600,193
1685812500,184
1685813400,158
1685814300,146
1685815200,155
1685816100,208
1685817000,217
1685817900,236
1685818800,247
1685819700,272
1685820600,266
1685821500,258
1685822400,205
1685823300,175
1685824200,158
1685825100,139
1685826000,133
1685826900,124
1685827800,153
1685828700,144
1685829600,117
1685830500,141
1685831400,149
1685832300,167
1685833200,140
1685834100,147
1685835000,136
1685835900,153
1685836800,135
1685837700,142
1685838600,127
1685839500,145
1685840400,145
1685841300,142
1685842200,137
1685843100,142
1685844000,155
1685844900,147
1685845800,132
1685846700,145
1685847600,137
1685848500,155
1685849400,135
1685850300,172
1685851200,141
1685852100,142
1685853000,208
1685853900,169
1685854800,147
1685855700,148
1685856600,145
1685857500,171
1685858400,163
1685859300,132
1685860200,146
1685861100,157
1685862000,148
1685862900,162
1685863800,159
1685864700,159
1685865600,172
1685866500,164
1685867400,156
1685868300,312
1685869200,230
1685870100,190
1685871000,220
1685871900,199
1685872800,286
1685873700,181
1685874600,189
1685875500,188
1685876400,275
1685877300,241
1685878200,179
1685879100,187
1685880000,176
1685880900,185
1685881800,198
1685882700,254
1685883600,235
1685884500,188
1685885400,212
1685886300,212
1685887200,293
1685888100,238
1685889000,183
1685889900,233
1685890800,279
1685891700,277
1685892600,259
1685893500,188
1685894400,194
1685895300,183
1685896200,195
1685897100,191
1685898000,207
1685898900,181
1685899800,185
1685900700,194
1685901600,210
1685902500,198
1685903400,199
1685904300,203
1685905200,209
1685906100,246
1685907000,192
1685907900,174
1685908800,190
1685909700,164
1685910600,163
1685911500,176
1685912400,156
1685913300,146
1685914200,139
1685915100,156
1685916000,127
1685916900,124
1685917800,142
1685918700,132
1685919600,151
1685920500,135
1685921400,138
1685922300,140
1685923200,139
1685924100,141
1685925000,140
1685925900,148
1685926800,156
1685927700,146
1685928600,143
1685929500,155
1685930400,139
1685931300,149
1685932200,157
1685933100,163
1685934000,171
1685934900,150
1685935800,151
1685936700,157
1685937600,160
1685938500,201
1685939400,160
1685940300,147
1685941200,141
1685942100,170
1685943000,137
1685943900,167
1685944800,153
1685945700,135
1685946600,147
1685947500,151
1685948400,145
1685949300,144
1685950200,205
1685951100,222
1685952000,320
1685952900,193
1685953800,257
1685954700,219
1685955600,197
1685956500,170
1685957400,296
1685958300,211
1685959200,230
1685960100,261
1685961000,448
1685961900,461
1685962800,290
1685963700,278
1685964600,354
1685965500,287
1685966400,289
1685967300,514
1685968200,614
1685969100,260
1685970000,323
1685970900,796
1685971800,471
1685972700,228
1685973600,230
1685974500,228
1685975400,248
1685976300,237
1685977200,228
1685978100,251
1685979000,595
1685979900,394
1685980800,217
1685981700,206
1685982600,214
1685983500,252
1685984400,271
1685985300,271
1685986200,287
1685987100,298
1685988000,317
1685988900,328
1685989800,316
1685990700,324
1685991600,348
1685992500,342
1685993400,384
1685994300,374
1685995200,264
1685996100,238
1685997000,228
1685997900,189
1685998800,180
1685999700,180
1686000600,162
1686001500,173
1686002400,118
1686003300,127
1686004200,138
1686005100,160
1686006000,149
1686006900,150
1686007800,148
1686008700,135
1686009600,126
1686010500,135
1686011400,132
1686012300,139
1686013200,129
1686014100,134
1686015000,136
1686015900,144
1686016800,132
1686017700,133
1686018600,144
1686019500,152
1686020400,155
1686021300,150
1686022200,140
1686023100,150
1686024000,128
1686024900,157
1686025800,148
1686026700,150
1686027600,142
1686028500,135
1686029400,150
1686030300,148
1686031200,165
1686032100,249
1686033000,176
1686033900,170
1686034800,153
1686035700,187
1686036600,654
1686037500,463
1686038400,415
1686039300,203
1686040200,268
1686041100,207
1686042000,260
1686042900,199
1686043800,241
1686044700,466
1686045600,672
1686046500,218
1686047400,320
1686048300,237
1686049200,262
1686050100,690
1686051000,622
1686051900,317
1686052800,376
1686053700,280
1686054600,311
1686055500,332
1686056400,322
1686057300,309
1686058200,278
1686059100,825
1686060000,339
1686060900,477
1686061800,814
1686062700,396
1686063600,388
1686064500,975
1686065400,1078
1686066300,1064
1686067200,949
1686068100,833
1686069000,757
1686069900,379
1686070800,336
1686071700,220
1686072600,191
1686073500,205
1686074400,220
1686075300,220
1686076200,229
1686077100,218
1686078000,244
1686078900,245
1686079800,237
1686080700,229
1686081600,225
1686082500,241
1686083400,384
1686084300,698
1686085200,243
1686086100,224
1686087000,248
1686087900,244
1686088800,177
1686089700,148
1686090600,133
1686091500,144
1686092400,136
1686093300,138
1686094200,127
1686095100,139
1686096000,145
1686096900,143
1686097800,128
1686098700,155
1686099600,141
1686100500,146
1686101400,149
1686102300,153
1686103200,127
1686104100,152
1686105000,155
1686105900,155
1686106800,128
1686107700,149
1686108600,147
1686109500,157
1686110400,132
1686111300,153
1686112200,153
1686113100,154
1686114000,144
1686114900,157
1686115800,146
1686116700,254
1686117600,446
1686118500,673
1686119400,595
1686120300,224
1686121200,192
1686122100,193
1686123000,191
1686123900,338
1686124800,400
1686125700,302
1686126600,834
1686127500,870
1686128400,755
1686129300,642
1686130200,303
1686131100,634
1686132000,1202
1686132900,794
1686133800,387
1686134700,343
1686135600,427
1686136500,272
1686137400,281
1686138300,305
1686139200,283
1686140100,278
1686141000,269
1686141900,268
1686142800,259
1686143700,262
1686144600,488
1686145500,1005
1686146400,869
1686147300,764
1686148200,638
1686149100,298
1686150000,279
1686150900,288
1686151800,286
1686152700,256
1686153600,282
1686154500,313
1686155400,492
1686156300,282
1686157200,305
1686158100,467
1686159000,522
1686159900,412
1686160800,421
1686161700,458
1686162600,416
1686163500,417
1686164400,403
1686165300,398
1686166200,381
1686167100,369
1686168000,359
1686168900,471
1686169800,294
1686170700,190
1686171600,173
1686172500,169
1686173400,163
1686174300,168
1686175200,164
1686176100,142
1686177000,138
1686177900,145
1686178800,157
1686179700,157
1686180600,144
1686181500,153
1686182400,158
1686183300,167
1686184200,146
1686185100,158
1686186000,167
1686186900,172
1686187800,171
1686188700,156
1686189600,163
1686190500,157
1686191400,158
1686192300,180
1686193200,162
1686194100,171
1686195000,161
1686195900,197
1686196800,180
1686197700,172
1686198600,289
1686199500,193
1686200400,180
1686201300,183
1686202200,161
1686203100,173
1686204000,181
1686204900,322
1686205800,188
1686206700,212
1686207600,305
1686208500,303
1686209400,338
1686210300,258
1686211200,218
1686212100,250
1686213000,232
1686213900,248
1686214800,263
1686215700,270
1686216600,250
1686217500,265
1686218400,249
1686219300,230
1686220200,724
1686221100,654
1686222000,841
1686222900,556
1686223800,465
1686224700,467
1686225600,762
1686226500,248
1686227400,247
1686228300,195
1686229200,166
1686230100,153
1686231000,174
1686231900,334
1686232800,227
1686233700,248
1686234600,246
1686235500,182
1686236400,340
1686237300,298
1686238200,279
1686239100,503
1686240000,220
1686240900,256
1686241800,260
1686242700,286
1686243600,333
1686244500,348
1686245400,453
1686246300,420
1686247200,419
1686248100,430
1686249000,460
1686249900,448
1686250800,413
1686251700,444
1686252600,448
1686253500,448
1686254400,414
1686255300,263
1686256200,226
1686257100,157
1686258000,134
1686258900,136
1686259800,155
1686260700,144
1686261600,148
1686262500,121
1686263400,146
1686264300,159
1686265200,157
1686266100,149
1686267000,152
1686267900,139
1686268800,154
1686269700,149
1686270600,156
1686271500,150
1686272400,160
1686273300,165
1686274200,171
1686275100,163
1686276000,172
1686276900,148
1686277800,181
1686278700,151
1686279600,158
1686280500,163
1686281400,191
1686282300,179
1686283200,194
1686284100,278
1686285000,227
1686285900,188
1686286800,168
1686287700,151
1686288600,171
1686289500,179
1686290400,231
1686291300,315
1686292200,284
1686293100,178
1686294000,192
1686294900,182
1686295800,189
1686296700,185
1686297600,200
1686298500,182
1686299400,203
1686300300,444
1686301200,391
1686302100,438
1686303000,266
1686303900,298
1686304800,368
1686305700,289
1686306600,368
1686307500,229
1686308400,208
1686309300,222
1686310200,225
1686311100,213
1686312000,235
1686312900,210
1686313800,227
1686314700,219
1686315600,237
1686316500,211
1686317400,208
1686318300,202
1686319200,207
1686320100,197
1686321000,216
1686321900,288
1686322800,279
1686323700,200
1686324600,227
1686325500,283
1686326400,288
1686327300,276
1686328200,293
1686329100,319
1686330000,415
1686330900,404
1686331800,550
1686332700,440
1686333600,289
1686334500,298
1686335400,391
1686336300,405
1686337200,373
1686338100,391
1686339000,446
1686339900,414
1686340800,380
1686341700,376
1686342600,192
1686343500,182
1686344400,146
1686345300,160
1686346200,148
1686347100,148
1686348000,122
1686348900,148
1686349800,158
1686350700,145
1686351600,156
1686352500,160
1686353400,162
1686354300,157
1686355200,141
1686356100,154
1686357000,158
1686357900,146
1686358800,158
1686359700,160
1686360600,162
1686361500,148
1686362400,154
1686363300,132
1686364200,142
1686365100,133
1686366000,147
1686366900,165
1686367800,166
1686368700,145
1686369600,184
1686370500,268
1686371400,197
1686372300,173
1686373200,175
1686374100,177
1686375000,197
1686375900,360
1686376800,293
1686377700,227
1686378600,184
1686379500,185
1686380400,180
1686381300,203
1686382200,239
1686383100,250
1686384000,235
1686384900,274
1686385800,230
1686386700,281
1686387600,202
1686388500,221
1686389400,201
1686390300,218
1686391200,318
1686392100,225
1686393000,592
1686393900,499
1686394800,205
1686395700,333
1686396600,347
1686397500,253
1686398400,194
1686399300,178
1686400200,206
1686401100,276
1686402000,331
1686402900,276
1686403800,215
1686404700,279
1686405600,190
1686406500,228
1686407400,281
1686408300,263
1686409200,420
1686410100,236
1686411000,417
1686411900,294
1686412800,244
1686413700,230
1686414600,251
1686415500,275
1686416400,238
1686417300,277
1686418200,267
1686419100,274
1686420000,248
1686420900,261
1686421800,306
1686422700,345
1686423600,326
1686424500,353
1686425400,367
1686426300,352
1686427200,368
1686428100,642
1686429000,512
1686429900,279
1686430800,385
1686431700,750
1686432600,185
1686433500,145
1686434400,151
1686435300,150
1686436200,144
1686437100,155
1686438000,171
1686438900,179
1686439800,150
1686440700,149
1686441600,144
1686442500,145
1686443400,143
1686444300,143
1686445200,133
1686446100,143
1686447000,153
1686447900,147
1686448800,137
1686449700,161
1686450600,141
1686451500,173
1686452400,159
1686453300,171
1686454200,147
1686455100,171
1686456000,174
1686456900,159
1686457800,157
1686458700,179
1686459600,177
1686460500,170
1686461400,152
1686462300,155
1686463200,161
1686464100,165
1686465000,309
1686465900,213
1686466800,179
1686467700,220
1686468600,335
1686469500,261
1686470400,311
1686471300,725
1686472200,952
1686473100,1045
1686474000,896
1686474900,496
1686475800,735
1686476700,787
1686477600,396
1686478500,444
1686479400,359
1686480300,835
1686481200,960
1686482100,876
1686483000,810
1686483900,611
1686484800,300
1686485700,285
1686486600,319
1686487500,319
1686488400,321
1686489300,309
1686490200,392
1686491100,340
1686492000,310
1686492900,299
1686493800,367
1686494700,330
1686495600,338
1686496500,339
1686497400,312
1686498300,311
1686499200,322
1686500100,325
1686501000,288
1686501900,276
1686502800,511
1686503700,665
1686504600,274
1686505500,420
1686506400,763
1686507300,657
1686508200,394
1686509100,324
1686510000,344
1686510900,315
1686511800,277
1686512700,264
1686513600,324
1686514500,344
1686515400,272
1686516300,249
1686517200,232
1686518100,190
1686519000,191
1686519900,202
1686520800,191
1686521700,169
1686522600,150
1686523500,173
1686524400,166
1686525300,182
1686526200,156
1686527100,159
1686528000,163
1686528900,156
1686529800,170
1686530700,170
1686531600,171
1686532500,168
1686533400,154
1686534300,173
1686535200,163
1686536100,152
1686537000,161
1686537900,183
1686538800,162
1686539700,183
1686540600,158
1686541500,174
1686542400,147
1686543300,151
1686544200,143
1686545100,150
1686546000,237
1686546900,213
1686547800,195
1686548700,420
1686549600,671
1686550500,274
1686551400,240
1686552300,588
1686553200,629
1686554100,226
1686555000,308
1686555900,317
1686556800,261
1686557700,249
1686558600,244
1686559500,291
1686560400,319
1686561300,301
1686562200,808
1686563100,782
1686564000,615
1686564900,399
1686565800,429
1686566700,317
1686567600,310
1686568500,288
1686569400,275
1686570300,282
1686571200,220
1686572100,222
1686573000,209
1686573900,329
1686574800,279
1686575700,285
1686576600,212
1686577500,256
1686578400,275
1686579300,227
1686580200,209
1686581100,243
1686582000,255
1686582900,222
1686583800,226
1686584700,233
1686585600,226
1686586500,253
1686587400,224
1686588300,226
1686589200,225
1686590100,238
1686591000,262
1686591900,263
1686592800,264
1686593700,277
1686594600,260
1686595500,265
1686596400,264
1686597300,270
1686598200,317
1686599100,340
1686600000,312
1686600900,275
1686601800,274
1686602700,241
1686603600,233
1686604500,242
1686605400,210
1686606300,189
1686607200,166
1686608100,152
1686609000,147
1686609900,162
1686610800,145
1686611700,156
1686612600,164
1686613500,159
1686614400,138
1686615300,156
1686616200,155
1686617100,161
1686618000,145
1686618900,156
1686619800,167
1686620700,168
1686621600,160
1686622500,166
1686623400,167
1686624300,157
1686625200,159
1686626100,174
1686627000,171
1686627900,159
1686628800,151
1686629700,144
1686630600,180
1686631500,142
1686632400,150
1686633300,142
1686634200,152
1686635100,155
1686636000,174
1686636900,146
1686637800,161
1686638700,163
1686639600,180
1686640500,502
1686641400,726
1686642300,620
1686643200,461
1686644100,583
1686645000,267
1686645900,281
1686646800,864
1686647700,392
1686648600,239
1686649500,238
1686650400,214
1686651300,189
1686652200,465
1686653100,1185
1686654000,234
1686654900,273
1686655800,222
1686656700,232
1686657600,219
1686658500,218
1686659400,202
1686660300,198
1686661200,198
1686662100,216
1686663000,160
1686663900,140
1686664800,134
1686665700,154
1686666600,150
1686667500,236
1686668400,167
1686669300,162
1686670200,172
1686671100,149
1686672000,174
1686672900,173
1686673800,166
1686674700,132
1686675600,150
1686676500,151
1686677400,148
1686678300,154
1686679200,140
1686680100,189
1686681000,236
1686681900,188
1686682800,185
1686683700,209
1686684600,201
1686685500,227
1686686400,206
1686687300,205
1686688200,175
1686689100,181
1686690000,176
1686690900,163
1686691800,122
1686692700,130
1686693600,131
1686694500,153
1686695400,135
1686696300,157
1686697200,148
1686698100,186
1686699000,164
1686699900,161
1686700800,153
1686701700,173
1686702600,158
1686703500,166
1686704400,166
1686705300,168
1686706200,171
1686707100,156
1686708000,168
1686708900,165
1686709800,152
1686710700,166
1686711600,160
1686712500,153
1686713400,162
1686714300,149
1686715200,172
1686716100,153
1686717000,152
1686717900,139
1686718800,142
1686719700,139
1686720600,143
1686721500,153
1686722400,161
1686723300,161
1686724200,156
1686725100,142
1686726000,139
1686726900,186
1686727800,809
1686728700,497
1686729600,163
1686730500,153
1686731400,161
1686732300,138
1686733200,187
1686734100,198
1686735000,200
1686735900,176
1686736800,187
1686737700,177
1686738600,193
1686739500,346
1686740400,189
1686741300,182
1686742200,200
1686743100,224
1686744000,201
1686744900,180
1686745800,197
1686746700,277
1686747600,639
1686748500,219
1686749400,326
1686750300,1128
1686751200,431
1686752100,199
1686753000,180
1686753900,196
1686754800,187
1686755700,191
1686756600,192
1686757500,182
1686758400,190
1686759300,169
1686760200,171
1686761100,170
1686762000,169
1686762900,163
1686763800,173
1686764700,174
1686765600,207
1686766500,229
1686767400,321
1686768300,785
1686769200,587
1686770100,418
1686771000,433
1686771900,405
1686772800,433
1686773700,279
1686774600,241
1686775500,142
1686776400,151
1686777300,140
1686778200,149
1686779100,136
1686780000,150
1686780900,135
1686781800,146
1686782700,154
1686783600,148
1686784500,145
1686785400,132
1686786300,151
1686787200,146
1686788100,124
1686789000,128
1686789900,134
1686790800,129
1686791700,123
1686792600,127
1686793500,126
1686794400,150
1686795300,128
1686796200,135
1686797100,138
1686798000,169
1686798900,152
1686799800,155
1686800700,169
1686801600,193
1686802500,253
1686803400,193
1686804300,162
1686805200,190
1686806100,229
1686807000,192
1686807900,159
1686808800,159
1686809700,128
1686810600,149
1686811500,158
1686812400,201
1686813300,181
1686814200,177
1686815100,298
1686816000,283
1686816900,227
1686817800,244
1686818700,246
1686819600,169
1686820500,181
1686821400,181
1686822300,175
1686823200,192
1686824100,332
1686825000,441
1686825900,232
1686826800,246
1686827700,354
1686828600,254
1686829500,331
1686830400,308
1686831300,335
1686832200,251
1686833100,306
1686834000,222
1686834900,226
1686835800,257
1686836700,297
1686837600,244
1686838500,190
1686839400,204
1686840300,265
1686841200,285
1686842100,403
1686843000,396
1686843900,290
1686844800,266
1686845700,282
1686846600,280
1686847500,291
1686848400,284
1686849300,270
1686850200,280
1686851100,266
1686852000,282
1686852900,306
1686853800,320
1686854700,306
1686855600,315
1686856500,375
1686857400,394
1686858300,383
1686859200,402
1686860100,389
1686861000,618
1686861900,715
1686862800,193
1686863700,185
1686864600,185
1686865500,189
1686866400,154
1686867300,148
1686868200,133
1686869100,155
1686870000,139
1686870900,135
1686871800,141
1686872700,157
1686873600,141
1686874500,137
1686875400,134
1686876300,168
1686877200,151
1686878100,139
1686879000,158
1686879900,160
1686880800,162
1686881700,142
1686882600,157
1686883500,135
1686884400,149
1686885300,134
1686886200,152
1686887100,158
1686888000,192
1686888900,251
1686889800,197
1686890700,149
1686891600,199
1686892500,162
1686893400,169
1686894300,179
1686895200,189
1686896100,412
1686897000,371
1686897900,253
1686898800,318
1686899700,317
1686900600,268
1686901500,302
1686902400,357
1686903300,287
1686904200,228
1686905100,274
1686906000,245
1686906900,496
1686907800,281
1686908700,254
1686909600,202
1686910500,196
1686911400,200
1686912300,187
1686913200,186
1686914100,203
1686915000,254
1686915900,221
1686916800,186
1686917700,181
1686918600,197
1686919500,175
1686920400,235
1686921300,182
1686922200,193
1686923100,189
1686924000,178
1686924900,184
1686925800,187
1686926700,182
1686927600,216
1686928500,298
1686929400,350
1686930300,357
1686931200,289
1686932100,353
1686933000,320
1686933900,294
1686934800,323
1686935700,337
1686936600,328
1686937500,334
1686938400,356
1686939300,391
1686940200,380
1686941100,343
1686942000,347
1686942900,368
1686943800,390
1686944700,384
1686945600,335
1686946500,608
1686947400,981
1686948300,391
1686949200,317
1686950100,756
1686951000,200
1686951900,175
1686952800,174
1686953700,165
1686954600,159
1686955500,151
1686956400,158
1686957300,165
1686958200,146
1686959100,161
1686960000,160
1686960900,172
1686961800,163
1686962700,164
1686963600,165
1686964500,170
1686965400,157
1686966300,164
1686967200,173
1686968100,168
1686969000,174
1686969900,153
1686970800,157
1686971700,154
1686972600,178
1686973500,821
1686974400,751
1686975300,755
1686976200,518
1686977100,195
1686978000,195
1686978900,156
1686979800,154
1686980700,175
1686981600,177
1686982500,174
1686983400,177
1686984300,545
1686985200,800
1686986100,321
1686987000,228
1686987900,427
1686988800,360
1686989700,203
1686990600,175
1686991500,190
1686992400,284
1686993300,338
1686994200,317
1686995100,162
1686996000,176
1686996900,163
1686997800,189
1686998700,249
1686999600,238
1687000500,151
1687001400,158
1687002300,182
1687003200,188
1687004100,179
1687005000,177
1687005900,346
1687006800,257
1687007700,156
1687008600,255
1687009500,294
1687010400,173
1687011300,154
1687012200,142
1687013100,153
1687014000,181
1687014900,240
1687015800,341
1687016700,255
1687017600,332
1687018500,220
1687019400,247
1687020300,260
1687021200,235
1687022100,240
1687023000,246
1687023900,260
1687024800,237
1687025700,229
1687026600,237
1687027500,725
1687028400,365
1687029300,268
1687030200,486
1687031100,755
1687032000,266
1687032900,286
1687033800,277
1687034700,411
1687035600,602
1687036500,269
1687037400,227
1687038300,258
1687039200,206
1687040100,146
1687041000,141
1687041900,150
1687042800,141
1687043700,147
1687044600,147
1687045500,141
1687046400,151
1687047300,130
1687048200,154
1687049100,152
1687050000,149
1687050900,158
1687051800,159
1687052700,152
1687053600,153
1687054500,162
1687055400,160
1687056300,153
1687057200,142
1687058100,143
1687059000,146
1687059900,148
1687060800,143
1687061700,135
1687062600,153
1687063500,133
1687064400,580
1687065300,263
1687066200,173
1687067100,187
1687068000,202
1687068900,221
1687069800,233
1687070700,216
1687071600,258
1687072500,288
1687073400,221
1687074300,243
1687075200,156
1687076100,194
1687077000,205
1687077900,262
1687078800,237
1687079700,270
1687080600,255
1687081500,735
1687082400,344
1687083300,243
1687084200,326
1687085100,214
1687086000,193
1687086900,191
1687087800,184
1687088700,190
1687089600,193
1687090500,202
1687091400,170
1687092300,155
1687093200,211
1687094100,220
1687095000,203
1687095900,215
1687096800,214
1687097700,239
1687098600,219
1687099500,722
1687100400,914
1687101300,791
1687102200,769
1687103100,422
1687104000,356
1687104900,424
1687105800,553
1687106700,603
1687107600,487
1687108500,537
1687109400,494
1687110300,236
1687111200,291
1687112100,283
1687113000,276
1687113900,294
1687114800,268
1687115700,273
1687116600,264
1687117500,342
1687118400,286
1687119300,251
1687120200,249
1687121100,250
1687122000,251
1687122900,222
1687123800,220
1687124700,219
1687125600,228
1687126500,218
1687127400,217
1687128300,188
1687129200,178
1687130100,186
1687131000,167
1687131900,195
1687132800,181
1687133700,187
1687134600,174
1687135500,183
1687136400,179
1687137300,188
1687138200,160
1687139100,200
1687140000,180
1687140900,199
1687141800,178
1687142700,184
1687143600,183
1687144500,165
1687145400,167
1687146300,173
1687147200,169
1687148100,147
1687149000,130
1687149900,135
1687150800,146
1687151700,131
1687152600,222
1687153500,217
1687154400,305
1687155300,180
1687156200,279
1687157100,432
1687158000,266
1687158900,318
1687159800,293
1687160700,245
1687161600,252
1687162500,251
1687163400,236
1687164300,234
1687165200,247
1687166100,258
1687167000,392
1687167900,334
1687168800,283
1687169700,289
1687170600,330
1687171500,300
1687172400,945
1687173300,372
1687174200,303
1687175100,792
1687176000,948
1687176900,401
1687177800,274
1687178700,280
1687179600,315
1687180500,323
1687181400,298
1687182300,284
1687183200,388
1687184100,385
1687185000,304
1687185900,307
1687186800,311
1687187700,289
1687188600,346
1687189500,466
1687190400,395
1687191300,450
1687192200,438
1687193100,390
1687194000,585
1687194900,806
1687195800,736
1687196700,308
1687197600,285
1687198500,284
1687199400,297
1687200300,298
1687201200,323
1687202100,314
1687203000,296
1687203900,279
1687204800,277
1687205700,272
1687206600,264
1687207500,259
1687208400,245
1687209300,240
1687210200,230
1687211100,216
1687212000,196
1687212900,165
1687213800,160
1687214700,154
1687215600,144
1687216500,136
1687217400,154
1687218300,149
1687219200,134
1687220100,139
1687221000,161
1687221900,163
1687222800,152
1687223700,143
1687224600,157
1687225500,167
1687226400,148
1687227300,147
1687228200,164
1687229100,168
1687230000,160
1687230900,137
1687231800,138
1687232700,146
1687233600,143
1687234500,136
1687235400,136
1687236300,142
1687237200,145
1687238100,150
1687239000,141
1687239900,137
1687240800,165
1687241700,143
1687242600,161
1687243500,154
1687244400,241
1687245300,274
1687246200,219
1687247100,204
1687248000,206
1687248900,199
1687249800,199
1687250700,191
1687251600,233
1687252500,246
1687253400,700
1687254300,693
1687255200,460
1687256100,317
1687257000,403
1687257900,257
1687258800,266
1687259700,254
1687260600,262
1687261500,431
1687262400,429
1687263300,388
1687264200,826
1687265100,370
1687266000,484
1687266900,403
1687267800,381
1687268700,725
1687269600,637
1687270500,535
1687271400,545
1687272300,1003
1687273200,624
1687274100,921
1687275000,796
1687275900,499
1687276800,363
1687277700,354
1687278600,463
1687279500,356
1687280400,392
1687281300,369
1687282200,421
1687283100,375
1687284000,372
1687284900,371
1687285800,372
1687286700,356
1687287600,362
1687288500,379
1687289400,333
1687290300,306
1687291200,320
1687292100,318
1687293000,308
1687293900,292
1687294800,242
1687295700,185
1687296600,165
1687297500,139
1687298400,137
1687299300,150
1687300200,147
1687301100,147
1687302000,137
1687302900,153
1687303800,149
1687304700,159
1687305600,153
1687306500,155
1687307400,138
1687308300,150
1687309200,157
1687310100,190
1687311000,151
1687311900,160
1687312800,150
1687313700,172
1687314600,148
1687315500,146
1687316400,151
1687317300,162
1687318200,141
1687319100,145
1687320000,133
1687320900,142
1687321800,132
1687322700,143
1687323600,144
1687324500,143
1687325400,144
1687326300,213
1687327200,144
1687328100,330
1687329000,967
1687329900,475
1687330800,368
1687331700,244
1687332600,275
1687333500,363
1687334400,391
1687335300,266
1687336200,358
1687337100,298
1687338000,428
1687338900,429
1687339800,286
1687340700,306
1687341600,357
1687342500,269
1687343400,233
1687344300,255
1687345200,258
1687346100,283
1687347000,250
1687347900,249
1687348800,242
1687349700,259
1687350600,370
1687351500,364
1687352400,326
1687353300,326
1687354200,347
1687355100,330
1687356000,331
1687356900,516
1687357800,1147
1687358700,972
1687359600,748
1687360500,339
1687361400,312
1687362300,383
1687363200,647
1687364100,1111
1687365000,531
1687365900,476
1687366800,973
1687367700,535
1687368600,368
1687369500,328
1687370400,312
1687371300,332
1687372200,375
1687373100,344
1687374000,358
1687374900,337
1687375800,350
1687376700,345
1687377600,343
1687378500,232
1687379400,204
1687380300,181
1687381200,144
1687382100,132
1687383000,156
1687383900,146
1687384800,145
1687385700,132
1687386600,166
1687387500,157
1687388400,172
1687389300,148
1687390200,149
1687391100,147
1687392000,144
1687392900,149
1687393800,160
1687394700,152
1687395600,158
1687396500,145
1687397400,161
1687398300,161
1687399200,143
1687400100,159
1687401000,163
1687401900,151
1687402800,156
1687403700,135
1687404600,173
1687405500,143
1687406400,157
1687407300,242
1687408200,204
1687409100,173
1687410000,168
1687410900,158
1687411800,180
1687412700,208
1687413600,171
1687414500,355
1687415400,302
1687416300,312
1687417200,233
1687418100,337
1687419000,210
1687419900,227
1687420800,332
1687421700,254
1687422600,230
1687423500,171
1687424400,137
1687425300,162
1687426200,160
1687427100,202
1687428000,314
1687428900,350
1687429800,387
1687430700,354
1687431600,983
1687432500,991
1687433400,786
1687434300,367
1687435200,348
1687436100,363
1687437000,345
1687437900,441
1687438800,415
1687439700,351
1687440600,370
1687441500,388
1687442400,316
1687443300,312
1687444200,338
1687445100,363
1687446000,344
1687446900,320
1687447800,358
1687448700,392
1687449600,457
1687450500,296
1687451400,365
1687452300,476
1687453200,491
1687454100,369
1687455000,374
1687455900,383
1687456800,379
1687457700,375
1687458600,383
1687459500,419
1687460400,426
1687461300,433
1687462200,443
1687463100,446
1687464000,395
1687464900,332
1687465800,191
1687466700,153
1687467600,158
1687468500,148
1687469400,137
1687470300,144
1687471200,153
1687472100,167
1687473000,155
1687473900,159
1687474800,139
1687475700,169
1687476600,151
1687477500,136
1687478400,119
1687479300,136
1687480200,148
1687481100,148
1687482000,129
1687482900,140
1687483800,135
1687484700,159
1687485600,134
1687486500,141
1687487400,170
1687488300,161
1687489200,140
1687490100,155
1687491000,151
1687491900,148
1687492800,184
1687493700,267
1687494600,229
1687495500,240
1687496400,214
1687497300,181
1687498200,188
1687499100,159
1687500000,228
1687500900,187
1687501800,185
1687502700,174
1687503600,201
1687504500,218
1687505400,422
1687506300,198
1687507200,136
1687508100,141
1687509000,142
1687509900,135
1687510800,134
1687511700,138
1687512600,511
1687513500,399
1687514400,273
1687515300,194
1687516200,242
1687517100,246
1687518000,273
1687518900,206
1687519800,201
1687520700,331
1687521600,295
1687522500,238
1687523400,222
1687524300,244
1687525200,282
1687526100,224
1687527000,210
1687527900,220
1687528800,243
1687529700,229
1687530600,230
1687531500,324
1687532400,338
1687533300,361
1687534200,334
1687535100,473
1687536000,385
1687536900,354
1687537800,373
1687538700,435
1687539600,507
1687540500,414
1687541400,448
1687542300,411
1687543200,441
1687544100,405
1687545000,419
1687545900,394
1687546800,420
1687547700,457
1687548600,440
1687549500,433
1687550400,396
1687551300,469
1687552200,777
1687553100,211
1687554000,210
1687554900,642
1687555800,460
1687556700,162
1687557600,180
1687558500,172
1687559400,172
1687560300,174
1687561200,191
1687562100,176
1687563000,179
1687563900,162
1687564800,175
1687565700,153
1687566600,161
1687567500,159
1687568400,169
1687569300,163
1687570200,160
1687571100,155
1687572000,174
1687572900,165
1687573800,193
1687574700,159
1687575600,177
1687576500,176
1687577400,155
1687578300,199
1687579200,187
1687580100,305
1687581000,263
1687581900,279
1687582800,190
1687583700,277
1687584600,185
1687585500,190
1687586400,212
1687587300,183
1687588200,200
1687589100,373
1687590000,368
1687590900,276
1687591800,244
1687592700,235
1687593600,267
1687594500,287
1687595400,237
1687596300,216
1687597200,223
1687598100,226
1687599000,220
1687599900,219
1687600800,230
1687601700,460
1687602600,397
1687603500,433
1687604400,301
1687605300,269
1687606200,356
1687607100,302
1687608000,345
1687608900,285
1687609800,341
1687610700,339
1687611600,315
1687612500,277
1687613400,284
1687614300,282
1687615200,249
1687616100,238
1687617000,237
1687617900,246
1687618800,259
1687619700,321
1687620600,300
1687621500,321
1687622400,576
1687623300,608
1687624200,278
1687625100,282
1687626000,311
1687626900,370
1687627800,293
1687628700,334
1687629600,411
1687630500,428
1687631400,399
1687632300,394
1687633200,387
1687634100,438
1687635000,408
1687635900,358
1687636800,314
1687637700,274
1687638600,212
1687639500,220
1687640400,203
1687641300,211
1687642200,204
1687643100,202
1687644000,202
1687644900,184
1687645800,144
1687646700,185
1687647600,160
1687648500,168
1687649400,149
1687650300,156
1687651200,169
1687652100,179
1687653000,138
1687653900,148
1687654800,140
1687655700,157
1687656600,138
1687657500,146
1687658400,138
1687659300,158
1687660200,168
1687661100,157
1687662000,137
1687662900,161
1687663800,159
1687664700,188
1687665600,163
1687666500,321
1687667400,172
1687668300,231
1687669200,219
1687670100,204
1687671000,202
1687671900,209
1687672800,222
1687673700,214
1687674600,279
1687675500,277
1687676400,248
1687677300,223
1687678200,452
1687679100,298
1687680000,252
1687680900,235
1687681800,241
1687682700,364
1687683600,296
1687684500,273
1687685400,334
1687686300,313
1687687200,514
1687688100,405
1687689000,372
1687689900,320
1687690800,308
1687691700,292
1687692600,301
1687693500,355
1687694400,345
1687695300,300
1687696200,307
1687697100,317
1687698000,258
1687698900,310
1687699800,311
1687700700,366
1687701600,379
1687702500,292
1687703400,479
1687704300,444
1687705200,459
1687706100,345
1687707000,364
1687707900,366
1687708800,336
1687709700,309
1687710600,323
1687711500,327
1687712400,349
1687713300,316
1687714200,320
1687715100,315
1687716000,334
1687716900,300
1687717800,327
1687718700,332
1687719600,332
1687720500,348
1687721400,354
1687722300,374
1687723200,323
1687724100,505
1687725000,1215
1687725900,827
1687726800,475
1687727700,735
1687728600,479
1687729500,174
1687730400,177
1687731300,201
1687732200,197
1687733100,155
1687734000,159
1687734900,164
1687735800,171
1687736700,160
1687737600,173
1687738500,179
1687739400,171
1687740300,164
1687741200,148
1687742100,157
1687743000,148
1687743900,166
1687744800,150
1687745700,167
1687746600,148
1687747500,172
1687748400,152
1687749300,170
1687750200,179
1687751100,153
1687752000,175
1687752900,178
1687753800,404
1687754700,809
1687755600,851
1687756500,681
1687757400,542
1687758300,231
1687759200,809
1687760100,427
1687761000,282
1687761900,466
1687762800,314
1687763700,301
1687764600,235
1687765500,225
1687766400,242
1687767300,258
1687768200,241
1687769100,234
1687770000,250
1687770900,249
1687771800,254
1687772700,568
1687773600,1003
1687774500,828
1687775400,440
1687776300,352
1687777200,313
1687778100,269
1687779000,271
1687779900,277
1687780800,523
1687781700,336
1687782600,319
1687783500,278
1687784400,260
1687785300,250
1687786200,259
1687787100,269
1687788000,258
1687788900,261
1687789800,248
1687790700,231
1687791600,245
1687792500,236
1687793400,263
1687794300,431
1687795200,240
1687796100,233
1687797000,221
1687797900,204
1687798800,981
1687799700,504
1687800600,250
1687801500,258
1687802400,235
1687803300,242
1687804200,244
1687805100,278
1687806000,314
1687806900,316
1687807800,315
1687808700,320
1687809600,332
1687810500,314
1687811400,304
1687812300,219
1687813200,170
1687814100,204
1687815000,187
1687815900,182
1687816800,180
1687817700,180
1687818600,194
1687819500,199
1687820400,173
1687821300,169
1687822200,163
1687823100,159
1687824000,148
1687824900,146
1687825800,167
1687826700,170
1687827600,141
1687828500,133
1687829400,139
1687830300,152
1687831200,134
1687832100,142
1687833000,141
1687833900,148
1687834800,156
1687835700,142
1687836600,144
1687837500,151
1687838400,161
1687839300,155
1687840200,180
1687841100,180
1687842000,155
1687842900,179
1687843800,162
1687844700,182
1687845600,186
1687846500,215
1687847400,197
1687848300,243
1687849200,261
1687850100,299
1687851000,299
1687851900,225
1687852800,253
1687853700,260
1687854600,298
1687855500,267
1687856400,420
1687857300,376
1687858200,442
1687859100,376
1687860000,211
1687860900,268
1687861800,195
1687862700,459
1687863600,533
1687864500,281
1687865400,308
1687866300,690
1687867200,512
1687868100,208
1687869000,183
1687869900,223
1687870800,213
1687871700,220
1687872600,197
1687873500,193
1687874400,170
1687875300,177
1687876200,257
1687877100,197
1687878000,191
1687878900,189
1687879800,200
1687880700,195
1687881600,278
1687882500,219
1687883400,196
1687884300,155
1687885200,159
1687886100,136
1687887000,149
1687887900,136
1687888800,129
1687889700,130
1687890600,134
1687891500,136
1687892400,129
1687893300,160
1687894200,141
1687895100,172
1687896000,185
1687896900,186
1687897800,188
1687898700,168
1687899600,152
1687900500,132
1687901400,144
1687902300,144
1687903200,147
1687904100,157
1687905000,149
1687905900,167
1687906800,148
1687907700,177
1687908600,156
1687909500,155
1687910400,145
1687911300,175
1687912200,153
1687913100,160
1687914000,138
1687914900,155
1687915800,143
1687916700,142
1687917600,132
1687918500,141
1687919400,139
1687920300,147
1687921200,147
1687922100,156
1687923000,137
1687923900,153
1687924800,137
1687925700,160
1687926600,172
1687927500,174
1687928400,160
1687929300,160
1687930200,174
1687931100,153
1687932000,171
1687932900,171
1687933800,171
1687934700,148
1687935600,180
1687936500,797
1687937400,229
1687938300,231
1687939200,229
1687940100,250
1687941000,255
1687941900,227
1687942800,250
1687943700,226
1687944600,223
1687945500,190
1687946400,180
1687947300,177
1687948200,201
1687949100,363
1687950000,792
1687950900,498
1687951800,181
1687952700,151
1687953600,148
1687954500,162
1687955400,218
1687956300,216
1687957200,269
1687958100,279
1687959000,253
1687959900,270
1687960800,267
1687961700,341
1687962600,274
1687963500,253
1687964400,251
1687965300,258
1687966200,248
1687967100,246
1687968000,259
1687968900,252
1687969800,263
1687970700,231
1687971600,340
1687972500,259
1687973400,344
1687974300,240
1687975200,225
1687976100,266
1687977000,291
1687977900,308
1687978800,353
1687979700,361
1687980600,408
1687981500,369
1687982400,380
1687983300,770
1687984200,779
1687985100,274
1687986000,258
1687986900,223
1687987800,209
1687988700,244
1687989600,226
1687990500,229
1687991400,182
1687992300,206
1687993200,195
1687994100,209
1687995000,183
1687995900,209
1687996800,217
1687997700,199
1687998600,193
1687999500,203
1688000400,209
1688001300,207
1688002200,186
1688003100,181
1688004000,197
1688004900,190
1688005800,188
1688006700,184
1688007600,189
1688008500,180
1688009400,239
1688010300,206
1688011200,217
1688012100,325
1688013000,290
1688013900,216
1688014800,507
1688015700,856
1688016600,781
1688017500,651
1688018400,507
1688019300,175
1688020200,192
1688021100,188
1688022000,211
1688022900,166
1688023800,166
1688024700,154
1688025600,149
1688026500,139
1688027400,163
1688028300,156
1688029200,158
1688030100,137
1688031000,155
1688031900,143
1688032800,143
1688033700,133
1688034600,137
1688035500,180
1688036400,203
1688037300,269
1688038200,322
1688039100,260
1688040000,284
1688040900,217
1688041800,278
1688042700,207
1688043600,210
1688044500,205
1688045400,231
1688046300,314
1688047200,279
1688048100,235
1688049000,326
1688049900,367
1688050800,505
1688051700,419
1688052600,300
1688053500,279
1688054400,273
1688055300,400
1688056200,308
1688057100,300
1688058000,288
1688058900,308
1688059800,475
1688060700,348
1688061600,414
1688062500,340
1688063400,369
1688064300,361
1688065200,385
1688066100,398
1688067000,447
1688067900,425
1688068800,863
1688069700,494
1688070600,404
1688071500,557
1688072400,650
1688073300,154
1688074200,152
1688075100,123
1688076000,152
1688076900,152
1688077800,157
1688078700,135
1688079600,145
1688080500,158
1688081400,150
1688082300,124
1688083200,150
1688084100,150
1688085000,155
1688085900,132
1688086800,149
1688087700,165
1688088600,181
1688089500,137
1688090400,144
1688091300,145
1688092200,152
1688093100,135
1688094000,142
1688094900,137
1688095800,168
1688096700,177
1688097600,158
1688098500,266
1688099400,272
1688100300,196
1688101200,301
1688102100,705
1688103000,175
1688103900,168
1688104800,171
1688105700,179
1688106600,169
1688107500,153
1688108400,161
1688109300,430
1688110200,233
1688111100,252
1688112000,226
1688112900,228
1688113800,244
1688114700,510
1688115600,590
1688116500,279
1688117400,184
1688118300,230
1688119200,241
1688120100,220
1688121000,231
1688121900,203
1688122800,180
1688123700,286
1688124600,273
1688125500,246
1688126400,257
1688127300,207
1688128200,219
1688129100,209
1688130000,206
1688130900,226
1688131800,207
1688132700,223
1688133600,206
1688134500,208
1688135400,211
1688136300,281
1688137200,386
1688138100,350
1688139000,284
1688139900,268
1688140800,279
1688141700,329
1688142600,298
1688143500,320
1688144400,427
1688145300,646
1688146200,609
1688147100,287
1688148000,288
1688148900,298
1688149800,274
1688150700,285
1688151600,257
1688152500,286
1688153400,345
1688154300,343
1688155200,422
1688156100,836
1688157000,251
1688157900,240
1688158800,245
1688159700,204
1688160600,177
1688161500,140
1688162400,153
1688163300,134
1688164200,153
1688165100,155
1688166000,180
1688166900,142
1688167800,158
1688168700,153
1688169600,165
1688170500,143
1688171400,166
1688172300,154
1688173200,171
1688174100,140
1688175000,158
1688175900,152
1688176800,151
1688177700,138
1688178600,152
1688179500,134
1688180400,150
1688181300,149
1688182200,157
1688183100,165
1688184000,170
1688184900,305
1688185800,268
1688186700,176
1688187600,168
1688188500,127
1688189400,445
1688190300,798
1688191200,653
1688192100,623
1688193000,213
1688193900,405
1688194800,296
1688195700,194
1688196600,198
1688197500,187
1688198400,256
1688199300,234
1688200200,206
1688201100,271
1688202000,224
1688202900,250
1688203800,226
1688204700,325
1688205600,231
1688206500,200
1688207400,280
1688208300,186
1688209200,188
1688210100,198
1688211000,187
1688211900,185
1688212800,206
1688213700,221
1688214600,207
1688215500,222
1688216400,202
1688217300,220
1688218200,206
1688219100,210
1688220000,148
1688220900,193
1688221800,247
1688222700,223
1688223600,250
1688224500,273
1688225400,290
1688226300,288
1688227200,265
1688228100,294
1688229000,298
1688229900,463
1688230800,388
1688231700,323
1688232600,330
1688233500,340
1688234400,313
1688235300,307
1688236200,308
1688237100,344
1688238000,352
1688238900,314
1688239800,308
1688240700,318
1688241600,343
1688242500,344
1688243400,644
1688244300,285
1688245200,257
1688246100,257
1688247000,234
1688247900,237
1688248800,149
1688249700,149
1688250600,138
1688251500,142
1688252400,151
1688253300,154
1688254200,139
1688255100,134
1688256000,141
1688256900,154
1688257800,130
1688258700,143
1688259600,143
1688260500,166
1688261400,139
1688262300,134
1688263200,136
1688264100,139
1688265000,120
1688265900,129
1688266800,121
1688267700,141
1688268600,132
1688269500,156
1688270400,152
1688271300,235
1688272200,145
1688273100,176
1688274000,191
1688274900,203
1688275800,178
1688276700,166
1688277600,622
1688278500,761
1688279400,644
1688280300,249
1688281200,201
1688282100,212
1688283000,204
1688283900,244
1688284800,255
1688285700,270
1688286600,269
1688287500,278
1688288400,291
1688289300,293
1688290200,261
1688291100,255
1688292000,263
1688292900,536
1688293800,704
1688294700,266
1688295600,368
1688296500,324
1688297400,310
1688298300,293
1688299200,254
1688300100,348
1688301000,369
1688301900,284
1688302800,279
1688303700,262
1688304600,273
1688305500,248
1688306400,241
1688307300,315
1688308200,378
1688309100,289
1688310000,351
1688310900,356
1688311800,301
1688312700,309
1688313600,310
1688314500,318
1688315400,469
1688316300,378
1688317200,340
1688318100,313
1688319000,310
1688319900,381
1688320800,376
1688321700,372
1688322600,390
1688323500,396
1688324400,412
1688325300,446
1688326200,455
1688327100,413
1688328000,385
1688328900,286
1688329800,222
1688330700,213
1688331600,199
1688332500,202
1688333400,197
1688334300,215
1688335200,198
1688336100,146
1688337000,155
1688337900,154
1688338800,144
1688339700,134
1688340600,155
1688341500,161
1688342400,156
1688343300,140
1688344200,166
1688345100,160
1688346000,157
1688346900,146
1688347800,164
1688348700,161
1688349600,160
1688350500,135
1688351400,144
1688352300,144
1688353200,142
1688354100,132
1688355000,152
1688355900,166
1688356800,157
1688357700,209
1688358600,163
1688359500,165
1688360400,221
1688361300,149
1688362200,183
1688363100,182
1688364000,618
1688364900,244
1688365800,180
1688366700,390
1688367600,619
1688368500,148
1688369400,160
1688370300,171
1688371200,295
1688372100,243
1688373000,285
1688373900,249
1688374800,271
1688375700,376
1688376600,358
1688377500,481
1688378400,289
1688379300,254
1688380200,273
1688381100,277
1688382000,246
1688382900,228
1688383800,254
1688384700,365
1688385600,362
1688386500,390
1688387400,338
1688388300,347
1688389200,356
1688390100,324
1688391000,311
1688391900,296
1688392800,292
1688393700,295
1688394600,310
1688395500,317
1688396400,310
1688397300,303
1688398200,333
1688399100,295
1688400000,336
1688400900,259
1688401800,332
1688402700,308
1688403600,236
1688404500,253
1688405400,267
1688406300,250
1688407200,229
1688408100,243
1688409000,286
1688409900,277
1688410800,252
1688411700,271
1688412600,280
1688413500,225
1688414400,222
1688415300,194
1688416200,223
1688417100,188
1688418000,188
1688418900,190
1688419800,200
1688420700,153
1688421600,145
1688422500,132
1688423400,155
1688424300,140
1688425200,147
1688426100,146
1688427000,183
1688427900,176
1688428800,162
1688429700,132
1688430600,162
1688431500,163
1688432400,145
1688433300,170
1688434200,160
1688435100,162
1688436000,150
1688436900,155
1688437800,155
1688438700,156
1688439600,146
1688440500,147
1688441400,154
1688442300,147
1688443200,153
1688444100,160
1688445000,162
1688445900,157
1688446800,176
1688447700,165
1688448600,152
1688449500,139
1688450400,142
1688451300,132
1688452200,125
1688453100,206
1688454000,323
1688454900,182
1688455800,211
1688456700,572
1688457600,673
1688458500,529
1688459400,435
1688460300,357
1688461200,307
1688462100,322
1688463000,721
1688463900,474
1688464800,486
1688465700,524
1688466600,338
1688467500,271
1688468400,669
1688469300,470
1688470200,358
1688471100,428
1688472000,1002
1688472900,355
1688473800,320
1688474700,306
1688475600,287
1688476500,437
1688477400,388
1688478300,314
1688479200,416
1688480100,332
1688481000,284
1688481900,287
1688482800,261
1688483700,274
1688484600,285
1688485500,263
1688486400,285
1688487300,260
1688488200,351
1688489100,326
1688490000,269
1688490900,364
1688491800,364
1688492700,380
1688493600,248
1688494500,251
1688495400,233
1688496300,236
1688497200,256
1688498100,245
1688499000,260
1688499900,240
1688500800,274
1688501700,275
1688502600,329
1688503500,301
1688504400,288
1688505300,244
1688506200,240
1688507100,217
1688508000,230
1688508900,165
1688509800,135
1688510700,137
1688511600,133
1688512500,137
1688513400,141
1688514300,146
1688515200,150
1688516100,143
1688517000,140
1688517900,142
1688518800,170
1688519700,154
1688520600,143
1688521500,150
1688522400,170
1688523300,137
1688524200,156
1688525100,158
1688526000,164
1688526900,151
1688527800,150
1688528700,155
1688529600,160
1688530500,150
1688531400,167
1688532300,165
1688533200,167
1688534100,158
1688535000,139
1688535900,150
1688536800,154
1688537700,137
1688538600,144
1688539500,135
1688540400,246
1688541300,204
1688542200,344
1688543100,510
1688544000,291
1688544900,251
1688545800,236
1688546700,256
1688547600,350
1688548500,313
1688549400,328
1688550300,309
1688551200,325
1688552100,315
1688553000,339
1688553900,320
1688554800,297
1688555700,288
1688556600,504
1688557500,541
1688558400,378
1688559300,345
1688560200,339
1688561100,326
1688562000,328
1688562900,389
1688563800,320
1688564700,301
1688565600,276
1688566500,244
1688567400,222
1688568300,278
1688569200,294
1688570100,269
1688571000,265
1688571900,250
1688572800,298
1688573700,257
1688574600,235
1688575500,243
1688576400,255
1688577300,728
1688578200,519
1688579100,359
1688580000,539
1688580900,879
1688581800,321
1688582700,301
1688583600,315
1688584500,334
1688585400,370
1688586300,359
1688587200,333
1688588100,326
1688589000,247
1688589900,213
1688590800,205
1688591700,173
1688592600,140
1688593500,150
1688594400,139
1688595300,147
1688596200,126
1688597100,137
1688598000,131
1688598900,155
1688599800,136
1688600700,142
1688601600,133
1688602500,169
1688603400,140
1688604300,150
1688605200,134
1688606100,168
1688607000,158
1688607900,159
1688608800,135
1688609700,158
1688610600,160
1688611500,147
1688612400,157
1688613300,158
1688614200,179
1688615100,160
1688616000,210
1688616900,159
1688617800,150
1688618700,134
1688619600,237
1688620500,146
1688621400,199
1688622300,145
1688623200,312
1688624100,344
1688625000,203
1688625900,165
1688626800,196
1688627700,177
1688628600,187
1688629500,334
1688630400,232
1688631300,248
1688632200,319
1688633100,220
1688634000,242
1688634900,270
1688635800,250
1688636700,229
1688637600,290
1688638500,274
1688639400,241
1688640300,248
1688641200,278
1688642100,282
1688643000,276
1688643900,254
1688644800,376
1688645700,306
1688646600,260
1688647500,278
1688648400,279
1688649300,335
1688650200,290
1688651100,303
1688652000,299
1688652900,295
1688653800,265
1688654700,252
1688655600,258
1688656500,271
1688657400,244
1688658300,264
1688659200,398
1688660100,280
1688661000,299
1688661900,301
1688662800,286
1688663700,352
1688664600,348
1688665500,352
1688666400,372
1688667300,357
1688668200,337
1688669100,383
1688670000,390
1688670900,482
1688671800,501
1688672700,491
1688673600,436
1688674500,442
1688675400,370
1688676300,315
1688677200,234
1688678100,204
1688679000,196
1688679900,189
1688680800,200
1688681700,252
1688682600,169
1688683500,129
1688684400,134
1688685300,125
1688686200,142
1688687100,127
1688688000,137
1688688900,129
1688689800,154
1688690700,149
1688691600,146
1688692500,146
1688693400,152
1688694300,171
1688695200,155
1688696100,159
1688697000,139
1688697900,169
1688698800,152
1688699700,146
1688700600,161
1688701500,169
1688702400,172
1688703300,196
1688704200,157
1688705100,153
1688706000,169
1688706900,165
1688707800,257
1688708700,160
1688709600,183
1688710500,164
1688711400,172
1688712300,160
1688713200,177
1688714100,172
1688715000,289
1688715900,330
1688716800,223
1688717700,187
1688718600,215
1688719500,312
1688720400,284
1688721300,467
1688722200,227
1688723100,235
1688724000,811
1688724900,583
1688725800,382
1688726700,317
1688727600,247
1688728500,338
1688729400,325
1688730300,295
1688731200,264
1688732100,256
1688733000,255
1688733900,272
1688734800,249
1688735700,259
1688736600,250
1688737500,258
1688738400,218
1688739300,286
1688740200,259
1688741100,263
1688742000,259
1688742900,248
1688743800,254
1688744700,439
1688745600,404
1688746500,343
1688747400,339
1688748300,477
1688749200,385
1688750100,513
1688751000,431
1688751900,418
1688752800,394
1688753700,387
1688754600,399
1688755500,372
1688756400,383
1688757300,367
1688758200,351
1688759100,367
1688760000,357
1688760900,806
1688761800,350
1688762700,250
1688763600,412
1688764500,797
1688765400,223
1688766300,178
1688767200,149
1688768100,143
1688769000,153
1688769900,128
1688770800,143
1688771700,132
1688772600,131
1688773500,124
1688774400,133
1688775300,132
1688776200,147
1688777100,148
1688778000,158
1688778900,147
1688779800,162
1688780700,142
1688781600,153
1688782500,156
1688783400,168
1688784300,134
1688785200,163
1688786100,152
1688787000,169
1688787900,145
1688788800,166
1688789700,188
1688790600,193
1688791500,137
1688792400,163
1688793300,156
1688794200,162
1688795100,152
1688796000,162
1688796900,153
1688797800,213
1688798700,162
1688799600,158
1688800500,176
1688801400,220
1688802300,232
1688803200,319
1688804100,264
1688805000,277
1688805900,283
1688806800,290
1688807700,238
1688808600,226
1688809500,411
1688810400,452
1688811300,297
1688812200,339
1688813100,340
1688814000,292
1688814900,386
1688815800,274
1688816700,301
1688817600,322
1688818500,335
1688819400,281
1688820300,288
1688821200,306
1688822100,264
1688823000,250
1688823900,238
1688824800,273
1688825700,273
1688826600,264
1688827500,245
1688828400,305
1688829300,308
1688830200,310
1688831100,284
1688832000,296
1688832900,283
1688833800,282
1688834700,259
1688835600,251
1688836500,264
1688837400,265
1688838300,259
1688839200,267
1688840100,270
1688841000,282
1688841900,355
1688842800,403
1688843700,396
1688844600,427
1688845500,419
1688846400,371
1688847300,380
1688848200,306
1688849100,272
1688850000,205
1688850900,185
1688851800,172
1688852700,150
1688853600,150
1688854500,157
1688855400,128
1688856300,154
1688857200,126
1688858100,144
1688859000,123
1688859900,130
1688860800,123
1688861700,133
1688862600,143
1688863500,155
1688864400,135
1688865300,153
1688866200,138
1688867100,168
1688868000,152
1688868900,160
1688869800,133
1688870700,170
1688871600,145
1688872500,151
1688873400,151
1688874300,163
1688875200,181
1688876100,181
1688877000,201
1688877900,164
1688878800,159
1688879700,157
1688880600,161
1688881500,199
1688882400,167
1688883300,143
1688884200,154
1688885100,153
1688886000,153
1688886900,169
1688887800,203
1688888700,237
1688889600,208
1688890500,257
1688891400,240
1688892300,290
1688893200,224
1688894100,284
1688895000,649
1688895900,911
1688896800,325
1688897700,263
1688898600,266
1688899500,293
1688900400,356
1688901300,324
1688902200,342
1688903100,288
1688904000,241
1688904900,245
1688905800,243
1688906700,207
1688907600,196
1688908500,214
1688909400,175
1688910300,157
1688911200,164
1688912100,154
1688913000,173
1688913900,260
1688914800,193
1688915700,194
1688916600,220
1688917500,202
1688918400,203
1688919300,207
1688920200,235
1688921100,203
1688922000,224
1688922900,199
1688923800,229
1688924700,232
1688925600,237
1688926500,279
1688927400,255
1688928300,240
1688929200,296
1688930100,323
1688931000,331
1688931900,355
1688932800,374
1688933700,331
1688934600,537
1688935500,819
1688936400,704
1688937300,208
1688938200,231
1688939100,221
1688940000,217
1688940900,203
1688941800,234
1688942700,192
1688943600,193
1688944500,169
1688945400,161
1688946300,151
1688947200,136
1688948100,143
1688949000,134
1688949900,153
1688950800,146
1688951700,171
1688952600,149
1688953500,158
1688954400,140
1688955300,151
1688956200,159
1688957100,139
1688958000,131
1688958900,138
1688959800,140
1688960700,140
1688961600,135
1688962500,189
1688963400,171
1688964300,160
1688965200,181
1688966100,277
1688967000,339
1688967900,332
1688968800,227
1688969700,239
1688970600,283
1688971500,421
1688972400,402
1688973300,784
1688974200,1094
1688975100,1028
1688976000,862
1688976900,910
1688977800,361
1688978700,267
1688979600,283
1688980500,419
1688981400,667
1688982300,393
1688983200,422
1688984100,373
1688985000,346
1688985900,231
1688986800,402
1688987700,277
1688988600,222
1688989500,287
1688990400,359
1688991300,247
1688992200,272
1688993100,313
1688994000,257
1688994900,249
1688995800,229
1688996700,242
1688997600,264
1688998500,242
1688999400,198
1689000300,252
1689001200,184
1689002100,181
1689003000,202
1689003900,266
1689004800,558
1689005700,406
1689006600,234
1689007500,246
1689008400,203
1689009300,199
1689010200,211
1689011100,226
1689012000,220
1689012900,209
1689013800,247
1689014700,224
1689015600,222
1689016500,241
1689017400,252
1689018300,260
1689019200,223
1689020100,223
1689021000,213
1689021900,205
1689022800,196
1689023700,157
1689024600,161
1689025500,357
1689026400,1079
1689027300,192
1689028200,210
1689029100,696
1689030000,390
1689030900,205
1689031800,145
1689032700,148
1689033600,126
1689034500,159
1689035400,154
1689036300,159
1689037200,134
1689038100,170
1689039000,162
1689039900,159
1689040800,137
1689041700,155
1689042600,153
1689043500,169
1689044400,132
1689045300,142
1689046200,133
1689047100,148
1689048000,138
1689048900,141
1689049800,132
1689050700,141
1689051600,155
1689052500,133
1689053400,132
1689054300,159
1689055200,139
1689056100,245
1689057000,173
1689057900,156
1689058800,206
1689059700,288
1689060600,232
1689061500,233
1689062400,251
1689063300,277
1689064200,742
1689065100,604
1689066000,327
1689066900,226
1689067800,211
1689068700,336
1689069600,725
1689070500,543
1689071400,247
1689072300,234
1689073200,288
1689074100,248
1689075000,286
1689075900,733
1689076800,277
1689077700,271
1689078600,274
1689079500,322
1689080400,297
1689081300,453
1689082200,380
1689083100,589
1689084000,890
1689084900,818
1689085800,793
1689086700,371
1689087600,483
1689088500,401
1689089400,316
1689090300,281
1689091200,278
1689092100,263
1689093000,265
1689093900,258
1689094800,400
1689095700,980
1689096600,302
1689097500,302
1689098400,290
1689099300,321
1689100200,323
1689101100,642
1689102000,596
1689102900,345
1689103800,476
1689104700,893
1689105600,389
1689106500,345
1689107400,282
1689108300,262
1689109200,200
1689110100,166
1689111000,141
1689111900,124
1689112800,129
1689113700,119
1689114600,142
1689115500,126
1689116400,132
1689117300,140
1689118200,128
1689119100,140
1689120000,122
1689120900,148
1689121800,140
1689122700,158
1689123600,146
1689124500,150
1689125400,149
1689126300,140
1689127200,161
1689128100,159
1689129000,150
1689129900,153
1689130800,138
1689131700,169
1689132600,149
1689133500,140
1689134400,150
1689135300,162
1689136200,156
1689137100,153
1689138000,128
1689138900,170
1689139800,138
1689140700,140
1689141600,131
1689142500,138
1689143400,130
1689144300,253
1689145200,225
1689146100,266
1689147000,249
1689147900,277
1689148800,254
1689149700,338
1689150600,267
1689151500,252
1689152400,201
1689153300,259
1689154200,237
1689155100,267
1689156000,253
1689156900,263
1689157800,259
1689158700,382
1689159600,517
1689160500,285
1689161400,261
1689162300,604
1689163200,494
1689164100,361
1689165000,360
1689165900,372
1689166800,343
1689167700,339
1689168600,277
1689169500,357
1689170400,270
1689171300,269
1689172200,271
1689173100,258
1689174000,277
1689174900,259
1689175800,254
1689176700,255
1689177600,243
1689178500,245
1689179400,276
1689180300,446
1689181200,330
1689182100,218
1689183000,187
1689183900,217
1689184800,271
1689185700,277
1689186600,249
1689187500,252
1689188400,261
1689189300,267
1689190200,230
1689191100,258
1689192000,237
1689192900,257
1689193800,218
1689194700,212
1689195600,197
1689196500,206
1689197400,179
1689198300,161
1689199200,119
1689200100,127
1689201000,133
1689201900,130
1689202800,123
1689203700,130
1689204600,134
1689205500,137
1689206400,120
1689207300,147
1689208200,122
1689209100,183
1689210000,151
1689210900,155
1689211800,134
1689212700,154
1689213600,164
1689214500,140
1689215400,146
1689216300,151
1689217200,164
1689218100,152
1689219000,138
1689219900,151
1689220800,213
1689221700,160
1689222600,148
1689223500,200
1689224400,172
1689225300,187
1689226200,168
1689227100,165
1689228000,193
1689228900,169
1689229800,187
1689230700,317
1689231600,262
1689232500,426
1689233400,278
1689234300,218
1689235200,274
1689236100,288
1689237000,305
1689237900,237
1689238800,224
1689239700,266
1689240600,561
1689241500,495
1689242400,380
1689243300,274
1689244200,364
1689245100,319
1689246000,309
1689246900,316
1689247800,220
1689248700,196
1689249600,219
1689250500,219
1689251400,223
1689252300,234
1689253200,235
1689254100,271
1689255000,285
1689255900,266
1689256800,336
1689257700,295
1689258600,269
1689259500,282
1689260400,285
1689261300,263
1689262200,253
1689263100,264
1689264000,239
1689264900,251
1689265800,264
1689266700,258
1689267600,236
1689268500,249
1689269400,234
1689270300,234
1689271200,232
1689272100,228
1689273000,231
1689273900,230
1689274800,250
1689275700,273
1689276600,248
1689277500,229
1689278400,383
1689279300,724
1689280200,284
1689281100,241
1689282000,690
1689282900,432
1689283800,196
1689284700,200
1689285600,199
1689286500,159
1689287400,143
1689288300,146
1689289200,159
1689290100,142
1689291000,137
1689291900,129
1689292800,159
1689293700,120
1689294600,126
1689295500,122
1689296400,145
1689297300,126
1689298200,124
1689299100,124
1689300000,135
1689300900,135
1689301800,126
1689302700,127
1689303600,142
1689304500,154
1689305400,131
1689306300,152
1689307200,164
1689308100,202
1689309000,436
1689309900,664
1689310800,553
1689311700,234
1689312600,200
1689313500,178
1689314400,179
1689315300,178
1689316200,207
1689317100,188
1689318000,239
1689318900,375
1689319800,283
1689320700,273
1689321600,246
1689322500,237
1689323400,251
1689324300,491
1689325200,463
1689326100,309
1689327000,239
1689327900,392
1689328800,357
1689329700,230
1689330600,221
1689331500,397
1689332400,357
1689333300,254
1689334200,244
1689335100,229
1689336000,223
1689336900,216
1689337800,273
1689338700,265
1689339600,258
1689340500,233
1689341400,251
1689342300,277
1689343200,248
1689344100,267
1689345000,225
1689345900,226
1689346800,203
1689347700,207
1689348600,224
1689349500,268
1689350400,234
1689351300,245
1689352200,223
1689353100,245
1689354000,233
1689354900,251
1689355800,278
1689356700,293
1689357600,331
1689358500,336
1689359400,342
1689360300,275
1689361200,313
1689362100,319
1689363000,385
1689363900,385
1689364800,355
1689365700,312
1689366600,719
1689367500,297
1689368400,226
1689369300,461
1689370200,640
1689371100,194
1689372000,190
1689372900,132
1689373800,162
1689374700,144
1689375600,140
1689376500,134
1689377400,157
1689378300,147
1689379200,145
1689380100,120
1689381000,135
1689381900,125
1689382800,137
1689383700,119
1689384600,133
1689385500,124
1689386400,129
1689387300,128
1689388200,134
1689389100,129
1689390000,137
1689390900,128
1689391800,147
1689392700,162
1689393600,149
1689394500,179
1689395400,174
1689396300,161
1689397200,158
1689398100,156
1689399000,174
1689399900,285
1689400800,265
1689401700,128
1689402600,141
1689403500,168
1689404400,186
1689405300,208
1689406200,237
1689407100,210
1689408000,217
1689408900,207
1689409800,229
1689410700,211
1689411600,217
1689412500,200
1689413400,217
1689414300,210
1689415200,217
1689416100,211
1689417000,227
1689417900,257
1689418800,805
1689419700,363
1689420600,243
1689421500,321
1689422400,242
1689423300,235
1689424200,226
1689425100,238
1689426000,241
1689426900,236
1689427800,226
1689428700,220
1689429600,262
1689430500,214
1689431400,231
1689432300,255
1689433200,241
1689434100,252
1689435000,287
1689435900,357
1689436800,495
1689437700,368
1689438600,359
1689439500,351
1689440400,307
1689441300,281
1689442200,271
1689443100,236
1689444000,251
1689444900,287
1689445800,315
1689446700,319
1689447600,309
1689448500,345
1689449400,328
1689450300,364
1689451200,524
1689452100,881
1689453000,856
1689453900,380
1689454800,357
1689455700,251
1689456600,230
1689457500,236
1689458400,228
1689459300,159
1689460200,146
1689461100,128
1689462000,162
1689462900,140
1689463800,128
1689464700,121
1689465600,138
1689466500,118
1689467400,133
1689468300,120
1689469200,139
1689470100,131
1689471000,151
1689471900,135
1689472800,153
1689473700,159
1689474600,153
1689475500,141
1689476400,167
1689477300,148
1689478200,142
1689479100,154
1689480000,174
1689480900,190
1689481800,132
1689482700,160
1689483600,149
1689484500,139
1689485400,131
1689486300,154
1689487200,200
1689488100,155
1689489000,156
1689489900,156
1689490800,202
1689491700,264
1689492600,283
1689493500,255
1689494400,229
1689495300,215
1689496200,222
1689497100,210
1689498000,218
1689498900,328
1689499800,366
1689500700,266
1689501600,276
1689502500,250
1689503400,241
1689504300,224
1689505200,229
1689506100,205
1689507000,187
1689507900,210
1689508800,237
1689509700,202
1689510600,223
1689511500,214
1689512400,327
1689513300,258
1689514200,222
1689515100,277
1689516000,351
1689516900,196
1689517800,157
1689518700,173
1689519600,260
1689520500,159
1689521400,180
1689522300,222
1689523200,278
1689524100,198
1689525000,217
1689525900,213
1689526800,292
1689527700,279
1689528600,321
1689529500,286
1689530400,310
1689531300,332
1689532200,280
1689533100,275
1689534000,294
1689534900,284
1689535800,296
1689536700,284
1689537600,310
1689538500,525
1689539400,568
1689540300,287
1689541200,271
1689542100,256
1689543000,245
1689543900,242
1689544800,191
1689545700,141
1689546600,148
1689547500,149
1689548400,157
1689549300,146
1689550200,144
1689551100,146
1689552000,136
1689552900,148
1689553800,129
1689554700,153
1689555600,142
1689556500,143
1689557400,149
1689558300,135
1689559200,157
1689560100,138
1689561000,129
1689561900,138
1689562800,124
1689563700,128
1689564600,122
1689565500,142
1689566400,189
1689567300,186
1689568200,143
1689569100,180
1689570000,145
1689570900,179
1689571800,232
1689572700,161
1689573600,191
1689574500,199
1689575400,183
1689576300,189
1689577200,229
1689578100,269
1689579000,246
1689579900,247
1689580800,242
1689581700,238
1689582600,221
1689583500,431
1689584400,244
1689585300,562
1689586200,647
1689587100,316
1689588000,284
1689588900,662
1689589800,450
1689590700,252
1689591600,308
1689592500,779
1689593400,385
1689594300,224
1689595200,208
1689596100,219
1689597000,244
1689597900,232
1689598800,238
1689599700,271
1689600600,235
1689601500,277
1689602400,334
1689603300,257
1689604200,263
1689605100,289
1689606000,272
1689606900,255
1689607800,234
1689608700,398
1689609600,246
1689610500,333
1689611400,282
1689612300,313
1689613200,264
1689614100,254
1689615000,268
1689615900,273
1689616800,286
1689617700,329
1689618600,326
1689619500,321
1689620400,321
1689621300,313
1689622200,326
1689623100,315
1689624000,317
1689624900,275
1689625800,280
1689626700,261
1689627600,253
1689628500,244
1689629400,221
1689630300,200
1689631200,156
1689632100,149
1689633000,125
1689633900,135
1689634800,154
1689635700,149
1689636600,123
1689637500,144
1689638400,148
1689639300,127
1689640200,144
1689641100,161
1689642000,158
1689642900,148
1689643800,139
1689644700,164
1689645600,155
1689646500,140
1689647400,148
1689648300,155
1689649200,148
1689650100,145
1689651000,143
1689651900,154
1689652800,147
1689653700,137
1689654600,143
1689655500,153
1689656400,149
1689657300,144
1689658200,145
1689659100,165
1689660000,290
1689660900,172
1689661800,186
1689662700,197
1689663600,273
1689664500,288
1689665400,305
1689666300,840
1689667200,453
1689668100,406
1689669000,434
1689669900,440
1689670800,483
1689671700,493
1689672600,439
1689673500,416
1689674400,607
1689675300,575
1689676200,655
1689677100,418
1689678000,309
1689678900,344
1689679800,379
1689680700,329
1689681600,331
1689682500,369
1689683400,329
1689684300,344
1689685200,447
1689686100,543
1689687000,434
1689687900,365
1689688800,297
1689689700,356
1689690600,281
1689691500,479
1689692400,809
1689693300,469
1689694200,327
1689695100,795
1689696000,631
1689696900,946
1689697800,857
1689698700,725
1689699600,317
1689700500,315
1689701400,305
1689702300,369
1689703200,423
1689704100,431
1689705000,393
1689705900,374
1689706800,398
1689707700,386
1689708600,377
1689709500,371
1689710400,349
1689711300,347
1689712200,285
1689713100,245
1689714000,223
1689714900,219
1689715800,220
1689716700,246
1689717600,227
1689718500,235
1689719400,206
1689720300,249
1689721200,197
1689722100,189
1689723000,164
1689723900,170
1689724800,148
1689725700,142
1689726600,129
1689727500,162
1689728400,145
1689729300,145
1689730200,148
1689731100,161
1689732000,156
1689732900,147
1689733800,140
1689734700,142
1689735600,141
1689736500,140
1689737400,129
1689738300,139
1689739200,139
1689740100,140
1689741000,146
1689741900,139
1689742800,135
1689743700,147
1689744600,148
1689745500,156
1689746400,150
1689747300,155
1689748200,147
1689749100,256
1689750000,230
1689750900,194
1689751800,242
1689752700,480
1689753600,943
1689754500,561
1689755400,394
1689756300,373
1689757200,372
1689758100,338
1689759000,347
1689759900,335
1689760800,578
1689761700,1041
1689762600,840
1689763500,792
1689764400,460
1689765300,265
1689766200,226
1689767100,224
1689768000,240
1689768900,248
1689769800,262
1689770700,249
1689771600,257
1689772500,252
1689773400,270
1689774300,214
1689775200,272
1689776100,446
1689777000,372
1689777900,202
1689778800,214
1689779700,312
1689780600,564
1689781500,248
1689782400,256
1689783300,290
1689784200,342
1689785100,445
1689786000,741
1689786900,341
1689787800,325
1689788700,1081
1689789600,1166
1689790500,781
1689791400,729
1689792300,350
1689793200,330
1689794100,375
1689795000,361
1689795900,373
1689796800,788
1689797700,393
1689798600,313
1689799500,290
1689800400,238
1689801300,246
1689802200,180
1689803100,137
1689804000,131
1689804900,153
1689805800,151
1689806700,131
1689807600,138
1689808500,147
1689809400,143
1689810300,135
1689811200,137
1689812100,146
1689813000,153
1689813900,143
1689814800,152
1689815700,160
1689816600,151
1689817500,149
1689818400,155
1689819300,164
1689820200,154
1689821100,417
1689822000,636
1689822900,477
1689823800,150
1689824700,156
1689825600,148
1689826500,145
1689827400,230
1689828300,161
1689829200,152
1689830100,134
1689831000,183
1689831900,146
1689832800,166
1689833700,149
1689834600,161
1689835500,167
1689836400,243
1689837300,183
1689838200,180
1689839100,199
1689840000,233
1689840900,222
1689841800,214
1689842700,404
1689843600,335
1689844500,435
1689845400,425
1689846300,495
1689847200,331
1689848100,268
1689849000,295
1689849900,247
1689850800,227
1689851700,215
1689852600,210
1689853500,208
1689854400,218
1689855300,224
1689856200,248
1689857100,270
1689858000,249
1689858900,231
1689859800,237
1689860700,263
1689861600,255
1689862500,262
1689863400,269
1689864300,244
1689865200,249
1689866100,249
1689867000,243
1689867900,242
1689868800,274
1689869700,256
1689870600,452
1689871500,276
1689872400,267
1689873300,242
1689874200,278
1689875100,266
1689876000,268
1689876900,252
1689877800,278
1689878700,321
1689879600,363
1689880500,365
1689881400,361
1689882300,336
1689883200,361
1689884100,302
1689885000,253
1689885900,211
1689886800,186
1689887700,184
1689888600,177
1689889500,161
1689890400,140
1689891300,139
1689892200,145
1689893100,149
1689894000,131
1689894900,144
1689895800,155
1689896700,149
1689897600,143
1689898500,126
1689899400,157
1689900300,156
1689901200,138
1689902100,151
1689903000,159
1689903900,162
1689904800,160
1689905700,140
1689906600,153
1689907500,164
1689908400,131
1689909300,136
1689910200,134
1689911100,158
1689912000,136
1689912900,182
1689913800,156
1689914700,154
1689915600,171
1689916500,135
1689917400,143
1689918300,161
1689919200,156
1689920100,121
1689921000,153
1689921900,196
1689922800,196
1689923700,211
1689924600,252
1689925500,196
1689926400,187
1689927300,209
1689928200,218
1689929100,204
1689930000,210
1689930900,813
1689931800,604
1689932700,400
1689933600,452
1689934500,310
1689935400,323
1689936300,297
1689937200,350
1689938100,330
1689939000,318
1689939900,305
1689940800,228
1689941700,201
1689942600,284
1689943500,192
1689944400,232
1689945300,239
1689946200,232
1689947100,234
1689948000,193
1689948900,243
1689949800,253
1689950700,243
1689951600,248
1689952500,282
1689953400,211
1689954300,205
1689955200,353
1689956100,232
1689957000,287
1689957900,241
1689958800,226
1689959700,218
1689960600,238
1689961500,226
1689962400,221
1689963300,260
1689964200,279
1689965100,309
1689966000,291
1689966900,258
1689967800,235
1689968700,249
1689969600,378
1689970500,326
1689971400,323
1689972300,206
1689973200,198
1689974100,204
1689975000,186
1689975900,152
1689976800,157
1689977700,158
1689978600,156
1689979500,151
1689980400,160
1689981300,127
1689982200,153
1689983100,136
1689984000,150
1689984900,141
1689985800,147
1689986700,139
1689987600,146
1689988500,137
1689989400,134
1689990300,137
1689991200,140
1689992100,147
1689993000,127
1689993900,161
1689994800,134
1689995700,155
1689996600,138
1689997500,161
1689998400,175
1689999300,240
1690000200,151
1690001100,157
1690002000,147
1690002900,141
1690003800,132
1690004700,126
1690005600,142
1690006500,121
1690007400,135
1690008300,157
1690009200,257
1690010100,215
1690011000,240
1690011900,247
1690012800,247
1690013700,443
1690014600,344
1690015500,302
1690016400,274
1690017300,353
1690018200,253
1690019100,423
1690020000,649
1690020900,274
1690021800,241
1690022700,199
1690023600,192
1690024500,196
1690025400,208
1690026300,197
1690027200,202
1690028100,206
1690029000,210
1690029900,219
1690030800,225
1690031700,194
1690032600,213
1690033500,235
1690034400,474
1690035300,192
1690036200,189
1690037100,214
1690038000,213
1690038900,288
1690039800,283
1690040700,285
1690041600,264
1690042500,277
1690043400,290
1690044300,314
1690045200,311
1690046100,267
1690047000,314
1690047900,287
1690048800,322
1690049700,317
1690050600,330
1690051500,328
1690052400,317
1690053300,318
1690054200,310
1690055100,301
1690056000,451
1690056900,1021
1690057800,250
1690058700,244
1690059600,694
1690060500,455
1690061400,210
1690062300,207
1690063200,136
1690064100,150
1690065000,161
1690065900,146
1690066800,154
1690067700,134
1690068600,160
1690069500,130
1690070400,136
1690071300,134
1690072200,144
1690073100,126
1690074000,135
1690074900,133
1690075800,154
1690076700,133
1690077600,133
1690078500,143
1690079400,161
1690080300,150
1690081200,143
1690082100,133
1690083000,155
1690083900,147
1690084800,143
1690085700,202
1690086600,158
1690087500,151
1690088400,132
1690089300,148
1690090200,164
1690091100,136
1690092000,147
1690092900,171
1690093800,231
1690094700,251
1690095600,400
1690096500,228
1690097400,260
1690098300,244
1690099200,233
1690100100,231
1690101000,242
1690101900,226
1690102800,385
1690103700,302
1690104600,323
1690105500,328
1690106400,603
1690107300,253
1690108200,239
1690109100,235
1690110000,399
1690110900,284
1690111800,294
1690112700,317
1690113600,244
1690114500,299
1690115400,286
1690116300,264
1690117200,348
1690118100,264
1690119000,305
1690119900,287
1690120800,191
1690121700,160
1690122600,163
1690123500,251
1690124400,250
1690125300,278
1690126200,276
1690127100,268
1690128000,263
1690128900,287
1690129800,292
1690130700,267
1690131600,340
1690132500,326
1690133400,375
1690134300,368
1690135200,396
1690136100,385
1690137000,395
1690137900,405
1690138800,444
1690139700,417
1690140600,379
1690141500,357
1690142400,381
1690143300,815
1690144200,417
1690145100,234
1690146000,194
1690146900,200
1690147800,171
1690148700,158
1690149600,142
1690150500,163
1690151400,139
1690152300,142
1690153200,145
1690154100,165
1690155000,124
1690155900,152
1690156800,147
1690157700,162
1690158600,138
1690159500,137
1690160400,148
1690161300,140
1690162200,127
1690163100,128
1690164000,138
1690164900,145
1690165800,154
1690166700,137
1690167600,159
1690168500,145
1690169400,144
1690170300,133
1690171200,169
1690172100,842
1690173000,815
1690173900,696
1690174800,391
1690175700,188
1690176600,223
1690177500,391
1690178400,818
1690179300,401
1690180200,266
1690181100,468
1690182000,369
1690182900,515
1690183800,345
1690184700,492
1690185600,449
1690186500,408
1690187400,296
1690188300,549
1690189200,376
1690190100,273
1690191000,269
1690191900,258
1690192800,248
1690193700,240
1690194600,231
1690195500,243
1690196400,238
1690197300,245
1690198200,236
1690199100,245
1690200000,272
1690200900,346
1690201800,278
1690202700,346
1690203600,303
1690204500,266
1690205400,295
1690206300,509
1690207200,251
1690208100,180
1690209000,214
1690209900,190
1690210800,185
1690211700,215
1690212600,176
1690213500,189
1690214400,182
1690215300,158
1690216200,176
1690217100,182
1690218000,182
1690218900,174
1690219800,186
1690220700,178
1690221600,160
1690222500,165
1690223400,169
1690224300,200
1690225200,170
1690226100,178
1690227000,170
1690227900,171
1690228800,166
1690229700,168
1690230600,273
1690231500,220
1690232400,264
1690233300,218
1690234200,242
1690235100,232
1690236000,192
1690236900,183
1690237800,206
1690238700,209
1690239600,204
1690240500,177
1690241400,202
1690242300,203
1690243200,194
1690244100,183
1690245000,209
1690245900,211
1690246800,224
1690247700,195
1690248600,194
1690249500,189
1690250400,204
1690251300,186
1690252200,193
1690253100,189
1690254000,204
1690254900,204
1690255800,196
1690256700,197
1690257600,207
1690258500,210
1690259400,208
1690260300,207
1690261200,247
1690262100,224
1690263000,199
1690263900,191
1690264800,178
1690265700,194
1690266600,202
1690267500,226
1690268400,194
1690269300,207
1690270200,197
1690271100,233
1690272000,206
1690272900,224
1690273800,228
1690274700,301
1690275600,285
1690276500,259
1690277400,231
1690278300,256
1690279200,225
1690280100,212
1690281000,196
1690281900,191
1690282800,184
1690283700,222
1690284600,189
1690285500,218
1690286400,265
1690287300,696
1690288200,512
1690289100,505
1690290000,449
1690290900,397
1690291800,667
1690292700,324
1690293600,296
1690294500,801
1690295400,465
1690296300,274
1690297200,250
1690298100,258
1690299000,190
1690299900,184
1690300800,140
1690301700,150
1690302600,140
1690303500,165
1690304400,264
1690305300,304
1690306200,152
1690307100,198
1690308000,206
1690308900,217
1690309800,200
1690310700,202
1690311600,192
1690312500,196
1690313400,222
1690314300,229
1690315200,214
1690316100,205
1690317000,201
1690317900,182
1690318800,170
1690319700,164
1690320600,125
1690321500,159
1690322400,147
1690323300,132
1690324200,144
1690325100,158
1690326000,153
1690326900,148
1690327800,134
1690328700,145
1690329600,140
1690330500,122
1690331400,131
1690332300,125
1690333200,155
1690334100,134
1690335000,141
1690335900,145
1690336800,154
1690337700,139
1690338600,141
1690339500,152
1690340400,163
1690341300,161
1690342200,142
1690343100,151
1690344000,156
1690344900,189
1690345800,271
1690346700,159
1690347600,179
1690348500,176
1690349400,141
1690350300,145
1690351200,147
1690352100,153
1690353000,155
1690353900,151
1690354800,161
1690355700,164
1690356600,142
1690357500,154
1690358400,168
1690359300,149
1690360200,152
1690361100,129
1690362000,140
1690362900,148
1690363800,150
1690364700,131
1690365600,142
1690366500,139
1690367400,155
1690368300,135
1690369200,160
1690370100,151
1690371000,151
1690371900,153
1690372800,159
1690373700,133
1690374600,161
1690375500,165
1690376400,160
1690377300,138
1690378200,156
1690379100,181
1690380000,200
1690380900,149
1690381800,240
1690382700,422
1690383600,503
1690384500,241
1690385400,260
1690386300,254
1690387200,269
1690388100,481
1690389000,693
1690389900,432
1690390800,459
1690391700,277
1690392600,303
1690393500,306
1690394400,338
1690395300,392
1690396200,731
1690397100,819
1690398000,630
1690398900,350
1690399800,350
1690400700,319
1690401600,273
1690402500,252
1690403400,210
1690404300,221
1690405200,199
1690406100,204
1690407000,140
1690407900,133
1690408800,143
1690409700,160
1690410600,149
1690411500,132
1690412400,147
1690413300,160
1690414200,135
1690415100,148
1690416000,141
1690416900,149
1690417800,152
1690418700,149
1690419600,153
1690420500,161
1690421400,134
1690422300,184
1690423200,152
1690424100,161
1690425000,148
1690425900,152
1690426800,142
1690427700,143
1690428600,133
1690429500,145
1690430400,154
1690431300,144
1690432200,135
1690433100,256
1690434000,203
1690434900,156
1690435800,142
1690436700,245
1690437600,276
1690438500,307
1690439400,363
1690440300,279
1690441200,193
1690442100,176
1690443000,172
1690443900,196
1690444800,201
1690445700,203
1690446600,171
1690447500,213
1690448400,303
1690449300,221
1690450200,257
1690451100,276
1690452000,250
1690452900,251
1690453800,208
1690454700,190
1690455600,150
1690456500,141
1690457400,148
1690458300,147
1690459200,177
1690460100,224
1690461000,180
1690461900,248
1690462800,212
1690463700,231
1690464600,211
1690465500,235
1690466400,226
1690467300,234
1690468200,198
1690469100,212
1690470000,216
1690470900,227
1690471800,234
1690472700,267
1690473600,252
1690474500,237
1690475400,267
1690476300,230
1690477200,198
1690478100,183
1690479000,179
1690479900,202
1690480800,192
1690481700,181
1690482600,192
1690483500,199
1690484400,189
1690485300,186
1690486200,190
1690487100,205
1690488000,211
1690488900,200
1690489800,208
1690490700,184
1690491600,226
1690492500,225
1690493400,207
1690494300,201
1690495200,157
1690496100,127
1690497000,146
1690497900,126
1690498800,153
1690499700,133
1690500600,133
1690501500,144
1690502400,135
1690503300,142
1690504200,147
1690505100,133
1690506000,151
1690506900,152
1690507800,152
1690508700,130
1690509600,157
1690510500,165
1690511400,132
1690512300,141
1690513200,147
1690514100,154
1690515000,156
1690515900,144
1690516800,163
1690517700,169
1690518600,251
1690519500,189
1690520400,156
1690521300,168
1690522200,548
1690523100,354
1690524000,194
1690524900,506
1690525800,736
1690526700,259
1690527600,324
1690528500,281
1690529400,309
1690530300,272
1690531200,277
1690532100,257
1690533000,269
1690533900,295
1690534800,284
1690535700,250
1690536600,243
1690537500,442
1690538400,539
1690539300,267
1690540200,203
1690541100,240
1690542000,205
1690542900,205
1690543800,192
1690544700,238
1690545600,220
1690546500,366
1690547400,200
1690548300,245
1690549200,239
1690550100,252
1690551000,208
1690551900,191
1690552800,211
1690553700,163
1690554600,283
1690555500,369
1690556400,261
1690557300,211
1690558200,218
1690559100,216
1690560000,223
1690560900,212
1690561800,202
1690562700,210
1690563600,232
1690564500,226
1690565400,218
1690566300,260
1690567200,275
1690568100,267
1690569000,269
1690569900,275
1690570800,357
1690571700,327
1690572600,343
1690573500,327
1690574400,342
1690575300,322
1690576200,388
1690577100,590
1690578000,216
1690578900,214
1690579800,193
1690580700,161
1690581600,180
1690582500,142
1690583400,145
1690584300,137
1690585200,164
1690586100,147
1690587000,127
1690587900,148
1690588800,154
1690589700,148
1690590600,131
1690591500,163
1690592400,165
1690593300,176
1690594200,141
1690595100,168
1690596000,158
1690596900,188
1690597800,144
1690598700,162
1690599600,152
1690600500,169
1690601400,138
1690602300,147
1690603200,149
1690604100,211
1690605000,195
1690605900,148
1690606800,141
1690607700,173
1690608600,407
1690609500,278
1690610400,267
1690611300,285
1690612200,182
1690613100,192
1690614000,766
1690614900,359
1690615800,199
1690616700,201
1690617600,218
1690618500,277
1690619400,296
1690620300,242
1690621200,434
1690622100,623
1690623000,274
1690623900,238
1690624800,241
1690625700,218
1690626600,245
1690627500,231
1690628400,198
1690629300,206
1690630200,194
1690631100,180
1690632000,174
1690632900,191
1690633800,191
1690634700,198
1690635600,186
1690636500,246
1690637400,223
1690638300,214
1690639200,204
1690640100,198
1690641000,245
1690641900,337
1690642800,249
1690643700,201
1690644600,218
1690645500,352
1690646400,257
1690647300,250
1690648200,217
1690649100,220
1690650000,217
1690650900,186
1690651800,216
1690652700,218
1690653600,221
1690654500,210
1690655400,264
1690656300,302
1690657200,316
1690658100,357
1690659000,330
1690659900,308
1690660800,286
1690661700,289
1690662600,240
1690663500,254
1690664400,198
1690665300,200
1690666200,206
1690667100,204
1690668000,173
1690668900,165
1690669800,148
1690670700,156
1690671600,148
1690672500,138
1690673400,149
1690674300,124
1690675200,164
1690676100,140
1690677000,150
1690677900,148
1690678800,160
1690679700,162
1690680600,165
1690681500,138
1690682400,164
1690683300,175
1690684200,163
1690685100,148
1690686000,146
1690686900,165
1690687800,163
1690688700,150
1690689600,142
1690690500,144
1690691400,209
1690692300,146
1690693200,128
1690694100,136
1690695000,141
1690695900,149
1690696800,128
1690697700,134
1690698600,170
1690699500,187
1690700400,184
1690701300,190
1690702200,270
1690703100,243
1690704000,232
1690704900,364
1690705800,347
1690706700,299
1690707600,346
1690708500,285
1690709400,276
1690710300,270
1690711200,602
1690712100,318
1690713000,289
1690713900,265
1690714800,286
1690715700,305
1690716600,351
1690717500,303
1690718400,286
1690719300,283
1690720200,298
1690721100,289
1690722000,341
1690722900,290
1690723800,254
1690724700,261
1690725600,698
1690726500,390
1690727400,289
1690728300,489
1690729200,696
1690730100,215
1690731000,208
1690731900,212
1690732800,275
1690733700,321
1690734600,292
1690735500,288
1690736400,282
1690737300,321
1690738200,272
1690739100,299
1690740000,316
1690740900,351
1690741800,341
1690742700,357
1690743600,387
1690744500,420
1690745400,375
1690746300,374
1690747200,351
1690748100,246
1690749000,246
1690749900,225
1690750800,206
1690751700,183
1690752600,136
1690753500,144
1690754400,137
1690755300,146
1690756200,133
1690757100,153
1690758000,145
1690758900,164
1690759800,137
1690760700,145
1690761600,145
1690762500,142
1690763400,155
1690764300,161
1690765200,162
1690766100,155
1690767000,164
1690767900,157
1690768800,164
1690769700,149
1690770600,178
1690771500,156
1690772400,166
1690773300,148
1690774200,163
1690775100,158
1690776000,150
1690776900,143
1690777800,230
1690778700,152
1690779600,220
1690780500,707
1690781400,808
1690782300,406
1690783200,267
1690784100,227
1690785000,243
1690785900,248
1690786800,250
1690787700,234
1690788600,249
1690789500,253
1690790400,392
1690791300,1019
1690792200,944
1690793100,858
1690794000,559
1690794900,404
1690795800,307
1690796700,275
1690797600,594
1690798500,522
1690799400,342
1690800300,363
1690801200,327
1690802100,322
1690803000,289
1690803900,262
1690804800,255
1690805700,229
1690806600,196
1690807500,205
1690808400,244
1690809300,209
1690810200,211
1690811100,243
1690812000,325
1690812900,227
1690813800,198
1690814700,239
1690815600,254
1690816500,247
1690817400,213
1690818300,409
1690819200,233
1690820100,280
1690821000,287
1690821900,264
1690822800,207
1690823700,221
1690824600,245
1690825500,290
1690826400,275
1690827300,272
1690828200,283
1690829100,311
1690830000,322
1690830900,352
1690831800,372
1690832700,395
1690833600,386
1690834500,353
1690835400,321
1690836300,217
1690837200,188
1690838100,156
1690839000,156
1690839900,137
1690840800,131
1690841700,133
1690842600,137
1690843500,136
1690844400,151
1690845300,129
1690846200,144
1690847100,150
1690848000,155
1690848900,122
1690849800,150
1690850700,158
1690851600,166
1690852500,141
1690853400,162
1690854300,155
1690855200,173
1690856100,135
1690857000,172
1690857900,153
1690858800,168
1690859700,142
1690860600,162
1690861500,152
1690862400,171
1690863300,139
1690864200,142
1690865100,133
1690866000,135
1690866900,137
1690867800,130
1690868700,126
1690869600,132
1690870500,148
1690871400,136
1690872300,253
1690873200,284
1690874100,242
1690875000,228
1690875900,233
1690876800,277
1690877700,209
1690878600,222
1690879500,343
1690880400,269
1690881300,750
1690882200,632
1690883100,612
1690884000,464
1690884900,680
1690885800,174
1690886700,236
1690887600,267
1690888500,918
1690889400,946
1690890300,631
1690891200,701
1690892100,916
1690893000,330
1690893900,333
1690894800,220
1690895700,198
1690896600,206
1690897500,248
1690898400,243
1690899300,226
1690900200,238
1690901100,198
1690902000,193
1690902900,269
1690903800,230
1690904700,266
1690905600,279
1690906500,266
1690907400,268
1690908300,261
1690909200,228
1690910100,211
1690911000,198
1690911900,211
1690912800,212
1690913700,213
1690914600,194
1690915500,223
1690916400,224
1690917300,204
1690918200,220
1690919100,219
1690920000,230
1690920900,186
1690921800,194
1690922700,174
1690923600,159
1690924500,181
1690925400,213
1690926300,227
1690927200,179
1690928100,131
1690929000,146
1690929900,139
1690930800,130
1690931700,125
1690932600,147
1690933500,150
1690934400,131
1690935300,125
1690936200,153
1690937100,133
1690938000,135
1690938900,122
1690939800,157
1690940700,149
1690941600,154
1690942500,124
1690943400,156
1690944300,139
1690945200,139
1690946100,143
1690947000,159
1690947900,144
1690948800,138
1690949700,136
1690950600,161
1690951500,134
1690952400,131
1690953300,133
1690954200,149
1690955100,134
1690956000,139
1690956900,189
1690957800,153
1690958700,606
1690959600,195
1690960500,214
1690961400,335
1690962300,247
1690963200,836
1690964100,645
1690965000,632
1690965900,561
1690966800,346
1690967700,319
1690968600,319
1690969500,401
1690970400,426
1690971300,259
1690972200,260
1690973100,260
1690974000,192
1690974900,209
1690975800,207
1690976700,207
1690977600,184
1690978500,627
1690979400,736
1690980300,596
1690981200,655
1690982100,312
1690983000,177
1690983900,197
1690984800,205
1690985700,217
1690986600,288
1690987500,271
1690988400,296
1690989300,379
1690990200,744
1690991100,332
1690992000,289
1690992900,556
1690993800,704
1690994700,315
1690995600,293
1690996500,307
1690997400,300
1690998300,309
1690999200,326
1691000100,368
1691001000,364
1691001900,352
1691002800,341
1691003700,330
1691004600,330
1691005500,250
1691006400,248
1691007300,224
1691008200,203
1691009100,199
1691010000,210
1691010900,193
1691011800,137
1691012700,147
1691013600,117
1691014500,129
1691015400,119
1691016300,129
1691017200,99
1691018100,140
1691019000,122
1691019900,122
1691020800,108
1691021700,135
1691022600,124
1691023500,135
1691024400,117
1691025300,149
1691026200,135
1691027100,140
1691028000,125
1691028900,142
1691029800,140
1691030700,130
1691031600,123
1691032500,120
1691033400,121
1691034300,119
1691035200,126
1691036100,193
1691037000,127
1691037900,115
1691038800,141
1691039700,137
1691040600,596
1691041500,775
1691042400,232
1691043300,204
1691044200,221
1691045100,225
1691046000,232
1691046900,191
1691047800,176
1691048700,129
1691049600,130
1691050500,135
1691051400,138
1691052300,138
1691053200,115
1691054100,136
1691055000,524
1691055900,886
1691056800,576
1691057700,275
1691058600,285
1691059500,355
1691060400,254
1691061300,265
1691062200,248
1691063100,259
1691064000,242
1691064900,234
1691065800,220
1691066700,217
1691067600,271
1691068500,259
1691069400,217
1691070300,226
1691071200,228
1691072100,279
1691073000,271
1691073900,234
1691074800,321
1691075700,319
1691076600,321
1691077500,312
1691078400,330
1691079300,340
1691080200,347
1691081100,430
1691082000,450
1691082900,461
1691083800,385
1691084700,364
1691085600,420
1691086500,428
1691087400,415
1691088300,392
1691089200,464
1691090100,425
1691091000,378
1691091900,325
1691092800,315
1691093700,297
1691094600,239
1691095500,196
1691096400,193
1691097300,191
1691098200,175
1691099100,138
1691100000,140
1691100900,134
1691101800,133
1691102700,113
1691103600,126
1691104500,124
1691105400,119
1691106300,130
1691107200,119
1691108100,132
1691109000,117
1691109900,136
1691110800,133
1691111700,131
1691112600,136
1691113500,141
1691114400,132
1691115300,145
1691116200,138
1691117100,138
1691118000,132
1691118900,121
1691119800,124
1691120700,132
1691121600,124
1691122500,193
1691123400,149
1691124300,192
1691125200,174
1691126100,180
1691127000,202
1691127900,167
1691128800,181
1691129700,173
1691130600,166
1691131500,738
1691132400,529
1691133300,272
1691134200,240
1691135100,345
1691136000,256
1691136900,259
1691137800,246
1691138700,250
1691139600,302
1691140500,302
1691141400,451
1691142300,472
1691143200,322
1691144100,274
1691145000,317
1691145900,267
1691146800,239
1691147700,232
1691148600,273
1691149500,321
1691150400,274
1691151300,278
1691152200,258
1691153100,249
1691154000,309
1691154900,253
1691155800,260
1691156700,263
1691157600,294
1691158500,433
1691159400,319
1691160300,299
1691161200,320
1691162100,501
1691163000,320
1691163900,325
1691164800,316
1691165700,297
1691166600,329
1691167500,344
1691168400,379
1691169300,429
1691170200,394
1691171100,434
1691172000,439
1691172900,398
1691173800,388
1691174700,398
1691175600,400
1691176500,445
1691177400,397
1691178300,392
1691179200,392
1691180100,299
1691181000,210
1691181900,201
1691182800,179
1691183700,196
1691184600,177
1691185500,166
1691186400,164
1691187300,147
1691188200,155
1691189100,174
1691190000,154
1691190900,142
1691191800,150
1691192700,166
1691193600,132
1691194500,157
1691195400,150
1691196300,175
1691197200,161
1691198100,154
1691199000,160
1691199900,171
1691200800,150
1691201700,168
1691202600,172
1691203500,168
1691204400,166
1691205300,154
1691206200,140
1691207100,164
1691208000,159
1691208900,168
1691209800,202
1691210700,152
1691211600,182
1691212500,165
1691213400,215
1691214300,585
1691215200,274
1691216100,238
1691217000,432
1691217900,615
1691218800,287
1691219700,183
1691220600,192
1691221500,306
1691222400,277
1691223300,307
1691224200,352
1691225100,265
1691226000,260
1691226900,290
1691227800,1292
1691228700,503
1691229600,262
1691230500,253
1691231400,279
1691232300,367
1691233200,323
1691234100,274
1691235000,286
1691235900,239
1691236800,224
1691237700,200
1691238600,225
1691239500,194
1691240400,163
1691241300,153
1691242200,180
1691243100,247
1691244000,254
1691244900,212
1691245800,232
1691246700,227
1691247600,242
1691248500,277
1691249400,275
1691250300,293
1691251200,270
1691252100,256
1691253000,246
1691253900,243
1691254800,238
1691255700,246
1691256600,236
1691257500,253
1691258400,264
1691259300,364
1691260200,329
1691261100,354
1691262000,296
1691262900,315
1691263800,291
1691264700,275
1691265600,285
1691266500,212
1691267400,194
1691268300,215
1691269200,177
1691270100,147
1691271000,140
1691271900,157
1691272800,129
1691273700,125
1691274600,130
1691275500,141
1691276400,140
1691277300,131
1691278200,130
1691279100,140
1691280000,142
1691280900,140
1691281800,149
1691282700,162
1691283600,142
1691284500,151
1691285400,151
1691286300,152
1691287200,161
1691288100,160
1691289000,160
1691289900,145
1691290800,158
1691291700,150
1691292600,149
1691293500,163
1691294400,167
1691295300,210
1691296200,159
1691297100,178
1691298000,158
1691298900,127
1691299800,140
1691300700,203
1691301600,247
1691302500,387
1691303400,501
1691304300,437
1691305200,306
1691306100,294
1691307000,297
1691307900,308
1691308800,414
1691309700,492
1691310600,394
1691311500,565
1691312400,446
1691313300,570
1691314200,557
1691315100,434
1691316000,376
1691316900,399
1691317800,368
1691318700,268
1691319600,271
1691320500,277
1691321400,373
1691322300,342
1691323200,290
1691324100,282
1691325000,267
1691325900,336
1691326800,339
1691327700,296
1691328600,273
1691329500,291
1691330400,292
1691331300,250
1691332200,345
1691333100,358
1691334000,265
1691334900,370
1691335800,228
1691336700,240
1691337600,263
1691338500,209
1691339400,234
1691340300,228
1691341200,304
1691342100,313
1691343000,462
1691343900,665
1691344800,326
1691345700,286
1691346600,619
1691347500,592
1691348400,289
1691349300,344
1691350200,340
1691351100,343
1691352000,328
1691352900,241
1691353800,222
1691354700,218
1691355600,179
1691356500,138
1691357400,165
1691358300,140
1691359200,145
1691360100,140
1691361000,149
1691361900,158
1691362800,129
1691363700,150
1691364600,120
1691365500,136
1691366400,128
1691367300,129
1691368200,121
1691369100,134
1691370000,140
1691370900,147
1691371800,138
1691372700,139
1691373600,148
1691374500,158
1691375400,157
1691376300,148
1691377200,157
1691378100,143
1691379000,153
1691379900,135
1691380800,170
1691381700,174
1691382600,244
1691383500,150
1691384400,201
1691385300,204
1691386200,681
1691387100,722
1691388000,404
1691388900,315
1691389800,288
1691390700,293
1691391600,302
1691392500,349
1691393400,408
1691394300,302
1691395200,249
1691396100,269
1691397000,270
1691397900,283
1691398800,236
1691399700,229
1691400600,462
1691401500,252
1691402400,349
1691403300,225
1691404200,234
1691405100,276
1691406000,644
1691406900,577
1691407800,615
1691408700,431
1691409600,291
1691410500,298
1691411400,239
1691412300,217
1691413200,206
1691414100,241
1691415000,195
1691415900,205
1691416800,225
1691417700,173
1691418600,193
1691419500,257
1691420400,287
1691421300,299
1691422200,522
1691423100,313
1691424000,391
1691424900,234
1691425800,223
1691426700,226
1691427600,232
1691428500,324
1691429400,214
1691430300,246
1691431200,269
1691432100,232
1691433000,222
1691433900,239
1691434800,258
1691435700,256
1691436600,270
1691437500,274
1691438400,290
1691439300,256
1691440200,227
1691441100,222
1691442000,262
1691442900,208
1691443800,185
1691444700,177
1691445600,195
1691446500,181
1691447400,186
1691448300,145
1691449200,142
1691450100,142
1691451000,137
1691451900,144
1691452800,142
1691453700,133
1691454600,128
1691455500,148
1691456400,140
1691457300,160
1691458200,139
1691459100,138
1691460000,140
1691460900,158
1691461800,154
1691462700,141
1691463600,150
1691464500,150
1691465400,149
1691466300,130
1691467200,148
1691468100,146
1691469000,154
1691469900,140
1691470800,149
1691471700,140
1691472600,139
1691473500,213
1691474400,162
1691475300,209
1691476200,214
1691477100,162
1691478000,245
1691478900,355
1691479800,286
1691480700,665
1691481600,303
1691482500,292
1691483400,279
1691484300,285
1691485200,568
1691486100,345
1691487000,306
1691487900,400
1691488800,918
1691489700,292
1691490600,314
1691491500,246
1691492400,212
1691493300,353
1691494200,718
1691495100,266
1691496000,274
1691496900,740
1691497800,450
1691498700,249
1691499600,345
1691500500,268
1691501400,244
1691502300,195
1691503200,225
1691504100,229
1691505000,503
1691505900,255
1691506800,207
1691507700,248
1691508600,233
1691509500,207
1691510400,213
1691511300,259
1691512200,225
1691513100,203
1691514000,194
1691514900,188
1691515800,177
1691516700,215
1691517600,187
1691518500,185
1691519400,191
1691520300,224
1691521200,216
1691522100,225
1691523000,215
1691523900,293
1691524800,277
1691525700,183
1691526600,164
1691527500,145
1691528400,173
1691529300,153
1691530200,163
1691531100,121
1691532000,163
1691532900,139
1691533800,145
1691534700,129
1691535600,163
1691536500,150
1691537400,141
1691538300,127
1691539200,126
1691540100,135
1691541000,118
1691541900,127
1691542800,118
1691543700,141
1691544600,120
1691545500,139
1691546400,124
1691547300,135
1691548200,137
1691549100,132
1691550000,146
1691550900,141
1691551800,158
1691552700,117
1691553600,150
1691554500,130
1691555400,155
1691556300,142
1691557200,152
1691558100,141
1691559000,139
1691559900,151
1691560800,139
1691561700,206
1691562600,209
1691563500,154
1691564400,143
1691565300,159
1691566200,762
1691567100,454
1691568000,387
1691568900,234
1691569800,266
1691570700,289
1691571600,263
1691572500,432
1691573400,300
1691574300,274
1691575200,443
1691576100,273
1691577000,258
1691577900,212
1691578800,222
1691579700,209
1691580600,202
1691581500,196
1691582400,223
1691583300,204
1691584200,224
1691585100,210
1691586000,215
1691586900,199
1691587800,185
1691588700,224
1691589600,215
1691590500,228
1691591400,298
1691592300,256
1691593200,271
1691594100,260
1691595000,208
1691595900,220
1691596800,250
1691597700,797
1691598600,231
1691599500,232
1691600400,230
1691601300,224
1691602200,250
1691603100,785
1691604000,339
1691604900,346
1691605800,695
1691606700,620
1691607600,339
1691608500,340
1691609400,312
1691610300,302
1691611200,273
1691612100,216
1691613000,192
1691613900,178
1691614800,187
1691615700,144
1691616600,128
1691617500,144
1691618400,155
1691619300,129
1691620200,143
1691621100,151
1691622000,154
1691622900,139
1691623800,133
1691624700,150
1691625600,149
1691626500,130
1691627400,139
1691628300,150
1691629200,160
1691630100,130
1691631000,147
1691631900,159
1691632800,164
1691633700,135
1691634600,138
1691635500,137
1691636400,147
1691637300,130
1691638200,139
1691639100,138
1691640000,155
1691640900,197
1691641800,151
1691642700,146
1691643600,181
1691644500,131
1691645400,141
1691646300,155
1691647200,202
1691648100,188
1691649000,261
1691649900,236
1691650800,309
1691651700,242
1691652600,205
1691653500,197
1691654400,162
1691655300,154
1691656200,157
1691657100,216
1691658000,225
1691658900,227
1691659800,779
1691660700,263
1691661600,227
1691662500,285
1691663400,279
1691664300,306
1691665200,205
1691666100,220
1691667000,217
1691667900,204
1691668800,211
1691669700,227
1691670600,245
1691671500,300
1691672400,332
1691673300,249
1691674200,241
1691675100,222
1691676000,293
1691676900,265
1691677800,308
1691678700,199
1691679600,233
1691680500,258
1691681400,239
1691682300,280
1691683200,263
1691684100,272
1691685000,295
1691685900,303
1691686800,332
1691687700,343
1691688600,363
1691689500,354
1691690400,381
1691691300,379
1691692200,429
1691693100,444
1691694000,438
1691694900,426
1691695800,407
1691696700,407
1691697600,381
1691698500,381
1691699400,304
1691700300,231
1691701200,175
1691702100,182
1691703000,164
1691703900,168
1691704800,125
1691705700,130
1691706600,136
1691707500,146
1691708400,128
1691709300,137
1691710200,128
1691711100,154
1691712000,142
1691712900,141
1691713800,127
1691714700,157
1691715600,163
1691716500,133
1691717400,162
1691718300,161
1691719200,160
1691720100,147
1691721000,151
1691721900,147
1691722800,147
1691723700,140
1691724600,158
1691725500,140
1691726400,150
1691727300,207
1691728200,198
1691729100,147
1691730000,160
1691730900,145
1691731800,146
1691732700,141
1691733600,147
1691734500,141
1691735400,152
1691736300,302
1691737200,234
1691738100,259
1691739000,295
1691739900,219
1691740800,274
1691741700,246
1691742600,220
1691743500,225
1691744400,339
1691745300,241
1691746200,221
1691747100,497
1691748000,597
1691748900,324
1691749800,226
1691750700,243
1691751600,248
1691752500,233
1691753400,359
1691754300,247
1691755200,293
1691756100,349
1691757000,273
1691757900,253
1691758800,256
1691759700,294
1691760600,214
1691761500,231
1691762400,230
1691763300,440
1691764200,230
1691765100,272
1691766000,255
1691766900,281
1691767800,282
1691768700,262
1691769600,243
1691770500,242
1691771400,247
1691772300,323
1691773200,284
1691774100,289
1691775000,340
1691775900,383
1691776800,400
1691777700,379
1691778600,417
1691779500,402
1691780400,417
1691781300,379
1691782200,391
1691783100,407
1691784000,319
1691784900,292
1691785800,191
1691786700,199
1691787600,190
1691788500,180
1691789400,139
1691790300,158
1691791200,153
1691792100,147
1691793000,144
1691793900,148
1691794800,140
1691795700,141
1691796600,129
1691797500,152
1691798400,146
1691799300,146
1691800200,141
1691801100,150
1691802000,146
1691802900,131
1691803800,134
1691804700,146
1691805600,148
1691806500,146
1691807400,146
1691808300,148
1691809200,161
1691810100,127
1691811000,138
1691811900,145
1691812800,146
1691813700,127
1691814600,141
1691815500,138
1691816400,465
1691817300,164
1691818200,160
1691819100,173
1691820000,483
1691820900,697
1691821800,433
1691822700,186
1691823600,226
1691824500,230
1691825400,254
1691826300,252
1691827200,325
1691828100,326
1691829000,388
1691829900,436
1691830800,356
1691831700,337
1691832600,383
1691833500,858
1691834400,724
1691835300,709
1691836200,246
1691837100,335
1691838000,244
1691838900,226
1691839800,527
1691840700,379
1691841600,363
1691842500,298
1691843400,257
1691844300,290
1691845200,240
1691846100,253
1691847000,224
1691847900,337
1691848800,289
1691849700,246
1691850600,340
1691851500,338
1691852400,276
1691853300,662
1691854200,448
1691855100,266
1691856000,472
1691856900,701
1691857800,274
1691858700,278
1691859600,313
1691860500,348
1691861400,367
1691862300,340
1691863200,333
1691864100,312
1691865000,337
1691865900,373
1691866800,397
1691867700,362
1691868600,323
1691869500,344
1691870400,315
1691871300,290
1691872200,270
1691873100,255
1691874000,223
1691874900,237
1691875800,204
1691876700,189
1691877600,194
1691878500,175
1691879400,199
1691880300,205
1691881200,199
1691882100,174
1691883000,199
1691883900,200
1691884800,183
1691885700,188
1691886600,200
1691887500,208
1691888400,211
1691889300,169
1691890200,197
1691891100,198
1691892000,181
1691892900,182
1691893800,197
1691894700,197
1691895600,194
1691896500,168
1691897400,175
1691898300,185
1691899200,184
1691900100,190
1691901000,230
1691901900,216
1691902800,191
1691903700,191
1691904600,192
1691905500,182
1691906400,181
1691907300,161
1691908200,184
1691909100,212
1691910000,240
1691910900,229
1691911800,251
1691912700,205
1691913600,210
1691914500,253
1691915400,241
1691916300,314
1691917200,494
1691918100,291
1691919000,208
1691919900,620
1691920800,304
1691921700,236
1691922600,255
1691923500,243
1691924400,196
1691925300,207
1691926200,182
1691927100,326
1691928000,341
1691928900,302
1691929800,252
1691930700,304
1691931600,306
1691932500,241
1691933400,399
1691934300,377
1691935200,477
1691936100,385
1691937000,375
1691937900,352
1691938800,447
1691939700,538
1691940600,673
1691941500,509
1691942400,606
1691943300,533
1691944200,458
1691945100,269
1691946000,257
1691946900,280
1691947800,277
1691948700,283
1691949600,338
1691950500,369
1691951400,445
1691952300,398
1691953200,413
1691954100,416
1691955000,390
1691955900,401
1691956800,365
1691957700,262
1691958600,230
1691959500,228
1691960400,178
1691961300,200
1691962200,189
1691963100,163
1691964000,123
1691964900,142
1691965800,127
1691966700,139
1691967600,132
1691968500,141
1691969400,134
1691970300,131
1691971200,135
1691972100,134
1691973000,141
1691973900,155
1691974800,155
1691975700,158
1691976600,157
1691977500,137
1691978400,170
1691979300,159
1691980200,161
1691981100,147
1691982000,153
1691982900,153
1691983800,157
1691984700,133
1691985600,156
1691986500,171
1691987400,174
1691988300,191
1691989200,172
1691990100,153
1691991000,236
1691991900,160
1691992800,277
1691993700,213
1691994600,264
1691995500,379
1691996400,407
1691997300,410
1691998200,436
1691999100,423
1692000000,591
1692000900,510
1692001800,682
1692002700,803
1692003600,806
1692004500,661
1692005400,667
1692006300,376
1692007200,379
1692008100,458
1692009000,405
1692009900,371
1692010800,382
1692011700,383
1692012600,400
1692013500,428
1692014400,419
1692015300,573
1692016200,416
1692017100,418
1692018000,494
1692018900,570
1692019800,622
1692020700,646
1692021600,573
1692022500,663
1692023400,900
1692024300,1272
1692025200,1000
1692026100,409
1692027000,556
1692027900,889
1692028800,431
1692029700,255
1692030600,248
1692031500,207
1692032400,194
1692033300,213
1692034200,303
1692035100,234
1692036000,233
1692036900,369
1692037800,472
1692038700,467
1692039600,485
1692040500,446
1692041400,274
1692042300,217
1692043200,213
1692044100,216
1692045000,243
1692045900,236
1692046800,237
1692047700,225
1692048600,200
1692049500,186
1692050400,196
1692051300,124
1692052200,152
1692053100,142
1692054000,146
1692054900,138
1692055800,149
1692056700,172
1692057600,155
1692058500,135
1692059400,142
1692060300,138
1692061200,150
1692062100,138
1692063000,142
1692063900,136
1692064800,142
1692065700,150
1692066600,143
1692067500,148
1692068400,141
1692069300,155
1692070200,162
1692071100,151
1692072000,161
1692072900,145
1692073800,160
1692074700,145
1692075600,145
1692076500,160
1692077400,143
1692078300,148
1692079200,124
1692080100,147
1692081000,151
1692081900,157
1692082800,666
1692083700,320
1692084600,228
1692085500,258
1692086400,315
1692087300,393
1692088200,284
1692089100,158
1692090000,276
1692090900,163
1692091800,168
1692092700,196
1692093600,261
1692094500,238
1692095400,289
1692096300,426
1692097200,417
1692098100,219
1692099000,227
1692099900,218
1692100800,218
1692101700,220
1692102600,232
1692103500,167
1692104400,149
1692105300,181
1692106200,232
1692107100,224
1692108000,235
1692108900,233
1692109800,268
1692110700,225
1692111600,210
1692112500,222
1692113400,220
1692114300,212
1692115200,212
1692116100,237
1692117000,218
1692117900,231
1692118800,211
1692119700,283
1692120600,202
1692121500,213
1692122400,206
1692123300,199
1692124200,207
1692125100,215
1692126000,220
1692126900,217
1692127800,223
1692128700,217
1692129600,208
1692130500,211
1692131400,186
1692132300,181
1692133200,190
1692134100,173
1692135000,172
1692135900,165
1692136800,132
1692137700,141
1692138600,153
1692139500,157
1692140400,126
1692141300,153
1692142200,151
1692143100,147
1692144000,129
1692144900,147
1692145800,157
1692146700,146
1692147600,128
1692148500,141
1692149400,160
1692150300,137
1692151200,146
1692152100,151
1692153000,172
1692153900,152
1692154800,140
1692155700,132
1692156600,157
1692157500,136
1692158400,146
1692159300,137
1692160200,153
1692161100,133
1692162000,138
1692162900,129
1692163800,137
1692164700,145
1692165600,129
1692166500,149
1692167400,150
1692168300,231
1692169200,164
1692170100,212
1692171000,240
1692171900,688
1692172800,441
1692173700,300
1692174600,249
1692175500,296
1692176400,289
1692177300,284
1692178200,268
1692179100,249
1692180000,261
1692180900,261
1692181800,403
1692182700,742
1692183600,285
1692184500,241
1692185400,727
1692186300,471
1692187200,206
1692188100,205
1692189000,214
1692189900,217
1692190800,185
1692191700,162
1692192600,197
1692193500,207
1692194400,508
1692195300,473
1692196200,275
1692197100,261
1692198000,222
1692198900,228
1692199800,249
1692200700,237
1692201600,710
1692202500,788
1692203400,699
1692204300,1001
1692205200,524
1692206100,183
1692207000,183
1692207900,193
1692208800,215
1692209700,177
1692210600,185
1692211500,261
1692212400,274
1692213300,248
1692214200,232
1692215100,277
1692216000,296
1692216900,269
1692217800,198
1692218700,184
1692219600,185
1692220500,190
1692221400,178
1692222300,181
1692223200,149
1692224100,165
1692225000,145
1692225900,156
1692226800,135
1692227700,152
1692228600,130
1692229500,144
1692230400,150
1692231300,149
1692232200,138
1692233100,135
1692234000,149
1692234900,147
1692235800,127
1692236700,140
1692237600,151
1692238500,158
1692239400,149
1692240300,144
1692241200,161
1692242100,156
1692243000,133
1692243900,140
1692244800,156
1692245700,185
1692246600,140
1692247500,150
1692248400,647
1692249300,202
1692250200,137
1692251100,135
1692252000,144
1692252900,160
1692253800,187
1692254700,164
1692255600,192
1692256500,368
1692257400,306
1692258300,391
1692259200,359
1692260100,297
1692261000,335
1692261900,244
1692262800,258
1692263700,284
1692264600,387
1692265500,386
1692266400,276
1692267300,527
1692268200,236
1692269100,394
1692270000,271
1692270900,330
1692271800,276
1692272700,214
1692273600,206
1692274500,227
1692275400,231
1692276300,243
1692277200,301
1692278100,250
1692279000,247
1692279900,237
1692280800,184
1692281700,222
1692282600,200
1692283500,201
1692284400,244
1692285300,267
1692286200,311
1692287100,850
1692288000,334
1692288900,575
1692289800,311
1692290700,434
1692291600,304
1692292500,348
1692293400,284
1692294300,386
1692295200,471
1692296100,602
1692297000,658
1692297900,681
1692298800,758
1692299700,776
1692300600,735
1692301500,711
1692302400,767
1692303300,864
1692304200,410
1692305100,381
1692306000,368
1692306900,338
1692307800,394
1692308700,727
1692309600,306
1692310500,188
1692311400,600
1692312300,341
1692313200,156
1692314100,151
1692315000,119
1692315900,149
1692316800,151
1692317700,129
1692318600,138
1692319500,148
1692320400,151
1692321300,143
1692322200,124
1692323100,149
1692324000,160
1692324900,130
1692325800,138
1692326700,151
1692327600,148
1692328500,140
1692329400,125
1692330300,137
1692331200,134
1692332100,135
1692333000,268
1692333900,589
1692334800,551
1692335700,531
1692336600,542
1692337500,548
1692338400,532
1692339300,553
1692340200,498
1692341100,479
1692342000,478
1692342900,449
1692343800,333
1692344700,318
1692345600,255
1692346500,150
1692347400,177
1692348300,160
1692349200,171
1692350100,153
1692351000,206
1692351900,165
1692352800,166
1692353700,214
1692354600,209
1692355500,204
1692356400,213
1692357300,206
1692358200,206
1692359100,201
1692360000,214
1692360900,215
1692361800,205
1692362700,173
1692363600,179
1692364500,206
1692365400,213
1692366300,204
1692367200,205
1692368100,196
1692369000,225
1692369900,243
1692370800,275
1692371700,755
1692372600,601
1692373500,248
1692374400,252
1692375300,267
1692376200,289
1692377100,263
1692378000,236
1692378900,237
1692379800,267
1692380700,273
1692381600,268
1692382500,276
1692383400,287
1692384300,291
1692385200,300
1692386100,289
1692387000,287
1692387900,257
1692388800,218
1692389700,202
1692390600,213
1692391500,214
1692392400,207
1692393300,194
1692394200,204
1692395100,198
1692396000,177
1692396900,133
1692397800,142
1692398700,132
1692399600,128
1692400500,135
1692401400,131
1692402300,129
1692403200,126
1692404100,142
1692405000,132
1692405900,128
1692406800,146
1692407700,152
1692408600,141
1692409500,129
1692410400,147
1692411300,143
1692412200,149
1692413100,136
1692414000,146
1692414900,147
1692415800,131
1692416700,146
1692417600,145
1692418500,142
1692419400,134
1692420300,171
1692421200,178
1692422100,186
1692423000,144
1692423900,154
1692424800,159
1692425700,175
1692426600,161
1692427500,580
1692428400,347
1692429300,256
1692430200,261
1692431100,242
1692432000,470
1692432900,270
1692433800,305
1692434700,281
1692435600,308
1692436500,262
1692437400,267
1692438300,222
1692439200,504
1692440100,661
1692441000,516
1692441900,672
1692442800,910
1692443700,1108
1692444600,700
1692445500,274
1692446400,467
1692447300,565
1692448200,247
1692449100,237
1692450000,213
1692450900,175
1692451800,177
1692452700,177
1692453600,213
1692454500,184
1692455400,298
1692456300,233
1692457200,209
1692458100,243
1692459000,260
1692459900,293
1692460800,277
1692461700,306
1692462600,405
1692463500,357
1692464400,398
1692465300,361
1692466200,273
1692467100,286
1692468000,292
1692468900,310
1692469800,290
1692470700,310
1692471600,336
1692472500,334
1692473400,339
1692474300,341
1692475200,336
1692476100,202
1692477000,205
1692477900,179
1692478800,198
1692479700,191
1692480600,177
1692481500,194
1692482400,195
1692483300,156
1692484200,150
1692485100,164
1692486000,151
1692486900,133
1692487800,145
1692488700,157
1692489600,138
1692490500,147
1692491400,129
1692492300,153
1692493200,148
1692494100,133
1692495000,148
1692495900,148
1692496800,138
1692497700,149
1692498600,133
1692499500,127
1692500400,125
1692501300,134
1692502200,127
1692503100,137
1692504000,135
1692504900,187
1692505800,140
1692506700,139
1692507600,131
1692508500,149
1692509400,138
1692510300,141
1692511200,161
1692512100,175
1692513000,155
1692513900,164
1692514800,183
1692515700,153
1692516600,200
1692517500,237
1692518400,290
1692519300,372
1692520200,294
1692521100,240
1692522000,229
1692522900,239
1692523800,342
1692524700,881
1692525600,581
1692526500,239
1692527400,479
1692528300,526
1692529200,335
1692530100,288
1692531000,282
1692531900,320
1692532800,327
1692533700,303
1692534600,376
1692535500,337
1692536400,259
1692537300,263
1692538200,265
1692539100,260
1692540000,357
1692540900,307
1692541800,291
1692542700,312
1692543600,292
1692544500,537
1692545400,354
1692546300,276
1692547200,236
1692548100,253
1692549000,247
1692549900,275
1692550800,272
1692551700,277
1692552600,264
1692553500,319
1692554400,292
1692555300,296
1692556200,315
1692557100,291
1692558000,287
1692558900,279
1692559800,257
1692560700,293
1692561600,305
1692562500,282
1692563400,222
1692564300,197
1692565200,202
1692566100,194
1692567000,185
1692567900,147
1692568800,138
1692569700,131
1692570600,141
1692571500,124
1692572400,134
1692573300,141
1692574200,137
1692575100,132
1692576000,126
1692576900,161
1692577800,138
1692578700,131
1692579600,146
1692580500,164
1692581400,121
1692582300,147
1692583200,154
1692584100,146
1692585000,128
1692585900,138
1692586800,160
1692587700,139
1692588600,130
1692589500,131
1692590400,154
1692591300,160
1692592200,206
1692593100,170
1692594000,197
1692594900,173
1692595800,209
1692596700,225
1692597600,235
1692598500,265
1692599400,246
1692600300,394
1692601200,423
1692602100,372
1692603000,341
1692603900,311
1692604800,486
1692605700,304
1692606600,265
1692607500,350
1692608400,311
1692609300,285
1692610200,276
1692611100,250
1692612000,320
1692612900,322
1692613800,285
1692614700,348
1692615600,365
1692616500,447
1692617400,325
1692618300,346
1692619200,258
1692620100,282
1692621000,264
1692621900,254
1692622800,439
1692623700,419
1692624600,426
1692625500,400
1692626400,510
1692627300,443
1692628200,518
1692629100,495
1692630000,639
1692630900,527
1692631800,584
1692632700,556
1692633600,536
1692634500,581
1692635400,432
1692636300,318
1692637200,909
1692638100,673
1692639000,511
1692639900,476
1692640800,446
1692641700,587
1692642600,678
1692643500,746
1692644400,639
1692645300,612
1692646200,678
1692647100,668
1692648000,708
1692648900,668
1692649800,694
1692650700,701
1692651600,714
1692652500,585
1692653400,252
1692654300,200
1692655200,192
1692656100,149
1692657000,129
1692657900,130
1692658800,135
1692659700,129
1692660600,117
1692661500,127
1692662400,143
1692663300,130
1692664200,120
1692665100,130
1692666000,145
1692666900,147
1692667800,150
1692668700,142
1692669600,130
1692670500,147
1692671400,131
1692672300,133
1692673200,149
1692674100,147
1692675000,145
1692675900,121
1692676800,142
1692677700,148
1692678600,134
1692679500,150
1692680400,393
1692681300,504
1692682200,452
1692683100,503
1692684000,501
1692684900,470
1692685800,801
1692686700,1064
1692687600,766
1692688500,1045
1692689400,732
1692690300,782
1692691200,546
1692692100,472
1692693000,392
1692693900,458
1692694800,877
1692695700,779
1692696600,1152
1692697500,799
1692698400,501
1692699300,611
1692700200,479
1692701100,518
1692702000,501
1692702900,455
1692703800,298
1692704700,206
1692705600,219
1692706500,230
1692707400,320
1692708300,413
1692709200,413
1692710100,469
1692711000,320
1692711900,342
1692712800,235
1692713700,197
1692714600,194
1692715500,232
1692716400,224
1692717300,255
1692718200,178
1692719100,319
1692720000,221
1692720900,348
1692721800,267
1692722700,305
1692723600,244
1692724500,292
1692725400,291
1692726300,289
1692727200,222
1692728100,463
1692729000,322
1692729900,308
1692730800,324
1692731700,384
1692732600,301
1692733500,308
1692734400,300
1692735300,269
1692736200,285
1692737100,274
1692738000,272
1692738900,251
1692739800,207
1692740700,193
1692741600,203
1692742500,186
1692743400,191
1692744300,177
1692745200,189
1692746100,190
1692747000,186
1692747900,176
1692748800,188
1692749700,200
1692750600,132
1692751500,128
1692752400,156
1692753300,157
1692754200,144
1692755100,147
1692756000,157
1692756900,138
1692757800,165
1692758700,147
1692759600,156
1692760500,140
1692761400,158
1692762300,147
1692763200,157
1692764100,136
1692765000,162
1692765900,148
1692766800,153
1692767700,135
1692768600,160
1692769500,146
1692770400,153
1692771300,130
1692772200,148
1692773100,201
1692774000,167
1692774900,207
1692775800,216
1692776700,165
1692777600,310
1692778500,446
1692779400,336
1692780300,358
1692781200,200
1692782100,371
1692783000,313
1692783900,191
1692784800,340
1692785700,412
1692786600,629
1692787500,962
1692788400,526
1692789300,286
1692790200,234
1692791100,215
1692792000,177
1692792900,170
1692793800,166
1692794700,156
1692795600,137
1692796500,182
1692797400,154
1692798300,160
1692799200,216
1692800100,307
1692801000,173
1692801900,156
1692802800,203
1692803700,184
1692804600,227
1692805500,146
1692806400,148
1692807300,167
1692808200,209
1692809100,246
1692810000,325
1692810900,356
1692811800,725
1692812700,293
1692813600,343
1692814500,335
1692815400,421
1692816300,556
1692817200,398
1692818100,383
1692819000,397
1692819900,323
1692820800,241
1692821700,208
1692822600,220
1692823500,217
1692824400,209
1692825300,189
1692826200,169
1692827100,153
1692828000,142
1692828900,130
1692829800,136
1692830700,129
1692831600,139
1692832500,122
1692833400,131
1692834300,122
1692835200,138
1692836100,135
1692837000,131
1692837900,126
1692838800,138
1692839700,138
1692840600,145
1692841500,137
1692842400,148
1692843300,128
1692844200,146
1692845100,119
1692846000,159
1692846900,135
1692847800,145
1692848700,150
1692849600,145
1692850500,141
1692851400,223
1692852300,133
1692853200,830
1692854100,794
1692855000,704
1692855900,362
1692856800,159
1692857700,145
1692858600,154
1692859500,222
1692860400,238
1692861300,168
1692862200,284
1692863100,345
1692864000,385
1692864900,277
1692865800,194
1692866700,554
1692867600,297
1692868500,338
1692869400,550
1692870300,197
1692871200,173
1692872100,193
1692873000,174
1692873900,270
1692874800,216
1692875700,203
1692876600,218
1692877500,234
1692878400,246
1692879300,253
1692880200,234
1692881100,308
1692882000,291
1692882900,290
1692883800,304
1692884700,267
1692885600,245
1692886500,237
1692887400,218
1692888300,265
1692889200,390
1692890100,241
1692891000,319
1692891900,352
1692892800,216
1692893700,210
1692894600,230
1692895500,263
1692896400,240
1692897300,245
1692898200,661
1692899100,579
1692900000,494
1692900900,280
1692901800,350
1692902700,412
1692903600,397
1692904500,391
1692905400,391
1692906300,369
1692907200,358
1692908100,350
1692909000,355
1692909900,354
1692910800,360
1692911700,332
1692912600,217
1692913500,179
1692914400,190
1692915300,185
1692916200,141
1692917100,120
1692918000,129
1692918900,128
1692919800,130
1692920700,118
1692921600,127
1692922500,131
1692923400,138
1692924300,121
1692925200,140
1692926100,150
1692927000,129
1692927900,134
1692928800,146
1692929700,152
1692930600,127
1692931500,138
1692932400,143
1692933300,142
1692934200,133
1692935100,142
1692936000,152
1692936900,159
1692937800,174
1692938700,134
1692939600,221
1692940500,196
1692941400,198
1692942300,540
1692943200,506
1692944100,265
1692945000,192
1692945900,190
1692946800,188
1692947700,216
1692948600,199
1692949500,374
1692950400,210
1692951300,350
1692952200,271
1692953100,337
1692954000,230
1692954900,224
1692955800,277
1692956700,452
1692957600,510
1692958500,306
1692959400,291
1692960300,309
1692961200,211
1692962100,213
1692963000,353
1692963900,197
1692964800,235
1692965700,248
1692966600,304
1692967500,459
1692968400,232
1692969300,215
1692970200,250
1692971100,247
1692972000,243
1692972900,225
1692973800,218
1692974700,207
1692975600,194
1692976500,191
1692977400,216
1692978300,225
1692979200,210
1692980100,204
1692981000,211
1692981900,201
1692982800,246
1692983700,238
1692984600,228
1692985500,262
1692986400,485
1692987300,319
1692988200,206
1692989100,166
1692990000,826
1692990900,847
1692991800,460
1692992700,393
1692993600,366
1692994500,268
1692995400,186
1692996300,197
1692997200,189
1692998100,171
1692999000,200
1692999900,182
1693000800,158
1693001700,140
1693002600,141
1693003500,147
1693004400,121
1693005300,127
1693006200,127
1693007100,124
1693008000,115
1693008900,130
1693009800,122
1693010700,136
1693011600,127
1693012500,133
1693013400,123
1693014300,142
1693015200,133
1693016100,138
1693017000,134
1693017900,143
1693018800,115
1693019700,151
1693020600,138
1693021500,148
1693022400,140
1693023300,149
1693024200,203
1693025100,174
1693026000,136
1693026900,152
1693027800,143
1693028700,138
1693029600,139
1693030500,148
1693031400,182
1693032300,193
1693033200,232
1693034100,232
1693035000,224
1693035900,286
1693036800,365
1693037700,269
1693038600,307
1693039500,221
1693040400,297
1693041300,315
1693042200,241
1693043100,251
1693044000,669
1693044900,272
1693045800,252
1693046700,249
1693047600,241
1693048500,196
1693049400,183
1693050300,167
1693051200,185
1693052100,187
1693053000,195
1693053900,199
1693054800,192
1693055700,201
1693056600,193
1693057500,207
1693058400,271
1693059300,225
1693060200,223
1693061100,228
1693062000,204
1693062900,205
1693063800,235
1693064700,321
1693065600,307
1693066500,343
1693067400,302
1693068300,280
1693069200,281
1693070100,428
1693071000,436
1693071900,422
1693072800,378
1693073700,491
1693074600,464
1693075500,423
1693076400,364
1693077300,356
1693078200,368
1693079100,332
1693080000,351
1693080900,349
1693081800,257
1693082700,178
1693083600,203
1693084500,202
1693085400,182
1693086300,184
1693087200,196
1693088100,152
1693089000,147
1693089900,131
1693090800,155
1693091700,133
1693092600,128
1693093500,118
1693094400,132
1693095300,129
1693096200,127
1693097100,119
1693098000,155
1693098900,136
1693099800,125
1693100700,130
1693101600,148
1693102500,152
1693103400,126
1693104300,141
1693105200,147
1693106100,133
1693107000,138
1693107900,151
1693108800,168
1693109700,159
1693110600,476
1693111500,295
1693112400,215
1693113300,156
1693114200,162
1693115100,204
1693116000,202
1693116900,177
1693117800,161
1693118700,183
1693119600,178
1693120500,181
1693121400,171
1693122300,191
1693123200,226
1693124100,190
1693125000,154
1693125900,216
1693126800,195
1693127700,213
1693128600,206
1693129500,213
1693130400,221
1693131300,351
1693132200,418
1693133100,258
1693134000,232
1693134900,221
1693135800,427
1693136700,360
1693137600,241
1693138500,262
1693139400,277
1693140300,311
1693141200,258
1693142100,235
1693143000,235
1693143900,216
1693144800,180
1693145700,167
1693146600,177
1693147500,159
1693148400,295
1693149300,198
1693150200,187
1693151100,128
1693152000,153
1693152900,173
1693153800,277
1693154700,363
1693155600,184
1693156500,188
1693157400,237
1693158300,179
1693159200,162
1693160100,167
1693161000,284
1693161900,315
1693162800,306
1693163700,284
1693164600,311
1693165500,309
1693166400,272
1693167300,291
1693168200,225
1693169100,214
1693170000,180
1693170900,182
1693171800,195
1693172700,226
1693173600,215
1693174500,227
1693175400,201
1693176300,168
1693177200,136
1693178100,142
1693179000,132
1693179900,132
1693180800,123
1693181700,129
1693182600,132
1693183500,132
1693184400,133
1693185300,140
1693186200,133
1693187100,135
1693188000,118
1693188900,148
1693189800,149
1693190700,147
1693191600,130
1693192500,137
1693193400,148
1693194300,129
1693195200,140
1693196100,155
1693197000,206
1693197900,152
1693198800,165
1693199700,160
1693200600,139
1693201500,144
1693202400,150
1693203300,377
1693204200,238
1693205100,280
1693206000,217
1693206900,323
1693207800,292
1693208700,337
1693209600,282
1693210500,303
1693211400,312
1693212300,341
1693213200,377
1693214100,294
1693215000,310
1693215900,311
1693216800,261
1693217700,254
1693218600,284
1693219500,208
1693220400,192
1693221300,180
1693222200,253
1693223100,214
1693224000,238
1693224900,448
1693225800,945
1693226700,618
1693227600,598
1693228500,274
1693229400,296
1693230300,310
1693231200,283
1693232100,247
1693233000,317
1693233900,301
1693234800,252
1693235700,243
1693236600,214
1693237500,160
1693238400,155
1693239300,174
1693240200,154
1693241100,159
1693242000,291
1693242900,281
1693243800,180
1693244700,212
1693245600,250
1693246500,345
1693247400,337
1693248300,316
1693249200,294
1693250100,269
1693251000,279
1693251900,186
1693252800,256
1693253700,225
1693254600,236
1693255500,210
1693256400,224
1693257300,216
1693258200,239
1693259100,219
1693260000,186
1693260900,140
1693261800,173
1693262700,129
1693263600,118
1693264500,132
1693265400,130
1693266300,100
1693267200,130
1693268100,131
1693269000,125
1693269900,111
1693270800,139
1693271700,151
1693272600,136
1693273500,115
1693274400,131
1693275300,133
1693276200,125
1693277100,122
1693278000,137
1693278900,125
1693279800,120
1693280700,120
1693281600,140
1693282500,121
1693283400,128
1693284300,120
1693285200,175
1693286100,222
1693287000,149
1693287900,237
1693288800,186
1693289700,201
1693290600,329
1693291500,448
1693292400,337
1693293300,211
1693294200,231
1693295100,226
1693296000,231
1693296900,222
1693297800,207
1693298700,213
1693299600,338
1693300500,223
1693301400,227
1693302300,722
1693303200,1130
1693304100,278
1693305000,276
1693305900,285
1693306800,272
1693307700,286
1693308600,378
1693309500,279
1693310400,270
1693311300,287
1693312200,246
1693313100,250
1693314000,242
1693314900,242
1693315800,237
1693316700,294
1693317600,311
1693318500,252
1693319400,380
1693320300,777
1693321200,407
1693322100,271
1693323000,340
1693323900,275
1693324800,298
1693325700,273
1693326600,309
1693327500,288
1693328400,257
1693329300,248
1693330200,282
1693331100,282
1693332000,318
1693332900,366
1693333800,357
1693334700,363
1693335600,361
1693336500,375
1693337400,364
1693338300,353
1693339200,308
1693340100,259
1693341000,218
1693341900,221
1693342800,235
1693343700,201
1693344600,178
1693345500,179
1693346400,151
1693347300,129
1693348200,143
1693349100,156
1693350000,155
1693350900,151
1693351800,140
1693352700,153
1693353600,144
1693354500,131
1693355400,143
1693356300,154
1693357200,139
1693358100,153
1693359000,158
1693359900,164
1693360800,154
1693361700,138
1693362600,140
1693363500,143
1693364400,141
1693365300,132
1693366200,139
1693367100,141
1693368000,142
1693368900,143
1693369800,142
1693370700,142
1693371600,142
1693372500,146
1693373400,158
1693374300,156
1693375200,160
1693376100,137
1693377000,165
1693377900,272
1693378800,204
1693379700,178
1693380600,540
1693381500,532
1693382400,391
1693383300,417
1693384200,507
1693385100,303
1693386000,332
1693386900,331
1693387800,356
1693388700,822
1693389600,537
1693390500,706
1693391400,501
1693392300,361
1693393200,244
1693394100,254
1693395000,276
1693395900,245
1693396800,224
1693397700,224
1693398600,231
1693399500,201
1693400400,192
1693401300,200
1693402200,216
1693403100,202
1693404000,198
1693404900,203
1693405800,248
1693406700,235
1693407600,285
1693408500,479
1693409400,464
1693410300,256
1693411200,267
1693412100,226
1693413000,227
1693413900,212
1693414800,209
1693415700,218
1693416600,224
1693417500,209
1693418400,226
1693419300,239
1693420200,225
1693421100,225
1693422000,319
1693422900,336
1693423800,326
1693424700,320
1693425600,308
1693426500,324
1693427400,253
1693428300,195
1693429200,186
1693430100,209
1693431000,200
1693431900,196
1693432800,196
1693433700,204
1693434600,155
1693435500,170
1693436400,155
1693437300,161
1693438200,131
1693439100,164
1693440000,138
1693440900,146
1693441800,133
1693442700,179
1693443600,151
1693444500,154
1693445400,134
1693446300,166
1693447200,153
1693448100,155
1693449000,132
1693449900,144
1693450800,136
1693451700,135
1693452600,133
1693453500,138
1693454400,144
1693455300,138
1693456200,219
1693457100,147
1693458000,164
1693458900,155
1693459800,141
1693460700,329
1693461600,681
1693462500,461
1693463400,188
1693464300,211
1693465200,286
1693466100,176
1693467000,264
1693467900,454
1693468800,344
1693469700,266
1693470600,268
1693471500,263
1693472400,552
1693473300,749
1693474200,426
1693475100,522
1693476000,557
1693476900,398
1693477800,423
1693478700,275
1693479600,551
1693480500,569
1693481400,262
1693482300,358
1693483200,344
1693484100,323
1693485000,340
1693485900,288
1693486800,311
1693487700,253
1693488600,282
1693489500,254
1693490400,235
1693491300,209
1693492200,204
1693493100,196
1693494000,548
1693494900,651
1693495800,231
1693496700,195
1693497600,221
1693498500,200
1693499400,206
1693500300,197
1693501200,210
1693502100,239
1693503000,245
1693503900,238
1693504800,262
1693505700,256
1693506600,249
1693507500,228
1693508400,236
1693509300,216
1693510200,230
1693511100,234
1693512000,256
1693512900,238
1693513800,244
1693514700,256
1693515600,282
1693516500,244
1693517400,223
1693518300,206
1693519200,201
1693520100,185
1693521000,154
1693521900,143
1693522800,163
1693523700,165
1693524600,148
1693525500,150
1693526400,129
1693527300,152
1693528200,140
1693529100,142
1693530000,160
1693530900,168
1693531800,150
1693532700,154
1693533600,134
1693534500,171
1693535400,149
1693536300,139
1693537200,137
1693538100,150
1693539000,130
1693539900,139
1693540800,131
1693541700,165
1693542600,206
1693543500,170
1693544400,136
1693545300,208
1693546200,153
1693547100,236
1693548000,485
1693548900,207
1693549800,281
1693550700,220
1693551600,239
1693552500,233
1693553400,246
1693554300,190
1693555200,244
1693556100,204
1693557000,191
1693557900,350
1693558800,407
1693559700,453
1693560600,198
1693561500,196
1693562400,207
1693563300,211
1693564200,415
1693565100,650
1693566000,320
1693566900,289
1693567800,290
1693568700,223
1693569600,243
1693570500,557
1693571400,393
1693572300,340
1693573200,385
1693574100,343
1693575000,317
1693575900,257
1693576800,382
1693577700,235
1693578600,224
1693579500,193
1693580400,207
1693581300,206
1693582200,203
1693583100,377
1693584000,230
1693584900,230
1693585800,354
1693586700,258
1693587600,252
1693588500,269
1693589400,260
1693590300,265
1693591200,347
1693592100,365
1693593000,367
1693593900,380
1693594800,373
1693595700,333
1693596600,310
1693597500,313
1693598400,270
1693599300,237
1693600200,221
1693601100,249
1693602000,217
1693602900,187
1693603800,181
1693604700,210
1693605600,189
1693606500,198
1693607400,194
1693608300,150
1693609200,149
1693610100,144
1693611000,134
1693611900,158
1693612800,145
1693613700,147
1693614600,131
1693615500,151
1693616400,149
1693617300,148
1693618200,134
1693619100,154
1693620000,149
1693620900,144
1693621800,133
1693622700,144
1693623600,134
1693624500,122
1693625400,129
1693626300,127
1693627200,136
1693628100,212
1693629000,163
1693629900,173
1693630800,177
1693631700,189
1693632600,157
1693633500,182
1693634400,179
1693635300,167
1693636200,167
1693637100,174
1693638000,296
1693638900,289
1693639800,257
1693640700,283
1693641600,228
1693642500,230
1693643400,319
1693644300,234
1693645200,219
1693646100,205
1693647000,240
1693647900,191
1693648800,199
1693649700,190
1693650600,214
1693651500,195
1693652400,194
1693653300,244
1693654200,312
1693655100,317
1693656000,205
1693656900,224
1693657800,243
1693658700,240
1693659600,276
1693660500,264
1693661400,252
1693662300,234
1693663200,263
1693664100,214
1693665000,200
1693665900,212
1693666800,188
1693667700,218
1693668600,212
1693669500,236
1693670400,215
1693671300,238
1693672200,242
1693673100,224
1693674000,278
1693674900,590
1693675800,528
1693676700,295
1693677600,245
1693678500,238
1693679400,250
1693680300,254
1693681200,255
1693682100,393
1693683000,265
1693683900,265
1693684800,253
1693685700,261
1693686600,244
1693687500,235
1693688400,232
1693689300,232
1693690200,218
1693691100,237
1693692000,223
1693692900,193
1693693800,196
1693694700,181
1693695600,165
1693696500,191
1693697400,182
1693698300,158
1693699200,129
1693700100,144
1693701000,144
1693701900,143
1693702800,146
1693703700,146
1693704600,157
1693705500,138
1693706400,153
1693707300,152
1693708200,144
1693709100,136
1693710000,142
1693710900,167
1693711800,150
1693712700,158
1693713600,143
1693714500,160
1693715400,150
1693716300,158
1693717200,134
1693718100,154
1693719000,134
1693719900,143
1693720800,130
1693721700,153
1693722600,132
1693723500,274
1693724400,238
1693725300,174
1693726200,160
1693727100,192
1693728000,213
1693728900,209
1693729800,257
1693730700,224
1693731600,225
1693732500,250
1693733400,248
1693734300,250
1693735200,249
1693736100,269
1693737000,267
1693737900,261
1693738800,247
1693739700,232
1693740600,294
1693741500,254
1693742400,225
1693743300,270
1693744200,238
1693745100,220
1693746000,235
1693746900,224
1693747800,248
1693748700,224
1693749600,218
1693750500,250
1693751400,239
1693752300,273
1693753200,451
1693754100,260
1693755000,806
1693755900,598
1693756800,462
1693757700,293
1693758600,235
1693759500,399
1693760400,529
1693761300,256
1693762200,238
1693763100,250
1693764000,265
1693764900,250
1693765800,266
1693766700,327
1693767600,270
1693768500,252
1693769400,245
1693770300,252
1693771200,268
1693772100,273
1693773000,246
1693773900,249
1693774800,236
1693775700,207
1693776600,205
1693777500,220
1693778400,184
1693779300,175
1693780200,194
1693781100,205
1693782000,186
1693782900,185
1693783800,151
1693784700,132
1693785600,123
1693786500,120
1693787400,133
1693788300,134
1693789200,138
1693790100,137
1693791000,157
1693791900,134
1693792800,141
1693793700,137
1693794600,156
1693795500,162
1693796400,154
1693797300,157
1693798200,134
1693799100,165
1693800000,141
1693800900,147
1693801800,150
1693802700,167
1693803600,152
1693804500,146
1693805400,146
1693806300,162
1693807200,139
1693808100,200
1693809000,706
1693809900,192
1693810800,194
1693811700,153
1693812600,180
1693813500,201
1693814400,176
1693815300,165
1693816200,165
1693817100,174
1693818000,183
1693818900,220
1693819800,231
1693820700,231
1693821600,213
1693822500,236
1693823400,233
1693824300,216
1693825200,203
1693826100,187
1693827000,184
1693827900,173
1693828800,174
1693829700,187
1693830600,174
1693831500,221
1693832400,215
1693833300,205
1693834200,207
1693835100,218
1693836000,256
1693836900,254
1693837800,205
1693838700,227
1693839600,186
1693840500,223
1693841400,543
1693842300,388
1693843200,164
1693844100,179
1693845000,209
1693845900,210
1693846800,188
1693847700,208
1693848600,228
1693849500,205
1693850400,202
1693851300,214
1693852200,205
1693853100,198
1693854000,212
1693854900,199
1693855800,223
1693856700,181
1693857600,210
1693858500,184
1693859400,231
1693860300,239
1693861200,227
1693862100,193
1693863000,197
1693863900,150
1693864800,162
1693865700,135
1693866600,146
1693867500,132
1693868400,173
1693869300,148
1693870200,156
1693871100,129
1693872000,141
1693872900,141
1693873800,143
1693874700,146
1693875600,157
1693876500,152
1693877400,162
1693878300,136
1693879200,157
1693880100,140
1693881000,155
1693881900,135
1693882800,149
1693883700,139
1693884600,149
1693885500,150
1693886400,148
1693887300,139
1693888200,145
1693889100,139
1693890000,156
1693890900,139
1693891800,150
1693892700,141
1693893600,161
1693894500,145
1693895400,155
1693896300,170
1693897200,185
1693898100,175
1693899000,170
1693899900,242
1693900800,200
1693901700,241
1693902600,249
1693903500,264
1693904400,248
1693905300,262
1693906200,241
1693907100,219
1693908000,242
1693908900,275
1693909800,247
1693910700,213
1693911600,223
1693912500,275
1693913400,228
1693914300,225
1693915200,230
1693916100,428
1693917000,292
1693917900,328
1693918800,382
1693919700,233
1693920600,224
1693921500,195
1693922400,177
1693923300,241
1693924200,203
1693925100,234
1693926000,203
1693926900,205
1693927800,185
1693928700,175
1693929600,182
1693930500,174
1693931400,150
1693932300,636
1693933200,436
1693934100,211
1693935000,268
1693935900,201
1693936800,217
1693937700,229
1693938600,200
1693939500,197
1693940400,205
1693941300,174
1693942200,171
1693943100,173
1693944000,253
1693944900,191
1693945800,198
1693946700,188
1693947600,186
1693948500,226
1693949400,192
1693950300,166
1693951200,150
1693952100,156
1693953000,146
1693953900,160
1693954800,148
1693955700,157
1693956600,128
1693957500,168
1693958400,146
1693959300,150
1693960200,117
1693961100,138
1693962000,147
1693962900,145
1693963800,137
1693964700,147
1693965600,144
1693966500,146
1693967400,139
1693968300,150
1693969200,140
1693970100,154
1693971000,144
1693971900,146
1693972800,140
1693973700,137
1693974600,150
1693975500,147
1693976400,144
1693977300,140
1693978200,143
1693979100,153
1693980000,148
1693980900,132
1693981800,147
1693982700,140
1693983600,159
1693984500,186
1693985400,890
1693986300,206
1693987200,225
1693988100,205
1693989000,240
1693989900,250
1693990800,260
1693991700,235
1693992600,247
1693993500,531
1693994400,365
1693995300,264
1693996200,266
1693997100,253
1693998000,265
1693998900,235
1693999800,275
1694000700,847
1694001600,460
1694002500,256
1694003400,227
1694004300,251
1694005200,277
1694006100,272
1694007000,284
1694007900,246
1694008800,263
1694009700,274
1694010600,255
1694011500,221
1694012400,218
1694013300,615
1694014200,346
1694015100,196
1694016000,212
1694016900,191
1694017800,212
1694018700,207
1694019600,249
1694020500,246
1694021400,253
1694022300,245
1694023200,257
1694024100,244
1694025000,272
1694025900,229
1694026800,240
1694027700,304
1694028600,237
1694029500,231
1694030400,233
1694031300,224
1694032200,234
1694033100,246
1694034000,226
1694034900,193
1694035800,172
1694036700,169
1694037600,160
1694038500,152
1694039400,151
1694040300,139
1694041200,163
1694042100,152
1694043000,132
1694043900,150
1694044800,136
1694045700,161
1694046600,138
1694047500,145
1694048400,148
1694049300,152
1694050200,142
1694051100,141
1694052000,133
1694052900,145
1694053800,151
1694054700,144
1694055600,145
1694056500,138
1694057400,146
1694058300,146
1694059200,145
1694060100,139
1694061000,147
1694061900,141
1694062800,160
1694063700,139
1694064600,149
1694065500,140
1694066400,142
1694067300,152
1694068200,164
1694069100,193
1694070000,221
1694070900,294
1694071800,169
1694072700,168
1694073600,188
1694074500,188
1694075400,210
1694076300,205
1694077200,171
1694078100,169
1694079000,154
1694079900,185
1694080800,245
1694081700,214
1694082600,214
1694083500,634
1694084400,394
1694085300,219
1694086200,216
1694087100,218
1694088000,206
1694088900,188
1694089800,159
1694090700,167
1694091600,173
1694092500,158
1694093400,316
1694094300,169
1694095200,203
1694096100,189
1694097000,205
1694097900,185
1694098800,156
1694099700,215
1694100600,160
1694101500,199
1694102400,194
1694103300,183
1694104200,182
1694105100,186
1694106000,192
1694106900,180
1694107800,182
1694108700,216
1694109600,215
1694110500,195
1694111400,196
1694112300,186
1694113200,219
1694114100,176
1694115000,187
1694115900,176
1694116800,238
1694117700,181
1694118600,188
1694119500,188
1694120400,221
1694121300,200
1694122200,202
1694123100,203
1694124000,273
1694124900,262
1694125800,249
1694126700,174
1694127600,168
1694128500,146
1694129400,149
1694130300,145
1694131200,143
1694132100,154
1694133000,139
1694133900,154
1694134800,164
1694135700,139
1694136600,146
1694137500,145
1694138400,141
1694139300,147
1694140200,145
1694141100,154
1694142000,138
1694142900,145
1694143800,134
1694144700,157
1694145600,141
1694146500,150
1694147400,144
1694148300,152
1694149200,157
1694150100,147
1694151000,135
1694151900,169
1694152800,190
1694153700,257
1694154600,227
1694155500,189
1694156400,210
1694157300,194
1694158200,178
1694159100,241
1694160000,782
1694160900,580
1694161800,485
1694162700,550
1694163600,355
1694164500,259
1694165400,231
1694166300,230
1694167200,255
1694168100,519
1694169000,496
1694169900,500
1694170800,279
1694171700,246
1694172600,251
1694173500,244
1694174400,213
1694175300,208
1694176200,229
1694177100,244
1694178000,221
1694178900,208
1694179800,194
1694180700,201
1694181600,208
1694182500,185
1694183400,195
1694184300,251
1694185200,322
1694186100,230
1694187000,218
1694187900,254
1694188800,219
1694189700,213
1694190600,240
1694191500,222
1694192400,234
1694193300,236
1694194200,257
1694195100,251
1694196000,298
1694196900,324
1694197800,334
1694198700,309
1694199600,385
1694200500,424
1694201400,366
1694202300,333
1694203200,287
1694204100,236
1694205000,197
1694205900,179
1694206800,191
1694207700,183
1694208600,190
1694209500,179
1694210400,212
1694211300,177
1694212200,164
1694213100,144
1694214000,155
1694214900,162
1694215800,159
1694216700,143
1694217600,127
1694218500,148
1694219400,158
1694220300,137
1694221200,162
1694222100,161
1694223000,169
1694223900,138
1694224800,151
1694225700,141
1694226600,156
1694227500,147
1694228400,144
1694229300,136
1694230200,147
1694231100,152
1694232000,150
1694232900,140
1694233800,150
1694234700,143
1694235600,156
1694236500,527
1694237400,259
1694238300,232
1694239200,195
1694240100,210
1694241000,276
1694241900,250
1694242800,183
1694243700,266
1694244600,262
1694245500,290
1694246400,290
1694247300,279
1694248200,298
1694249100,330
1694250000,276
1694250900,363
1694251800,708
1694252700,416
1694253600,547
1694254500,416
1694255400,697
1694256300,324
1694257200,331
1694258100,264
1694259000,918
1694259900,920
1694260800,780
1694261700,745
1694262600,408
1694263500,227
1694264400,211
1694265300,240
1694266200,236
1694267100,276
1694268000,218
1694268900,354
1694269800,540
1694270700,258
1694271600,261
1694272500,278
1694273400,231
1694274300,253
1694275200,215
1694276100,224
1694277000,234
1694277900,244
1694278800,351
1694279700,493
1694280600,495
1694281500,689
1694282400,676
1694283300,707
1694284200,651
1694285100,570
1694286000,524
1694286900,513
1694287800,419
1694288700,320
1694289600,295
1694290500,337
1694291400,295
1694292300,230
1694293200,206
1694294100,220
1694295000,207
1694295900,220
1694296800,232
1694297700,215
1694298600,183
1694299500,187
1694300400,175
1694301300,173
1694302200,146
1694303100,139
1694304000,139
1694304900,156
1694305800,131
1694306700,161
1694307600,159
1694308500,164
1694309400,170
1694310300,147
1694311200,153
1694312100,161
1694313000,136
1694313900,152
1694314800,133
1694315700,143
1694316600,133
1694317500,150
1694318400,136
1694319300,143
1694320200,146
1694321100,145
1694322000,151
1694322900,162
1694323800,153
1694324700,226
1694325600,228
1694326500,213
1694327400,157
1694328300,162
1694329200,170
1694330100,165
1694331000,210
1694331900,176
1694332800,177
1694333700,194
1694334600,188
1694335500,228
1694336400,255
1694337300,290
1694338200,242
1694339100,255
1694340000,277
1694340900,574
1694341800,814
1694342700,1070
1694343600,707
1694344500,504
1694345400,461
1694346300,307
1694347200,294
1694348100,432
1694349000,288
1694349900,259
1694350800,273
1694351700,274
1694352600,247
1694353500,249
1694354400,290
1694355300,287
1694356200,249
1694357100,302
1694358000,315
1694358900,267
1694359800,289
1694360700,296
1694361600,271
1694362500,248
1694363400,539
1694364300,371
1694365200,256
1694366100,235
1694367000,338
1694367900,544
1694368800,372
1694369700,339
1694370600,329
1694371500,373
1694372400,396
1694373300,355
1694374200,353
1694375100,340
1694376000,294
1694376900,227
1694377800,255
1694378700,224
1694379600,219
1694380500,216
1694381400,200
1694382300,206
1694383200,207
1694384100,186
1694385000,162
1694385900,167
1694386800,140
1694387700,136
1694388600,149
1694389500,140
1694390400,159
1694391300,122
1694392200,149
1694393100,140
1694394000,144
1694394900,140
1694395800,174
1694396700,154
1694397600,167
1694398500,146
1694399400,163
1694400300,135
1694401200,142
1694402100,141
1694403000,150
1694403900,134
1694404800,142
1694405700,136
1694406600,167
1694407500,137
1694408400,151
1694409300,135
1694410200,169
1694411100,165
1694412000,160
1694412900,140
1694413800,287
1694414700,186
1694415600,187
1694416500,242
1694417400,231
1694418300,241
1694419200,233
1694420100,243
1694421000,251
1694421900,225
1694422800,238
1694423700,246
1694424600,257
1694425500,355
1694426400,432
1694427300,741
1694428200,1255
1694429100,883
1694430000,375
1694430900,373
1694431800,677
1694432700,874
1694433600,670
1694434500,438
1694435400,312
1694436300,314
1694437200,335
1694438100,377
1694439000,530
1694439900,397
1694440800,886
1694441700,795
1694442600,830
1694443500,519
1694444400,561
1694445300,575
1694446200,575
1694447100,575
1694448000,669
1694448900,519
1694449800,777
1694450700,848
1694451600,551
1694452500,379
1694453400,428
1694454300,586
1694455200,484
1694456100,422
1694457000,418
1694457900,460
1694458800,441
1694459700,428
1694460600,425
1694461500,410
1694462400,377
1694463300,323
1694464200,286
1694465100,274
1694466000,293
1694466900,283
1694467800,276
1694468700,255
1694469600,245
1694470500,243
1694471400,255
1694472300,245
1694473200,221
1694474100,244
1694475000,213
1694475900,148
1694476800,126
1694477700,151
1694478600,153
1694479500,164
1694480400,133
1694481300,173
1694482200,165
1694483100,156
1694484000,143
1694484900,167
1694485800,163
1694486700,176
1694487600,143
1694488500,151
1694489400,135
1694490300,151
1694491200,140
1694492100,137
1694493000,147
1694493900,144
1694494800,161
1694495700,138
1694496600,167
1694497500,180
1694498400,196
1694499300,251
1694500200,679
1694501100,754
1694502000,747
1694502900,295
1694503800,317
1694504700,388
1694505600,400
1694506500,424
1694507400,424
1694508300,449
1694509200,299
1694510100,290
1694511000,298
1694511900,865
1694512800,973
1694513700,1104
1694514600,879
1694515500,532
1694516400,409
1694517300,435
1694518200,688
1694519100,415
1694520000,520
1694520900,409
1694521800,850
1694522700,956
1694523600,513
1694524500,556
1694525400,473
1694526300,481
1694527200,316
1694528100,335
1694529000,295
1694529900,317
1694530800,748
1694531700,740
1694532600,584
1694533500,291
1694534400,287
1694535300,674
1694536200,616
1694537100,370
1694538000,334
1694538900,380
1694539800,447
1694540700,428
1694541600,421
1694542500,402
1694543400,394
1694544300,430
1694545200,368
1694546100,389
1694547000,362
1694547900,380
1694548800,338
1694549700,371
1694550600,314
1694551500,262
1694552400,242
1694553300,240
1694554200,228
1694555100,216
1694556000,188
1694556900,190
1694557800,192
1694558700,156
1694559600,158
1694560500,158
1694561400,156
1694562300,143
1694563200,163
1694564100,156
1694565000,152
1694565900,131
1694566800,152
1694567700,159
1694568600,154
1694569500,146
1694570400,159
1694571300,161
1694572200,172
1694573100,157
1694574000,159
1694574900,164
1694575800,136
1694576700,156
1694577600,133
1694578500,144
1694579400,135
1694580300,154
1694581200,145
1694582100,151
1694583000,140
1694583900,148
1694584800,146
1694585700,174
1694586600,266
1694587500,240
1694588400,240
1694589300,232
1694590200,193
1694591100,264
1694592000,266
1694592900,272
1694593800,270
1694594700,292
1694595600,341
1694596500,506
1694597400,784
1694598300,490
1694599200,350
1694600100,318
1694601000,295
1694601900,339
1694602800,298
1694603700,302
1694604600,379
1694605500,287
1694606400,262
1694607300,273
1694608200,253
1694609100,268
1694610000,276
1694610900,290
1694611800,314
1694612700,400
1694613600,291
1694614500,313
1694615400,290
1694616300,275
1694617200,254
1694618100,261
1694619000,260
1694619900,260
1694620800,288
1694621700,286
1694622600,304
1694623500,606
1694624400,308
1694625300,356
1694626200,313
1694627100,406
1694628000,423
1694628900,422
1694629800,433
1694630700,796
1694631600,419
1694632500,372
1694633400,344
1694634300,738
1694635200,545
1694636100,336
1694637000,273
1694637900,225
1694638800,208
1694639700,211
1694640600,210
1694641500,204
1694642400,204
1694643300,212
1694644200,181
1694645100,157
1694646000,162
1694646900,166
1694647800,142
1694648700,145
1694649600,149
1694650500,130
1694651400,165
1694652300,153
1694653200,161
1694654100,157
1694655000,147
1694655900,152
1694656800,148
1694657700,152
1694658600,145
1694659500,161
1694660400,147
1694661300,157
1694662200,146
1694663100,170
1694664000,180
1694664900,161
1694665800,159
1694666700,154
1694667600,159
1694668500,168
1694669400,169
1694670300,262
1694671200,216
1694672100,240
1694673000,221
1694673900,215
1694674800,319
1694675700,288
1694676600,346
1694677500,341
1694678400,290
1694679300,301
1694680200,295
1694681100,346
1694682000,312
1694682900,223
1694683800,518
1694684700,354
1694685600,237
1694686500,227
1694687400,369
1694688300,231
1694689200,262
1694690100,221
1694691000,174
1694691900,179
1694692800,170
1694693700,178
1694694600,139
1694695500,278
1694696400,244
1694697300,318
1694698200,312
1694699100,278
1694700000,263
1694700900,245
1694701800,308
1694702700,317
1694703600,452
1694704500,321
1694705400,303
1694706300,404
1694707200,335
1694708100,451
1694709000,425
1694709900,456
1694710800,397
1694711700,379
1694712600,370
1694713500,429
1694714400,358
1694715300,424
1694716200,395
1694717100,403
1694718000,388
1694718900,360
1694719800,344
1694720700,339
1694721600,268
1694722500,251
1694723400,241
1694724300,198
1694725200,206
1694726100,202
1694727000,215
1694727900,188
1694728800,184
1694729700,159
1694730600,146
1694731500,166
1694732400,153
1694733300,163
1694734200,151
1694735100,137
1694736000,144
1694736900,145
1694737800,140
1694738700,149
1694739600,141
1694740500,134
1694741400,162
1694742300,145
1694743200,142
1694744100,138
1694745000,144
1694745900,144
1694746800,138
1694747700,157
1694748600,148
1694749500,176
1694750400,175
1694751300,186
1694752200,155
1694753100,173
1694754000,166
1694754900,176
1694755800,168
1694756700,164
1694757600,262
1694758500,200
1694759400,205
1694760300,179
1694761200,193
1694762100,197
1694763000,228
1694763900,716
1694764800,922
1694765700,362
1694766600,320
1694767500,387
1694768400,441
1694769300,429
1694770200,418
1694771100,615
1694772000,344
1694772900,267
1694773800,701
1694774700,920
1694775600,444
1694776500,643
1694777400,266
1694778300,281
1694779200,313
1694780100,638
1694781000,581
1694781900,299
1694782800,240
1694783700,222
1694784600,231
1694785500,230
1694786400,254
1694787300,218
1694788200,296
1694789100,255
1694790000,285
1694790900,404
1694791800,403
1694792700,416
1694793600,392
1694794500,331
1694795400,303
1694796300,279
1694797200,266
1694798100,284
1694799000,357
1694799900,297
1694800800,364
1694801700,451
1694802600,429
1694803500,363
1694804400,379
1694805300,371
1694806200,381
1694807100,355
1694808000,380
1694808900,351
1694809800,309
1694810700,217
1694811600,209
1694812500,197
1694813400,188
1694814300,195
1694815200,191
1694816100,187
1694817000,150
1694817900,126
1694818800,117
1694819700,111
1694820600,172
1694821500,172
1694822400,179
1694823300,168
1694824200,171
1694825100,176
1694826000,189
1694826900,188
1694827800,165
1694828700,159
1694829600,168
1694830500,168
1694831400,175
1694832300,164
1694833200,153
1694834100,165
1694835000,176
1694835900,179
1694836800,174
1694837700,189
1694838600,173
1694839500,195
1694840400,195
1694841300,285
1694842200,181
1694843100,282
1694844000,403
1694844900,355
1694845800,336
1694846700,271
1694847600,362
1694848500,459
1694849400,568
1694850300,440
1694851200,275
1694852100,302
1694853000,279
1694853900,280
1694854800,301
1694855700,288
1694856600,515
1694857500,790
1694858400,751
1694859300,559
1694860200,676
1694861100,399
1694862000,412
1694862900,519
1694863800,292
1694864700,368
1694865600,270
1694866500,843
1694867400,349
1694868300,259
1694869200,310
1694870100,299
1694871000,291
1694871900,477
1694872800,269
1694873700,269
1694874600,262
1694875500,318
1694876400,310
1694877300,368
1694878200,392
1694879100,457
1694880000,587
1694880900,827
1694881800,455
1694882700,443
1694883600,415
1694884500,358
1694885400,429
1694886300,404
1694887200,411
1694888100,399
1694889000,406
1694889900,377
1694890800,381
1694891700,356
1694892600,363
1694893500,339
1694894400,305
1694895300,232
1694896200,181
1694897100,204
1694898000,175
1694898900,210
1694899800,191
1694900700,200
1694901600,167
1694902500,167
1694903400,171
1694904300,151
1694905200,136
1694906100,143
1694907000,144
1694907900,147
1694908800,129
1694909700,137
1694910600,146
1694911500,132
1694912400,143
1694913300,148
1694914200,146
1694915100,137
1694916000,137
1694916900,123
1694917800,129
1694918700,119
1694919600,128
1694920500,130
1694921400,125
1694922300,142
1694923200,159
1694924100,143
1694925000,152
1694925900,146
1694926800,792
1694927700,852
1694928600,896
1694929500,522
1694930400,361
1694931300,483
1694932200,447
1694933100,398
1694934000,367
1694934900,394
1694935800,391
1694936700,366
1694937600,780
1694938500,646
1694939400,554
1694940300,814
1694941200,940
1694942100,686
1694943000,664
1694943900,460
1694944800,632
1694945700,395
1694946600,411
1694947500,534
1694948400,423
1694949300,286
1694950200,284
1694951100,266
1694952000,257
1694952900,254
1694953800,351
1694954700,293
1694955600,384
1694956500,487
1694957400,475
1694958300,402
1694959200,408
1694960100,432
1694961000,434
1694961900,385
1694962800,655
1694963700,757
1694964600,1018
1694965500,974
1694966400,919
1694967300,1379
1694968200,1214
1694969100,667
1694970000,491
1694970900,471
1694971800,428
1694972700,493
1694973600,366
1694974500,351
1694975400,362
1694976300,358
1694977200,356
1694978100,365
1694979000,349
1694979900,333
1694980800,305
1694981700,235
1694982600,232
1694983500,227
1694984400,232
1694985300,224
1694986200,173
1694987100,200
1694988000,188
1694988900,176
1694989800,193
1694990700,163
1694991600,149
1694992500,136
1694993400,132
1694994300,139
1694995200,157
1694996100,120
1694997000,147
1694997900,139
1694998800,150
1694999700,139
1695000600,138
1695001500,139
1695002400,147
1695003300,129
1695004200,132
1695005100,120
1695006000,129
1695006900,120
1695007800,138
1695008700,121
1695009600,124
1695010500,135
1695011400,131
1695012300,142
1695013200,277
1695014100,668
1695015000,322
1695015900,434
1695016800,320
1695017700,323
1695018600,726
1695019500,803
1695020400,509
1695021300,253
1695022200,277
1695023100,259
1695024000,232
1695024900,248
1695025800,291
1695026700,272
1695027600,286
1695028500,257
1695029400,392
1695030300,411
1695031200,408
1695032100,261
1695033000,250
1695033900,273
1695034800,346
1695035700,497
1695036600,478
1695037500,431
1695038400,440
1695039300,910
1695040200,502
1695041100,494
1695042000,563
1695042900,568
1695043800,611
1695044700,592
1695045600,882
1695046500,925
1695047400,1002
1695048300,584
1695049200,283
1695050100,318
1695051000,454
1695051900,315
1695052800,321
1695053700,350
1695054600,333
1695055500,232
1695056400,256
1695057300,312
1695058200,366
1695059100,294
1695060000,270
1695060900,241
1695061800,330
1695062700,227
1695063600,240
1695064500,237
1695065400,223
1695066300,219
1695067200,235
1695068100,229
1695069000,196
1695069900,176
1695070800,179
1695071700,187
1695072600,180
1695073500,179
1695074400,209
1695075300,174
1695076200,177
1695077100,131
1695078000,118
1695078900,143
1695079800,122
1695080700,127
1695081600,99
1695082500,127
1695083400,125
1695084300,113
1695085200,110
1695086100,126
1695087000,133
1695087900,133
1695088800,102
1695089700,119
1695090600,105
1695091500,108
1695092400,104
1695093300,98
1695094200,107
1695095100,107
1695096000,106
1695096900,110
1695097800,108
1695098700,102
1695099600,186
1695100500,140
1695101400,186
1695102300,169
1695103200,137
1695104100,141
1695105000,197
1695105900,694
1695106800,491
1695107700,355
1695108600,749
1695109500,476
1695110400,328
1695111300,311
1695112200,699
1695113100,660
1695114000,412
1695114900,622
1695115800,839
1695116700,420
1695117600,363
1695118500,510
1695119400,369
1695120300,494
1695121200,904
1695122100,841
1695123000,649
1695123900,568
1695124800,532
1695125700,458
1695126600,362
1695127500,457
1695128400,338
1695129300,326
1695130200,362
1695131100,375
1695132000,404
1695132900,483
1695133800,625
1695134700,271
1695135600,251
1695136500,548
1695137400,793
1695138300,517
1695139200,258
1695140100,273
1695141000,220
1695141900,474
1695142800,403
1695143700,841
1695144600,550
1695145500,909
1695146400,875
1695147300,778
1695148200,360
1695149100,327
1695150000,307
1695150900,320
1695151800,301
1695152700,304
1695153600,241
1695154500,243
1695155400,199
1695156300,137
1695157200,133
1695158100,148
1695159000,126
1695159900,142
1695160800,147
1695161700,130
1695162600,110
1695163500,145
1695164400,147
1695165300,136
1695166200,121
1695167100,139
1695168000,144
1695168900,139
1695169800,117
1695170700,137
1695171600,141
1695172500,135
1695173400,124
1695174300,138
1695175200,140
1695176100,144
1695177000,121
1695177900,114
1695178800,122
1695179700,125
1695180600,127
1695181500,112
1695182400,123
1695183300,120
1695184200,142
1695185100,114
1695186000,124
1695186900,124
1695187800,147
1695188700,132
1695189600,142
1695190500,133
1695191400,130
1695192300,429
1695193200,583
1695194100,951
1695195000,354
1695195900,248
1695196800,291
1695197700,330
1695198600,416
1695199500,389
1695200400,443
1695201300,359
1695202200,183
1695203100,168
1695204000,162
1695204900,171
1695205800,173
1695206700,155
1695207600,142
1695208500,153
1695209400,145
1695210300,163
1695211200,142
1695212100,156
1695213000,224
1695213900,263
1695214800,234
1695215700,256
1695216600,251
1695217500,255
1695218400,238
1695219300,222
1695220200,193
1695221100,188
1695222000,216
1695222900,225
1695223800,209
1695224700,243
1695225600,244
1695226500,359
1695227400,230
1695228300,236
1695229200,245
1695230100,257
1695231000,328
1695231900,434
1695232800,325
1695233700,298
1695234600,316
1695235500,368
1695236400,329
1695237300,356
1695238200,373
1695239100,272
1695240000,236
1695240900,229
1695241800,212
1695242700,213
1695243600,188
1695244500,157
1695245400,149
1695246300,159
1695247200,181
1695248100,156
1695249000,153
1695249900,143
1695250800,158
1695251700,152
1695252600,160
1695253500,152
1695254400,161
1695255300,150
1695256200,155
1695257100,156
1695258000,153
1695258900,150
1695259800,169
1695260700,153
1695261600,155
1695262500,146
1695263400,149
1695264300,168
1695265200,133
1695266100,141
1695267000,142
1695267900,177
1695268800,163
1695269700,171
1695270600,154
1695271500,172
1695272400,168
1695273300,148
1695274200,167
1695275100,186
1695276000,248
1695276900,167
1695277800,176
1695278700,179
1695279600,176
1695280500,165
1695281400,161
1695282300,149
1695283200,156
1695284100,205
1695285000,237
1695285900,219
1695286800,212
1695287700,239
1695288600,496
1695289500,284
1695290400,438
1695291300,298
1695292200,310
1695293100,447
1695294000,437
1695294900,293
1695295800,350
1695296700,332
1695297600,246
1695298500,265
1695299400,259
1695300300,257
1695301200,251
1695302100,266
1695303000,263
1695303900,286
1695304800,255
1695305700,248
1695306600,265
1695307500,260
1695308400,270
1695309300,291
1695310200,286
1695311100,410
1695312000,318
1695312900,387
1695313800,347
1695314700,500
1695315600,533
1695316500,552
1695317400,423
1695318300,463
1695319200,931
1695320100,494
1695321000,411
1695321900,415
1695322800,402
1695323700,396
1695324600,401
1695325500,379
1695326400,364
1695327300,226
1695328200,200
1695329100,196
1695330000,198
1695330900,212
1695331800,182
1695332700,180
1695333600,150
1695334500,158
1695335400,153
1695336300,159
1695337200,156
1695338100,155
1695339000,166
1695339900,136
1695340800,158
1695341700,140
1695342600,159
1695343500,156
1695344400,158
1695345300,161
1695346200,142
1695347100,160
1695348000,164
1695348900,140
1695349800,156
1695350700,160
1695351600,167
1695352500,151
1695353400,159
1695354300,173
1695355200,179
1695356100,148
1695357000,161
1695357900,148
1695358800,167
1695359700,157
1695360600,164
1695361500,234
1695362400,156
1695363300,147
1695364200,150
1695365100,175
1695366000,208
1695366900,322
1695367800,326
1695368700,336
1695369600,423
1695370500,321
1695371400,312
1695372300,291
1695373200,292
1695374100,548
1695375000,623
1695375900,238
1695376800,601
1695377700,453
1695378600,375
1695379500,269
1695380400,265
1695381300,232
1695382200,232
1695383100,331
1695384000,315
1695384900,294
1695385800,324
1695386700,204
1695387600,218
1695388500,234
1695389400,231
1695390300,233
1695391200,230
1695392100,227
1695393000,343
1695393900,409
1695394800,354
1695395700,286
1695396600,275
1695397500,326
1695398400,317
1695399300,279
1695400200,383
1695401100,389
1695402000,423
1695402900,418
1695403800,431
1695404700,444
1695405600,461
1695406500,446
1695407400,431
1695408300,398
1695409200,392
1695410100,392
1695411000,367
1695411900,376
1695412800,374
1695413700,291
1695414600,220
1695415500,216
1695416400,210
1695417300,218
1695418200,199
1695419100,204
1695420000,193
1695420900,184
1695421800,140
1695422700,135
1695423600,145
1695424500,151
1695425400,136
1695426300,149
1695427200,139
1695428100,131
1695429000,153
1695429900,166
1695430800,152
1695431700,142
1695432600,158
1695433500,170
1695434400,153
1695435300,143
1695436200,143
1695437100,157
1695438000,149
1695438900,150
1695439800,140
1695440700,169
1695441600,166
1695442500,157
1695443400,150
1695444300,153
1695445200,194
1695446100,600
1695447000,305
1695447900,206
1695448800,208
1695449700,548
1695450600,487
1695451500,375
1695452400,224
1695453300,334
1695454200,676
1695455100,184
1695456000,174
1695456900,198
1695457800,224
1695458700,404
1695459600,228
1695460500,211
1695461400,207
1695462300,198
1695463200,204
1695464100,256
1695465000,209
1695465900,167
1695466800,141
1695467700,155
1695468600,155
1695469500,148
1695470400,170
1695471300,180
1695472200,202
1695473100,211
1695474000,281
1695474900,239
1695475800,257
1695476700,241
1695477600,249
1695478500,239
1695479400,239
1695480300,264
1695481200,262
1695482100,396
1695483000,425
1695483900,397
1695484800,382
1695485700,373
1695486600,336
1695487500,497
1695488400,354
1695489300,403
1695490200,412
1695491100,416
1695492000,422
1695492900,470
1695493800,495
1695494700,478
1695495600,445
1695496500,442
1695497400,424
1695498300,429
1695499200,394
1695500100,402
1695501000,391
1695501900,350
1695502800,327
1695503700,329
1695504600,259
1695505500,245
1695506400,193
1695507300,191
1695508200,177
1695509100,170
1695510000,165
1695510900,189
1695511800,143
1695512700,161
1695513600,148
1695514500,153
1695515400,144
1695516300,156
1695517200,152
1695518100,157
1695519000,162
1695519900,155
1695520800,158
1695521700,174
1695522600,165
1695523500,157
1695524400,167
1695525300,181
1695526200,145
1695527100,200
1695528000,191
1695528900,200
1695529800,174
1695530700,183
1695531600,182
1695532500,190
1695533400,241
1695534300,165
1695535200,159
1695536100,209
1695537000,217
1695537900,229
1695538800,352
1695539700,444
1695540600,405
1695541500,352
1695542400,368
1695543300,529
1695544200,444
1695545100,345
1695546000,293
1695546900,322
1695547800,505
1695548700,641
1695549600,508
1695550500,350
1695551400,293
1695552300,305
1695553200,224
1695554100,337
1695555000,302
1695555900,296
1695556800,319
1695557700,283
1695558600,386
1695559500,311
1695560400,364
1695561300,274
1695562200,273
1695563100,283
1695564000,249
1695564900,250
1695565800,370
1695566700,311
1695567600,257
1695568500,297
1695569400,437
1695570300,354
1695571200,259
1695572100,294
1695573000,376
1695573900,474
1695574800,439
1695575700,601
1695576600,567
1695577500,845
1695578400,491
1695579300,496
1695580200,484
1695581100,904
1695582000,668
1695582900,524
1695583800,527
1695584700,473
1695585600,528
1695586500,334
1695587400,247
1695588300,286
1695589200,275
1695590100,270
1695591000,262
1695591900,299
1695592800,289
1695593700,222
1695594600,186
1695595500,197
1695596400,165
1695597300,166
1695598200,206
1695599100,216
1695600000,183
1695600900,184
1695601800,215
1695602700,197
1695603600,181
1695604500,165
1695605400,182
1695606300,179
1695607200,182
1695608100,194
1695609000,216
1695609900,186
1695610800,167
1695611700,172
1695612600,156
1695613500,181
1695614400,215
1695615300,193
1695616200,168
1695617100,170
1695618000,167
1695618900,204
1695619800,298
1695620700,183
1695621600,256
1695622500,257
1695623400,277
1695624300,324
1695625200,278
1695626100,266
1695627000,232
1695627900,263
1695628800,303
1695629700,335
1695630600,232
1695631500,221
1695632400,236
1695633300,313
1695634200,257
1695635100,247
1695636000,452
1695636900,351
1695637800,271
1695638700,418
1695639600,504
1695640500,562
1695641400,432
1695642300,352
1695643200,260
1695644100,283
1695645000,252
1695645900,233
1695646800,223
1695647700,262
1695648600,273
1695649500,259
1695650400,451
1695651300,451
1695652200,372
1695653100,358
1695654000,387
1695654900,384
1695655800,469
1695656700,325
1695657600,241
1695658500,394
1695659400,382
1695660300,292
1695661200,303
1695662100,443
1695663000,488
1695663900,492
1695664800,453
1695665700,432
1695666600,460
1695667500,478
1695668400,437
1695669300,427
1695670200,421
1695671100,450
1695672000,431
1695672900,393
1695673800,301
1695674700,300
1695675600,285
1695676500,243
1695677400,214
1695678300,230
1695679200,229
1695680100,232
1695681000,188
1695681900,168
1695682800,181
1695683700,237
1695684600,199
1695685500,184
1695686400,208
1695687300,218
1695688200,178
1695689100,176
1695690000,228
1695690900,211
1695691800,174
1695692700,207
1695693600,215
1695694500,218
1695695400,167
1695696300,165
1695697200,235
1695698100,204
1695699000,179
1695699900,192
1695700800,225
1695701700,169
1695702600,166
1695703500,222
1695704400,207
1695705300,190
1695706200,218
1695707100,187
1695708000,164
1695708900,193
1695709800,229
1695710700,300
1695711600,239
1695712500,255
1695713400,187
1695714300,338
1695715200,778
1695716100,857
1695717000,338
1695717900,547
1695718800,519
1695719700,547
1695720600,484
1695721500,408
1695722400,387
1695723300,484
1695724200,947
1695725100,944
1695726000,472
1695726900,327
1695727800,412
1695728700,492
1695729600,346
1695730500,279
1695731400,320
1695732300,592
1695733200,903
1695734100,758
1695735000,516
1695735900,624
1695736800,408
1695737700,389
1695738600,391
1695739500,448
1695740400,724
1695741300,316
1695742200,331
1695743100,295
1695744000,273
1695744900,350
1695745800,358
1695746700,364
1695747600,362
1695748500,361
1695749400,405
1695750300,400
1695751200,408
1695752100,355
1695753000,407
1695753900,386
1695754800,356
1695755700,323
1695756600,364
1695757500,371
1695758400,329
1695759300,332
1695760200,308
1695761100,301
1695762000,220
1695762900,191
1695763800,194
1695764700,260
1695765600,279
1695766500,256
1695767400,251
1695768300,183
1695769200,237
1695770100,250
1695771000,205
1695771900,184
1695772800,224
1695773700,247
1695774600,183
1695775500,205
1695776400,234
1695777300,222
1695778200,180
1695779100,220
1695780000,225
1695780900,186
1695781800,202
1695782700,223
1695783600,224
1695784500,162
1695785400,190
1695786300,211
1695787200,182
1695788100,191
1695789000,220
1695789900,219
1695790800,165
1695791700,202
1695792600,240
1695793500,162
1695794400,224
1695795300,369
1695796200,250
1695797100,209
1695798000,264
1695798900,277
1695799800,540
1695800700,262
1695801600,253
1695802500,327
1695803400,354
1695804300,296
1695805200,349
1695806100,350
1695807000,314
1695807900,256
1695808800,332
1695809700,372
1695810600,329
1695811500,283
1695812400,268
1695813300,305
1695814200,359
1695815100,252
1695816000,237
1695816900,275
1695817800,283
1695818700,262
1695819600,229
1695820500,274
1695821400,283
1695822300,310
1695823200,244
1695824100,294
1695825000,320
1695825900,759
1695826800,977
1695827700,272
1695828600,323
1695829500,354
1695830400,335
1695831300,277
1695832200,320
1695833100,382
1695834000,400
1695834900,432
1695835800,483
1695836700,474
1695837600,404
1695838500,440
1695839400,492
1695840300,479
1695841200,419
1695842100,389
1695843000,404
1695843900,349
1695844800,267
1695845700,249
1695846600,273
1695847500,240
1695848400,217
1695849300,218
1695850200,205
1695851100,250
1695852000,244
1695852900,254
1695853800,250
1695854700,197
1695855600,168
1695856500,238
1695857400,194
1695858300,178
1695859200,207
1695860100,229
1695861000,197
1695861900,162
1695862800,236
1695863700,228
1695864600,182
1695865500,152
1695866400,221
1695867300,218
1695868200,184
1695869100,155
1695870000,217
1695870900,216
1695871800,189
1695872700,169
1695873600,250
1695874500,347
1695875400,245
1695876300,208
1695877200,258
1695878100,235
1695879000,202
1695879900,219
1695880800,242
1695881700,252
1695882600,250
1695883500,222
1695884400,265
1695885300,262
1695886200,217
1695887100,216
1695888000,259
1695888900,265
1695889800,214
1695890700,360
1695891600,379
1695892500,356
1695893400,940
1695894300,605
1695895200,833
1695896100,311
1695897000,264
1695897900,290
1695898800,356
1695899700,291
1695900600,262
1695901500,237
1695902400,307
1695903300,313
1695904200,272
1695905100,254
1695906000,329
1695906900,344
1695907800,303
1695908700,267
1695909600,241
1695910500,288
1695911400,329
1695912300,291
1695913200,327
1695914100,300
1695915000,312
1695915900,267
1695916800,285
1695917700,391
1695918600,422
1695919500,415
1695920400,560
1695921300,612
1695922200,520
1695923100,269
1695924000,303
1695924900,375
1695925800,348
1695926700,322
1695927600,379
1695928500,386
1695929400,360
1695930300,287
1695931200,316
1695932100,317
1695933000,272
1695933900,265
1695934800,303
1695935700,260
1695936600,249
1695937500,241
1695938400,255
1695939300,236
1695940200,213
1695941100,163
1695942000,209
1695942900,228
1695943800,175
1695944700,182
1695945600,227
1695946500,206
1695947400,167
1695948300,212
1695949200,216
1695950100,207
1695951000,174
1695951900,203
1695952800,217
1695953700,166
1695954600,159
1695955500,215
1695956400,198
1695957300,166
1695958200,162
1695959100,243
1695960000,204
1695960900,185
1695961800,316
1695962700,252
1695963600,200
1695964500,500
1695965400,482
1695966300,661
1695967200,273
1695968100,238
1695969000,406
1695969900,493
1695970800,585
1695971700,187
1695972600,289
1695973500,296
1695974400,279
1695975300,308
1695976200,373
1695977100,352
1695978000,313
1695978900,344
1695979800,445
1695980700,729
1695981600,356
1695982500,310
1695983400,305
1695984300,399
1695985200,306
1695986100,273
1695987000,276
1695987900,417
1695988800,467
1695989700,491
1695990600,304
1695991500,215
1695992400,182
1695993300,270
1695994200,305
1695995100,242
1695996000,411
1695996900,334
1695997800,340
1695998700,412
1695999600,476
1696000500,450
1696001400,393
1696002300,411
1696003200,491
1696004100,565
1696005000,413
1696005900,407
1696006800,533
1696007700,457
1696008600,432
1696009500,465
1696010400,427
1696011300,431
1696012200,472
1696013100,494
1696014000,426
1696014900,398
1696015800,408
1696016700,456
1696017600,422
1696018500,373
1696019400,305
1696020300,297
1696021200,236
1696022100,212
1696023000,232
1696023900,272
1696024800,286
1696025700,234
1696026600,210
1696027500,157
1696028400,194
1696029300,205
1696030200,170
1696031100,156
1696032000,215
1696032900,200
1696033800,165
1696034700,173
1696035600,223
1696036500,204
1696037400,162
1696038300,205
1696039200,232
1696040100,206
1696041000,157
1696041900,219
1696042800,213
1696043700,223
1696044600,172
1696045500,219
1696046400,254
1696047300,283
1696048200,253
1696049100,249
1696050000,264
1696050900,215
1696051800,200
1696052700,219
1696053600,238
1696054500,182
1696055400,214
1696056300,242
1696057200,239
1696058100,180
1696059000,180
1696059900,255
1696060800,275
1696061700,538
1696062600,763
1696063500,549
1696064400,483
1696065300,383
1696066200,282
1696067100,414
1696068000,503
1696068900,653
1696069800,292
1696070700,362
1696071600,275
1696072500,215
1696073400,213
1696074300,277
1696075200,265
1696076100,201
1696077000,212
1696077900,266
1696078800,230
1696079700,259
1696080600,214
1696081500,262
1696082400,253
1696083300,312
1696084200,278
1696085100,617
1696086000,612
1696086900,339
1696087800,390
1696088700,374
1696089600,774
1696090500,369
1696091400,235
1696092300,270
1696093200,337
1696094100,311
1696095000,355
1696095900,415
1696096800,379
1696097700,388
1696098600,433
1696099500,396
1696100400,358
1696101300,341
1696102200,377
1696103100,368
1696104000,298
1696104900,294
1696105800,370
1696106700,256
1696107600,193
1696108500,198
1696109400,203
1696110300,234
1696111200,233
1696112100,226
1696113000,206
1696113900,183
1696114800,197
1696115700,225
1696116600,184
1696117500,172
1696118400,221
1696119300,203
1696120200,177
1696121100,177
1696122000,245
1696122900,201
1696123800,167
1696124700,196
1696125600,236
1696126500,199
1696127400,148
1696128300,174
1696129200,221
1696130100,203
1696131000,148
1696131900,228
1696132800,236
1696133700,279
1696134600,185
1696135500,238
1696136400,268
1696137300,233
1696138200,227
1696139100,220
1696140000,228
1696140900,185
1696141800,202
1696142700,225
1696143600,238
1696144500,178
1696145400,157
1696146300,270
1696147200,469
1696148100,305
1696149000,272
1696149900,309
1696150800,276
1696151700,216
1696152600,238
1696153500,290
1696154400,456
1696155300,563
1696156200,434
1696157100,366
1696158000,279
1696158900,262
1696159800,452
1696160700,349
1696161600,282
1696162500,278
1696163400,305
1696164300,309
1696165200,319
1696166100,264
1696167000,308
1696167900,308
1696168800,248
1696169700,245
1696170600,282
1696171500,259
1696172400,225
1696173300,323
1696174200,343
1696175100,413
1696176000,515
1696176900,362
1696177800,399
1696178700,343
1696179600,395
1696180500,501
1696181400,497
1696182300,461
1696183200,448
1696184100,491
1696185000,463
1696185900,417
1696186800,436
1696187700,529
1696188600,484
1696189500,385
1696190400,297
1696191300,335
1696192200,339
1696193100,270
1696194000,284
1696194900,289
1696195800,227
1696196700,244
1696197600,235
1696198500,236
1696199400,224
1696200300,183
1696201200,191
1696202100,231
1696203000,186
1696203900,178
1696204800,223
1696205700,229
1696206600,165
1696207500,181
1696208400,225
1696209300,224
1696210200,165
1696211100,203
1696212000,235
1696212900,209
1696213800,166
1696214700,191
1696215600,240
1696216500,199
1696217400,176
1696218300,195
1696219200,234
1696220100,299
1696221000,224
1696221900,213
1696222800,347
1696223700,293
1696224600,227
1696225500,295
1696226400,335
1696227300,319
1696228200,325
1696229100,369
1696230000,420
1696230900,414
1696231800,416
1696232700,539
1696233600,552
1696234500,472
1696235400,467
1696236300,541
1696237200,533
1696238100,1031
1696239000,1208
1696239900,862
1696240800,718
1696241700,729
1696242600,502
1696243500,656
1696244400,406
1696245300,320
1696246200,384
1696247100,764
1696248000,887
1696248900,559
1696249800,560
1696250700,671
1696251600,530
1696252500,577
1696253400,558
1696254300,587
1696255200,635
1696256100,1223
1696257000,1101
1696257900,643
1696258800,479
1696259700,339
1696260600,405
1696261500,396
1696262400,308
1696263300,279
1696264200,305
1696265100,410
1696266000,412
1696266900,372
1696267800,406
1696268700,469
1696269600,374
1696270500,472
1696271400,438
1696272300,409
1696273200,374
1696274100,393
1696275000,511
1696275900,503
1696276800,316
1696277700,361
1696278600,457
1696279500,328
1696280400,250
1696281300,212
1696282200,200
1696283100,251
1696284000,250
1696284900,248
1696285800,201
1696286700,164
1696287600,171
1696288500,208
1696289400,164
1696290300,150
1696291200,207
1696292100,212
1696293000,148
1696293900,165
1696294800,201
1696295700,204
1696296600,147
1696297500,156
1696298400,190
1696299300,195
1696300200,134
1696301100,145
1696302000,194
1696302900,171
1696303800,148
1696304700,171
1696305600,197
1696306500,151
1696307400,166
1696308300,194
1696309200,204
1696310100,152
1696311000,156
1696311900,198
1696312800,641
1696313700,699
1696314600,271
1696315500,342
1696316400,476
1696317300,474
1696318200,302
1696319100,288
1696320000,294
1696320900,265
1696321800,659
1696322700,378
1696323600,301
1696324500,261
1696325400,287
1696326300,699
1696327200,611
1696328100,367
1696329000,346
1696329900,331
1696330800,504
1696331700,369
1696332600,269
1696333500,320
1696334400,387
1696335300,776
1696336200,317
1696337100,293
1696338000,316
1696338900,317
1696339800,268
1696340700,284
1696341600,315
1696342500,319
1696343400,256
1696344300,248
1696345200,321
1696346100,299
1696347000,400
1696347900,528
1696348800,320
1696349700,646
1696350600,621
1696351500,609
1696352400,490
1696353300,298
1696354200,267
1696355100,326
1696356000,391
1696356900,299
1696357800,288
1696358700,341
1696359600,336
1696360500,289
1696361400,380
1696362300,370
1696363200,316
1696364100,270
1696365000,312
1696365900,334
1696366800,338
1696367700,236
1696368600,230
1696369500,271
1696370400,214
1696371300,194
1696372200,152
1696373100,159
1696374000,181
1696374900,212
1696375800,151
1696376700,164
1696377600,195
1696378500,205
1696379400,144
1696380300,163
1696381200,203
1696382100,212
1696383000,145
1696383900,173
1696384800,190
1696385700,179
1696386600,161
1696387500,186
1696388400,202
1696389300,174
1696390200,153
1696391100,198
1696392000,193
1696392900,136
1696393800,142
1696394700,190
1696395600,198
1696396500,127
1696397400,140
1696398300,313
1696399200,267
1696400100,190
1696401000,238
1696401900,388
1696402800,439
1696403700,348
1696404600,336
1696405500,399
1696406400,594
1696407300,1334
1696408200,898
1696409100,468
1696410000,500
1696410900,337
1696411800,376
1696412700,469
1696413600,354
1696414500,300
1696415400,377
1696416300,322
1696417200,216
1696418100,213
1696419000,222
1696419900,290
1696420800,254
1696421700,220
1696422600,225
1696423500,266
1696424400,263
1696425300,219
1696426200,232
1696427100,210
1696428000,225
1696428900,175
1696429800,159
1696430700,180
1696431600,232
1696432500,198
1696433400,172
1696434300,212
1696435200,256
1696436100,235
1696437000,206
1696437900,472
1696438800,346
1696439700,337
1696440600,532
1696441500,482
1696442400,411
1696443300,387
1696444200,410
1696445100,404
1696446000,350
1696446900,335
1696447800,382
1696448700,309
1696449600,209
1696450500,193
1696451400,208
1696452300,202
1696453200,161
1696454100,143
1696455000,153
1696455900,196
1696456800,221
1696457700,212
1696458600,175
1696459500,144
1696460400,184
1696461300,199
1696462200,160
1696463100,157
1696464000,211
1696464900,186
1696465800,161
1696466700,169
1696467600,200
1696468500,193
1696469400,149
1696470300,186
1696471200,204
1696472100,184
1696473000,146
1696473900,178
1696474800,207
1696475700,180
1696476600,143
1696477500,207
1696478400,236
1696479300,253
1696480200,249
1696481100,222
1696482000,321
1696482900,246
1696483800,185
1696484700,440
1696485600,386
1696486500,214
1696487400,187
1696488300,309
1696489200,712
1696490100,183
1696491000,173
1696491900,230
1696492800,219
1696493700,202
1696494600,154
1696495500,193
1696496400,219
1696497300,226
1696498200,203
1696499100,188
1696500000,366
1696500900,277
1696501800,210
1696502700,252
1696503600,280
1696504500,215
1696505400,221
1696506300,326
1696507200,301
1696508100,230
1696509000,272
1696509900,299
1696510800,293
1696511700,206
1696512600,358
1696513500,400
1696514400,373
1696515300,245
1696516200,274
1696517100,221
1696518000,199
1696518900,184
1696519800,291
1696520700,279
1696521600,366
1696522500,329
1696523400,409
1696524300,452
1696525200,522
1696526100,414
1696527000,459
1696527900,443
1696528800,390
1696529700,373
1696530600,391
1696531500,432
1696532400,398
1696533300,405
1696534200,378
1696535100,372
1696536000,341
1696536900,306
1696537800,272
1696538700,235
1696539600,201
1696540500,154
1696541400,176
1696542300,207
1696543200,227
1696544100,213
1696545000,184
1696545900,166
1696546800,194
1696547700,212
1696548600,165
1696549500,198
1696550400,226
1696551300,207
1696552200,153
1696553100,198
1696554000,233
1696554900,198
1696555800,150
1696556700,179
1696557600,223
1696558500,179
1696559400,154
1696560300,178
1696561200,220
1696562100,189
1696563000,157
1696563900,202
1696564800,257
1696565700,321
1696566600,249
1696567500,327
1696568400,327
1696569300,255
1696570200,508
1696571100,690
1696572000,282
1696572900,267
1696573800,222
1696574700,253
1696575600,270
1696576500,227
1696577400,342
1696578300,333
1696579200,246
1696580100,215
1696581000,200
1696581900,237
1696582800,369
1696583700,965
1696584600,701
1696585500,652
1696586400,470
1696587300,208
1696588200,203
1696589100,227
1696590000,209
1696590900,242
1696591800,321
1696592700,203
1696593600,184
1696594500,298
1696595400,226
1696596300,260
1696597200,208
1696598100,264
1696599000,263
1696599900,263
1696600800,249
1696601700,821
1696602600,353
1696603500,474
1696604400,329
1696605300,255
1696606200,228
1696607100,233
1696608000,285
1696608900,211
1696609800,201
1696610700,203
1696611600,242
1696612500,193
1696613400,181
1696614300,193
1696615200,166
1696616100,188
1696617000,169
1696617900,184
1696618800,158
1696619700,188
1696620600,206
1696621500,169
1696622400,196
1696623300,230
1696624200,193
1696625100,197
1696626000,153
1696626900,181
1696627800,156
1696628700,202
1696629600,225
1696630500,186
1696631400,146
1696632300,133
1696633200,136
1696634100,132
1696635000,159
1696635900,138
1696636800,185
1696637700,187
1696638600,149
1696639500,143
1696640400,132
1696641300,172
1696642200,148
1696643100,183
1696644000,205
1696644900,189
1696645800,146
1696646700,160
1696647600,139
1696648500,152
1696649400,145
1696650300,217
1696651200,237
1696652100,271
1696653000,274
1696653900,250
1696654800,261
1696655700,206
1696656600,167
1696657500,176
1696658400,160
1696659300,150
1696660200,151
1696661100,188
1696662000,245
1696662900,176
1696663800,171
1696664700,141
1696665600,163
1696666500,131
1696667400,167
1696668300,235
1696669200,218
1696670100,149
1696671000,155
1696671900,138
1696672800,176
1696673700,165
1696674600,167
1696675500,185
1696676400,244
1696677300,202
1696678200,192
1696679100,184
1696680000,429
1696680900,218
1696681800,194
1696682700,203
1696683600,195
1696684500,213
1696685400,225
1696686300,172
1696687200,160
1696688100,221
1696689000,194
1696689900,185
1696690800,182
1696691700,198
1696692600,216
1696693500,200
1696694400,207
1696695300,218
1696696200,280
1696697100,449
1696698000,369
1696698900,340
1696699800,336
1696700700,326
1696701600,310
1696702500,317
1696703400,330
1696704300,313
1696705200,308
1696706100,334
1696707000,310
1696707900,312
1696708800,306
1696709700,207
1696710600,157
1696711500,129
1696712400,140
1696713300,132
1696714200,150
1696715100,142
1696716000,154
1696716900,134
1696717800,151
1696718700,144
1696719600,151
1696720500,147
1696721400,144
1696722300,142
1696723200,145
1696724100,134
1696725000,142
1696725900,145
1696726800,145
1696727700,137
1696728600,163
1696729500,145
1696730400,149
1696731300,148
1696732200,148
1696733100,177
1696734000,192
1696734900,175
1696735800,150
1696736700,174
1696737600,256
1696738500,195
1696739400,223
1696740300,200
1696741200,194
1696742100,233
1696743000,180
1696743900,184
1696744800,190
1696745700,593
1696746600,200
1696747500,194
1696748400,205
1696749300,193
1696750200,167
1696751100,179
1696752000,168
1696752900,205
1696753800,323
1696754700,275
1696755600,292
1696756500,249
1696757400,327
1696758300,231
1696759200,196
1696760100,180
1696761000,179
1696761900,196
1696762800,192
1696763700,234
1696764600,305
1696765500,258
1696766400,182
1696767300,183
1696768200,208
1696769100,187
1696770000,198
1696770900,210
1696771800,192
1696772700,193
1696773600,168
1696774500,136
1696775400,154
1696776300,154
1696777200,160
1696778100,126
1696779000,171
1696779900,260
1696780800,278
1696781700,503
1696782600,320
1696783500,317
1696784400,331
1696785300,321
1696786200,433
1696787100,413
1696788000,419
1696788900,407
1696789800,397
1696790700,412
1696791600,414
1696792500,380
1696793400,374
1696794300,365
1696795200,360
1696796100,304
1696797000,255
1696797900,263
1696798800,218
1696799700,213
1696800600,205
1696801500,218
1696802400,212
1696803300,207
1696804200,195
1696805100,201
1696806000,210
1696806900,213
1696807800,187
1696808700,159
1696809600,172
1696810500,158
1696811400,155
1696812300,151
1696813200,181
1696814100,164
1696815000,163
1696815900,155
1696816800,175
1696817700,155
1696818600,159
1696819500,150
1696820400,171
1696821300,157
1696822200,163
1696823100,153
1696824000,178
1696824900,325
1696825800,212
1696826700,196
1696827600,244
1696828500,349
1696829400,489
1696830300,210
1696831200,528
1696832100,272
1696833000,666
1696833900,428
1696834800,276
1696835700,233
1696836600,240
1696837500,232
1696838400,231
1696839300,257
1696840200,297
1696841100,446
1696842000,553
1696842900,308
1696843800,520
1696844700,442
1696845600,577
1696846500,506
1696847400,452
1696848300,340
1696849200,394
1696850100,334
1696851000,450
1696851900,961
1696852800,566
1696853700,313
1696854600,358
1696855500,303
1696856400,325
1696857300,430
1696858200,345
1696859100,478
1696860000,555
1696860900,436
1696861800,464
1696862700,468
1696863600,399
1696864500,378
1696865400,281
1696866300,278
1696867200,198
1696868100,190
1696869000,148
1696869900,128
1696870800,142
1696871700,125
1696872600,133
1696873500,126
1696874400,158
1696875300,177
1696876200,184
1696877100,210
1696878000,176
1696878900,180
1696879800,184
1696880700,208
1696881600,306
1696882500,261
1696883400,242
1696884300,201
1696885200,194
1696886100,209
1696887000,153
1696887900,143
1696888800,145
1696889700,184
1696890600,130
1696891500,118
1696892400,129
1696893300,145
1696894200,120
1696895100,129
1696896000,136
1696896900,193
1696897800,136
1696898700,116
1696899600,107
1696900500,116
1696901400,124
1696902300,117
1696903200,107
1696904100,116
1696905000,113
1696905900,139
1696906800,112
1696907700,120
1696908600,116
1696909500,139
1696910400,125
1696911300,134
1696912200,126
1696913100,124
1696914000,133
1696914900,130
1696915800,118
1696916700,134
1696917600,146
1696918500,136
1696919400,262
1696920300,242
1696921200,387
1696922100,249
1696923000,242
1696923900,284
1696924800,276
1696925700,624
1696926600,469
1696927500,506
1696928400,306
1696929300,296
1696930200,277
1696931100,579
1696932000,880
1696932900,700
1696933800,426
1696934700,327
1696935600,300
1696936500,253
1696937400,266
1696938300,274
1696939200,257
1696940100,437
1696941000,398
1696941900,295
1696942800,406
1696943700,346
1696944600,369
1696945500,370
1696946400,426
1696947300,331
1696948200,327
1696949100,340
1696950000,582
1696950900,533
1696951800,413
1696952700,407
1696953600,462
1696954500,915
1696955400,503
1696956300,442
1696957200,1009
1696958100,763
1696959000,352
1696959900,315
1696960800,334
1696961700,371
1696962600,321
1696963500,328
1696964400,317
1696965300,296
1696966200,302
1696967100,308
1696968000,301
1696968900,262
1696969800,286
1696970700,290
1696971600,282
1696972500,247
1696973400,249
1696974300,215
1696975200,154
1696976100,135
1696977000,146
1696977900,162
1696978800,154
1696979700,134
1696980600,150
1696981500,165
1696982400,147
1696983300,144
1696984200,137
1696985100,161
1696986000,152
1696986900,135
1696987800,126
1696988700,134
1696989600,140
1696990500,136
1696991400,129
1696992300,135
1696993200,134
1696994100,154
1696995000,128
1696995900,131
1696996800,137
1696997700,147
1696998600,160
1696999500,171
1697000400,134
1697001300,127
1697002200,148
1697003100,207
1697004000,160
1697004900,241
1697005800,257
1697006700,705
1697007600,609
1697008500,423
1697009400,437
1697010300,476
1697011200,354
1697012100,940
1697013000,943
1697013900,787
1697014800,747
1697015700,565
1697016600,257
1697017500,214
1697018400,197
1697019300,253
1697020200,203
1697021100,238
1697022000,446
1697022900,297
1697023800,168
1697024700,207
1697025600,232
1697026500,271
1697027400,230
1697028300,252
1697029200,309
1697030100,265
1697031000,263
1697031900,244
1697032800,222
1697033700,257
1697034600,202
1697035500,219
1697036400,209
1697037300,198
1697038200,230
1697039100,238
1697040000,243
1697040900,213
1697041800,525
1697042700,270
1697043600,255
1697044500,205
1697045400,198
1697046300,183
1697047200,265
1697048100,222
1697049000,230
1697049900,179
1697050800,187
1697051700,194
1697052600,202
1697053500,222
1697054400,222
1697055300,230
1697056200,273
1697057100,228
1697058000,242
1697058900,218
1697059800,167
1697060700,133
1697061600,149
1697062500,139
1697063400,145
1697064300,153
1697065200,137
1697066100,144
1697067000,157
1697067900,141
1697068800,150
1697069700,143
1697070600,153
1697071500,144
1697072400,149
1697073300,148
1697074200,135
1697075100,124
1697076000,140
1697076900,130
1697077800,133
1697078700,125
1697079600,135
1697080500,146
1697081400,208
1697082300,213
1697083200,271
1697084100,358
1697085000,245
1697085900,320
1697086800,345
1697087700,301
1697088600,302
1697089500,253
1697090400,250
1697091300,209
1697092200,221
1697093100,213
1697094000,209
1697094900,194
1697095800,160
1697096700,142
1697097600,186
1697098500,172
1697099400,188
1697100300,178
1697101200,185
1697102100,341
1697103000,238
1697103900,261
1697104800,211
1697105700,275
1697106600,244
1697107500,293
1697108400,245
1697109300,282
1697110200,169
1697111100,222
1697112000,228
1697112900,197
1697113800,211
1697114700,183
1697115600,255
1697116500,221
1697117400,201
1697118300,193
1697119200,203
1697120100,232
1697121000,198
1697121900,209
1697122800,239
1697123700,232
1697124600,241
1697125500,248
1697126400,302
1697127300,333
1697128200,354
1697129100,425
1697130000,392
1697130900,364
1697131800,411
1697132700,389
1697133600,347
1697134500,347
1697135400,356
1697136300,358
1697137200,374
1697138100,354
1697139000,370
1697139900,301
1697140800,219
1697141700,194
1697142600,200
1697143500,155
1697144400,150
1697145300,149
1697146200,135
1697147100,168
1697148000,151
1697148900,198
1697149800,154
1697150700,159
1697151600,157
1697152500,153
1697153400,127
1697154300,152
1697155200,158
1697156100,150
1697157000,138
1697157900,146
1697158800,155
1697159700,160
1697160600,138
1697161500,126
1697162400,135
1697163300,128
1697164200,141
1697165100,131
1697166000,136
1697166900,141
1697167800,196
1697168700,167
1697169600,167
1697170500,244
1697171400,233
1697172300,237
1697173200,233
1697174100,236
1697175000,534
1697175900,318
1697176800,254
1697177700,257
1697178600,368
1697179500,717
1697180400,327
1697181300,324
1697182200,302
1697183100,308
1697184000,349
1697184900,440
1697185800,506
1697186700,392
1697187600,381
1697188500,346
1697189400,274
1697190300,339
1697191200,259
1697192100,181
1697193000,203
1697193900,280
1697194800,238
1697195700,149
1697196600,318
1697197500,374
1697198400,215
1697199300,221
1697200200,226
1697201100,227
1697202000,230
1697202900,250
1697203800,600
1697204700,224
1697205600,327
1697206500,287
1697207400,233
1697208300,254
1697209200,276
1697210100,301
1697211000,270
1697211900,330
1697212800,417
1697213700,334
1697214600,305
1697215500,377
1697216400,395
1697217300,398
1697218200,372
1697219100,385
1697220000,408
1697220900,399
1697221800,402
1697222700,376
1697223600,404
1697224500,441
1697225400,384
1697226300,244
1697227200,208
1697228100,201
1697229000,166
1697229900,138
1697230800,154
1697231700,164
1697232600,129
1697233500,138
1697234400,134
1697235300,141
1697236200,141
1697237100,148
1697238000,187
1697238900,158
1697239800,139
1697240700,148
1697241600,143
1697242500,154
1697243400,160
1697244300,133
1697245200,166
1697246100,161
1697247000,142
1697247900,148
1697248800,157
1697249700,152
1697250600,200
1697251500,189
1697252400,154
1697253300,153
1697254200,129
1697255100,181
1697256000,170
1697256900,255
1697257800,199
1697258700,215
1697259600,227
1697260500,672
1697261400,568
1697262300,417
1697263200,209
1697264100,162
1697265000,166
1697265900,164
1697266800,183
1697267700,174
1697268600,166
1697269500,164
1697270400,192
1697271300,355
1697272200,244
1697273100,144
1697274000,143
1697274900,145
1697275800,146
1697276700,161
1697277600,167
1697278500,159
1697279400,213
1697280300,204
1697281200,255
1697282100,225
1697283000,311
1697283900,447
1697284800,215
1697285700,290
1697286600,236
1697287500,312
1697288400,243
1697289300,254
1697290200,241
1697291100,211
1697292000,254
1697292900,508
1697293800,302
1697294700,289
1697295600,302
1697296500,246
1697297400,418
1697298300,416
1697299200,412
1697300100,617
1697301000,483
1697301900,460
1697302800,477
1697303700,379
1697304600,350
1697305500,379
1697306400,389
1697307300,426
1697308200,366
1697309100,416
1697310000,373
1697310900,383
1697311800,381
1697312700,383
1697313600,337
1697314500,199
1697315400,166
1697316300,138
1697317200,157
1697318100,129
1697319000,153
1697319900,157
1697320800,156
1697321700,194
1697322600,182
1697323500,153
1697324400,134
1697325300,148
1697326200,128
1697327100,135
1697328000,132
1697328900,135
1697329800,186
1697330700,190
1697331600,148
1697332500,138
1697333400,135
1697334300,145
1697335200,164
1697336100,144
1697337000,171
1697337900,199
1697338800,160
1697339700,140
1697340600,151
1697341500,193
1697342400,240
1697343300,264
1697344200,174
1697345100,312
1697346000,250
1697346900,266
1697347800,235
1697348700,587
1697349600,184
1697350500,172
1697351400,272
1697352300,235
1697353200,185
1697354100,176
1697355000,175
1697355900,183
1697356800,210
1697357700,228
1697358600,275
1697359500,476
1697360400,187
1697361300,178
1697362200,173
1697363100,673
1697364000,592
1697364900,446
1697365800,554
1697366700,596
1697367600,549
1697368500,615
1697369400,554
1697370300,497
1697371200,375
1697372100,391
1697373000,385
1697373900,586
1697374800,468
1697375700,424
1697376600,418
1697377500,423
1697378400,473
1697379300,879
1697380200,739
1697381100,763
1697382000,663
1697382900,502
1697383800,353
1697384700,388
1697385600,473
1697386500,527
1697387400,481
1697388300,477
1697389200,488
1697390100,497
1697391000,536
1697391900,500
1697392800,457
1697393700,452
1697394600,461
1697395500,532
1697396400,523
1697397300,501
1697398200,419
1697399100,418
1697400000,436
1697400900,304
1697401800,270
1697402700,251
1697403600,263
1697404500,260
1697405400,222
1697406300,210
1697407200,243
1697408100,203
1697409000,150
1697409900,157
1697410800,130
1697411700,139
1697412600,129
1697413500,150
1697414400,170
1697415300,202
1697416200,151
1697417100,140
1697418000,149
1697418900,159
1697419800,156
1697420700,144
1697421600,152
1697422500,198
1697423400,187
1697424300,138
1697425200,153
1697426100,158
1697427000,151
1697427900,127
1697428800,185
1697429700,283
1697430600,199
1697431500,210
1697432400,268
1697433300,183
1697434200,214
1697435100,197
1697436000,273
1697436900,201
1697437800,358
1697438700,370
1697439600,330
1697440500,320
1697441400,348
1697442300,343
1697443200,414
1697444100,372
1697445000,385
1697445900,361
1697446800,391
1697447700,315
1697448600,236
1697449500,301
1697450400,334
1697451300,549
1697452200,275
1697453100,254
1697454000,242
1697454900,293
1697455800,977
1697456700,672
1697457600,396
1697458500,432
1697459400,380
1697460300,294
1697461200,330
1697462100,449
1697463000,694
1697463900,660
1697464800,445
1697465700,403
1697466600,618
1697467500,478
1697468400,343
1697469300,303
1697470200,335
1697471100,969
1697472000,1171
1697472900,797
1697473800,331
1697474700,444
1697475600,467
1697476500,425
1697477400,411
1697478300,407
1697479200,392
1697480100,433
1697481000,385
1697481900,367
1697482800,410
1697483700,328
1697484600,308
1697485500,310
1697486400,280
1697487300,310
1697488200,370
1697489100,249
1697490000,220
1697490900,201
1697491800,209
1697492700,173
1697493600,179
1697494500,156
1697495400,143
1697496300,142
1697497200,157
1697498100,162
1697499000,224
1697499900,161
1697500800,158
1697501700,146
1697502600,141
1697503500,151
1697504400,154
1697505300,153
1697506200,154
1697507100,128
1697508000,131
1697508900,195
1697509800,171
1697510700,142
1697511600,126
1697512500,133
1697513400,132
1697514300,148
1697515200,136
1697516100,191
1697517000,170
1697517900,136
1697518800,157
1697519700,146
1697520600,149
1697521500,183
1697522400,178
1697523300,141
1697524200,218
1697525100,193
1697526000,219
1697526900,314
1697527800,436
1697528700,773
1697529600,949
1697530500,470
1697531400,499
1697532300,637
1697533200,578
1697534100,533
1697535000,536
1697535900,429
1697536800,437
1697537700,441
1697538600,278
1697539500,552
1697540400,1186
1697541300,1636
1697542200,1443
1697543100,1352
1697544000,1046
1697544900,899
1697545800,303
1697546700,398
1697547600,440
1697548500,542
1697549400,572
1697550300,533
1697551200,511
1697552100,552
1697553000,1000
1697553900,415
1697554800,392
1697555700,480
1697556600,411
1697557500,462
1697558400,287
1697559300,301
1697560200,286
1697561100,337
1697562000,795
1697562900,969
1697563800,636
1697564700,443
1697565600,442
1697566500,492
1697567400,928
1697568300,635
1697569200,441
1697570100,397
1697571000,390
1697571900,374
1697572800,362
1697573700,309
1697574600,309
1697575500,228
1697576400,199
1697577300,195
1697578200,171
1697579100,157
1697580000,182
1697580900,163
1697581800,177
1697582700,141
1697583600,150
1697584500,204
1697585400,192
1697586300,162
1697587200,151
1697588100,143
1697589000,140
1697589900,159
1697590800,147
1697591700,164
1697592600,132
1697593500,182
1697594400,211
1697595300,159
1697596200,211
1697597100,152
1697598000,158
1697598900,146
1697599800,137
1697600700,158
1697601600,165
1697602500,131
1697603400,188
1697604300,161
1697605200,129
1697606100,137
1697607000,138
1697607900,139
1697608800,198
1697609700,286
1697610600,187
1697611500,186
1697612400,176
1697613300,280
1697614200,497
1697615100,300
1697616000,214
1697616900,171
1697617800,382
1697618700,550
1697619600,437
1697620500,435
1697621400,303
1697622300,294
1697623200,380
1697624100,423
1697625000,412
1697625900,436
1697626800,402
1697627700,339
1697628600,395
1697629500,415
1697630400,388
1697631300,412
1697632200,351
1697633100,511
1697634000,444
1697634900,603
1697635800,560
1697636700,377
1697637600,444
1697638500,410
1697639400,974
1697640300,591
1697641200,467
1697642100,427
1697643000,433
1697643900,505
1697644800,508
1697645700,413
1697646600,372
1697647500,363
1697648400,356
1697649300,353
1697650200,368
1697651100,457
1697652000,389
1697652900,309
1697653800,341
1697654700,428
1697655600,443
1697656500,441
1697657400,391
1697658300,360
1697659200,353
1697660100,274
1697661000,215
1697661900,192
1697662800,158
1697663700,130
1697664600,141
1697665500,187
1697666400,200
1697667300,165
1697668200,142
1697669100,134
1697670000,152
1697670900,149
1697671800,149
1697672700,157
1697673600,149
1697674500,138
1697675400,169
1697676300,206
1697677200,206
1697678100,153
1697679000,151
1697679900,150
1697680800,152
1697681700,142
1697682600,155
1697683500,149
1697684400,205
1697685300,198
1697686200,159
1697687100,170
1697688000,201
1697688900,383
1697689800,267
1697690700,203
1697691600,255
1697692500,409
1697693400,286
1697694300,191
1697695200,185
1697696100,198
1697697000,234
1697697900,250
1697698800,241
1697699700,301
1697700600,201
1697701500,201
1697702400,219
1697703300,345
1697704200,264
1697705100,259
1697706000,233
1697706900,259
1697707800,246
1697708700,278
1697709600,256
1697710500,227
1697711400,281
1697712300,170
1697713200,170
1697714100,159
1697715000,162
1697715900,176
1697716800,209
1697717700,226
1697718600,260
1697719500,202
1697720400,215
1697721300,195
1697722200,207
1697723100,231
1697724000,199
1697724900,225
1697725800,247
1697726700,255
1697727600,341
1697728500,304
1697729400,252
1697730300,256
1697731200,265
1697732100,351
1697733000,433
1697733900,561
1697734800,575
1697735700,388
1697736600,382
1697737500,407
1697738400,429
1697739300,520
1697740200,481
1697741100,415
1697742000,382
1697742900,344
1697743800,341
1697744700,367
1697745600,297
1697746500,207
1697747400,150
1697748300,140
1697749200,139
1697750100,127
1697751000,137
1697751900,179
1697752800,200
1697753700,150
1697754600,145
1697755500,136
1697756400,135
1697757300,156
1697758200,156
1697759100,154
1697760000,206
1697760900,192
1697761800,128
1697762700,156
1697763600,159
1697764500,164
1697765400,134
1697766300,185
1697767200,199
1697768100,163
1697769000,145
1697769900,138
1697770800,145
1697771700,177
1697772600,194
1697773500,180
1697774400,192
1697775300,303
1697776200,277
1697777100,222
1697778000,317
1697778900,253
1697779800,292
1697780700,632
1697781600,288
1697782500,293
1697783400,301
1697784300,344
1697785200,305
1697786100,282
1697787000,275
1697787900,330
1697788800,264
1697789700,312
1697790600,336
1697791500,331
1697792400,542
1697793300,386
1697794200,370
1697795100,310
1697796000,321
1697796900,336
1697797800,342
1697798700,328
1697799600,296
1697800500,186
1697801400,310
1697802300,325
1697803200,221
1697804100,212
1697805000,191
1697805900,180
1697806800,195
1697807700,178
1697808600,159
1697809500,153
1697810400,178
1697811300,218
1697812200,236
1697813100,206
1697814000,201
1697814900,212
1697815800,198
1697816700,253
1697817600,299
1697818500,348
1697819400,392
1697820300,594
1697821200,604
1697822100,527
1697823000,399
1697823900,374
1697824800,344
1697825700,324
1697826600,489
1697827500,628
1697828400,411
1697829300,362
1697830200,384
1697831100,787
1697832000,440
1697832900,158
1697833800,148
1697834700,123
1697835600,115
1697836500,131
1697837400,122
1697838300,124
1697839200,122
1697840100,124
1697841000,116
1697841900,142
1697842800,123
1697843700,140
1697844600,194
1697845500,136
1697846400,129
1697847300,142
1697848200,146
1697849100,123
1697850000,150
1697850900,143
1697851800,138
1697852700,125
1697853600,151
1697854500,134
1697855400,154
1697856300,115
1697857200,135
1697858100,181
1697859000,162
1697859900,155
1697860800,157
1697861700,255
1697862600,235
1697863500,191
1697864400,164
1697865300,191
1697866200,171
1697867100,194
1697868000,185
1697868900,165
1697869800,150
1697870700,165
1697871600,163
1697872500,199
1697873400,682
1697874300,368
1697875200,390
1697876100,517
1697877000,280
1697877900,261
1697878800,308
1697879700,267
1697880600,173
1697881500,413
1697882400,294
1697883300,326
1697884200,208
1697885100,186
1697886000,310
1697886900,256
1697887800,255
1697888700,269
1697889600,216
1697890500,194
1697891400,223
1697892300,228
1697893200,294
1697894100,233
1697895000,129
1697895900,154
1697896800,155
1697897700,139
1697898600,318
1697899500,161
1697900400,213
1697901300,254
1697902200,237
1697903100,508
1697904000,483
1697904900,594
1697905800,979
1697906700,602
1697907600,612
1697908500,722
1697909400,815
1697910300,816
1697911200,750
1697912100,743
1697913000,760
1697913900,666
1697914800,566
1697915700,565
1697916600,508
1697917500,451
1697918400,341
1697919300,320
1697920200,294
1697921100,306
1697922000,298
1697922900,221
1697923800,197
1697924700,178
1697925600,136
1697926500,167
1697927400,140
1697928300,149
1697929200,168
1697930100,179
1697931000,121
1697931900,125
1697932800,122
1697933700,121
1697934600,133
1697935500,120
1697936400,130
1697937300,136
1697938200,126
1697939100,125
1697940000,139
1697940900,131
1697941800,143
1697942700,156
1697943600,202
1697944500,144
1697945400,148
1697946300,161
1697947200,205
1697948100,209
1697949000,259
1697949900,240
1697950800,198
1697951700,217
1697952600,349
1697953500,726
1697954400,721
1697955300,244
1697956200,191
1697957100,203
1697958000,199
1697958900,194
1697959800,211
1697960700,248
1697961600,197
1697962500,249
1697963400,217
1697964300,204
1697965200,234
1697966100,194
1697967000,226
1697967900,334
1697968800,768
1697969700,212
1697970600,675
1697971500,839
1697972400,901
1697973300,731
1697974200,257
1697975100,606
1697976000,222
1697976900,209
1697977800,232
1697978700,197
1697979600,205
1697980500,198
1697981400,247
1697982300,260
1697983200,312
1697984100,262
1697985000,280
1697985900,477
1697986800,778
1697987700,294
1697988600,300
1697989500,451
1697990400,518
1697991300,779
1697992200,452
1697993100,468
1697994000,442
1697994900,839
1697995800,870
1697996700,498
1697997600,491
1697998500,450
1697999400,423
1698000300,449
1698001200,460
1698002100,478
1698003000,489
1698003900,486
1698004800,362
1698005700,366
1698006600,325
1698007500,269
1698008400,241
1698009300,222
1698010200,213
1698011100,189
1698012000,178
1698012900,178
1698013800,195
1698014700,191
1698015600,190
1698016500,179
1698017400,234
1698018300,200
1698019200,205
1698020100,136
1698021000,144
1698021900,131
1698022800,144
1698023700,136
1698024600,152
1698025500,117
1698026400,144
1698027300,137
1698028200,152
1698029100,172
1698030000,170
1698030900,154
1698031800,134
1698032700,126
1698033600,128
1698034500,206
1698035400,174
1698036300,233
1698037200,215
1698038100,224
1698039000,247
1698039900,277
1698040800,216
1698041700,232
1698042600,306
1698043500,264
1698044400,308
1698045300,322
1698046200,406
1698047100,321
1698048000,355
1698048900,378
1698049800,400
1698050700,483
1698051600,881
1698052500,677
1698053400,540
1698054300,842
1698055200,442
1698056100,377
1698057000,513
1698057900,465
1698058800,475
1698059700,548
1698060600,403
1698061500,368
1698062400,405
1698063300,403
1698064200,356
1698065100,386
1698066000,412
1698066900,370
1698067800,356
1698068700,501
1698069600,375
1698070500,302
1698071400,296
1698072300,412
1698073200,469
1698074100,499
1698075000,493
1698075900,496
1698076800,645
1698077700,413
1698078600,960
1698079500,399
1698080400,308
1698081300,455
1698082200,460
1698083100,380
1698084000,352
1698084900,376
1698085800,420
1698086700,446
1698087600,330
1698088500,322
1698089400,322
1698090300,313
1698091200,243
1698092100,231
1698093000,153
1698093900,140
1698094800,190
1698095700,157
1698096600,136
1698097500,189
1698098400,197
1698099300,158
1698100200,167
1698101100,129
1698102000,155
1698102900,146
1698103800,197
1698104700,190
1698105600,164
1698106500,180
1698107400,198
1698108300,148
1698109200,154
1698110100,158
1698111000,158
1698111900,132
1698112800,196
1698113700,185
1698114600,149
1698115500,146
1698116400,135
1698117300,157
1698118200,195
1698119100,195
1698120000,158
1698120900,144
1698121800,137
1698122700,192
1698123600,182
1698124500,161
1698125400,139
1698126300,227
1698127200,179
1698128100,256
1698129000,380
1698129900,298
1698130800,484
1698131700,683
1698132600,681
1698133500,542
1698134400,512
1698135300,608
1698136200,1028
1698137100,663
1698138000,590
1698138900,1148
1698139800,869
1698140700,650
1698141600,604
1698142500,369
1698143400,394
1698144300,383
1698145200,523
1698146100,381
1698147000,319
1698147900,296
1698148800,542
1698149700,677
1698150600,570
1698151500,640
1698152400,525
1698153300,305
1698154200,337
1698155100,408
1698156000,359
1698156900,481
1698157800,345
1698158700,290
1698159600,331
1698160500,521
1698161400,547
1698162300,590
1698163200,710
1698164100,454
1698165000,457
1698165900,549
1698166800,502
1698167700,493
1698168600,403
1698169500,405
1698170400,378
1698171300,428
1698172200,417
1698173100,508
1698174000,447
1698174900,396
1698175800,356
1698176700,356
1698177600,355
1698178500,421
1698179400,384
1698180300,351
1698181200,337
1698182100,270
1698183000,205
1698183900,231
1698184800,220
1698185700,180
1698186600,151
1698187500,133
1698188400,155
1698189300,146
1698190200,192
1698191100,199
1698192000,177
1698192900,146
1698193800,152
1698194700,139
1698195600,161
1698196500,159
1698197400,213
1698198300,178
1698199200,145
1698200100,159
1698201000,131
1698201900,133
1698202800,140
1698203700,195
1698204600,178
1698205500,139
1698206400,131
1698207300,145
1698208200,135
1698209100,160
1698210000,193
1698210900,200
1698211800,147
1698212700,150
1698213600,134
1698214500,164
1698215400,192
1698216300,192
1698217200,304
1698218100,236
1698219000,178
1698219900,171
1698220800,367
1698221700,304
1698222600,212
1698223500,256
1698224400,275
1698225300,314
1698226200,435
1698227100,373
1698228000,345
1698228900,489
1698229800,1016
1698230700,744
1698231600,694
1698232500,410
1698233400,426
1698234300,456
1698235200,589
1698236100,303
1698237000,322
1698237900,295
1698238800,720
1698239700,567
1698240600,224
1698241500,208
1698242400,233
1698243300,252
1698244200,226
1698245100,263
1698246000,272
1698246900,363
1698247800,275
1698248700,240
1698249600,262
1698250500,395
1698251400,422
1698252300,390
1698253200,786
1698254100,453
1698255000,428
1698255900,434
1698256800,431
1698257700,463
1698258600,433
1698259500,446
1698260400,423
1698261300,423
1698262200,445
1698263100,423
1698264000,423
1698264900,472
1698265800,505
1698266700,460
1698267600,384
1698268500,330
1698269400,271
1698270300,221
1698271200,156
1698272100,138
1698273000,127
1698273900,202
1698274800,208
1698275700,206
1698276600,203
1698277500,145
1698278400,144
1698279300,168
1698280200,153
1698281100,137
1698282000,148
1698282900,152
1698283800,175
1698284700,201
1698285600,168
1698286500,148
1698287400,155
1698288300,139
1698289200,148
1698290100,136
1698291000,197
1698291900,178
1698292800,154
1698293700,130
1698294600,142
1698295500,135
1698296400,172
1698297300,197
1698298200,176
1698299100,142
1698300000,255
1698300900,168
1698301800,215
1698302700,318
1698303600,347
1698304500,332
1698305400,428
1698306300,599
1698307200,579
1698308100,625
1698309000,584
1698309900,334
1698310800,440
1698311700,360
1698312600,327
1698313500,295
1698314400,253
1698315300,288
1698316200,165
1698317100,176
1698318000,154
1698318900,195
1698319800,202
1698320700,150
1698321600,219
1698322500,264
1698323400,279
1698324300,285
1698325200,280
1698326100,299
1698327000,268
1698327900,203
1698328800,188
1698329700,217
1698330600,282
1698331500,335
1698332400,650
1698333300,663
1698334200,683
1698335100,546
1698336000,594
1698336900,615
1698337800,596
1698338700,317
1698339600,397
1698340500,362
1698341400,348
1698342300,362
1698343200,384
1698344100,370
1698345000,368
1698345900,709
1698346800,735
1698347700,592
1698348600,401
1698349500,317
1698350400,323
1698351300,316
1698352200,370
1698353100,392
1698354000,314
1698354900,315
1698355800,301
1698356700,216
1698357600,192
1698358500,205
1698359400,198
1698360300,227
1698361200,192
1698362100,198
1698363000,150
1698363900,152
1698364800,138
1698365700,149
1698366600,139
1698367500,149
1698368400,145
1698369300,181
1698370200,197
1698371100,150
1698372000,143
1698372900,149
1698373800,150
1698374700,138
1698375600,144
1698376500,143
1698377400,204
1698378300,187
1698379200,145
1698380100,135
1698381000,160
1698381900,191
1698382800,179
1698383700,137
1698384600,144
1698385500,149
1698386400,644
1698387300,531
1698388200,237
1698389100,262
1698390000,345
1698390900,584
1698391800,225
1698392700,212
1698393600,247
1698394500,659
1698395400,411
1698396300,242
1698397200,201
1698398100,177
1698399000,198
1698399900,285
1698400800,224
1698401700,162
1698402600,291
1698403500,822
1698404400,687
1698405300,702
1698406200,495
1698407100,196
1698408000,554
1698408900,586
1698409800,328
1698410700,415
1698411600,433
1698412500,439
1698413400,497
1698414300,436
1698415200,414
1698416100,339
1698417000,292
1698417900,269
1698418800,185
1698419700,205
1698420600,214
1698421500,378
1698422400,445
1698423300,440
1698424200,483
1698425100,391
1698426000,386
1698426900,423
1698427800,406
1698428700,444
1698429600,423
1698430500,341
1698431400,332
1698432300,336
1698433200,335
1698434100,329
1698435000,380
1698435900,372
1698436800,346
1698437700,332
1698438600,302
1698439500,311
1698440400,228
1698441300,222
1698442200,259
1698443100,200
1698444000,167
1698444900,171
1698445800,145
1698446700,154
1698447600,141
1698448500,160
1698449400,204
1698450300,182
1698451200,135
1698452100,159
1698453000,147
1698453900,145
1698454800,140
1698455700,176
1698456600,224
1698457500,180
1698458400,133
1698459300,138
1698460200,131
1698461100,143
1698462000,130
1698462900,132
1698463800,183
1698464700,183
1698465600,154
1698466500,139
1698467400,128
1698468300,142
1698469200,135
1698470100,160
1698471000,212
1698471900,223
1698472800,226
1698473700,180
1698474600,205
1698475500,185
1698476400,187
1698477300,300
1698478200,399
1698479100,254
1698480000,655
1698480900,275
1698481800,341
1698482700,244
1698483600,350
1698484500,346
1698485400,13
1698486300,195
1698487200,162
1698488100,206
1698489000,213
1698489900,214
1698490800,577
1698491700,241
1698492600,603
1698493500,469
1698494400,380
1698495300,319
1698496200,234
1698497100,581
1698498000,345
1698498900,335
1698499800,304
1698500700,529
1698501600,573
1698502500,285
1698503400,226
1698504300,253
1698505200,357
1698506100,290
1698507000,425
1698507900,351
1698508800,426
1698509700,548
1698510600,376
1698511500,401
1698512400,345
1698513300,301
1698514200,326
1698515100,287
1698516000,261
1698516900,275
1698517800,289
1698518700,300
1698519600,310
1698520500,347
1698521400,319
1698522300,336
1698523200,403
1698524100,355
1698525000,343
1698525900,337
1698526800,397
1698527700,288
1698528600,237
1698529500,215
1698530400,237
1698531300,184
1698532200,161
1698533100,160
1698534000,218
1698534900,178
1698535800,160
1698536700,149
1698537600,166
1698538500,135
1698539400,148
1698540300,150
1698541200,179
1698542100,221
1698543000,151
1698543900,155
1698544800,151
1698545700,147
1698546600,151
1698547500,154
1698548400,183
1698549300,190
1698550200,152
1698551100,157
1698552000,157
1698552900,136
1698553800,134
1698554700,179
1698555600,181
1698556500,134
1698557400,149
1698558300,323
1698559200,161
1698560100,180
1698561000,189
1698561900,157
1698562800,252
1698563700,205
1698564600,211
1698565500,243
1698566400,475
1698567300,207
1698568200,396
1698569100,172
1698570000,179
1698570900,214
1698571800,264
1698572700,291
1698573600,296
1698574500,271
1698575400,246
1698576300,218
1698577200,225
1698578100,220
1698579000,277
1698579900,460
1698580800,263
1698581700,192
1698582600,184
1698583500,256
1698584400,227
1698585300,306
1698586200,312
1698587100,267
1698588000,247
1698588900,214
1698589800,245
1698590700,282
1698591600,252
1698592500,279
1698593400,255
1698594300,348
1698595200,445
1698596100,448
1698597000,474
1698597900,472
1698598800,402
1698599700,414
1698600600,383
1698601500,393
1698602400,378
1698603300,419
1698604200,445
1698605100,429
1698606000,398
1698606900,370
1698607800,349
1698608700,320
1698609600,298
1698610500,322
1698611400,278
1698612300,210
1698613200,189
1698614100,193
1698615000,182
1698615900,154
1698616800,147
1698617700,151
1698618600,161
1698619500,188
1698620400,198
1698621300,167
1698622200,148
1698623100,129
1698624000,139
1698624900,129
1698625800,146
1698626700,140
1698627600,147
1698628500,128
1698629400,203
1698630300,194
1698631200,154
1698632100,150
1698633000,148
1698633900,143
1698634800,143
1698635700,154
1698636600,188
1698637500,211
1698638400,149
1698639300,152
1698640200,144
1698641100,144
1698642000,147
1698642900,140
1698643800,158
1698644700,193
1698645600,176
1698646500,149
1698647400,666
1698648300,257
1698649200,259
1698650100,246
1698651000,241
1698651900,216
1698652800,293
1698653700,379
1698654600,282
1698655500,482
1698656400,801
1698657300,316
1698658200,372
1698659100,383
1698660000,321
1698660900,397
1698661800,394
1698662700,289
1698663600,269
1698664500,309
1698665400,654
1698666300,722
1698667200,1061
1698668100,548
1698669000,310
1698669900,197
1698670800,492
1698671700,556
1698672600,196
1698673500,182
1698674400,261
1698675300,329
1698676200,215
1698677100,247
1698678000,243
1698678900,234
1698679800,288
1698680700,234
1698681600,240
1698682500,285
1698683400,350
1698684300,465
1698685200,634
1698686100,484
1698687000,417
1698687900,400
1698688800,342
1698689700,319
1698690600,464
1698691500,441
1698692400,381
1698693300,358
1698694200,347
1698695100,352
1698696000,370
1698696900,376
1698697800,340
1698698700,362
1698699600,313
1698700500,308
1698701400,218
1698702300,203
1698703200,239
1698704100,169
1698705000,193
1698705900,207
1698706800,210
1698707700,137
1698708600,149
1698709500,161
1698710400,135
1698711300,148
1698712200,145
1698713100,155
1698714000,174
1698714900,196
1698715800,162
1698716700,154
1698717600,133
1698718500,149
1698719400,161
1698720300,154
1698721200,200
1698722100,173
1698723000,128
1698723900,138
1698724800,139
1698725700,127
1698726600,147
1698727500,162
1698728400,191
1698729300,165
1698730200,143
1698731100,136
1698732000,139
1698732900,142
1698733800,149
1698734700,213
1698735600,266
1698736500,154
1698737400,196
1698738300,203
1698739200,230
1698740100,410
1698741000,293
1698741900,255
1698742800,207
1698743700,266
1698744600,262
1698745500,287
1698746400,279
1698747300,625
1698748200,497
1698749100,513
1698750000,323
1698750900,295
1698751800,430
1698752700,384
1698753600,311
1698754500,266
1698755400,284
1698756300,273
1698757200,286
1698758100,386
1698759000,277
1698759900,527
1698760800,290
1698761700,297
1698762600,269
1698763500,378
1698764400,367
1698765300,408
1698766200,437
1698767100,408
1698768000,390
1698768900,487
1698769800,937
1698770700,628
1698771600,552
1698772500,542
1698773400,494
1698774300,829
1698775200,652
1698776100,465
1698777000,480
1698777900,891
1698778800,1098
1698779700,1025
1698780600,927
1698781500,697
1698782400,902
1698783300,415
1698784200,463
1698785100,444
1698786000,393
1698786900,318
1698787800,266
1698788700,247
1698789600,226
1698790500,175
1698791400,189
1698792300,218
1698793200,219
1698794100,197
1698795000,173
1698795900,134
1698796800,153
1698797700,149
1698798600,163
1698799500,145
1698800400,138
1698801300,153
1698802200,212
1698803100,158
1698804000,152
1698804900,145
1698805800,156
1698806700,147
1698807600,197
1698808500,193
1698809400,154
1698810300,127
1698811200,139
1698812100,127
1698813000,157
1698813900,129
1698814800,174
1698815700,183
1698816600,155
1698817500,146
1698818400,141
1698819300,135
1698820200,145
1698821100,174
1698822000,270
1698822900,185
1698823800,148
1698824700,160
1698825600,269
1698826500,310
1698827400,268
1698828300,234
1698829200,220
1698830100,232
1698831000,267
1698831900,257
1698832800,284
1698833700,288
1698834600,525
1698835500,730
1698836400,413
1698837300,263
1698838200,351
1698839100,253
1698840000,297
1698840900,284
1698841800,297
1698842700,289
1698843600,279
1698844500,225
1698845400,458
1698846300,550
1698847200,299
1698848100,241
1698849000,335
1698849900,413
1698850800,239
1698851700,197
1698852600,189
1698853500,251
1698854400,325
1698855300,293
1698856200,284
1698857100,349
1698858000,349
1698858900,485
1698859800,360
1698860700,365
1698861600,626
1698862500,998
1698863400,849
1698864300,855
1698865200,747
1698866100,424
1698867000,360
1698867900,357
1698868800,363
1698869700,324
1698870600,375
1698871500,373
1698872400,312
1698873300,235
1698874200,192
1698875100,155
1698876000,153
1698876900,140
1698877800,164
1698878700,179
1698879600,223
1698880500,173
1698881400,163
1698882300,145
1698883200,171
1698884100,160
1698885000,139
1698885900,162
1698886800,207
1698887700,210
1698888600,137
1698889500,149
1698890400,150
1698891300,154
1698892200,156
1698893100,220
1698894000,171
1698894900,152
1698895800,139
1698896700,141
1698897600,145
1698898500,130
1698899400,137
1698900300,171
1698901200,192
1698902100,167
1698903000,242
1698903900,226
1698904800,190
1698905700,380
1698906600,262
1698907500,477
1698908400,683
1698909300,754
1698910200,610
1698911100,578
1698912000,865
1698912900,649
1698913800,456
1698914700,411
1698915600,365
1698916500,365
1698917400,377
1698918300,610
1698919200,784
1698920100,623
1698921000,637
1698921900,473
1698922800,490
1698923700,400
1698924600,431
1698925500,522
1698926400,365
1698927300,307
1698928200,413
1698929100,486
1698930000,436
1698930900,491
1698931800,403
1698932700,400
1698933600,263
1698934500,288
1698935400,338
1698936300,425
1698937200,324
1698938100,269
1698939000,216
1698939900,175
1698940800,205
1698941700,256
1698942600,243
1698943500,301
1698944400,377
1698945300,1077
1698946200,623
1698947100,353
1698948000,397
1698948900,411
1698949800,397
1698950700,395
1698951600,405
1698952500,420
1698953400,395
1698954300,362
1698955200,337
1698956100,349
1698957000,321
1698957900,329
1698958800,327
1698959700,316
1698960600,294
1698961500,210
1698962400,201
1698963300,150
1698964200,140
1698965100,156
1698966000,152
1698966900,136
1698967800,197
1698968700,199
1698969600,157
1698970500,156
1698971400,148
1698972300,194
1698973200,175
1698974100,157
1698975000,153
1698975900,156
1698976800,130
1698977700,170
1698978600,203
1698979500,191
1698980400,140
1698981300,149
1698982200,151
1698983100,158
1698984000,138
1698984900,138
1698985800,135
1698986700,149
1698987600,189
1698988500,148
1698989400,165
1698990300,302
1698991200,229
1698992100,174
1698993000,143
1698993900,254
1698994800,168
1698995700,377
1698996600,423
1698997500,481
1698998400,458
1698999300,474
1699000200,451
1699001100,412
1699002000,498
1699002900,511
1699003800,531
1699004700,494
1699005600,602
1699006500,607
1699007400,693
1699008300,391
1699009200,332
1699010100,239
1699011000,341
1699011900,803
1699012800,294
1699013700,296
1699014600,400
1699015500,789
1699016400,775
1699017300,393
1699018200,404
1699019100,474
1699020000,496
1699020900,542
1699021800,586
1699022700,432
1699023600,371
1699024500,364
1699025400,419
1699026300,367
1699027200,388
1699028100,567
1699029000,580
1699029900,548
1699030800,360
1699031700,375
1699032600,423
1699033500,489
1699034400,462
1699035300,415
1699036200,410
1699037100,422
1699038000,397
1699038900,421
1699039800,502
1699040700,377
1699041600,375
1699042500,378
1699043400,351
1699044300,390
1699045200,376
1699046100,336
1699047000,312
1699047900,198
1699048800,196
1699049700,142
1699050600,138
1699051500,155
1699052400,217
1699053300,161
1699054200,146
1699055100,135
1699056000,145
1699056900,151
1699057800,139
1699058700,167
1699059600,203
1699060500,178
1699061400,141
1699062300,157
1699063200,147
1699064100,140
1699065000,144
1699065900,166
1699066800,222
1699067700,163
1699068600,148
1699069500,144
1699070400,154
1699071300,129
1699072200,138
1699073100,173
1699074000,180
1699074900,216
1699075800,197
1699076700,185
1699077600,215
1699078500,493
1699079400,458
1699080300,690
1699081200,927
1699082100,869
1699083000,635
1699083900,534
1699084800,662
1699085700,514
1699086600,612
1699087500,601
1699088400,494
1699089300,499
1699090200,546
1699091100,481
1699092000,728
1699092900,674
1699093800,1130
1699094700,855
1699095600,277
1699096500,277
1699097400,328
1699098300,316
1699099200,480
1699100100,493
1699101000,399
1699101900,366
1699102800,361
1699103700,433
1699104600,420
1699105500,449
1699106400,521
1699107300,453
1699108200,434
1699109100,419
1699110000,421
1699110900,536
1699111800,531
1699112700,491
1699113600,494
1699114500,487
1699115400,566
1699116300,669
1699117200,666
1699118100,822
1699119000,688
1699119900,599
1699120800,418
1699121700,364
1699122600,528
1699123500,598
1699124400,471
1699125300,617
1699126200,524
1699127100,463
1699128000,439
1699128900,451
1699129800,389
1699130700,395
1699131600,392
1699132500,405
1699133400,346
1699134300,231
1699135200,221
1699136100,205
1699137000,202
1699137900,237
1699138800,218
1699139700,137
1699140600,148
1699141500,152
1699142400,157
1699143300,136
1699144200,145
1699145100,198
1699146000,180
1699146900,155
1699147800,157
1699148700,147
1699149600,155
1699150500,137
1699151400,155
1699152300,185
1699153200,199
1699154100,150
1699155000,166
1699155900,148
1699156800,181
1699157700,200
1699158600,128
1699159500,133
1699160400,126
1699161300,136
1699162200,222
1699163100,228
1699164000,228
1699164900,186
1699165800,199
1699166700,640
1699167600,667
1699168500,241
1699169400,353
1699170300,407
1699171200,213
1699172100,218
1699173000,470
1699173900,430
1699174800,229
1699175700,256
1699176600,288
1699177500,827
1699178400,333
1699179300,367
1699180200,504
1699181100,387
1699182000,316
1699182900,300
1699183800,383
1699184700,576
1699185600,494
1699186500,545
1699187400,583
1699188300,736
1699189200,726
1699190100,327
1699191000,251
1699191900,250
1699192800,451
1699193700,418
1699194600,332
1699195500,335
1699196400,285
1699197300,302
1699198200,370
1699199100,458
1699200000,525
1699200900,513
1699201800,577
1699202700,406
1699203600,376
1699204500,418
1699205400,467
1699206300,449
1699207200,502
1699208100,533
1699209000,508
1699209900,458
1699210800,464
1699211700,532
1699212600,425
1699213500,417
1699214400,424
1699215300,433
1699216200,433
1699217100,477
1699218000,359
1699218900,620
1699219800,514
1699220700,286
1699221600,242
1699222500,250
1699223400,257
1699224300,270
1699225200,229
1699226100,217
1699227000,155
1699227900,136
1699228800,160
1699229700,145
1699230600,136
1699231500,146
1699232400,187
1699233300,217
1699234200,148
1699235100,151
1699236000,145
1699236900,161
1699237800,165
1699238700,207
1699239600,160
1699240500,150
1699241400,133
1699242300,146
1699243200,161
1699244100,144
1699245000,150
1699245900,182
1699246800,180
1699247700,151
1699248600,227
1699249500,192
1699250400,224
1699251300,733
1699252200,194
1699253100,182
1699254000,211
1699254900,276
1699255800,281
1699256700,258
1699257600,212
1699258500,255
1699259400,232
1699260300,220
1699261200,330
1699262100,227
1699263000,312
1699263900,357
1699264800,328
1699265700,366
1699266600,594
1699267500,734
1699268400,448
1699269300,306
1699270200,331
1699271100,248
1699272000,386
1699272900,543
1699273800,417
1699274700,302
1699275600,332
1699276500,419
1699277400,820
1699278300,439
1699279200,270
1699280100,297
1699281000,312
1699281900,392
1699282800,501
1699283700,493
1699284600,508
1699285500,504
1699286400,518
1699287300,669
1699288200,538
1699289100,688
1699290000,723
1699290900,662
1699291800,590
1699292700,588
1699293600,550
1699294500,543
1699295400,490
1699296300,484
1699297200,480
1699298100,489
1699299000,506
1699299900,504
1699300800,505
1699301700,443
1699302600,449
1699303500,421
1699304400,397
1699305300,410
1699306200,395
1699307100,360
1699308000,349
1699308900,319
1699309800,285
1699310700,267
1699311600,264
1699312500,180
1699313400,185
1699314300,179
1699315200,173
1699316100,135
1699317000,130
1699317900,144
1699318800,122
1699319700,147
1699320600,148
1699321500,143
1699322400,133
1699323300,126
1699324200,148
1699325100,145
1699326000,134
1699326900,136
1699327800,147
1699328700,137
1699329600,132
1699330500,157
1699331400,196
1699332300,166
1699333200,118
1699334100,127
1699335000,118
1699335900,133
1699336800,124
1699337700,119
1699338600,137
1699339500,122
1699340400,132
1699341300,236
1699342200,165
1699343100,204
1699344000,249
1699344900,361
1699345800,764
1699346700,278
1699347600,328
1699348500,385
1699349400,360
1699350300,420
1699351200,344
1699352100,721
1699353000,482
1699353900,598
1699354800,632
1699355700,672
1699356600,607
1699357500,274
1699358400,316
1699359300,273
1699360200,390
1699361100,335
1699362000,271
1699362900,296
1699363800,290
1699364700,306
1699365600,282
1699366500,410
1699367400,241
1699368300,311
1699369200,297
1699370100,327
1699371000,326
1699371900,501
1699372800,704
1699373700,521
1699374600,476
1699375500,448
1699376400,502
1699377300,465
1699378200,575
1699379100,476
1699380000,397
1699380900,390
1699381800,385
1699382700,410
1699383600,383
1699384500,403
1699385400,369
1699386300,364
1699387200,438
1699388100,400
1699389000,398
1699389900,429
1699390800,358
1699391700,281
1699392600,231
1699393500,171
1699394400,179
1699395300,169
1699396200,169
1699397100,161
1699398000,212
1699398900,157
1699399800,134
1699400700,158
1699401600,134
1699402500,170
1699403400,153
1699404300,159
1699405200,137
1699406100,212
1699407000,201
1699407900,153
1699408800,153
1699409700,149
1699410600,191
1699411500,200
1699412400,153
1699413300,163
1699414200,155
1699415100,135
1699416000,150
1699416900,159
1699417800,149
1699418700,165
1699419600,138
1699420500,195
1699421400,182
1699422300,132
1699423200,339
1699424100,440
1699425000,163
1699425900,153
1699426800,174
1699427700,494
1699428600,614
1699429500,286
1699430400,592
1699431300,388
1699432200,225
1699433100,285
1699434000,391
1699434900,428
1699435800,289
1699436700,209
1699437600,207
1699438500,190
1699439400,199
1699440300,173
1699441200,262
1699442100,294
1699443000,245
1699443900,336
1699444800,312
1699445700,281
1699446600,222
1699447500,238
1699448400,292
1699449300,211
1699450200,217
1699451100,208
1699452000,266
1699452900,253
1699453800,225
1699454700,258
1699455600,240
1699456500,223
1699457400,284
1699458300,589
1699459200,720
1699460100,387
1699461000,431
1699461900,492
1699462800,432
1699463700,360
1699464600,487
1699465500,502
1699466400,442
1699467300,414
1699468200,396
1699469100,814
1699470000,900
1699470900,860
1699471800,840
1699472700,408
1699473600,399
1699474500,358
1699475400,364
1699476300,405
1699477200,421
1699478100,429
1699479000,336
1699479900,289
1699480800,327
1699481700,294
1699482600,258
1699483500,218
1699484400,204
1699485300,157
1699486200,144
1699487100,131
1699488000,170
1699488900,153
1699489800,150
1699490700,138
1699491600,157
1699492500,141
1699493400,219
1699494300,187
1699495200,176
1699496100,215
1699497000,148
1699497900,159
1699498800,159
1699499700,141
1699500600,139
1699501500,141
1699502400,147
1699503300,139
1699504200,198
1699505100,189
1699506000,166
1699506900,137
1699507800,236
1699508700,399
1699509600,393
1699510500,642
1699511400,160
1699512300,168
1699513200,194
1699514100,547
1699515000,632
1699515900,183
1699516800,182
1699517700,168
1699518600,199
1699519500,281
1699520400,279
1699521300,217
1699522200,173
1699523100,178
1699524000,152
1699524900,204
1699525800,201
1699526700,160
1699527600,155
1699528500,446
1699529400,484
1699530300,225
1699531200,227
1699532100,200
1699533000,203
1699533900,203
1699534800,233
1699535700,292
1699536600,298
1699537500,362
1699538400,364
1699539300,340
1699540200,374
1699541100,374
1699542000,294
1699542900,194
1699543800,203
1699544700,315
1699545600,356
1699546500,413
1699547400,468
1699548300,426
1699549200,508
1699550100,594
1699551000,480
1699551900,455
1699552800,365
1699553700,429
1699554600,501
1699555500,503
1699556400,514
1699557300,597
1699558200,563
1699559100,443
1699560000,441
1699560900,432
1699561800,473
1699562700,425
1699563600,419
1699564500,400
1699565400,311
1699566300,230
1699567200,177
1699568100,188
1699569000,175
1699569900,180
1699570800,197
1699571700,196
1699572600,159
1699573500,149
1699574400,155
1699575300,133
1699576200,158
1699577100,147
1699578000,176
1699578900,207
1699579800,182
1699580700,156
1699581600,133
1699582500,173
1699583400,141
1699584300,146
1699585200,139
1699586100,134
1699587000,148
1699587900,150
1699588800,195
1699589700,191
1699590600,170
1699591500,137
1699592400,140
1699593300,228
1699594200,177
1699595100,268
1699596000,213
1699596900,266
1699597800,249
1699598700,205
1699599600,163
1699600500,169
1699601400,369
1699602300,306
1699603200,314
1699604100,332
1699605000,326
1699605900,326
1699606800,290
1699607700,253
1699608600,266
1699609500,355
1699610400,237
1699611300,386
1699612200,537
1699613100,511
1699614000,306
1699614900,235
1699615800,241
1699616700,243
1699617600,245
1699618500,311
1699619400,380
1699620300,227
1699621200,194
1699622100,257
1699623000,212
1699623900,263
1699624800,278
1699625700,301
1699626600,370
1699627500,416
1699628400,480
1699629300,380
1699630200,376
1699631100,384
1699632000,598
1699632900,530
1699633800,364
1699634700,349
1699635600,502
1699636500,399
1699637400,482
1699638300,399
1699639200,359
1699640100,344
1699641000,383
1699641900,401
1699642800,396
1699643700,407
1699644600,381
1699645500,427
1699646400,411
1699647300,415
1699648200,385
1699649100,335
1699650000,330
1699650900,266
1699651800,164
1699652700,156
1699653600,141
1699654500,161
1699655400,142
1699656300,139
1699657200,178
1699658100,189
1699659000,157
1699659900,150
1699660800,141
1699661700,150
1699662600,141
1699663500,202
1699664400,197
1699665300,176
1699666200,204
1699667100,193
1699668000,162
1699668900,161
1699669800,208
1699670700,185
1699671600,130
1699672500,140
1699673400,143
1699674300,139
1699675200,129
1699676100,190
1699677000,188
1699677900,168
1699678800,189
1699679700,287
1699680600,242
1699681500,219
1699682400,219
1699683300,233
1699684200,551
1699685100,441
1699686000,555
1699686900,433
1699687800,233
1699688700,237
1699689600,245
1699690500,233
1699691400,262
1699692300,281
1699693200,208
1699694100,171
1699695000,362
1699695900,260
1699696800,210
1699697700,220
1699698600,300
1699699500,458
1699700400,442
1699701300,262
1699702200,384
1699703100,217
1699704000,711
1699704900,330
1699705800,241
1699706700,228
1699707600,225
1699708500,224
1699709400,193
1699710300,211
1699711200,278
1699712100,272
1699713000,239
1699713900,241
1699714800,232
1699715700,240
1699716600,272
1699717500,377
1699718400,342
1699719300,365
1699720200,318
1699721100,358
1699722000,421
1699722900,469
1699723800,322
1699724700,287
1699725600,318
1699726500,316
1699727400,285
1699728300,238
1699729200,299
1699730100,302
1699731000,312
1699731900,339
1699732800,382
1699733700,341
1699734600,311
1699735500,351
1699736400,296
1699737300,282
1699738200,240
1699739100,247
1699740000,234
1699740900,223
1699741800,219
1699742700,299
1699743600,285
1699744500,212
1699745400,133
1699746300,140
1699747200,150
1699748100,141
1699749000,158
1699749900,142
1699750800,146
1699751700,148
1699752600,196
1699753500,184
1699754400,166
1699755300,150
1699756200,152
1699757100,141
1699758000,133
1699758900,162
1699759800,153
1699760700,200
1699761600,195
1699762500,150
1699763400,149
1699764300,164
1699765200,176
1699766100,303
1699767000,416
1699767900,702
1699768800,313
1699769700,288
1699770600,275
1699771500,258
1699772400,319
1699773300,252
1699774200,221
1699775100,180
1699776000,136
1699776900,252
1699777800,234
1699778700,662
1699779600,752
1699780500,531
1699781400,374
1699782300,312
1699783200,299
1699784100,541
1699785000,336
1699785900,276
1699786800,324
1699787700,306
1699788600,328
1699789500,354
1699790400,377
1699791300,281
1699792200,357
1699793100,292
1699794000,268
1699794900,307
1699795800,292
1699796700,292
1699797600,375
1699798500,480
1699799400,454
1699800300,387
1699801200,409
1699802100,307
1699803000,512
1699803900,334
1699804800,315
1699805700,379
1699806600,369
1699807500,434
1699808400,377
1699809300,839
1699810200,1115
1699811100,893
1699812000,797
1699812900,440
1699813800,437
1699814700,428
1699815600,392
1699816500,391
1699817400,432
1699818300,470
1699819200,393
1699820100,357
1699821000,392
1699821900,345
1699822800,327
1699823700,321
1699824600,290
1699825500,244
1699826400,236
1699827300,271
1699828200,229
1699829100,280
1699830000,239
1699830900,191
1699831800,137
1699832700,149
1699833600,139
1699834500,132
1699835400,151
1699836300,131
1699837200,139
1699838100,134
1699839000,131
1699839900,188
1699840800,201
1699841700,152
1699842600,130
1699843500,153
1699844400,156
1699845300,148
1699846200,154
1699847100,158
1699848000,155
1699848900,195
1699849800,194
1699850700,156
1699851600,159
1699852500,176
1699853400,280
1699854300,220
1699855200,298
1699856100,667
1699857000,733
1699857900,485
1699858800,219
1699859700,278
1699860600,266
1699861500,268
1699862400,214
1699863300,254
1699864200,253
1699865100,249
1699866000,203
1699866900,326
1699867800,890
1699868700,795
1699869600,741
1699870500,560
1699871400,687
1699872300,505
1699873200,426
1699874100,209
1699875000,197
1699875900,185
1699876800,169
1699877700,172
1699878600,166
1699879500,165
1699880400,173
1699881300,209
1699882200,185
1699883100,234
1699884000,226
1699884900,245
1699885800,325
1699886700,321
1699887600,325
1699888500,271
1699889400,382
1699890300,451
1699891200,352
1699892100,299
1699893000,301
1699893900,342
1699894800,365
1699895700,391
1699896600,470
1699897500,649
1699898400,665
1699899300,660
1699900200,654
1699901100,644
1699902000,712
1699902900,1156
1699903800,701
1699904700,469
1699905600,379
1699906500,424
1699907400,451
1699908300,356
1699909200,333
1699910100,270
1699911000,307
1699911900,335
1699912800,382
1699913700,305
1699914600,311
1699915500,300
1699916400,308
1699917300,221
1699918200,188
1699919100,165
1699920000,191
1699920900,206
1699921800,186
1699922700,154
1699923600,155
1699924500,133
1699925400,214
1699926300,213
1699927200,167
1699928100,133
1699929000,143
1699929900,165
1699930800,192
1699931700,183
1699932600,140
1699933500,142
1699934400,131
1699935300,175
1699936200,201
1699937100,175
1699938000,169
1699938900,138
1699939800,204
1699940700,225
1699941600,208
1699942500,155
1699943400,191
1699944300,307
1699945200,240
1699946100,326
1699947000,300
1699947900,251
1699948800,325
1699949700,438
1699950600,313
1699951500,317
1699952400,305
1699953300,267
1699954200,629
1699955100,601
1699956000,506
1699956900,388
1699957800,249
1699958700,276
1699959600,468
1699960500,503
1699961400,273
1699962300,279
1699963200,487
1699964100,422
1699965000,411
1699965900,346
1699966800,374
1699967700,349
1699968600,313
1699969500,420
1699970400,513
1699971300,454
1699972200,339
1699973100,311
1699974000,333
1699974900,355
1699975800,393
1699976700,406
1699977600,500
1699978500,531
1699979400,449
1699980300,463
1699981200,463
1699982100,569
1699983000,1055
1699983900,1074
1699984800,1073
1699985700,972
1699986600,637
1699987500,545
1699988400,381
1699989300,388
1699990200,404
1699991100,665
1699992000,448
1699992900,358
1699993800,341
1699994700,483
1699995600,1145
1699996500,400
1699997400,436
1699998300,395
1699999200,259
1700000100,251
1700001000,259
1700001900,319
1700002800,279
1700003700,249
1700004600,254
1700005500,250
1700006400,268
1700007300,228
1700008200,254
1700009100,255
1700010000,252
1700010900,318
1700011800,240
1700012700,194
1700013600,519
1700014500,159
1700015400,185
1700016300,166
1700017200,466
1700018100,504
1700019000,165
1700019900,135
1700020800,138
1700021700,140
1700022600,133
1700023500,146
1700024400,172
1700025300,209
1700026200,153
1700027100,155
1700028000,163
1700028900,144
1700029800,157
1700030700,158
1700031600,167
1700032500,207
1700033400,183
1700034300,165
1700035200,251
1700036100,156
1700037000,246
1700037900,247
1700038800,231
1700039700,210
1700040600,442
1700041500,828
1700042400,393
1700043300,330
1700044200,751
1700045100,457
1700046000,355
1700046900,333
1700047800,352
1700048700,297
1700049600,280
1700050500,318
1700051400,331
1700052300,298
1700053200,338
1700054100,287
1700055000,298
1700055900,305
1700056800,337
1700057700,522
1700058600,339
1700059500,340
1700060400,359
1700061300,371
1700062200,407
1700063100,438
1700064000,519
1700064900,499
1700065800,434
1700066700,432
1700067600,466
1700068500,460
1700069400,398
1700070300,311
1700071200,321
1700072100,381
1700073000,310
1700073900,302
1700074800,310
1700075700,333
1700076600,442
1700077500,435
1700078400,507
1700079300,415
1700080200,394
1700081100,386
1700082000,335
1700082900,232
1700083800,241
1700084700,252
1700085600,174
1700086500,157
1700087400,147
1700088300,162
1700089200,154
1700090100,146
1700091000,168
1700091900,187
1700092800,196
1700093700,157
1700094600,154
1700095500,144
1700096400,155
1700097300,210
1700098200,169
1700099100,154
1700100000,149
1700100900,163
1700101800,168
1700102700,214
1700103600,169
1700104500,128
1700105400,138
1700106300,141
1700107200,147
1700108100,134
1700109000,146
1700109900,208
1700110800,254
1700111700,229
1700112600,220
1700113500,255
1700114400,213
1700115300,575
1700116200,404
1700117100,294
1700118000,276
1700118900,241
1700119800,243
1700120700,337
1700121600,229
1700122500,327
1700123400,276
1700124300,277
1700125200,266
1700126100,286
1700127000,227
1700127900,247
1700128800,310
1700129700,694
1700130600,808
1700131500,361
1700132400,377
1700133300,386
1700134200,318
1700135100,315
1700136000,552
1700136900,561
1700137800,362
1700138700,388
1700139600,407
1700140500,959
1700141400,497
1700142300,362
1700143200,425
1700144100,392
1700145000,460
1700145900,345
1700146800,432
1700147700,411
1700148600,431
1700149500,510
1700150400,517
1700151300,526
1700152200,656
1700153100,587
1700154000,468
1700154900,462
1700155800,451
1700156700,462
1700157600,452
1700158500,459
1700159400,455
1700160300,513
1700161200,485
1700162100,396
1700163000,461
1700163900,436
1700164800,395
1700165700,354
1700166600,351
1700167500,348
1700168400,331
1700169300,318
1700170200,250
1700171100,217
1700172000,208
1700172900,170
1700173800,153
1700174700,145
1700175600,205
1700176500,164
1700177400,161
1700178300,159
1700179200,156
1700180100,141
1700181000,142
1700181900,159
1700182800,161
1700183700,150
1700184600,207
1700185500,172
1700186400,149
1700187300,180
1700188200,202
1700189100,156
1700190000,159
1700190900,131
1700191800,145
1700192700,136
1700193600,145
1700194500,132
1700195400,132
1700196300,209
1700197200,213
1700198100,178
1700199000,175
1700199900,274
1700200800,205
1700201700,253
1700202600,227
1700203500,265
1700204400,325
1700205300,315
1700206200,311
1700207100,359
1700208000,289
1700208900,211
1700209800,234
1700210700,251
1700211600,288
1700212500,325
1700213400,355
1700214300,520
1700215200,276
1700216100,657
1700217000,631
1700217900,323
1700218800,258
1700219700,294
1700220600,224
1700221500,203
1700222400,177
1700223300,165
1700224200,162
1700225100,182
1700226000,135
1700226900,137
1700227800,133
1700228700,126
1700229600,139
1700230500,158
1700231400,155
1700232300,151
1700233200,138
1700234100,168
1700235000,213
1700235900,196
1700236800,304
1700237700,745
1700238600,470
1700239500,477
1700240400,419
1700241300,347
1700242200,371
1700243100,325
1700244000,339
1700244900,331
1700245800,366
1700246700,373
1700247600,363
1700248500,351
1700249400,348
1700250300,404
1700251200,397
1700252100,361
1700253000,346
1700253900,348
1700254800,332
1700255700,312
1700256600,220
1700257500,166
1700258400,150
1700259300,163
1700260200,145
1700261100,160
1700262000,143
1700262900,155
1700263800,161
1700264700,154
1700265600,225
1700266500,189
1700267400,167
1700268300,205
1700269200,192
1700270100,169
1700271000,163
1700271900,160
1700272800,187
1700273700,217
1700274600,169
1700275500,159
1700276400,154
1700277300,165
1700278200,157
1700279100,175
1700280000,170
1700280900,159
1700281800,162
1700282700,222
1700283600,251
1700284500,192
1700285400,246
1700286300,330
1700287200,274
1700288100,268
1700289000,207
1700289900,623
1700290800,739
1700291700,741
1700292600,480
1700293500,327
1700294400,320
1700295300,295
1700296200,364
1700297100,345
1700298000,323
1700298900,341
1700299800,414
1700300700,448
1700301600,346
1700302500,368
1700303400,1141
1700304300,951
1700305200,827
1700306100,379
1700307000,339
1700307900,356
1700308800,328
1700309700,298
1700310600,484
1700311500,344
1700312400,438
1700313300,333
1700314200,273
1700315100,266
1700316000,299
1700316900,271
1700317800,339
1700318700,335
1700319600,380
1700320500,331
1700321400,328
1700322300,475
1700323200,463
1700324100,518
1700325000,435
1700325900,438
1700326800,433
1700327700,405
1700328600,467
1700329500,451
1700330400,421
1700331300,495
1700332200,576
1700333100,482
1700334000,408
1700334900,375
1700335800,357
1700336700,382
1700337600,365
1700338500,356
1700339400,362
1700340300,339
1700341200,359
1700342100,367
1700343000,290
1700343900,221
1700344800,208
1700345700,195
1700346600,206
1700347500,200
1700348400,211
1700349300,198
1700350200,240
1700351100,256
1700352000,194
1700352900,186
1700353800,247
1700354700,208
1700355600,189
1700356500,183
1700357400,187
1700358300,197
1700359200,198
1700360100,195
1700361000,183
1700361900,222
1700362800,256
1700363700,229
1700364600,182
1700365500,221
1700366400,186
1700367300,200
1700368200,207
1700369100,233
1700370000,300
1700370900,317
1700371800,183
1700372700,196
1700373600,266
1700374500,247
1700375400,203
1700376300,194
1700377200,555
1700378100,259
1700379000,216
1700379900,173
1700380800,361
1700381700,578
1700382600,180
1700383500,214
1700384400,174
1700385300,168
1700386200,153
1700387100,199
1700388000,176
1700388900,178
1700389800,178
1700390700,222
1700391600,205
1700392500,205
1700393400,191
1700394300,207
1700395200,189
1700396100,206
1700397000,201
1700397900,201
1700398800,206
1700399700,208
1700400600,256
1700401500,229
1700402400,341
1700403300,320
1700404200,290
1700405100,221
1700406000,182
1700406900,187
1700407800,228
1700408700,310
1700409600,524
1700410500,1108
1700411400,426
1700412300,451
1700413200,471
1700414100,399
1700415000,403
1700415900,391
1700416800,399
1700417700,385
1700418600,411
1700419500,360
1700420400,340
1700421300,340
1700422200,385
1700423100,322
1700424000,336
1700424900,343
1700425800,321
1700426700,332
1700427600,312
1700428500,322
1700429400,307
1700430300,305
1700431200,286
1700432100,223
1700433000,142
1700433900,188
1700434800,171
1700435700,143
1700436600,145
1700437500,132
1700438400,141
1700439300,124
1700440200,144
1700441100,143
1700442000,142
1700442900,133
1700443800,142
1700444700,134
1700445600,147
1700446500,137
1700447400,140
1700448300,134
1700449200,139
1700450100,137
1700451000,161
1700451900,187
1700452800,178
1700453700,133
1700454600,132
1700455500,150
1700456400,139
1700457300,148
1700458200,239
1700459100,180
1700460000,259
1700460900,213
1700461800,245
1700462700,258
1700463600,276
1700464500,227
1700465400,166
1700466300,159
1700467200,166
1700468100,149
1700469000,186
1700469900,187
1700470800,202
1700471700,164
1700472600,183
1700473500,205
1700474400,169
1700475300,284
1700476200,677
1700477100,526
1700478000,265
1700478900,240
1700479800,303
1700480700,315
1700481600,318
1700482500,580
1700483400,253
1700484300,376
1700485200,323
1700486100,586
1700487000,417
1700487900,268
1700488800,252
1700489700,240
1700490600,246
1700491500,289
1700492400,221
1700493300,283
1700494200,374
1700495100,473
1700496000,486
1700496900,464
1700497800,710
1700498700,1307
1700499600,1072
1700500500,667
1700501400,667
1700502300,612
1700503200,527
1700504100,526
1700505000,522
1700505900,476
1700506800,457
1700507700,397
1700508600,400
1700509500,396
1700510400,404
1700511300,376
1700512200,345
1700513100,340
1700514000,344
1700514900,305
1700515800,291
1700516700,204
1700517600,181
1700518500,182
1700519400,190
1700520300,152
1700521200,145
1700522100,156
1700523000,151
1700523900,141
1700524800,132
1700525700,148
1700526600,155
1700527500,142
1700528400,135
1700529300,143
1700530200,146
1700531100,158
1700532000,124
1700532900,135
1700533800,144
1700534700,187
1700535600,150
1700536500,136
1700537400,122
1700538300,132
1700539200,133
1700540100,136
1700541000,139
1700541900,149
1700542800,143
1700543700,146
1700544600,141
1700545500,151
1700546400,135
1700547300,147
1700548200,149
1700549100,140
1700550000,166
1700550900,858
1700551800,521
1700552700,497
1700553600,247
1700554500,275
1700555400,639
1700556300,289
1700557200,371
1700558100,273
1700559000,742
1700559900,499
1700560800,264
1700561700,276
1700562600,332
1700563500,330
1700564400,1164
1700565300,733
1700566200,904
1700567100,529
1700568000,533
1700568900,759
1700569800,322
1700570700,317
1700571600,297
1700572500,385
1700573400,560
1700574300,319
1700575200,352
1700576100,432
1700577000,370
1700577900,290
1700578800,349
1700579700,393
1700580600,486
1700581500,565
1700582400,614
1700583300,484
1700584200,474
1700585100,435
1700586000,377
1700586900,348
1700587800,365
1700588700,392
1700589600,324
1700590500,389
1700591400,368
1700592300,358
1700593200,308
1700594100,329
1700595000,325
1700595900,328
1700596800,326
1700597700,341
1700598600,350
1700599500,324
1700600400,320
1700601300,297
1700602200,277
1700603100,295
1700604000,231
1700604900,299
1700605800,263
1700606700,235
1700607600,172
1700608500,175
1700609400,190
1700610300,162
1700611200,156
1700612100,150
1700613000,166
1700613900,153
1700614800,175
1700615700,163
1700616600,169
1700617500,153
1700618400,167
1700619300,169
1700620200,222
1700621100,171
1700622000,162
1700622900,169
1700623800,167
1700624700,160
1700625600,146
1700626500,167
1700627400,139
1700628300,159
1700629200,150
1700630100,148
1700631000,138
1700631900,147
1700632800,143
1700633700,167
1700634600,150
1700635500,206
1700636400,194
1700637300,195
1700638200,734
1700639100,631
1700640000,285
1700640900,340
1700641800,235
1700642700,236
1700643600,281
1700644500,307
1700645400,424
1700646300,257
1700647200,276
1700648100,259
1700649000,255
1700649900,308
1700650800,302
1700651700,281
1700652600,280
1700653500,240
1700654400,246
1700655300,252
1700656200,718
1700657100,840
1700658000,709
1700658900,956
1700659800,541
1700660700,218
1700661600,224
1700662500,198
1700663400,200
1700664300,309
1700665200,414
1700666100,407
1700667000,614
1700667900,651
1700668800,480
1700669700,453
1700670600,425
1700671500,1531
1700672400,930
1700673300,446
1700674200,385
1700675100,383
1700676000,389
1700676900,391
1700677800,259
1700678700,279
1700679600,314
1700680500,405
1700681400,333
1700682300,276
1700683200,313
1700684100,296
1700685000,243
1700685900,321
1700686800,310
1700687700,286
1700688600,226
1700689500,231
1700690400,226
1700691300,217
1700692200,221
1700693100,143
1700694000,134
1700694900,167
1700695800,132
1700696700,158
1700697600,148
1700698500,156
1700699400,133
1700700300,164
1700701200,152
1700702100,152
1700703000,207
1700703900,174
1700704800,163
1700705700,161
1700706600,137
1700707500,150
1700708400,154
1700709300,130
1700710200,167
1700711100,146
1700712000,158
1700712900,155
1700713800,139
1700714700,158
1700715600,235
1700716500,186
1700717400,265
1700718300,259
1700719200,187
1700720100,167
1700721000,168
1700721900,136
1700722800,142
1700723700,136
1700724600,166
1700725500,157
1700726400,206
1700727300,262
1700728200,262
1700729100,224
1700730000,198
1700730900,215
1700731800,208
1700732700,214
1700733600,212
1700734500,199
1700735400,199
1700736300,287
1700737200,421
1700738100,225
1700739000,182
1700739900,169
1700740800,160
1700741700,153
1700742600,383
1700743500,254
1700744400,251
1700745300,310
1700746200,230
1700747100,214
1700748000,216
1700748900,206
1700749800,202
1700750700,170
1700751600,141
1700752500,158
1700753400,714
1700754300,751
1700755200,678
1700756100,285
1700757000,382
1700757900,445
1700758800,424
1700759700,399
1700760600,499
1700761500,419
1700762400,370
1700763300,417
1700764200,356
1700765100,341
1700766000,289
1700766900,294
1700767800,449
1700768700,346
1700769600,371
1700770500,375
1700771400,321
1700772300,322
1700773200,298
1700774100,295
1700775000,226
1700775900,161
1700776800,138
1700777700,150
1700778600,132
1700779500,167
1700780400,140
1700781300,149
1700782200,148
1700783100,157
1700784000,150
1700784900,149
1700785800,146
1700786700,137
1700787600,129
1700788500,161
1700789400,194
1700790300,163
1700791200,129
1700792100,145
1700793000,141
1700793900,148
1700794800,135
1700795700,138
1700796600,147
1700797500,158
1700798400,149
1700799300,155
1700800200,143
1700801100,178
1700802000,232
1700802900,237
1700803800,271
1700804700,199
1700805600,191
1700806500,206
1700807400,197
1700808300,184
1700809200,177
1700810100,306
1700811000,249
1700811900,244
1700812800,146
1700813700,177
1700814600,280
1700815500,302
1700816400,213
1700817300,165
1700818200,204
1700819100,183
1700820000,260
1700820900,173
1700821800,183
1700822700,190
1700823600,184
1700824500,229
1700825400,230
1700826300,224
1700827200,247
1700828100,218
1700829000,223
1700829900,407
1700830800,278
1700831700,287
1700832600,295
1700833500,286
1700834400,269
1700835300,314
1700836200,260
1700837100,218
1700838000,212
1700838900,311
1700839800,237
1700840700,368
1700841600,394
1700842500,448
1700843400,838
1700844300,642
1700845200,477
1700846100,573
1700847000,763
1700847900,400
1700848800,369
1700849700,314
1700850600,249
1700851500,372
1700852400,320
1700853300,311
1700854200,365
1700855100,381
1700856000,363
1700856900,361
1700857800,313
1700858700,320
1700859600,318
1700860500,285
1700861400,289
1700862300,232
1700863200,226
1700864100,233
1700865000,235
1700865900,152
1700866800,165
1700867700,151
1700868600,165
1700869500,159
1700870400,200
1700871300,184
1700872200,136
1700873100,138
1700874000,144
1700874900,140
1700875800,132
1700876700,141
1700877600,144
1700878500,163
1700879400,136
1700880300,147
1700881200,149
1700882100,160
1700883000,152
1700883900,171
1700884800,146
1700885700,157
1700886600,143
1700887500,180
1700888400,269
1700889300,251
1700890200,336
1700891100,223
1700892000,260
1700892900,221
1700893800,257
1700894700,267
1700895600,218
1700896500,182
1700897400,177
1700898300,228
1700899200,177
1700900100,167
1700901000,218
1700901900,250
1700902800,263
1700903700,194
1700904600,197
1700905500,202
1700906400,204
1700907300,227
1700908200,304
1700909100,325
1700910000,288
1700910900,215
1700911800,369
1700912700,278
1700913600,234
1700914500,252
1700915400,274
1700916300,325
1700917200,186
1700918100,241
1700919000,205
1700919900,180
1700920800,171
1700921700,166
1700922600,164
1700923500,164
1700924400,173
1700925300,196
1700926200,253
1700927100,613
1700928000,316
1700928900,320
1700929800,349
1700930700,652
1700931600,745
1700932500,296
1700933400,336
1700934300,329
1700935200,533
1700936100,296
1700937000,288
1700937900,326
1700938800,328
1700939700,347
1700940600,388
1700941500,438
1700942400,351
1700943300,370
1700944200,376
1700945100,432
1700946000,384
1700946900,279
1700947800,219
1700948700,245
1700949600,245
1700950500,232
1700951400,238
1700952300,237
1700953200,211
1700954100,197
1700955000,138
1700955900,143
1700956800,147
1700957700,156
1700958600,146
1700959500,151
1700960400,147
1700961300,155
1700962200,171
1700963100,192
1700964000,160
1700964900,145
1700965800,129
1700966700,134
1700967600,134
1700968500,154
1700969400,193
1700970300,192
1700971200,136
1700972100,133
1700973000,149
1700973900,170
1700974800,209
1700975700,161
1700976600,175
1700977500,162
1700978400,218
1700979300,200
1700980200,200
1700981100,672
1700982000,767
1700982900,367
1700983800,290
1700984700,223
1700985600,214
1700986500,204
1700987400,222
1700988300,302
1700989200,218
1700990100,203
1700991000,180
1700991900,176
1700992800,175
1700993700,262
1700994600,874
1700995500,863
1700996400,868
1700997300,646
1700998200,290
1700999100,247
1701000000,227
1701000900,242
1701001800,255
1701002700,237
1701003600,267
1701004500,263
1701005400,201
1701006300,228
1701007200,250
1701008100,284
1701009000,279
1701009900,249
1701010800,236
1701011700,254
1701012600,240
1701013500,235
1701014400,232
1701015300,327
1701016200,383
1701017100,483
1701018000,422
1701018900,358
1701019800,385
1701020700,370
1701021600,299
1701022500,226
1701023400,195
1701024300,222
1701025200,208
1701026100,204
1701027000,369
1701027900,336
1701028800,615
1701029700,697
1701030600,618
1701031500,350
1701032400,405
1701033300,353
1701034200,712
1701035100,530
1701036000,309
1701036900,300
1701037800,294
1701038700,243
1701039600,231
1701040500,246
1701041400,184
1701042300,170
1701043200,146
1701044100,146
1701045000,148
1701045900,146
1701046800,145
1701047700,171
1701048600,149
1701049500,158
1701050400,133
1701051300,161
1701052200,163
1701053100,200
1701054000,196
1701054900,147
1701055800,148
1701056700,140
1701057600,166
1701058500,144
1701059400,148
1701060300,134
1701061200,142
1701062100,148
1701063000,156
1701063900,155
1701064800,146
1701065700,212
1701066600,197
1701067500,401
1701068400,585
1701069300,372
1701070200,206
1701071100,246
1701072000,623
1701072900,607
1701073800,610
1701074700,481
1701075600,453
1701076500,397
1701077400,356
1701078300,366
1701079200,385
1701080100,378
1701081000,400
1701081900,461
1701082800,380
1701083700,339
1701084600,345
1701085500,423
1701086400,396
1701087300,348
1701088200,709
1701089100,487
1701090000,668
1701090900,305
1701091800,627
1701092700,554
1701093600,318
1701094500,422
1701095400,380
1701096300,498
1701097200,1003
1701098100,883
1701099000,1028
1701099900,909
1701100800,705
1701101700,686
1701102600,647
1701103500,661
1701104400,597
1701105300,567
1701106200,451
1701107100,446
1701108000,386
1701108900,327
1701109800,371
1701110700,395
1701111600,633
1701112500,795
1701113400,665
1701114300,571
1701115200,518
1701116100,491
1701117000,462
1701117900,475
1701118800,398
1701119700,352
1701120600,261
1701121500,235
1701122400,186
1701123300,185
1701124200,179
1701125100,191
1701126000,186
1701126900,165
1701127800,149
1701128700,142
1701129600,137
1701130500,174
1701131400,161
1701132300,144
1701133200,160
1701134100,150
1701135000,150
1701135900,161
1701136800,172
1701137700,161
1701138600,145
1701139500,155
1701140400,170
1701141300,152
1701142200,185
1701143100,217
1701144000,193
1701144900,172
1701145800,194
1701146700,173
1701147600,153
1701148500,174
1701149400,153
1701150300,166
1701151200,134
1701152100,160
1701153000,209
1701153900,207
1701154800,258
1701155700,348
1701156600,665
1701157500,221
1701158400,343
1701159300,695
1701160200,337
1701161100,402
1701162000,820
1701162900,554
1701163800,500
1701164700,321
1701165600,677
1701166500,831
1701167400,790
1701168300,588
1701169200,478
1701170100,1140
1701171000,483
1701171900,278
1701172800,369
1701173700,314
1701174600,289
1701175500,542
1701176400,482
1701177300,297
1701178200,320
1701179100,323
1701180000,406
1701180900,290
1701181800,295
1701182700,684
1701183600,330
1701184500,473
1701185400,394
1701186300,708
1701187200,838
1701188100,436
1701189000,458
1701189900,858
1701190800,834
1701191700,529
1701192600,511
1701193500,453
1701194400,361
1701195300,347
1701196200,405
1701197100,357
1701198000,365
1701198900,434
1701199800,370
1701200700,340
1701201600,321
1701202500,440
1701203400,329
1701204300,315
1701205200,315
1701206100,300
1701207000,259
1701207900,220
1701208800,214
1701209700,144
1701210600,140
1701211500,133
1701212400,165
1701213300,191
1701214200,206
1701215100,141
1701216000,135
1701216900,153
1701217800,150
1701218700,160
1701219600,146
1701220500,168
1701221400,170
1701222300,162
1701223200,151
1701224100,154
1701225000,155
1701225900,151
1701226800,159
1701227700,160
1701228600,163
1701229500,132
1701230400,204
1701231300,229
1701232200,195
1701233100,148
1701234000,151
1701234900,183
1701235800,164
1701236700,140
1701237600,132
1701238500,196
1701239400,182
1701240300,170
1701241200,150
1701242100,144
1701243000,189
1701243900,654
1701244800,343
1701245700,237
1701246600,500
1701247500,976
1701248400,910
1701249300,512
1701250200,471
1701251100,527
1701252000,871
1701252900,416
1701253800,308
1701254700,253
1701255600,226
1701256500,820
1701257400,1226
1701258300,1021
1701259200,848
1701260100,397
1701261000,350
1701261900,356
1701262800,374
1701263700,331
1701264600,317
1701265500,319
1701266400,304
1701267300,301
1701268200,282
1701269100,270
1701270000,352
1701270900,254
1701271800,243
1701272700,243
1701273600,300
1701274500,659
1701275400,631
1701276300,609
1701277200,631
1701278100,718
1701279000,581
1701279900,440
1701280800,464
1701281700,493
1701282600,720
1701283500,561
1701284400,492
1701285300,480
1701286200,457
1701287100,468
1701288000,385
1701288900,532
1701289800,358
1701290700,352
1701291600,305
1701292500,200
1701293400,159
1701294300,152
1701295200,147
1701296100,157
1701297000,135
1701297900,142
1701298800,132
1701299700,151
1701300600,134
1701301500,160
1701302400,145
1701303300,147
1701304200,140
1701305100,164
1701306000,151
1701306900,159
1701307800,141
1701308700,218
1701309600,212
1701310500,147
1701311400,154
1701312300,153
1701313200,162
1701314100,153
1701315000,155
1701315900,161
1701316800,188
1701317700,200
1701318600,199
1701319500,243
1701320400,522
1701321300,192
1701322200,163
1701323100,169
1701324000,146
1701324900,241
1701325800,166
1701326700,228
1701327600,221
1701328500,166
1701329400,147
1701330300,149
1701331200,182
1701332100,207
1701333000,193
1701333900,220
1701334800,263
1701335700,326
1701336600,222
1701337500,231
1701338400,244
1701339300,434
1701340200,426
1701341100,235
1701342000,205
1701342900,278
1701343800,731
1701344700,310
1701345600,163
1701346500,273
1701347400,343
1701348300,185
1701349200,250
1701350100,225
1701351000,248
1701351900,249
1701352800,252
1701353700,195
1701354600,218
1701355500,272
1701356400,259
1701357300,352
1701358200,269
1701359100,307
1701360000,345
1701360900,600
1701361800,824
1701362700,545
1701363600,441
1701364500,378
1701365400,405
1701366300,417
1701367200,347
1701368100,405
1701369000,416
1701369900,458
1701370800,423
1701371700,348
1701372600,343
1701373500,326
1701374400,320
1701375300,353
1701376200,366
1701377100,321
1701378000,239
1701378900,223
1701379800,198
1701380700,169
1701381600,129
1701382500,141
1701383400,140
1701384300,150
1701385200,140
1701386100,137
1701387000,131
1701387900,202
1701388800,182
1701389700,141
1701390600,133
1701391500,160
1701392400,156
1701393300,151
1701394200,154
1701395100,147
1701396000,143
1701396900,161
1701397800,161
1701398700,142
1701399600,163
1701400500,171
1701401400,217
1701402300,198
1701403200,141
1701404100,152
1701405000,171
1701405900,255
1701406800,271
1701407700,312
1701408600,227
1701409500,277
1701410400,194
1701411300,199
1701412200,168
1701413100,180
1701414000,137
1701414900,145
1701415800,136
1701416700,132
1701417600,148
1701418500,134
1701419400,147
1701420300,148
1701421200,174
1701422100,203
1701423000,215
1701423900,168
1701424800,152
1701425700,160
1701426600,163
1701427500,171
1701428400,246
1701429300,308
1701430200,253
1701431100,218
1701432000,320
1701432900,182
1701433800,249
1701434700,265
1701435600,243
1701436500,338
1701437400,229
1701438300,229
1701439200,263
1701440100,221
1701441000,215
1701441900,285
1701442800,302
1701443700,282
1701444600,270
1701445500,262
1701446400,219
1701447300,653
1701448200,642
1701449100,526
1701450000,406
1701450900,425
1701451800,326
1701452700,323
1701453600,360
1701454500,348
1701455400,283
1701456300,256
1701457200,259
1701458100,260
1701459000,272
1701459900,301
1701460800,309
1701461700,261
1701462600,241
1701463500,288
1701464400,315
1701465300,250
1701466200,239
1701467100,174
1701468000,150
1701468900,147
1701469800,160
1701470700,144
1701471600,152
1701472500,140
1701473400,148
1701474300,149
1701475200,195
1701476100,200
1701477000,169
1701477900,151
1701478800,153
1701479700,170
1701480600,137
1701481500,139
1701482400,144
1701483300,152
1701484200,145
1701485100,140
1701486000,139
1701486900,180
1701487800,193
1701488700,181
1701489600,158
1701490500,207
1701491400,217
1701492300,266
1701493200,216
1701494100,234
1701495000,181
1701495900,210
1701496800,245
1701497700,247
1701498600,238
1701499500,222
1701500400,198
1701501300,179
1701502200,158
1701503100,188
1701504000,173
1701504900,170
1701505800,173
1701506700,371
1701507600,237
1701508500,175
1701509400,210
1701510300,303
1701511200,245
1701512100,286
1701513000,150
1701513900,149
1701514800,155
1701515700,157
1701516600,165
1701517500,157
1701518400,151
1701519300,594
1701520200,513
1701521100,561
1701522000,540
1701522900,184
1701523800,388
1701524700,392
1701525600,360
1701526500,370
1701527400,342
1701528300,315
1701529200,337
1701530100,242
1701531000,258
1701531900,207
1701532800,227
1701533700,330
1701534600,387
1701535500,902
1701536400,559
1701537300,512
1701538200,467
1701539100,332
1701540000,773
1701540900,379
1701541800,359
1701542700,445
1701543600,474
1701544500,574
1701545400,782
1701546300,343
1701547200,329
1701548100,334
1701549000,397
1701549900,359
1701550800,318
1701551700,252
1701552600,185
1701553500,147
1701554400,217
1701555300,158
1701556200,138
1701557100,133
1701558000,149
1701558900,151
1701559800,139
1701560700,182
1701561600,180
1701562500,148
1701563400,134
1701564300,155
1701565200,140
1701566100,164
1701567000,148
1701567900,150
1701568800,146
1701569700,163
1701570600,137
1701571500,154
1701572400,178
1701573300,208
1701574200,217
1701575100,150
1701576000,168
1701576900,194
1701577800,194
1701578700,253
1701579600,210
1701580500,323
1701581400,219
1701582300,191
1701583200,254
1701584100,272
1701585000,218
1701585900,215
1701586800,159
1701587700,163
1701588600,168
1701589500,163
1701590400,226
1701591300,210
1701592200,206
1701593100,172
1701594000,353
1701594900,245
1701595800,222
1701596700,186
1701597600,260
1701598500,192
1701599400,273
1701600300,274
1701601200,301
1701602100,227
1701603000,246
1701603900,221
1701604800,303
1701605700,237
1701606600,328
1701607500,342
1701608400,294
1701609300,242
1701610200,224
1701611100,233
1701612000,231
1701612900,234
1701613800,356
1701614700,319
1701615600,255
1701616500,739
1701617400,526
1701618300,634
1701619200,748
1701620100,628
1701621000,444
1701621900,378
1701622800,472
1701623700,505
1701624600,550
1701625500,630
1701626400,990
1701627300,510
1701628200,511
1701629100,454
1701630000,730
1701630900,1407
1701631800,946
1701632700,589
1701633600,419
1701634500,404
1701635400,491
1701636300,478
1701637200,434
1701638100,338
1701639000,323
1701639900,292
1701640800,235
1701641700,263
1701642600,251
1701643500,253
1701644400,229
1701645300,182
1701646200,171
1701647100,149
1701648000,140
1701648900,156
1701649800,168
1701650700,167
1701651600,154
1701652500,134
1701653400,156
1701654300,134
1701655200,138
1701656100,183
1701657000,193
1701657900,185
1701658800,131
1701659700,139
1701660600,168
1701661500,138
1701662400,167
1701663300,208
1701664200,216
1701665100,220
1701666000,210
1701666900,209
1701667800,199
1701668700,509
1701669600,504
1701670500,304
1701671400,273
1701672300,278
1701673200,215
1701674100,257
1701675000,240
1701675900,329
1701676800,390
1701677700,403
1701678600,328
1701679500,269
1701680400,255
1701681300,289
1701682200,364
1701683100,174
1701684000,162
1701684900,204
1701685800,191
1701686700,192
1701687600,182
1701688500,181
1701689400,178
1701690300,495
1701691200,712
1701692100,650
1701693000,221
1701693900,191
1701694800,174
1701695700,222
1701696600,306
1701697500,281
1701698400,306
1701699300,250
1701700200,218
1701701100,227
1701702000,382
1701702900,903
1701703800,788
1701704700,718
1701705600,629
1701706500,391
1701707400,354
1701708300,300
1701709200,570
1701710100,625
1701711000,344
1701711900,332
1701712800,339
1701713700,352
1701714600,201
1701715500,204
1701716400,282
1701717300,368
1701718200,333
1701719100,246
1701720000,222
1701720900,289
1701721800,286
1701722700,181
1701723600,174
1701724500,179
1701725400,192
1701726300,180
1701727200,182
1701728100,173
1701729000,175
1701729900,212
1701730800,234
1701731700,194
1701732600,166
1701733500,149
1701734400,152
1701735300,164
1701736200,156
1701737100,177
1701738000,204
1701738900,173
1701739800,163
1701740700,144
1701741600,144
1701742500,130
1701743400,147
1701744300,130
1701745200,139
1701746100,195
1701747000,193
1701747900,153
1701748800,136
1701749700,138
1701750600,151
1701751500,169
1701752400,212
1701753300,213
1701754200,181
1701755100,160
1701756000,162
1701756900,209
1701757800,217
1701758700,219
1701759600,481
1701760500,427
1701761400,208
1701762300,305
1701763200,282
1701764100,235
1701765000,363
1701765900,487
1701766800,250
1701767700,733
1701768600,417
1701769500,280
1701770400,230
1701771300,222
1701772200,226
1701773100,410
1701774000,825
1701774900,996
1701775800,876
1701776700,796
1701777600,718
1701778500,564
1701779400,269
1701780300,270
1701781200,305
1701782100,331
1701783000,324
1701783900,316
1701784800,275
1701785700,235
1701786600,259
1701787500,305
1701788400,388
1701789300,507
1701790200,535
1701791100,503
1701792000,429
1701792900,344
1701793800,620
1701794700,520
1701795600,731
1701796500,512
1701797400,862
1701798300,892
1701799200,501
1701800100,270
1701801000,255
1701801900,239
1701802800,289
1701803700,388
1701804600,413
1701805500,515
1701806400,444
1701807300,411
1701808200,377
1701809100,408
1701810000,394
1701810900,348
1701811800,312
1701812700,331
1701813600,357
1701814500,306
1701815400,256
1701816300,253
1701817200,282
1701818100,183
1701819000,163
1701819900,150
1701820800,136
1701821700,159
1701822600,157
1701823500,163
1701824400,158
1701825300,159
1701826200,152
1701827100,168
1701828000,136
1701828900,134
1701829800,162
1701830700,193
1701831600,169
1701832500,141
1701833400,142
1701834300,130
1701835200,152
1701836100,138
1701837000,146
1701837900,179
1701838800,202
1701839700,208
1701840600,172
1701841500,164
1701842400,141
1701843300,174
1701844200,228
1701845100,220
1701846000,199
1701846900,213
1701847800,262
1701848700,333
1701849600,714
1701850500,813
1701851400,833
1701852300,652
1701853200,665
1701854100,508
1701855000,358
1701855900,1103
1701856800,952
1701857700,1257
1701858600,662
1701859500,820
1701860400,745
1701861300,386
1701862200,827
1701863100,458
1701864000,340
1701864900,311
1701865800,294
1701866700,298
1701867600,316
1701868500,361
1701869400,368
1701870300,420
1701871200,420
1701872100,486
1701873000,404
1701873900,342
1701874800,252
1701875700,312
1701876600,304
1701877500,281
1701878400,299
1701879300,517
1701880200,471
1701881100,406
1701882000,425
1701882900,432
1701883800,440
1701884700,559
1701885600,524
1701886500,473
1701887400,511
1701888300,488
1701889200,741
1701890100,478
1701891000,407
1701891900,424
1701892800,433
1701893700,475
1701894600,528
1701895500,424
1701896400,359
1701897300,327
1701898200,318
1701899100,284
1701900000,262
1701900900,263
1701901800,276
1701902700,189
1701903600,173
1701904500,153
1701905400,177
1701906300,228
1701907200,232
1701908100,156
1701909000,175
1701909900,167
1701910800,172
1701911700,167
1701912600,159
1701913500,173
1701914400,173
1701915300,164
1701916200,163
1701917100,150
1701918000,148
1701918900,148
1701919800,162
1701920700,207
1701921600,207
1701922500,183
1701923400,168
1701924300,206
1701925200,299
1701926100,324
1701927000,671
1701927900,577
1701928800,228
1701929700,207
1701930600,235
1701931500,209
1701932400,157
1701933300,166
1701934200,196
1701935100,225
1701936000,217
1701936900,210
1701937800,214
1701938700,179
1701939600,234
1701940500,190
1701941400,174
1701942300,164
1701943200,174
1701944100,164
1701945000,170
1701945900,154
1701946800,166
1701947700,158
1701948600,176
1701949500,159
1701950400,162
1701951300,168
1701952200,175
1701953100,273
1701954000,358
1701954900,525
1701955800,191
1701956700,196
1701957600,198
1701958500,184
1701959400,197
1701960300,217
1701961200,211
1701962100,230
1701963000,229
1701963900,179
1701964800,298
1701965700,292
1701966600,266
1701967500,339
1701968400,325
1701969300,353
1701970200,341
1701971100,339
1701972000,466
1701972900,357
1701973800,319
1701974700,373
1701975600,350
1701976500,294
1701977400,346
1701978300,449
1701979200,329
1701980100,324
1701981000,328
1701981900,382
1701982800,399
1701983700,304
1701984600,274
1701985500,191
1701986400,152
1701987300,156
1701988200,165
1701989100,142
1701990000,175
1701990900,162
1701991800,167
1701992700,181
1701993600,197
1701994500,157
1701995400,155
1701996300,146
1701997200,164
1701998100,178
1701999000,154
1701999900,159
1702000800,146
1702001700,157
1702002600,143
1702003500,192
1702004400,201
1702005300,143
1702006200,144
1702007100,134
1702008000,163
1702008900,152
1702009800,172
1702010700,236
1702011600,245
1702012500,293
1702013400,281
1702014300,204
1702015200,222
1702016100,278
1702017000,211
1702017900,327
1702018800,290
1702019700,314
1702020600,295
1702021500,251
1702022400,265
1702023300,229
1702024200,229
1702025100,253
1702026000,276
1702026900,242
1702027800,223
1702028700,200
1702029600,172
1702030500,164
1702031400,136
1702032300,145
1702033200,149
1702034100,291
1702035000,231
1702035900,258
1702036800,456
1702037700,328
1702038600,252
1702039500,273
1702040400,240
1702041300,276
1702042200,219
1702043100,184
1702044000,189
1702044900,208
1702045800,186
1702046700,269
1702047600,269
1702048500,257
1702049400,237
1702050300,254
1702051200,662
1702052100,588
1702053000,378
1702053900,367
1702054800,344
1702055700,337
1702056600,355
1702057500,310
1702058400,230
1702059300,288
1702060200,333
1702061100,317
1702062000,328
1702062900,399
1702063800,260
1702064700,292
1702065600,330
1702066500,592
1702067400,359
1702068300,342
1702069200,332
1702070100,230
1702071000,236
1702071900,194
1702072800,151
1702073700,152
1702074600,148
1702075500,194
1702076400,185
1702077300,166
1702078200,136
1702079100,147
1702080000,152
1702080900,160
1702081800,172
1702082700,171
1702083600,218
1702084500,241
1702085400,223
1702086300,155
1702087200,167
1702088100,174
1702089000,158
1702089900,161
1702090800,148
1702091700,158
1702092600,193
1702093500,220
1702094400,151
1702095300,166
1702096200,170
1702097100,207
1702098000,178
1702098900,240
1702099800,221
1702100700,240
1702101600,253
1702102500,610
1702103400,710
1702104300,521
1702105200,176
1702106100,339
1702107000,396
1702107900,262
1702108800,202
1702109700,248
1702110600,185
1702111500,190
1702112400,293
1702113300,254
1702114200,282
1702115100,218
1702116000,261
1702116900,210
1702117800,233
1702118700,250
1702119600,240
1702120500,276
1702121400,669
1702122300,849
1702123200,743
1702124100,710
1702125000,562
1702125900,300
1702126800,249
1702127700,225
1702128600,184
1702129500,293
1702130400,302
1702131300,240
1702132200,248
1702133100,258
1702134000,384
1702134900,295
1702135800,267
1702136700,407
1702137600,364
1702138500,370
1702139400,425
1702140300,435
1702141200,398
1702142100,387
1702143000,719
1702143900,459
1702144800,493
1702145700,495
1702146600,490
1702147500,451
1702148400,650
1702149300,834
1702150200,507
1702151100,510
1702152000,470
1702152900,759
1702153800,750
1702154700,427
1702155600,415
1702156500,354
1702157400,301
1702158300,293
1702159200,326
1702160100,243
1702161000,236
1702161900,222
1702162800,217
1702163700,146
1702164600,163
1702165500,152
1702166400,137
1702167300,144
1702168200,152
1702169100,172
1702170000,145
1702170900,154
1702171800,160
1702172700,146
1702173600,159
1702174500,166
1702175400,219
1702176300,178
1702177200,146
1702178100,155
1702179000,193
1702179900,141
1702180800,150
1702181700,161
1702182600,151
1702183500,217
1702184400,245
1702185300,299
1702186200,202
1702187100,180
1702188000,164
1702188900,234
1702189800,185
1702190700,169
1702191600,204
1702192500,268
1702193400,296
1702194300,276
1702195200,256
1702196100,265
1702197000,257
1702197900,217
1702198800,222
1702199700,274
1702200600,392
1702201500,282
1702202400,743
1702203300,596
1702204200,484
1702205100,583
1702206000,385
1702206900,327
1702207800,286
1702208700,352
1702209600,398
1702210500,374
1702211400,280
1702212300,248
1702213200,261
1702214100,324
1702215000,313
1702215900,284
1702216800,395
1702217700,414
1702218600,367
1702219500,326
1702220400,369
1702221300,343
1702222200,377
1702223100,623
1702224000,737
1702224900,450
1702225800,430
1702226700,349
1702227600,379
1702228500,470
1702229400,492
1702230300,388
1702231200,382
1702232100,404
1702233000,355
1702233900,356
1702234800,370
1702235700,398
1702236600,407
1702237500,322
1702238400,318
1702239300,366
1702240200,363
1702241100,308
1702242000,387
1702242900,361
1702243800,220
1702244700,155
1702245600,133
1702246500,140
1702247400,142
1702248300,130
1702249200,147
1702250100,141
1702251000,154
1702251900,152
1702252800,139
1702253700,135
1702254600,141
1702255500,148
1702256400,156
1702257300,178
1702258200,155
1702259100,136
1702260000,181
1702260900,206
1702261800,168
1702262700,156
1702263600,160
1702264500,160
1702265400,172
1702266300,144
1702267200,159
1702268100,176
1702269000,195
1702269900,233
1702270800,192
1702271700,239
1702272600,233
1702273500,168
1702274400,264
1702275300,164
1702276200,175
1702277100,177
1702278000,185
1702278900,197
1702279800,252
1702280700,235
1702281600,213
1702282500,401
1702283400,295
1702284300,285
1702285200,283
1702286100,244
1702287000,256
1702287900,270
1702288800,225
1702289700,188
1702290600,195
1702291500,205
1702292400,213
1702293300,194
1702294200,431
1702295100,319
1702296000,273
1702296900,440
1702297800,381
1702298700,331
1702299600,270
1702300500,222
1702301400,228
1702302300,235
1702303200,199
1702304100,295
1702305000,260
1702305900,233
1702306800,177
1702307700,509
1702308600,438
1702309500,382
1702310400,420
1702311300,689
1702312200,724
1702313100,609
1702314000,401
1702314900,341
1702315800,301
1702316700,324
1702317600,290
1702318500,283
1702319400,379
1702320300,427
1702321200,415
1702322100,384
1702323000,406
1702323900,380
1702324800,365
1702325700,368
1702326600,384
1702327500,361
1702328400,342
1702329300,281
1702330200,318
1702331100,317
1702332000,313
1702332900,244
1702333800,218
1702334700,225
1702335600,243
1702336500,206
1702337400,188
1702338300,144
1702339200,157
1702340100,142
1702341000,149
1702341900,176
1702342800,158
1702343700,141
1702344600,147
1702345500,157
1702346400,179
1702347300,205
1702348200,170
1702349100,158
1702350000,147
1702350900,142
1702351800,157
1702352700,160
1702353600,131
1702354500,168
1702355400,214
1702356300,211
1702357200,148
1702358100,153
1702359000,160
1702359900,154
1702360800,200
1702361700,191
1702362600,169
1702363500,158
1702364400,135
1702365300,248
1702366200,215
1702367100,243
1702368000,265
1702368900,228
1702369800,655
1702370700,367
1702371600,321
1702372500,282
1702373400,326
1702374300,369
1702375200,383
1702376100,378
1702377000,1053
1702377900,1070
1702378800,870
1702379700,412
1702380600,710
1702381500,564
1702382400,351
1702383300,395
1702384200,340
1702385100,910
1702386000,947
1702386900,826
1702387800,833
1702388700,726
1702389600,814
1702390500,299
1702391400,344
1702392300,333
1702393200,399
1702394100,388
1702395000,320
1702395900,285
1702396800,362
1702397700,309
1702398600,292
1702399500,288
1702400400,330
1702401300,633
1702402200,1315
1702403100,1168
1702404000,1314
1702404900,525
1702405800,429
1702406700,438
1702407600,509
1702408500,806
1702409400,666
1702410300,607
1702411200,527
1702412100,547
1702413000,927
1702413900,512
1702414800,433
1702415700,429
1702416600,405
1702417500,465
1702418400,324
1702419300,209
1702420200,138
1702421100,142
1702422000,146
1702422900,134
1702423800,141
1702424700,141
1702425600,155
1702426500,203
1702427400,201
1702428300,156
1702429200,160
1702430100,162
1702431000,137
1702431900,183
1702432800,157
1702433700,136
1702434600,153
1702435500,149
1702436400,157
1702437300,203
1702438200,214
1702439100,166
1702440000,156
1702440900,139
1702441800,148
1702442700,167
1702443600,157
1702444500,153
1702445400,213
1702446300,213
1702447200,174
1702448100,150
1702449000,152
1702449900,139
1702450800,193
1702451700,194
1702452600,181
1702453500,181
1702454400,332
1702455300,343
1702456200,278
1702457100,252
1702458000,285
1702458900,360
1702459800,373
1702460700,389
1702461600,350
1702462500,279
1702463400,280
1702464300,214
1702465200,176
1702466100,223
1702467000,206
1702467900,185
1702468800,164
1702469700,149
1702470600,169
1702471500,213
1702472400,207
1702473300,175
1702474200,174
1702475100,164
1702476000,161
1702476900,147
1702477800,299
1702478700,247
1702479600,185
1702480500,177
1702481400,202
1702482300,304
1702483200,385
1702484100,409
1702485000,415
1702485900,429
1702486800,466
1702487700,414
1702488600,470
1702489500,580
1702490400,425
1702491300,422
1702492200,476
1702493100,453
1702494000,397
1702494900,395
1702495800,436
1702496700,596
1702497600,693
1702498500,428
1702499400,394
1702500300,402
1702501200,834
1702502100,448
1702503000,328
1702503900,374
1702504800,345
1702505700,265
1702506600,203
1702507500,154
1702508400,145
1702509300,149
1702510200,129
1702511100,140
1702512000,183
1702512900,198
1702513800,137
1702514700,138
1702515600,148
1702516500,156
1702517400,163
1702518300,146
1702519200,178
1702520100,207
1702521000,185
1702521900,140
1702522800,147
1702523700,155
1702524600,158
1702525500,148
1702526400,162
1702527300,203
1702528200,206
1702529100,180
1702530000,214
1702530900,226
1702531800,212
1702532700,171
1702533600,149
1702534500,172
1702535400,133
1702536300,138
1702537200,169
1702538100,211
1702539000,223
1702539900,192
1702540800,225
1702541700,202
1702542600,234
1702543500,213
1702544400,174
1702545300,168
1702546200,170
1702547100,172
1702548000,229
1702548900,220
1702549800,187
1702550700,161
1702551600,167
1702552500,149
1702553400,146
1702554300,140
1702555200,190
1702556100,223
1702557000,151
1702557900,153
1702558800,157
1702559700,160
1702560600,230
1702561500,233
1702562400,253
1702563300,197
1702564200,211
1702565100,621
1702566000,606
1702566900,585
1702567800,369
1702568700,540
1702569600,614
1702570500,495
1702571400,565
1702572300,531
1702573200,531
1702574100,403
1702575000,753
1702575900,433
1702576800,362
1702577700,381
1702578600,346
1702579500,402
1702580400,415
1702581300,370
1702582200,396
1702583100,323
1702584000,338
1702584900,365
1702585800,389
1702586700,367
1702587600,309
1702588500,289
1702589400,173
1702590300,165
1702591200,218
1702592100,155
1702593000,140
1702593900,200
1702594800,195
1702595700,155
1702596600,128
1702597500,132
1702598400,135
1702599300,159
1702600200,216
1702601100,157
1702602000,145
1702602900,160
1702603800,128
1702604700,182
1702605600,210
1702606500,170
1702607400,132
1702608300,146
1702609200,160
1702610100,185
1702611000,212
1702611900,182
1702612800,165
1702613700,213
1702614600,201
1702615500,197
1702616400,201
1702617300,235
1702618200,275
1702619100,302
1702620000,257
1702620900,209
1702621800,181
1702622700,176
1702623600,446
1702624500,521
1702625400,222
1702626300,204
1702627200,185
1702628100,174
1702629000,205
1702629900,190
1702630800,145
1702631700,150
1702632600,143
1702633500,221
1702634400,222
1702635300,210
1702636200,183
1702637100,191
1702638000,459
1702638900,443
1702639800,235
1702640700,249
1702641600,256
1702642500,330
1702643400,276
1702644300,260
1702645200,219
1702646100,171
1702647000,260
1702647900,275
1702648800,229
1702649700,248
1702650600,208
1702651500,269
1702652400,275
1702653300,265
1702654200,231
1702655100,252
1702656000,760
1702656900,488
1702657800,511
1702658700,445
1702659600,550
1702660500,581
1702661400,437
1702662300,420
1702663200,414
1702664100,458
1702665000,616
1702665900,707
1702666800,386
1702667700,506
1702668600,517
1702669500,709
1702670400,633
1702671300,299
1702672200,362
1702673100,365
1702674000,283
1702674900,205
1702675800,182
1702676700,161
1702677600,204
1702678500,172
1702679400,143
1702680300,199
1702681200,208
1702682100,142
1702683000,132
1702683900,147
1702684800,136
1702685700,144
1702686600,131
1702687500,152
1702688400,204
1702689300,155
1702690200,140
1702691100,140
1702692000,179
1702692900,162
1702693800,139
1702694700,145
1702695600,179
1702696500,199
1702697400,191
1702698300,157
1702699200,151
1702700100,181
1702701000,220
1702701900,226
1702702800,243
1702703700,322
1702704600,199
1702705500,243
1702706400,228
1702707300,212
1702708200,287
1702709100,320
1702710000,292
1702710900,334
1702711800,352
1702712700,263
1702713600,376
1702714500,380
1702715400,373
1702716300,241
1702717200,228
1702718100,191
1702719000,185
1702719900,234
1702720800,198
1702721700,163
1702722600,156
1702723500,181
1702724400,357
1702725300,308
1702726200,258
1702727100,252
1702728000,253
1702728900,283
1702729800,312
1702730700,362
1702731600,321
1702732500,286
1702733400,281
1702734300,250
1702735200,345
1702736100,284
1702737000,301
1702737900,280
1702738800,277
1702739700,222
1702740600,213
1702741500,459
1702742400,407
1702743300,672
1702744200,377
1702745100,575
1702746000,399
1702746900,523
1702747800,382
1702748700,415
1702749600,479
1702750500,441
1702751400,416
1702752300,400
1702753200,441
1702754100,385
1702755000,347
1702755900,359
1702756800,452
1702757700,407
1702758600,343
1702759500,296
1702760400,282
1702761300,247
1702762200,184
1702763100,156
1702764000,164
1702764900,161
1702765800,157
1702766700,212
1702767600,221
1702768500,201
1702769400,159
1702770300,138
1702771200,137
1702772100,144
1702773000,140
1702773900,141
1702774800,182
1702775700,182
1702776600,151
1702777500,146
1702778400,156
1702779300,146
1702780200,193
1702781100,197
1702782000,158
1702782900,140
1702783800,157
1702784700,193
1702785600,202
1702786500,171
1702787400,144
1702788300,188
1702789200,281
1702790100,311
1702791000,187
1702791900,195
1702792800,241
1702793700,267
1702794600,217
1702795500,190
1702796400,184
1702797300,202
1702798200,210
1702799100,214
1702800000,441
1702800900,364
1702801800,185
1702802700,155
1702803600,215
1702804500,183
1702805400,296
1702806300,217
1702807200,213
1702808100,226
1702809000,250
1702809900,231
1702810800,856
1702811700,656
1702812600,215
1702813500,309
1702814400,249
1702815300,317
1702816200,288
1702817100,373
1702818000,315
1702818900,289
1702819800,260
1702820700,285
1702821600,356
1702822500,400
1702823400,306
1702824300,280
1702825200,337
1702826100,360
1702827000,430
1702827900,492
1702828800,455
1702829700,517
1702830600,517
1702831500,550
1702832400,510
1702833300,545
1702834200,505
1702835100,442
1702836000,293
1702836900,263
1702837800,292
1702838700,392
1702839600,310
1702840500,264
1702841400,217
1702842300,215
1702843200,262
1702844100,324
1702845000,311
1702845900,232
1702846800,259
1702847700,286
1702848600,190
1702849500,191
1702850400,167
1702851300,157
1702852200,166
1702853100,222
1702854000,208
1702854900,209
1702855800,163
1702856700,165
1702857600,134
1702858500,152
1702859400,172
1702860300,200
1702861200,191
1702862100,146
1702863000,157
1702863900,163
1702864800,155
1702865700,195
1702866600,194
1702867500,144
1702868400,138
1702869300,128
1702870200,153
1702871100,189
1702872000,199
1702872900,159
1702873800,145
1702874700,173
1702875600,242
1702876500,232
1702877400,200
1702878300,176
1702879200,259
1702880100,209
1702881000,203
1702881900,162
1702882800,199
1702883700,243
1702884600,307
1702885500,204
1702886400,193
1702887300,196
1702888200,328
1702889100,273
1702890000,260
1702890900,213
1702891800,335
1702892700,231
1702893600,276
1702894500,283
1702895400,218
1702896300,259
1702897200,313
1702898100,330
1702899000,206
1702899900,208
1702900800,170
1702901700,178
1702902600,263
1702903500,238
1702904400,196
1702905300,299
1702906200,234
1702907100,257
1702908000,298
1702908900,286
1702909800,209
1702910700,185
1702911600,231
1702912500,245
1702913400,339
1702914300,287
1702915200,309
1702916100,334
1702917000,716
1702917900,930
1702918800,1134
1702919700,645
1702920600,437
1702921500,368
1702922400,428
1702923300,432
1702924200,434
1702925100,588
1702926000,490
1702926900,534
1702927800,454
1702928700,423
1702929600,443
1702930500,472
1702931400,388
1702932300,450
1702933200,383
1702934100,406
1702935000,394
1702935900,332
1702936800,255
1702937700,233
1702938600,230
1702939500,234
1702940400,267
1702941300,287
1702942200,202
1702943100,138
1702944000,128
1702944900,135
1702945800,129
1702946700,137
1702947600,139
1702948500,197
1702949400,204
1702950300,166
1702951200,143
1702952100,145
1702953000,148
1702953900,154
1702954800,162
1702955700,221
1702956600,191
1702957500,177
1702958400,147
1702959300,141
1702960200,157
1702961100,165
1702962000,211
1702962900,197
1702963800,194
1702964700,161
1702965600,168
1702966500,149
1702967400,163
1702968300,168
1702969200,211
1702970100,207
1702971000,185
1702971900,601
1702972800,631
1702973700,302
1702974600,210
1702975500,237
1702976400,236
1702977300,229
1702978200,258
1702979100,318
1702980000,287
1702980900,276
1702981800,297
1702982700,354
1702983600,841
1702984500,1112
1702985400,813
1702986300,505
1702987200,337
1702988100,308
1702989000,317
1702989900,297
1702990800,328
1702991700,520
1702992600,635
1702993500,361
1702994400,291
1702995300,310
1702996200,459
1702997100,346
1702998000,311
1702998900,298
1702999800,354
1703000700,406
1703001600,510
1703002500,744
1703003400,543
1703004300,789
1703005200,1218
1703006100,1859
1703007000,1541
1703007900,1123
1703008800,694
1703009700,457
1703010600,442
1703011500,501
1703012400,410
1703013300,394
1703014200,523
1703015100,1276
1703016000,830
1703016900,516
1703017800,513
1703018700,750
1703019600,760
1703020500,346
1703021400,357
1703022300,387
1703023200,352
1703024100,275
1703025000,212
1703025900,210
1703026800,197
1703027700,214
1703028600,194
1703029500,134
1703030400,147
1703031300,133
1703032200,139
1703033100,128
1703034000,144
1703034900,144
1703035800,166
1703036700,230
1703037600,169
1703038500,137
1703039400,151
1703040300,138
1703041200,162
1703042100,147
1703043000,204
1703043900,193
1703044800,178
1703045700,153
1703046600,140
1703047500,153
1703048400,154
1703049300,201
1703050200,216
1703051100,177
1703052000,171
1703052900,160
1703053800,173
1703054700,209
1703055600,215
1703056500,184
1703057400,156
1703058300,230
1703059200,506
1703060100,696
1703061000,337
1703061900,241
1703062800,276
1703063700,553
1703064600,824
1703065500,660
1703066400,651
1703067300,774
1703068200,854
1703069100,695
1703070000,614
1703070900,458
1703071800,327
1703072700,573
1703073600,608
1703074500,223
1703075400,244
1703076300,283
1703077200,321
1703078100,225
1703079000,238
1703079900,285
1703080800,351
1703081700,358
1703082600,523
1703083500,365
1703084400,322
1703085300,319
1703086200,372
1703087100,426
1703088000,394
1703088900,449
1703089800,549
1703090700,345
1703091600,346
1703092500,766
1703093400,385
1703094300,508
1703095200,512
1703096100,529
1703097000,787
1703097900,492
1703098800,494
1703099700,447
1703100600,500
1703101500,557
1703102400,386
1703103300,439
1703104200,523
1703105100,488
1703106000,460
1703106900,407
1703107800,318
1703108700,313
1703109600,223
1703110500,183
1703111400,159
1703112300,214
1703113200,200
1703114100,206
1703115000,195
1703115900,156
1703116800,148
1703117700,136
1703118600,141
1703119500,129
1703120400,128
1703121300,191
1703122200,181
1703123100,146
1703124000,163
1703124900,149
1703125800,134
1703126700,151
1703127600,139
1703128500,205
1703129400,209
1703130300,195
1703131200,141
1703132100,163
1703133000,150
1703133900,195
1703134800,578
1703135700,483
1703136600,350
1703137500,472
1703138400,601
1703139300,274
1703140200,222
1703141100,211
1703142000,686
1703142900,431
1703143800,229
1703144700,282
1703145600,365
1703146500,401
1703147400,362
1703148300,325
1703149200,512
1703150100,576
1703151000,630
1703151900,440
1703152800,430
1703153700,501
1703154600,891
1703155500,1288
1703156400,695
1703157300,275
1703158200,372
1703159100,356
1703160000,520
1703160900,774
1703161800,301
1703162700,354
1703163600,295
1703164500,297
1703165400,383
1703166300,290
1703167200,355
1703168100,295
1703169000,291
1703169900,238
1703170800,319
1703171700,309
1703172600,347
1703173500,294
1703174400,361
1703175300,361
1703176200,352
1703177100,372
1703178000,466
1703178900,730
1703179800,1133
1703180700,620
1703181600,671
1703182500,607
1703183400,493
1703184300,503
1703185200,417
1703186100,383
1703187000,351
1703187900,371
1703188800,388
1703189700,380
1703190600,328
1703191500,321
1703192400,310
1703193300,307
1703194200,233
1703195100,217
1703196000,214
1703196900,162
1703197800,142
1703198700,202
1703199600,218
1703200500,191
1703201400,160
1703202300,158
1703203200,151
1703204100,139
1703205000,132
1703205900,144
1703206800,132
1703207700,143
1703208600,133
1703209500,141
1703210400,206
1703211300,188
1703212200,172
1703213100,130
1703214000,160
1703214900,155
1703215800,138
1703216700,159
1703217600,156
1703218500,193
1703219400,208
1703220300,169
1703221200,162
1703222100,147
1703223000,164
1703223900,238
1703224800,439
1703225700,315
1703226600,312
1703227500,282
1703228400,345
1703229300,300
1703230200,364
1703231100,395
1703232000,402
1703232900,309
1703233800,316
1703234700,360
1703235600,315
1703236500,387
1703237400,491
1703238300,393
1703239200,483
1703240100,523
1703241000,721
1703241900,465
1703242800,466
1703243700,437
1703244600,418
1703245500,298
1703246400,267
1703247300,217
1703248200,264
1703249100,340
1703250000,320
1703250900,394
1703251800,384
1703252700,502
1703253600,258
1703254500,210
1703255400,284
1703256300,279
1703257200,362
1703258100,458
1703259000,920
1703259900,552
1703260800,498
1703261700,668
1703262600,773
1703263500,462
1703264400,448
1703265300,879
1703266200,557
1703267100,501
1703268000,501
1703268900,826
1703269800,986
1703270700,644
1703271600,505
1703272500,463
1703273400,554
1703274300,447
1703275200,477
1703276100,388
1703277000,404
1703277900,467
1703278800,400
1703279700,346
1703280600,257
1703281500,243
1703282400,245
1703283300,224
1703284200,260
1703285100,204
1703286000,156
1703286900,150
1703287800,153
1703288700,150
1703289600,159
1703290500,137
1703291400,130
1703292300,139
1703293200,140
1703294100,146
1703295000,159
1703295900,148
1703296800,204
1703297700,196
1703298600,143
1703299500,131
1703300400,157
1703301300,154
1703302200,166
1703303100,163
1703304000,161
1703304900,209
1703305800,206
1703306700,159
1703307600,145
1703308500,240
1703309400,241
1703310300,214
1703311200,248
1703312100,259
1703313000,244
1703313900,198
1703314800,153
1703315700,161
1703316600,192
1703317500,297
1703318400,1029
1703319300,909
1703320200,907
1703321100,699
1703322000,674
1703322900,608
1703323800,513
1703324700,543
1703325600,554
1703326500,1161
1703327400,876
1703328300,1285
1703329200,969
1703330100,784
1703331000,707
1703331900,610
1703332800,244
1703333700,226
1703334600,243
1703335500,705
1703336400,661
1703337300,256
1703338200,215
1703339100,155
1703340000,158
1703340900,600
1703341800,716
1703342700,695
1703343600,714
1703344500,505
1703345400,373
1703346300,423
1703347200,351
1703348100,316
1703349000,286
1703349900,421
1703350800,336
1703351700,336
1703352600,321
1703353500,352
1703354400,349
1703355300,337
1703356200,326
1703357100,314
1703358000,334
1703358900,320
1703359800,364
1703360700,384
1703361600,400
1703362500,433
1703363400,537
1703364300,506
1703365200,521
1703366100,363
1703367000,345
1703367900,382
1703368800,318
1703369700,214
1703370600,155
1703371500,176
1703372400,176
1703373300,175
1703374200,159
1703375100,165
1703376000,167
1703376900,154
1703377800,186
1703378700,187
1703379600,172
1703380500,132
1703381400,127
1703382300,137
1703383200,139
1703384100,152
1703385000,159
1703385900,136
1703386800,134
1703387700,148
1703388600,161
1703389500,149
1703390400,189
1703391300,212
1703392200,187
1703393100,162
1703394000,153
1703394900,162
1703395800,141
1703396700,160
1703397600,156
1703398500,191
1703399400,196
1703400300,221
1703401200,196
1703402100,258
1703403000,221
1703403900,687
1703404800,325
1703405700,287
1703406600,498
1703407500,766
1703408400,566
1703409300,455
1703410200,346
1703411100,526
1703412000,284
1703412900,317
1703413800,489
1703414700,371
1703415600,382
1703416500,353
1703417400,347
1703418300,275
1703419200,263
1703420100,347
1703421000,275
1703421900,279
1703422800,330
1703423700,330
1703424600,228
1703425500,282
1703426400,288
1703427300,221
1703428200,207
1703429100,249
1703430000,267
1703430900,257
1703431800,253
1703432700,284
1703433600,329
1703434500,350
1703435400,1109
1703436300,450
1703437200,199
1703438100,203
1703439000,237
1703439900,324
1703440800,324
1703441700,301
1703442600,277
1703443500,249
1703444400,263
1703445300,252
1703446200,264
1703447100,293
1703448000,280
1703448900,260
1703449800,331
1703450700,332
1703451600,315
1703452500,314
1703453400,339
1703454300,336
1703455200,419
1703456100,252
1703457000,419
1703457900,309
1703458800,305
1703459700,295
1703460600,269
1703461500,269
1703462400,272
1703463300,198
1703464200,178
1703465100,138
1703466000,137
1703466900,128
1703467800,136
1703468700,126
1703469600,131
1703470500,146
1703471400,149
1703472300,148
1703473200,129
1703474100,135
1703475000,150
1703475900,207
1703476800,214
1703477700,181
1703478600,155
1703479500,137
1703480400,170
1703481300,156
1703482200,160
1703483100,154
1703484000,136
1703484900,164
1703485800,210
1703486700,196
1703487600,212
1703488500,226
1703489400,191
1703490300,262
1703491200,227
1703492100,258
1703493000,276
1703493900,435
1703494800,500
1703495700,1339
1703496600,757
1703497500,791
1703498400,612
1703499300,834
1703500200,1199
1703501100,469
1703502000,291
1703502900,330
1703503800,276
1703504700,306
1703505600,354
1703506500,327
1703507400,349
1703508300,321
1703509200,476
1703510100,524
1703511000,425
1703511900,477
1703512800,423
1703513700,360
1703514600,310
1703515500,329
1703516400,311
1703517300,322
1703518200,378
1703519100,384
1703520000,367
1703520900,903
1703521800,726
1703522700,735
1703523600,668
1703524500,652
1703525400,439
1703526300,524
1703527200,486
1703528100,484
1703529000,463
1703529900,481
1703530800,425
1703531700,459
1703532600,434
1703533500,482
1703534400,457
1703535300,394
1703536200,358
1703537100,377
1703538000,378
1703538900,382
1703539800,387
1703540700,387
1703541600,386
1703542500,314
1703543400,261
1703544300,236
1703545200,246
1703546100,200
1703547000,220
1703547900,205
1703548800,173
1703549700,202
1703550600,178
1703551500,151
1703552400,134
1703553300,138
1703554200,155
1703555100,138
1703556000,137
1703556900,135
1703557800,127
1703558700,144
1703559600,147
1703560500,140
1703561400,131
1703562300,158
1703563200,231
1703564100,205
1703565000,158
1703565900,168
1703566800,143
1703567700,157
1703568600,152
1703569500,159
1703570400,173
1703571300,215
1703572200,229
1703573100,183
1703574000,144
1703574900,178
1703575800,215
1703576700,316
1703577600,183
1703578500,210
1703579400,427
1703580300,438
1703581200,984
1703582100,372
1703583000,276
1703583900,735
1703584800,1317
1703585700,1191
1703586600,846
1703587500,382
1703588400,875
1703589300,479
1703590200,271
1703591100,300
1703592000,526
1703592900,296
1703593800,309
1703594700,335
1703595600,287
1703596500,280
1703597400,267
1703598300,292
1703599200,408
1703600100,309
1703601000,285
1703601900,322
1703602800,247
1703603700,263
1703604600,271
1703605500,268
1703606400,258
1703607300,330
1703608200,452
1703609100,487
1703610000,832
1703610900,477
1703611800,446
1703612700,450
1703613600,811
1703614500,1492
1703615400,529
1703616300,328
1703617200,374
1703618100,333
1703619000,422
1703619900,402
1703620800,482
1703621700,734
1703622600,646
1703623500,486
1703624400,486
1703625300,320
1703626200,291
1703627100,243
1703628000,250
1703628900,261
1703629800,271
1703630700,253
1703631600,213
1703632500,182
1703633400,173
1703634300,156
1703635200,142
1703636100,152
1703637000,165
1703637900,156
1703638800,159
1703639700,133
1703640600,137
1703641500,141
1703642400,131
1703643300,138
1703644200,148
1703645100,153
1703646000,160
1703646900,136
1703647800,191
1703648700,187
1703649600,182
1703650500,161
1703651400,150
1703652300,159
1703653200,155
1703654100,209
1703655000,209
1703655900,189
1703656800,157
1703657700,155
1703658600,155
1703659500,147
1703660400,168
1703661300,230
1703662200,204
1703663100,198
1703664000,173
1703664900,813
1703665800,404
1703666700,504
1703667600,280
1703668500,229
1703669400,555
1703670300,462
1703671200,266
1703672100,336
1703673000,439
1703673900,257
1703674800,378
1703675700,572
1703676600,338
1703677500,218
1703678400,234
1703679300,264
1703680200,350
1703681100,286
1703682000,305
1703682900,230
1703683800,219
1703684700,359
1703685600,228
1703686500,251
1703687400,240
1703688300,368
1703689200,294
1703690100,378
1703691000,415
1703691900,409
1703692800,422
1703693700,481
1703694600,680
1703695500,361
1703696400,383
1703697300,379
1703698200,381
1703699100,414
1703700000,551
1703700900,631
1703701800,904
1703702700,869
1703703600,553
1703704500,520
1703705400,424
1703706300,448
1703707200,405
1703708100,367
1703709000,368
1703709900,389
1703710800,445
1703711700,390
1703712600,350
1703713500,297
1703714400,214
1703715300,176
1703716200,165
1703717100,173
1703718000,165
1703718900,137
1703719800,161
1703720700,152
1703721600,152
1703722500,163
1703723400,208
1703724300,191
1703725200,166
1703726100,154
1703727000,165
1703727900,183
1703728800,146
1703729700,134
1703730600,144
1703731500,141
1703732400,137
1703733300,158
1703734200,141
1703735100,139
1703736000,153
1703736900,153
1703737800,155
1703738700,148
1703739600,162
1703740500,136
1703741400,218
1703742300,225
1703743200,178
1703744100,159
1703745000,156
1703745900,154
1703746800,161
1703747700,224
1703748600,360
1703749500,444
1703750400,295
1703751300,242
1703752200,634
1703753100,291
1703754000,694
1703754900,675
1703755800,721
1703756700,591
1703757600,192
1703758500,216
1703759400,210
1703760300,248
1703761200,809
1703762100,388
1703763000,185
1703763900,226
1703764800,223
1703765700,267
1703766600,292
1703767500,239
1703768400,574
1703769300,894
1703770200,742
1703771100,707
1703772000,492
1703772900,432
1703773800,449
1703774700,381
1703775600,386
1703776500,490
1703777400,510
1703778300,751
1703779200,370
1703780100,324
1703781000,367
1703781900,766
1703782800,699
1703783700,549
1703784600,387
1703785500,306
1703786400,229
1703787300,253
1703788200,196
1703789100,175
1703790000,231
1703790900,271
1703791800,628
1703792700,662
1703793600,336
1703794500,313
1703795400,331
1703796300,322
1703797200,260
1703798100,238
1703799000,224
1703799900,443
1703800800,220
1703801700,234
1703802600,270
1703803500,191
1703804400,206
1703805300,221
1703806200,183
1703807100,150
1703808000,161
1703808900,161
1703809800,158
1703810700,164
1703811600,163
1703812500,156
1703813400,129
1703814300,130
1703815200,142
1703816100,139
1703817000,211
1703817900,196
1703818800,168
1703819700,132
1703820600,145
1703821500,143
1703822400,131
1703823300,165
1703824200,144
1703825100,148
1703826000,170
1703826900,172
1703827800,199
1703828700,207
1703829600,212
1703830500,153
1703831400,163
1703832300,223
1703833200,215
1703834100,190
1703835000,143
1703835900,156
1703836800,196
1703837700,202
1703838600,202
1703839500,195
1703840400,314
1703841300,951
1703842200,306
1703843100,312
1703844000,224
1703844900,224
1703845800,211
1703846700,189
1703847600,235
1703848500,323
1703849400,231
1703850300,245
1703851200,208
1703852100,248
1703853000,315
1703853900,494
1703854800,398
1703855700,384
1703856600,638
1703857500,595
1703858400,410
1703859300,347
1703860200,410
1703861100,385
1703862000,510
1703862900,479
1703863800,482
1703864700,535
1703865600,701
1703866500,538
1703867400,763
1703868300,620
1703869200,821
1703870100,732
1703871000,308
1703871900,611
1703872800,271
1703873700,380
1703874600,396
1703875500,706
1703876400,896
1703877300,524
1703878200,487
1703879100,504
1703880000,591
1703880900,452
1703881800,413
1703882700,364
1703883600,331
1703884500,319
1703885400,334
1703886300,322
1703887200,339
1703888100,279
1703889000,213
1703889900,245
1703890800,193
1703891700,214
1703892600,166
1703893500,134
1703894400,159
1703895300,151
1703896200,155
1703897100,167
1703898000,134
1703898900,170
1703899800,162
1703900700,144
1703901600,136
1703902500,154
1703903400,134
1703904300,132
1703905200,142
1703906100,131
1703907000,152
1703907900,187
1703908800,206
1703909700,202
1703910600,175
1703911500,156
1703912400,140
1703913300,611
1703914200,428
1703915100,206
1703916000,242
1703916900,223
1703917800,329
1703918700,695
1703919600,260
1703920500,185
1703921400,191
1703922300,169
1703923200,210
1703924100,273
1703925000,338
1703925900,229
1703926800,263
1703927700,275
1703928600,291
1703929500,319
1703930400,233
1703931300,256
1703932200,248
1703933100,266
1703934000,653
1703934900,570
1703935800,370
1703936700,204
1703937600,202
1703938500,206
1703939400,363
1703940300,390
1703941200,366
1703942100,312
1703943000,282
1703943900,343
1703944800,570
1703945700,759
1703946600,452
1703947500,479
1703948400,513
1703949300,686
1703950200,766
1703951100,668
1703952000,484
1703952900,497
1703953800,381
1703954700,355
1703955600,357
1703956500,804
1703957400,339
1703958300,314
1703959200,351
1703960100,361
1703961000,362
1703961900,393
1703962800,555
1703963700,425
1703964600,394
1703965500,345
1703966400,497
1703967300,389
1703968200,346
1703969100,325
1703970000,309
1703970900,314
1703971800,283
1703972700,167
1703973600,167
1703974500,165
1703975400,146
1703976300,149
1703977200,159
1703978100,146
1703979000,148
1703979900,147
1703980800,156
1703981700,152
1703982600,148
1703983500,155
1703984400,160
1703985300,206
1703986200,190
1703987100,158
1703988000,143
1703988900,134
1703989800,162
1703990700,137
1703991600,132
1703992500,134
1703993400,128
1703994300,157
1703995200,157
1703996100,212
1703997000,191
1703997900,160
1703998800,179
1703999700,157
1704000600,154
1704001500,151
1704002400,157
1704003300,145
1704004200,191
1704005100,230
1704006000,217
1704006900,169
1704007800,150
1704008700,167
1704009600,225
1704010500,637
1704011400,626
1704012300,307
1704013200,239
1704014100,288
1704015000,702
1704015900,846
1704016800,759
1704017700,822
1704018600,956
1704019500,1000
1704020400,777
1704021300,385
1704022200,729
1704023100,291
1704024000,320
1704024900,439
1704025800,908
1704026700,911
1704027600,736
1704028500,335
1704029400,184
1704030300,187
1704031200,272
1704032100,252
1704033000,337
1704033900,472
1704034800,486
1704035700,808
1704036600,496
1704037500,507
1704038400,423
1704039300,401
1704040200,707
1704041100,740
1704042000,421
1704042900,393
1704043800,458
1704044700,444
1704045600,322
1704046500,262
1704047400,534
1704048300,647
1704049200,432
1704050100,290
1704051000,302
1704051900,336
1704052800,270
1704053700,194
1704054600,210
1704055500,209
1704056400,237
1704057300,217
1704058200,221
1704059100,281
1704060000,271
1704060900,319
1704061800,298
1704062700,343
1704063600,265
1704064500,464
1704065400,441
1704066300,282
1704067200,281
1704068100,324
1704069000,302
1704069900,302
1704070800,274
1704071700,282
1704072600,185
1704073500,153
1704074400,136
1704075300,195
1704076200,201
1704077100,148
1704078000,138
1704078900,132
1704079800,132
1704080700,148
1704081600,165
1704082500,139
1704083400,133
1704084300,147
1704085200,175
1704086100,159
1704087000,177
1704087900,210
1704088800,187
1704089700,179
1704090600,161
1704091500,154
1704092400,163
1704093300,198
1704094200,219
1704095100,190
1704096000,169
1704096900,152
1704097800,156
1704098700,146
1704099600,283
1704100500,288
1704101400,396
1704102300,754
1704103200,432
1704104100,299
1704105000,228
1704105900,206
1704106800,245
1704107700,271
1704108600,237
1704109500,237
1704110400,264
1704111300,250
1704112200,205
1704113100,200
1704114000,248
1704114900,243
1704115800,232
1704116700,205
1704117600,203
1704118500,331
1704119400,410
1704120300,371
1704121200,296
1704122100,345
1704123000,692
1704123900,590
1704124800,771
1704125700,961
1704126600,597
1704127500,601
1704128400,446
1704129300,526
1704130200,336
1704131100,348
1704132000,405
1704132900,374
1704133800,511
1704134700,441
1704135600,380
1704136500,331
1704137400,314
1704138300,421
1704139200,431
1704140100,397
1704141000,358
1704141900,422
1704142800,406
1704143700,406
1704144600,395
1704145500,418
1704146400,450
1704147300,399
1704148200,418
1704149100,379
1704150000,416
1704150900,377
1704151800,194
1704152700,166
1704153600,163
1704154500,132
1704155400,166
1704156300,155
1704157200,159
1704158100,158
1704159000,148
1704159900,166
1704160800,161
1704161700,140
1704162600,139
1704163500,134
1704164400,142
1704165300,164
1704166200,211
1704167100,193
1704168000,157
1704168900,153
1704169800,132
1704170700,154
1704171600,159
1704172500,147
1704173400,150
1704174300,164
1704175200,223
1704176100,195
1704177000,208
1704177900,179
1704178800,156
1704179700,146
1704180600,168
1704181500,263
1704182400,232
1704183300,228
1704184200,239
1704185100,190
1704186000,754
1704186900,446
1704187800,445
1704188700,773
1704189600,668
1704190500,492
1704191400,887
1704192300,487
1704193200,419
1704194100,312
1704195000,445
1704195900,740
1704196800,306
1704197700,328
1704198600,353
1704199500,302
1704200400,299
1704201300,280
1704202200,340
1704203100,375
1704204000,382
1704204900,445
1704205800,407
1704206700,480
1704207600,375
1704208500,380
1704209400,878
1704210300,830
1704211200,555
1704212100,383
1704213000,353
1704213900,1117
1704214800,712
1704215700,1119
1704216600,514
1704217500,391
1704218400,435
1704219300,489
1704220200,463
1704221100,492
1704222000,882
1704222900,424
1704223800,458
1704224700,440
1704225600,740
1704226500,871
1704227400,437
1704228300,462
1704229200,395
1704230100,334
1704231000,380
1704231900,322
1704232800,281
1704233700,235
1704234600,255
1704235500,251
1704236400,247
1704237300,229
1704238200,256
1704239100,176
1704240000,174
1704240900,163
1704241800,192
1704242700,201
1704243600,193
1704244500,161
1704245400,155
1704246300,160
1704247200,155
1704248100,167
1704249000,145
1704249900,138
1704250800,133
1704251700,151
1704252600,148
1704253500,188
1704254400,172
1704255300,163
1704256200,169
1704257100,147
1704258000,141
1704258900,171
1704259800,162
1704260700,163
1704261600,169
1704262500,163
1704263400,162
1704264300,168
1704265200,166
1704266100,169
1704267000,171
1704267900,251
1704268800,336
1704269700,639
1704270600,224
1704271500,321
1704272400,327
1704273300,351
1704274200,316
1704275100,303
1704276000,412
1704276900,457
1704277800,725
1704278700,753
1704279600,512
1704280500,532
1704281400,231
1704282300,247
1704283200,227
1704284100,277
1704285000,319
1704285900,290
1704286800,269
1704287700,244
1704288600,227
1704289500,350
1704290400,342
1704291300,309
1704292200,407
1704293100,367
1704294000,358
1704294900,445
1704295800,398
1704296700,422
1704297600,491
1704298500,832
1704299400,437
1704300300,557
1704301200,509
1704302100,452
1704303000,486
1704303900,496
1704304800,545
1704305700,469
1704306600,560
1704307500,417
1704308400,392
1704309300,453
1704310200,420
1704311100,367
1704312000,447
1704312900,982
1704313800,467
1704314700,455
1704315600,432
1704316500,421
1704317400,446
1704318300,350
1704319200,305
1704320100,269
1704321000,235
1704321900,375
1704322800,278
1704323700,256
1704324600,270
1704325500,170
1704326400,189
1704327300,151
1704328200,148
1704329100,164
1704330000,142
1704330900,170
1704331800,167
1704332700,158
1704333600,168
1704334500,143
1704335400,156
1704336300,145
1704337200,138
1704338100,144
1704339000,139
1704339900,152
1704340800,146
1704341700,145
1704342600,157
1704343500,137
1704344400,154
1704345300,244
1704346200,356
1704347100,288
1704348000,282
1704348900,300
1704349800,198
1704350700,180
1704351600,171
1704352500,274
1704353400,563
1704354300,346
1704355200,297
1704356100,348
1704357000,357
1704357900,291
1704358800,224
1704359700,266
1704360600,484
1704361500,538
1704362400,271
1704363300,452
1704364200,573
1704365100,710
1704366000,621
1704366900,314
1704367800,320
1704368700,620
1704369600,412
1704370500,560
1704371400,437
1704372300,530
1704373200,925
1704374100,627
1704375000,440
1704375900,487
1704376800,430
1704377700,436
1704378600,393
1704379500,376
1704380400,378
1704381300,375
1704382200,417
1704383100,476
1704384000,474
1704384900,473
1704385800,458
1704386700,503
1704387600,626
1704388500,490
1704389400,551
1704390300,556
1704391200,560
1704392100,510
1704393000,436
1704393900,826
1704394800,833
1704395700,486
1704396600,465
1704397500,460
1704398400,482
1704399300,463
1704400200,490
1704401100,464
1704402000,416
1704402900,366
1704403800,378
1704404700,386
1704405600,285
1704406500,287
1704407400,273
1704408300,210
1704409200,182
1704410100,163
1704411000,156
1704411900,134
1704412800,169
1704413700,161
1704414600,157
1704415500,160
1704416400,202
1704417300,203
1704418200,203
1704419100,188
1704420000,217
1704420900,171
1704421800,154
1704422700,130
1704423600,134
1704424500,140
1704425400,153
1704426300,146
1704427200,135
1704428100,132
1704429000,140
1704429900,147
1704430800,188
1704431700,306
1704432600,242
1704433500,218
1704434400,227
1704435300,233
1704436200,233
1704437100,217
1704438000,242
1704438900,242
1704439800,235
1704440700,391
1704441600,277
1704442500,218
1704443400,322
1704444300,897
1704445200,826
1704446100,367
1704447000,970
1704447900,525
1704448800,390
1704449700,496
1704450600,550
1704451500,435
1704452400,422
1704453300,432
1704454200,1182
1704455100,995
1704456000,729
1704456900,629
1704457800,481
1704458700,427
1704459600,489
1704460500,455
1704461400,373
1704462300,295
1704463200,254
1704464100,264
1704465000,253
1704465900,405
1704466800,301
1704467700,346
1704468600,361
1704469500,378
1704470400,558
1704471300,533
1704472200,429
1704473100,501
1704474000,476
1704474900,522
1704475800,551
1704476700,548
1704477600,880
1704478500,883
1704479400,617
1704480300,549
1704481200,761
1704482100,708
1704483000,542
1704483900,486
1704484800,510
1704485700,946
1704486600,541
1704487500,456
1704488400,425
1704489300,554
1704490200,600
1704491100,504
1704492000,471
1704492900,396
1704493800,332
1704494700,277
1704495600,279
1704496500,338
1704497400,214
1704498300,268
1704499200,259
1704500100,245
1704501000,230
1704501900,237
1704502800,186
1704503700,185
1704504600,197
1704505500,187
1704506400,199
1704507300,171
1704508200,196
1704509100,195
1704510000,221
1704510900,224
1704511800,211
1704512700,220
1704513600,214
1704514500,183
1704515400,188
1704516300,176
1704517200,192
1704518100,174
1704519000,187
1704519900,239
1704520800,249
1704521700,251
1704522600,243
1704523500,254
1704524400,222
1704525300,248
1704526200,316
1704527100,273
1704528000,295
1704528900,301
1704529800,606
1704530700,650
1704531600,400
1704532500,314
1704533400,344
1704534300,447
1704535200,427
1704536100,1007
1704537000,372
1704537900,958
1704538800,866
1704539700,464
1704540600,596
1704541500,734
1704542400,418
1704543300,355
1704544200,595
1704545100,1344
1704546000,1153
1704546900,789
1704547800,634
1704548700,384
1704549600,246
1704550500,266
1704551400,332
1704552300,355
1704553200,259
1704554100,276
1704555000,398
1704555900,408
1704556800,355
1704557700,436
1704558600,428
1704559500,439
1704560400,869
1704561300,473
1704562200,483
1704563100,405
1704564000,405
1704564900,499
1704565800,500
1704566700,501
1704567600,482
1704568500,443
1704569400,444
1704570300,310
1704571200,367
1704572100,391
1704573000,346
1704573900,355
1704574800,330
1704575700,215
1704576600,206
1704577500,186
1704578400,216
1704579300,166
1704580200,152
1704581100,145
1704582000,166
1704582900,141
1704583800,146
1704584700,171
1704585600,205
1704586500,209
1704587400,190
1704588300,201
1704589200,187
1704590100,135
1704591000,165
1704591900,165
1704592800,168
1704593700,153
1704594600,132
1704595500,159
1704596400,151
1704597300,147
1704598200,153
1704599100,140
1704600000,190
1704600900,178
1704601800,187
1704602700,179
1704603600,251
1704604500,328
1704605400,192
1704606300,182
1704607200,186
1704608100,259
1704609000,226
1704609900,239
1704610800,234
1704611700,235
1704612600,213
1704613500,187
1704614400,476
1704615300,349
1704616200,324
1704617100,392
1704618000,302
1704618900,265
1704619800,303
1704620700,289
1704621600,281
1704622500,259
1704623400,365
1704624300,264
1704625200,253
1704626100,347
1704627000,264
1704627900,288
1704628800,267
1704629700,267
1704630600,292
1704631500,274
1704632400,392
1704633300,206
1704634200,192
1704635100,264
1704636000,261
1704636900,201
1704637800,203
1704638700,213
1704639600,221
1704640500,252
1704641400,380
1704642300,289
1704643200,306
1704644100,295
1704645000,426
1704645900,726
1704646800,505
1704647700,380
1704648600,569
1704649500,741
1704650400,475
1704651300,417
1704652200,458
1704653100,376
1704654000,428
1704654900,461
1704655800,563
1704656700,628
1704657600,878
1704658500,452
1704659400,489
1704660300,441
1704661200,392
1704662100,299
1704663000,265
1704663900,295
1704664800,196
1704665700,137
1704666600,164
1704667500,141
1704668400,144
1704669300,132
1704670200,145
1704671100,139
1704672000,150
1704672900,212
1704673800,201
1704674700,209
1704675600,199
1704676500,199
1704677400,195
1704678300,198
1704679200,181
1704680100,145
1704681000,159
1704681900,161
1704682800,163
1704683700,152
1704684600,152
1704685500,217
1704686400,212
1704687300,189
1704688200,218
1704689100,202
1704690000,261
1704690900,332
1704691800,196
1704692700,188
1704693600,176
1704694500,171
1704695400,169
1704696300,220
1704697200,163
1704698100,196
1704699000,244
1704699900,243
1704700800,258
1704701700,197
1704702600,201
1704703500,170
1704704400,175
1704705300,179
1704706200,166
1704707100,178
1704708000,159
1704708900,364
1704709800,383
1704710700,432
1704711600,314
1704712500,309
1704713400,306
1704714300,232
1704715200,219
1704716100,219
1704717000,247
1704717900,421
1704718800,260
1704719700,211
1704720600,161
1704721500,146
1704722400,154
1704723300,139
1704724200,147
1704725100,157
1704726000,172
1704726900,231
1704727800,278
1704728700,338
1704729600,404
1704730500,354
1704731400,375
1704732300,406
1704733200,376
1704734100,346
1704735000,341
1704735900,419
1704736800,316
1704737700,403
1704738600,361
1704739500,421
1704740400,388
1704741300,413
1704742200,378
1704743100,419
1704744000,389
1704744900,374
1704745800,342
1704746700,320
1704747600,302
1704748500,294
1704749400,293
1704750300,314
1704751200,438
1704752100,310
1704753000,267
1704753900,314
1704754800,341
1704755700,227
1704756600,158
1704757500,159
1704758400,170
1704759300,147
1704760200,155
1704761100,159
1704762000,153
1704762900,145
1704763800,158
1704764700,199
1704765600,208
1704766500,168
1704767400,151
1704768300,140
1704769200,163
1704770100,147
1704771000,154
1704771900,158
1704772800,166
1704773700,217
1704774600,209
1704775500,209
1704776400,157
1704777300,154
1704778200,166
1704779100,157
1704780000,167
1704780900,198
1704781800,222
1704782700,202
1704783600,193
1704784500,474
1704785400,220
1704786300,199
1704787200,298
1704788100,455
1704789000,695
1704789900,347
1704790800,422
1704791700,769
1704792600,688
1704793500,781
1704794400,318
1704795300,244
1704796200,277
1704797100,314
1704798000,495
1704798900,827
1704799800,882
1704800700,767
1704801600,665
1704802500,942
1704803400,474
1704804300,291
1704805200,500
1704806100,816
1704807000,480
1704807900,489
1704808800,445
1704809700,789
1704810600,818
1704811500,494
1704812400,423
1704813300,470
1704814200,571
1704815100,532
1704816000,579
1704816900,574
1704817800,582
1704818700,592
1704819600,668
1704820500,631
1704821400,622
1704822300,1103
1704823200,744
1704824100,544
1704825000,565
1704825900,624
1704826800,546
1704827700,520
1704828600,611
1704829500,601
1704830400,568
1704831300,479
1704832200,499
1704833100,502
1704834000,467
1704834900,524
1704835800,513
1704836700,461
1704837600,395
1704838500,346
1704839400,325
1704840300,244
1704841200,216
1704842100,199
1704843000,177
1704843900,161
1704844800,156
1704845700,163
1704846600,154
1704847500,151
1704848400,169
1704849300,215
1704850200,216
1704851100,184
1704852000,193
1704852900,154
1704853800,157
1704854700,173
1704855600,153
1704856500,163
1704857400,151
1704858300,133
1704859200,155
1704860100,143
1704861000,189
1704861900,202
1704862800,191
1704863700,198
1704864600,190
1704865500,209
1704866400,145
1704867300,186
1704868200,225
1704869100,203
1704870000,222
1704870900,205
1704871800,202
1704872700,581
1704873600,339
1704874500,294
1704875400,284
1704876300,378
1704877200,306
1704878100,776
1704879000,1081
1704879900,1373
1704880800,858
1704881700,823
1704882600,1083
1704883500,762
1704884400,705
1704885300,693
1704886200,957
1704887100,583
1704888000,313
1704888900,349
1704889800,491
1704890700,935
1704891600,908
1704892500,738
1704893400,378
1704894300,339
1704895200,378
1704896100,324
1704897000,517
1704897900,407
1704898800,371
1704899700,438
1704900600,818
1704901500,873
1704902400,1178
1704903300,835
1704904200,500
1704905100,431
1704906000,398
1704906900,340
1704907800,324
1704908700,345
1704909600,402
1704910500,483
1704911400,520
1704912300,466
1704913200,478
1704914100,499
1704915000,529
1704915900,510
1704916800,557
1704917700,449
1704918600,457
1704919500,446
1704920400,370
1704921300,265
1704922200,245
1704923100,270
1704924000,237
1704924900,226
1704925800,160
1704926700,175
1704927600,188
1704928500,201
1704929400,214
1704930300,208
1704931200,156
1704932100,152
1704933000,154
1704933900,165
1704934800,159
1704935700,165
1704936600,154
1704937500,161
1704938400,144
1704939300,160
1704940200,181
1704941100,221
1704942000,220
1704942900,201
1704943800,200
1704944700,182
1704945600,145
1704946500,150
1704947400,135
1704948300,153
1704949200,225
1704950100,327
1704951000,238
1704951900,224
1704952800,216
1704953700,165
1704954600,184
1704955500,229
1704956400,207
1704957300,180
1704958200,195
1704959100,283
1704960000,466
1704960900,413
1704961800,416
1704962700,311
1704963600,223
1704964500,169
1704965400,166
1704966300,157
1704967200,199
1704968100,213
1704969000,226
1704969900,177
1704970800,143
1704971700,157
1704972600,153
1704973500,172
1704974400,195
1704975300,187
1704976200,163
1704977100,164
1704978000,159
1704978900,181
1704979800,220
1704980700,261
1704981600,260
1704982500,228
1704983400,221
1704984300,257
1704985200,248
1704986100,334
1704987000,562
1704987900,469
1704988800,358
1704989700,405
1704990600,605
1704991500,399
1704992400,484
1704993300,613
1704994200,498
1704995100,433
1704996000,402
1704996900,308
1704997800,335
1704998700,420
1704999600,385
1705000500,427
1705001400,396
1705002300,338
1705003200,346
1705004100,350
1705005000,361
1705005900,352
1705006800,288
1705007700,255
1705008600,281
1705009500,299
1705010400,244
1705011300,162
1705012200,153
1705013100,148
1705014000,151
1705014900,145
1705015800,161
1705016700,151
1705017600,164
1705018500,188
1705019400,211
1705020300,218
1705021200,191
1705022100,199
1705023000,151
1705023900,155
1705024800,149
1705025700,167
1705026600,171
1705027500,148
1705028400,143
1705029300,159
1705030200,184
1705031100,219
1705032000,208
1705032900,212
1705033800,203
1705034700,200
1705035600,214
1705036500,177
1705037400,242
1705038300,161
1705039200,237
1705040100,226
1705041000,212
1705041900,290
1705042800,711
1705043700,214
1705044600,270
1705045500,209
1705046400,224
1705047300,212
1705048200,287
1705049100,200
1705050000,651
1705050900,923
1705051800,694
1705052700,377
1705053600,357
1705054500,347
1705055400,355
1705056300,314
1705057200,296
1705058100,466
1705059000,962
1705059900,786
1705060800,728
1705061700,310
1705062600,273
1705063500,256
1705064400,257
1705065300,263
1705066200,239
1705067100,244
1705068000,491
1705068900,216
1705069800,197
1705070700,215
1705071600,220
1705072500,268
1705073400,485
1705074300,482
1705075200,946
1705076100,808
1705077000,512
1705077900,402
1705078800,748
1705079700,577
1705080600,453
1705081500,456
1705082400,660
1705083300,963
1705084200,401
1705085100,409
1705086000,544
1705086900,625
1705087800,486
1705088700,419
1705089600,742
1705090500,634
1705091400,392
1705092300,403
1705093200,386
1705094100,837
1705095000,538
1705095900,152
1705096800,181
1705097700,144
1705098600,141
1705099500,207
1705100400,209
1705101300,206
1705102200,207
1705103100,184
1705104000,156
1705104900,153
1705105800,160
1705106700,144
1705107600,162
1705108500,157
1705109400,150
1705110300,163
1705111200,214
1705112100,235
1705113000,176
1705113900,141
1705114800,156
1705115700,176
1705116600,155
1705117500,195
1705118400,217
1705119300,203
1705120200,197
1705121100,176
1705122000,204
1705122900,322
1705123800,225
1705124700,220
1705125600,237
1705126500,284
1705127400,219
1705128300,271
1705129200,179
1705130100,163
1705131000,204
1705131900,223
1705132800,227
1705133700,192
1705134600,202
1705135500,461
1705136400,289
1705137300,235
1705138200,452
1705139100,325
1705140000,311
1705140900,194
1705141800,167
1705142700,187
1705143600,202
1705144500,177
1705145400,162
1705146300,196
1705147200,214
1705148100,203
1705149000,166
1705149900,158
1705150800,158
1705151700,136
1705152600,179
1705153500,280
1705154400,258
1705155300,194
1705156200,171
1705157100,222
1705158000,213
1705158900,220
1705159800,227
1705160700,279
1705161600,402
1705162500,635
1705163400,639
1705164300,590
1705165200,436
1705166100,407
1705167000,451
1705167900,428
1705168800,590
1705169700,647
1705170600,469
1705171500,457
1705172400,512
1705173300,393
1705174200,452
1705175100,517
1705176000,466
1705176900,438
1705177800,414
1705178700,369
1705179600,276
1705180500,196
1705181400,161
1705182300,136
1705183200,142
1705184100,138
1705185000,146
1705185900,155
1705186800,152
1705187700,198
1705188600,188
1705189500,212
1705190400,187
1705191300,141
1705192200,153
1705193100,164
1705194000,155
1705194900,154
1705195800,168
1705196700,160
1705197600,151
1705198500,157
1705199400,189
1705200300,223
1705201200,203
1705202100,196
1705203000,164
1705203900,154
1705204800,163
1705205700,142
1705206600,165
1705207500,195
1705208400,214
1705209300,344
1705210200,230
1705211100,223
1705212000,262
1705212900,206
1705213800,214
1705214700,214
1705215600,215
1705216500,204
1705217400,218
1705218300,190
1705219200,182
1705220100,217
1705221000,424
1705221900,385
1705222800,300
1705223700,239
1705224600,203
1705225500,333
1705226400,177
1705227300,230
1705228200,253
1705229100,220
1705230000,170
1705230900,180
1705231800,398
1705232700,337
1705233600,211
1705234500,233
1705235400,242
1705236300,217
1705237200,231
1705238100,370
1705239000,454
1705239900,322
1705240800,276
1705241700,240
1705242600,269
1705243500,312
1705244400,286
1705245300,281
1705246200,232
1705247100,299
1705248000,288
1705248900,395
1705249800,625
1705250700,504
1705251600,547
1705252500,484
1705253400,464
1705254300,467
1705255200,446
1705256100,339
1705257000,299
1705257900,377
1705258800,502
1705259700,391
1705260600,403
1705261500,458
1705262400,394
1705263300,337
1705264200,380
1705265100,369
1705266000,335
1705266900,249
1705267800,185
1705268700,214
1705269600,229
1705270500,169
1705271400,142
1705272300,165
1705273200,161
1705274100,220
1705275000,218
1705275900,198
1705276800,195
1705277700,141
1705278600,141
1705279500,139
1705280400,149
1705281300,145
1705282200,153
1705283100,156
1705284000,163
1705284900,202
1705285800,202
1705286700,198
1705287600,177
1705288500,166
1705289400,199
1705290300,213
1705291200,201
1705292100,164
1705293000,152
1705293900,167
1705294800,212
1705295700,297
1705296600,204
1705297500,321
1705298400,358
1705299300,276
1705300200,340
1705301100,289
1705302000,258
1705302900,191
1705303800,175
1705304700,210
1705305600,277
1705306500,269
1705307400,257
1705308300,261
1705309200,240
1705310100,207
1705311000,215
1705311900,257
1705312800,252
1705313700,492
1705314600,465
1705315500,968
1705316400,952
1705317300,881
1705318200,325
1705319100,541
1705320000,279
1705320900,275
1705321800,294
1705322700,612
1705323600,519
1705324500,370
1705325400,425
1705326300,353
1705327200,440
1705328100,297
1705329000,318
1705329900,350
1705330800,400
1705331700,883
1705332600,566
1705333500,906
1705334400,678
1705335300,977
1705336200,877
1705337100,481
1705338000,645
1705338900,833
1705339800,1227
1705340700,1122
1705341600,994
1705342500,742
1705343400,470
1705344300,471
1705345200,476
1705346100,521
1705347000,440
1705347900,444
1705348800,475
1705349700,443
1705350600,542
1705351500,476
1705352400,451
1705353300,444
1705354200,436
1705355100,388
1705356000,327
1705356900,280
1705357800,260
1705358700,176
1705359600,160
1705360500,183
1705361400,223
1705362300,191
1705363200,167
1705364100,159
1705365000,156
1705365900,157
1705366800,165
1705367700,144
1705368600,151
1705369500,166
1705370400,147
1705371300,143
1705372200,188
1705373100,186
1705374000,190
1705374900,149
1705375800,142
1705376700,145
1705377600,156
1705378500,152
1705379400,135
1705380300,160
1705381200,164
1705382100,192
1705383000,214
1705383900,221
1705384800,197
1705385700,202
1705386600,169
1705387500,157
1705388400,149
1705389300,292
1705390200,254
1705391100,283
1705392000,251
1705392900,663
1705393800,279
1705394700,697
1705395600,537
1705396500,448
1705397400,463
1705398300,959
1705399200,702
1705400100,756
1705401000,661
1705401900,763
1705402800,687
1705403700,506
1705404600,354
1705405500,658
1705406400,670
1705407300,494
1705408200,573
1705409100,752
1705410000,750
1705410900,630
1705411800,636
1705412700,631
1705413600,873
1705414500,849
1705415400,637
1705416300,551
1705417200,413
1705418100,909
1705419000,993
1705419900,733
1705420800,758
1705421700,646
1705422600,610
1705423500,581
1705424400,482
1705425300,520
1705426200,729
1705427100,698
1705428000,487
1705428900,464
1705429800,449
1705430700,444
1705431600,480
1705432500,475
1705433400,426
1705434300,492
1705435200,458
1705436100,478
1705437000,399
1705437900,395
1705438800,396
1705439700,394
1705440600,342
1705441500,315
1705442400,277
1705443300,180
1705444200,174
1705445100,163
1705446000,173
1705446900,242
1705447800,216
1705448700,208
1705449600,183
1705450500,147
1705451400,159
1705452300,144
1705453200,180
1705454100,163
1705455000,209
1705455900,208
1705456800,138
1705457700,159
1705458600,138
1705459500,149
1705460400,143
1705461300,130
1705462200,138
1705463100,146
1705464000,194
1705464900,208
1705465800,159
1705466700,166
1705467600,141
1705468500,160
1705469400,149
1705470300,180
1705471200,206
1705472100,200
1705473000,203
1705473900,167
1705474800,218
1705475700,237
1705476600,186
1705477500,173
1705478400,335
1705479300,1037
1705480200,854
1705481100,284
1705482000,391
1705482900,488
1705483800,788
1705484700,811
1705485600,532
1705486500,469
1705487400,424
1705488300,453
1705489200,608
1705490100,1372
1705491000,1093
1705491900,490
1705492800,345
1705493700,286
1705494600,271
1705495500,281
1705496400,730
1705497300,272
1705498200,235
1705499100,766
1705500000,1126
1705500900,1439
1705501800,733
1705502700,387
1705503600,325
1705504500,350
1705505400,389
1705506300,432
1705507200,440
1705508100,454
1705509000,431
1705509900,778
1705510800,995
1705511700,788
1705512600,541
1705513500,510
1705514400,457
1705515300,419
1705516200,460
1705517100,490
1705518000,708
1705518900,501
1705519800,520
1705520700,558
1705521600,532
1705522500,449
1705523400,440
1705524300,400
1705525200,419
1705526100,297
1705527000,250
1705527900,201
1705528800,221
1705529700,192
1705530600,161
1705531500,178
1705532400,155
1705533300,171
1705534200,160
1705535100,162
1705536000,203
1705536900,191
1705537800,175
1705538700,160
1705539600,142
1705540500,218
1705541400,211
1705542300,173
1705543200,146
1705544100,155
1705545000,160
1705545900,132
1705546800,142
1705547700,140
1705548600,144
1705549500,158
1705550400,189
1705551300,187
1705552200,142
1705553100,151
1705554000,202
1705554900,312
1705555800,206
1705556700,275
1705557600,201
1705558500,198
1705559400,234
1705560300,212
1705561200,187
1705562100,171
1705563000,155
1705563900,158
1705564800,145
1705565700,179
1705566600,243
1705567500,147
1705568400,191
1705569300,223
1705570200,206
1705571100,190
1705572000,164
1705572900,182
1705573800,188
1705574700,182
1705575600,237
1705576500,389
1705577400,979
1705578300,451
1705579200,263
1705580100,172
1705581000,190
1705581900,546
1705582800,465
1705583700,272
1705584600,281
1705585500,423
1705586400,782
1705587300,365
1705588200,334
1705589100,217
1705590000,283
1705590900,321
1705591800,312
1705592700,460
1705593600,844
1705594500,531
1705595400,786
1705596300,721
1705597200,738
1705598100,922
1705599000,1052
1705599900,863
1705600800,924
1705601700,809
1705602600,930
1705603500,867
1705604400,791
1705605300,684
1705606200,698
1705607100,471
1705608000,495
1705608900,386
1705609800,389
1705610700,394
1705611600,394
1705612500,337
1705613400,282
1705614300,221
1705615200,217
1705616100,180
1705617000,171
1705617900,141
1705618800,155
1705619700,169
1705620600,156
1705621500,156
1705622400,152
1705623300,154
1705624200,156
1705625100,175
1705626000,233
1705626900,213
1705627800,154
1705628700,148
1705629600,160
1705630500,159
1705631400,161
1705632300,142
1705633200,146
1705634100,135
1705635000,143
1705635900,142
1705636800,158
1705637700,180
1705638600,184
1705639500,193
1705640400,197
1705641300,269
1705642200,315
1705643100,264
1705644000,235
1705644900,197
1705645800,205
1705646700,256
1705647600,549
1705648500,352
1705649400,166
1705650300,184
1705651200,179
1705652100,185
1705653000,193
1705653900,225
1705654800,227
1705655700,168
1705656600,264
1705657500,245
1705658400,218
1705659300,179
1705660200,167
1705661100,190
1705662000,179
1705662900,486
1705663800,307
1705664700,170
1705665600,163
1705666500,408
1705667400,375
1705668300,318
1705669200,323
1705670100,358
1705671000,288
1705671900,352
1705672800,414
1705673700,400
1705674600,291
1705675500,391
1705676400,279
1705677300,254
1705678200,263
1705679100,269
1705680000,339
1705680900,823
1705681800,1152
1705682700,691
1705683600,747
1705684500,877
1705685400,703
1705686300,657
1705687200,597
1705688100,577
1705689000,480
1705689900,517
1705690800,618
1705691700,533
1705692600,500
1705693500,563
1705694400,484
1705695300,436
1705696200,421
1705697100,408
1705698000,391
1705698900,333
1705699800,342
1705700700,343
1705701600,283
1705702500,177
1705703400,181
1705704300,175
1705705200,141
1705706100,232
1705707000,231
1705707900,210
1705708800,168
1705709700,154
1705710600,169
1705711500,176
1705712400,139
1705713300,163
1705714200,158
1705715100,156
1705716000,170
1705716900,164
1705717800,206
1705718700,212
1705719600,156
1705720500,142
1705721400,153
1705722300,151
1705723200,153
1705724100,138
1705725000,134
1705725900,146
1705726800,255
1705727700,354
1705728600,227
1705729500,193
1705730400,183
1705731300,180
1705732200,226
1705733100,286
1705734000,199
1705734900,209
1705735800,198
1705736700,179
1705737600,149
1705738500,166
1705739400,167
1705740300,180
1705741200,607
1705742100,185
1705743000,449
1705743900,472
1705744800,562
1705745700,767
1705746600,332
1705747500,326
1705748400,290
1705749300,243
1705750200,231
1705751100,227
1705752000,253
1705752900,288
1705753800,287
1705754700,259
1705755600,219
1705756500,201
1705757400,288
1705758300,257
1705759200,292
1705760100,265
1705761000,263
1705761900,255
1705762800,254
1705763700,309
1705764600,259
1705765500,239
1705766400,431
1705767300,1238
1705768200,605
1705769100,644
1705770000,916
1705770900,928
1705771800,706
1705772700,715
1705773600,708
1705774500,1286
1705775400,1015
1705776300,862
1705777200,824
1705778100,792
1705779000,721
1705779900,697
1705780800,564
1705781700,535
1705782600,463
1705783500,460
1705784400,472
1705785300,745
1705786200,802
1705787100,532
1705788000,296
1705788900,277
1705789800,249
1705790700,218
1705791600,201
1705792500,245
1705793400,173
1705794300,151
1705795200,161
1705796100,196
1705797000,218
1705797900,198
1705798800,162
1705799700,173
1705800600,145
1705801500,156
1705802400,162
1705803300,166
1705804200,163
1705805100,142
1705806000,219
1705806900,195
1705807800,174
1705808700,209
1705809600,185
1705810500,155
1705811400,140
1705812300,148
1705813200,234
1705814100,322
1705815000,215
1705815900,224
1705816800,843
1705817700,804
1705818600,684
1705819500,476
1705820400,197
1705821300,212
1705822200,357
1705823100,285
1705824000,237
1705824900,218
1705825800,180
1705826700,162
1705827600,159
1705828500,165
1705829400,210
1705830300,322
1705831200,225
1705832100,482
1705833000,395
1705833900,420
1705834800,374
1705835700,316
1705836600,301
1705837500,279
1705838400,297
1705839300,354
1705840200,444
1705841100,287
1705842000,270
1705842900,316
1705843800,310
1705844700,349
1705845600,429
1705846500,375
1705847400,339
1705848300,319
1705849200,339
1705850100,309
1705851000,319
1705851900,674
1705852800,487
1705853700,564
1705854600,452
1705855500,417
1705856400,466
1705857300,936
1705858200,724
1705859100,837
1705860000,975
1705860900,721
1705861800,436
1705862700,465
1705863600,507
1705864500,453
1705865400,460
1705866300,412
1705867200,394
1705868100,325
1705869000,364
1705869900,332
1705870800,285
1705871700,312
1705872600,214
1705873500,162
1705874400,177
1705875300,157
1705876200,159
1705877100,173
1705878000,165
1705878900,151
1705879800,159
1705880700,152
1705881600,165
1705882500,202
1705883400,220
1705884300,197
1705885200,155
1705886100,145
1705887000,154
1705887900,164
1705888800,172
1705889700,162
1705890600,169
1705891500,159
1705892400,158
1705893300,168
1705894200,186
1705895100,209
1705896000,153
1705896900,133
1705897800,141
1705898700,134
1705899600,203
1705900500,236
1705901400,288
1705902300,231
1705903200,246
1705904100,237
1705905000,223
1705905900,190
1705906800,259
1705907700,211
1705908600,279
1705909500,232
1705910400,186
1705911300,180
1705912200,169
1705913100,190
1705914000,212
1705914900,219
1705915800,248
1705916700,226
1705917600,185
1705918500,181
1705919400,181
1705920300,231
1705921200,343
1705922100,767
1705923000,602
1705923900,477
1705924800,527
1705925700,216
1705926600,659
1705927500,336
1705928400,324
1705929300,500
1705930200,300
1705931100,301
1705932000,383
1705932900,380
1705933800,334
1705934700,331
1705935600,385
1705936500,353
1705937400,380
1705938300,410
1705939200,369
1705940100,415
1705941000,497
1705941900,478
1705942800,405
1705943700,410
1705944600,428
1705945500,410
1705946400,315
1705947300,373
1705948200,382
1705949100,394
1705950000,354
1705950900,342
1705951800,323
1705952700,312
1705953600,317
1705954500,315
1705955400,308
1705956300,359
1705957200,354
1705958100,333
1705959000,258
1705959900,237
1705960800,268
1705961700,277
1705962600,211
1705963500,170
1705964400,144
1705965300,151
1705966200,156
1705967100,159
1705968000,222
1705968900,219
1705969800,177
1705970700,150
1705971600,147
1705972500,155
1705973400,163
1705974300,140
1705975200,170
1705976100,169
1705977000,154
1705977900,202
1705978800,209
1705979700,196
1705980600,141
1705981500,133
1705982400,156
1705983300,141
1705984200,143
1705985100,147
1705986000,139
1705986900,182
1705987800,201
1705988700,193
1705989600,195
1705990500,160
1705991400,184
1705992300,220
1705993200,269
1705994100,363
1705995000,302
1705995900,427
1705996800,381
1705997700,357
1705998600,441
1705999500,400
1706000400,428
1706001300,466
1706002200,446
1706003100,442
1706004000,429
1706004900,446
1706005800,450
1706006700,1189
1706007600,751
1706008500,448
1706009400,489
1706010300,468
1706011200,948
1706012100,760
1706013000,642
1706013900,723
1706014800,551
1706015700,858
1706016600,856
1706017500,658
1706018400,677
1706019300,586
1706020200,835
1706021100,475
1706022000,346
1706022900,436
1706023800,391
1706024700,684
1706025600,533
1706026500,441
1706027400,387
1706028300,400
1706029200,412
1706030100,426
1706031000,436
1706031900,794
1706032800,506
1706033700,567
1706034600,827
1706035500,972
1706036400,551
1706037300,559
1706038200,558
1706039100,789
1706040000,860
1706040900,408
1706041800,399
1706042700,431
1706043600,533
1706044500,368
1706045400,317
1706046300,318
1706047200,261
1706048100,212
1706049000,166
1706049900,150
1706050800,148
1706051700,144
1706052600,138
1706053500,175
1706054400,152
1706055300,164
1706056200,144
1706057100,198
1706058000,224
1706058900,202
1706059800,160
1706060700,155
1706061600,181
1706062500,150
1706063400,152
1706064300,163
1706065200,158
1706066100,162
1706067000,144
1706067900,203
1706068800,229
1706069700,181
1706070600,165
1706071500,157
1706072400,167
1706073300,166
1706074200,152
1706075100,239
1706076000,195
1706076900,198
1706077800,190
1706078700,140
1706079600,153
1706080500,146
1706081400,274
1706082300,759
1706083200,771
1706084100,323
1706085000,300
1706085900,532
1706086800,575
1706087700,443
1706088600,483
1706089500,418
1706090400,1172
1706091300,1414
1706092200,1517
1706093100,1056
1706094000,898
1706094900,467
1706095800,391
1706096700,428
1706097600,359
1706098500,382
1706099400,839
1706100300,472
1706101200,329
1706102100,318
1706103000,278
1706103900,538
1706104800,546
1706105700,534
1706106600,273
1706107500,317
1706108400,435
1706109300,368
1706110200,332
1706111100,424
1706112000,390
1706112900,411
1706113800,356
1706114700,374
1706115600,437
1706116500,466
1706117400,408
1706118300,353
1706119200,325
1706120100,314
1706121000,327
1706121900,317
1706122800,318
1706123700,342
1706124600,351
1706125500,370
1706126400,319
1706127300,274
1706128200,318
1706129100,326
1706130000,293
1706130900,196
1706131800,191
1706132700,229
1706133600,214
1706134500,181
1706135400,153
1706136300,155
1706137200,158
1706138100,165
1706139000,167
1706139900,194
1706140800,229
1706141700,218
1706142600,185
1706143500,175
1706144400,166
1706145300,188
1706146200,198
1706147100,179
1706148000,177
1706148900,246
1706149800,227
1706150700,180
1706151600,189
1706152500,193
1706153400,177
1706154300,195
1706155200,166
1706156100,226
1706157000,238
1706157900,180
1706158800,251
1706159700,316
1706160600,210
1706161500,195
1706162400,199
1706163300,271
1706164200,259
1706165100,277
1706166000,211
1706166900,215
1706167800,205
1706168700,250
1706169600,241
1706170500,232
1706171400,206
1706172300,183
1706173200,189
1706174100,194
1706175000,178
1706175900,170
1706176800,199
1706177700,214
1706178600,184
1706179500,168
1706180400,177
1706181300,166
1706182200,166
1706183100,143
1706184000,174
1706184900,246
1706185800,251
1706186700,245
1706187600,424
1706188500,302
1706189400,265
1706190300,220
1706191200,295
1706192100,268
1706193000,272
1706193900,236
1706194800,218
1706195700,312
1706196600,308
1706197500,463
1706198400,528
1706199300,495
1706200200,358
1706201100,544
1706202000,631
1706202900,574
1706203800,398
1706204700,383
1706205600,472
1706206500,913
1706207400,720
1706208300,512
1706209200,429
1706210100,434
1706211000,419
1706211900,347
1706212800,377
1706213700,457
1706214600,496
1706215500,442
1706216400,316
1706217300,269
1706218200,152
1706219100,163
1706220000,166
1706220900,152
1706221800,158
1706222700,153
1706223600,153
1706224500,196
1706225400,203
1706226300,185
1706227200,169
1706228100,174
1706229000,151
1706229900,151
1706230800,164
1706231700,166
1706232600,150
1706233500,201
1706234400,231
1706235300,195
1706236200,160
1706237100,166
1706238000,162
1706238900,169
1706239800,179
1706240700,192
1706241600,224
1706242500,186
1706243400,180
1706244300,163
1706245200,232
1706246100,317
1706247000,198
1706247900,193
1706248800,273
1706249700,287
1706250600,221
1706251500,167
1706252400,176
1706253300,164
1706254200,198
1706255100,202
1706256000,244
1706256900,255
1706257800,237
1706258700,456
1706259600,385
1706260500,300
1706261400,272
1706262300,268
1706263200,685
1706264100,768
1706265000,691
1706265900,330
1706266800,305
1706267700,267
1706268600,368
1706269500,391
1706270400,181
1706271300,158
1706272200,151
1706273100,167
1706274000,160
1706274900,191
1706275800,209
1706276700,220
1706277600,192
1706278500,164
1706279400,180
1706280300,182
1706281200,227
1706282100,225
1706283000,225
1706283900,220
1706284800,404
1706285700,452
1706286600,759
1706287500,815
1706288400,640
1706289300,401
1706290200,441
1706291100,465
1706292000,431
1706292900,682
1706293800,366
1706294700,391
1706295600,391
1706296500,479
1706297400,362
1706298300,456
1706299200,471
1706300100,492
1706301000,395
1706301900,374
1706302800,279
1706303700,241
1706304600,206
1706305500,178
1706306400,195
1706307300,160
1706308200,156
1706309100,158
1706310000,152
1706310900,233
1706311800,211
1706312700,215
1706313600,218
1706314500,219
1706315400,185
1706316300,169
1706317200,178
1706318100,150
1706319000,159
1706319900,179
1706320800,171
1706321700,211
1706322600,201
1706323500,231
1706324400,212
1706325300,167
1706326200,156
1706327100,166
1706328000,165
1706328900,173
1706329800,211
1706330700,216
1706331600,271
1706332500,284
1706333400,198
1706334300,181
1706335200,182
1706336100,268
1706337000,195
1706337900,169
1706338800,209
1706339700,271
1706340600,262
1706341500,446
1706342400,665
1706343300,578
1706344200,431
1706345100,298
1706346000,179
1706346900,178
1706347800,201
1706348700,360
1706349600,465
1706350500,380
1706351400,296
1706352300,201
1706353200,253
1706354100,225
1706355000,248
1706355900,294
1706356800,538
1706357700,398
1706358600,306
1706359500,354
1706360400,314
1706361300,249
1706362200,270
1706363100,279
1706364000,327
1706364900,337
1706365800,333
1706366700,299
1706367600,335
1706368500,230
1706369400,214
1706370300,186
1706371200,359
1706372100,547
1706373000,496
1706373900,338
1706374800,327
1706375700,369
1706376600,349
1706377500,401
1706378400,368
1706379300,422
1706380200,360
1706381100,391
1706382000,372
1706382900,517
1706383800,373
1706384700,442
1706385600,441
1706386500,372
1706387400,382
1706388300,359
1706389200,365
1706390100,342
1706391000,223
1706391900,175
1706392800,151
1706393700,149
1706394600,149
1706395500,145
1706396400,171
1706397300,147
1706398200,162
1706399100,200
1706400000,198
1706400900,216
1706401800,177
1706402700,172
1706403600,167
1706404500,168
1706405400,144
1706406300,167
1706407200,164
1706408100,187
1706409000,214
1706409900,221
1706410800,206
1706411700,158
1706412600,149
1706413500,154
1706414400,167
1706415300,160
1706416200,184
1706417100,219
1706418000,327
1706418900,466
1706419800,345
1706420700,440
1706421600,280
1706422500,220
1706423400,207
1706424300,444
1706425200,500
1706426100,279
1706427000,254
1706427900,218
1706428800,667
1706429700,318
1706430600,153
1706431500,199
1706432400,181
1706433300,216
1706434200,215
1706435100,349
1706436000,346
1706436900,602
1706437800,491
1706438700,300
1706439600,304
1706440500,265
1706441400,404
1706442300,305
1706443200,302
1706444100,262
1706445000,263
1706445900,247
1706446800,240
1706447700,226
1706448600,204
1706449500,185
1706450400,247
1706451300,351
1706452200,368
1706453100,218
1706454000,234
1706454900,264
1706455800,313
1706456700,797
1706457600,454
1706458500,343
1706459400,384
1706460300,471
1706461200,419
1706462100,391
1706463000,348
1706463900,356
1706464800,335
1706465700,336
1706466600,417
1706467500,402
1706468400,315
1706469300,359
1706470200,317
1706471100,384
1706472000,293
1706472900,321
1706473800,336
1706474700,332
1706475600,244
1706476500,177
1706477400,143
1706478300,143
1706479200,148
1706480100,150
1706481000,163
1706481900,152
1706482800,158
1706483700,213
1706484600,226
1706485500,213
1706486400,223
1706487300,199
1706488200,195
1706489100,164
1706490000,152
1706490900,165
1706491800,165
1706492700,167
1706493600,156
1706494500,219
1706495400,215
1706496300,200
1706497200,178
1706498100,150
1706499000,155
1706499900,165
1706500800,157
1706501700,167
1706502600,203
1706503500,217
1706504400,247
1706505300,392
1706506200,239
1706507100,334
1706508000,521
1706508900,907
1706509800,529
1706510700,358
1706511600,322
1706512500,286
1706513400,462
1706514300,454
1706515200,268
1706516100,277
1706517000,281
1706517900,281
1706518800,250
1706519700,276
1706520600,692
1706521500,821
1706522400,366
1706523300,334
1706524200,490
1706525100,479
1706526000,378
1706526900,210
1706527800,175
1706528700,263
1706529600,217
1706530500,306
1706531400,213
1706532300,228
1706533200,263
1706534100,323
1706535000,288
1706535900,243
1706536800,221
1706537700,251
1706538600,290
1706539500,300
1706540400,249
1706541300,253
1706542200,483
1706543100,687
1706544000,324
1706544900,304
1706545800,337
1706546700,303
1706547600,560
1706548500,570
1706549400,637
1706550300,477
1706551200,603
1706552100,506
1706553000,440
1706553900,364
1706554800,334
1706555700,320
1706556600,364
1706557500,356
1706558400,347
1706559300,324
1706560200,344
1706561100,328
1706562000,300
1706562900,247
1706563800,226
1706564700,216
1706565600,173
1706566500,170
1706567400,165
1706568300,152
1706569200,175
1706570100,222
1706571000,215
1706571900,219
1706572800,196
1706573700,215
1706574600,182
1706575500,147
1706576400,151
1706577300,149
1706578200,146
1706579100,140
1706580000,147
1706580900,157
1706581800,162
1706582700,221
1706583600,197
1706584500,196
1706585400,197
1706586300,150
1706587200,181
1706588100,197
1706589000,166
1706589900,193
1706590800,211
1706591700,214
1706592600,187
1706593500,158
1706594400,186
1706595300,162
1706596200,166
1706597100,181
1706598000,211
1706598900,227
1706599800,455
1706600700,882
1706601600,364
1706602500,208
1706603400,162
1706604300,187
1706605200,170
1706606100,190
1706607000,276
1706607900,225
1706608800,224
1706609700,202
1706610600,259
1706611500,727
1706612400,825
1706613300,285
1706614200,316
1706615100,589
1706616000,1044
1706616900,465
1706617800,361
1706618700,315
1706619600,504
1706620500,737
1706621400,408
1706622300,418
1706623200,370
1706624100,305
1706625000,302
1706625900,391
1706626800,344
1706627700,347
1706628600,280
1706629500,193
1706630400,260
1706631300,380
1706632200,364
1706633100,283
1706634000,319
1706634900,410
1706635800,390
1706636700,483
1706637600,653
1706638500,504
1706639400,478
1706640300,411
1706641200,426
1706642100,373
1706643000,425
1706643900,427
1706644800,420
1706645700,463
1706646600,421
1706647500,367
1706648400,365
1706649300,330
1706650200,302
1706651100,352
1706652000,393
1706652900,307
1706653800,258
1706654700,232
1706655600,210
1706656500,188
1706657400,195
1706658300,257
1706659200,212
1706660100,198
1706661000,160
1706661900,161
1706662800,168
1706663700,153
1706664600,157
1706665500,143
1706666400,181
1706667300,202
1706668200,202
1706669100,192
1706670000,166
1706670900,152
1706671800,142
1706672700,147
1706673600,177
1706674500,170
1706675400,170
1706676300,201
1706677200,220
1706678100,192
1706679000,213
1706679900,190
1706680800,182
1706681700,173
1706682600,144
1706683500,177
1706684400,219
1706685300,205
1706686200,220
1706687100,264
1706688000,481
1706688900,969
1706689800,711
1706690700,434
1706691600,290
1706692500,323
1706693400,333
1706694300,312
1706695200,302
1706696100,631
1706697000,1395
1706697900,1397
1706698800,1315
1706699700,1168
1706700600,586
1706701500,370
1706702400,540
1706703300,751
1706704200,789
1706705100,401
1706706000,342
1706706900,314
1706707800,451
1706708700,789
1706709600,395
1706710500,402
1706711400,328
1706712300,211
1706713200,206
1706714100,247
1706715000,282
1706715900,698
1706716800,849
1706717700,424
1706718600,443
1706719500,1186
1706720400,930
1706721300,327
1706722200,373
1706723100,1222
1706724000,823
1706724900,751
1706725800,396
1706726700,753
1706727600,833
1706728500,439
1706729400,369
1706730300,530
1706731200,337
1706732100,426
1706733000,437
1706733900,446
1706734800,390
1706735700,342
1706736600,285
1706737500,250
1706738400,355
1706739300,219
1706740200,169
1706741100,163
1706742000,160
1706742900,220
1706743800,214
1706744700,221
1706745600,216
1706746500,226
1706747400,188
1706748300,153
1706749200,152
1706750100,164
1706751000,152
1706751900,163
1706752800,147
1706753700,156
1706754600,205
1706755500,189
1706756400,198
1706757300,200
1706758200,164
1706759100,142
1706760000,153
1706760900,161
1706761800,217
1706762700,204
1706763600,264
1706764500,370
1706765400,294
1706766300,319
1706767200,210
1706768100,218
1706769000,205
1706769900,167
1706770800,176
1706771700,210
1706772600,194
1706773500,218
1706774400,238
1706775300,185
1706776200,253
1706777100,256
1706778000,217
1706778900,213
1706779800,157
1706780700,148
1706781600,141
1706782500,156
1706783400,349
1706784300,466
1706785200,311
1706786100,309
1706787000,423
1706787900,326
1706788800,309
1706789700,275
1706790600,302
1706791500,461
1706792400,338
1706793300,353
1706794200,270
1706795100,257
1706796000,470
1706796900,268
1706797800,240
1706798700,257
1706799600,244
1706800500,245
1706801400,233
1706802300,299
1706803200,344
1706804100,632
1706805000,523
1706805900,327
1706806800,360
1706807700,412
1706808600,375
1706809500,433
1706810400,522
1706811300,449
1706812200,531
1706813100,572
1706814000,487
1706814900,479
1706815800,489
1706816700,513
1706817600,436
1706818500,503
1706819400,512
1706820300,499
1706821200,384
1706822100,452
1706823000,343
1706823900,337
1706824800,321
1706825700,238
1706826600,194
1706827500,176
1706828400,175
1706829300,208
1706830200,220
1706831100,211
1706832000,208
1706832900,149
1706833800,163
1706834700,171
1706835600,225
1706836500,221
1706837400,190
1706838300,149
1706839200,137
1706840100,147
1706841000,153
1706841900,150
1706842800,186
1706843700,205
1706844600,209
1706845500,195
1706846400,171
1706847300,146
1706848200,165
1706849100,174
1706850000,256
1706850900,369
1706851800,248
1706852700,250
1706853600,231
1706854500,243
1706855400,201
1706856300,194
1706857200,187
1706858100,184
1706859000,635
1706859900,439
1706860800,252
1706861700,267
1706862600,655
1706863500,361
1706864400,242
1706865300,263
1706866200,316
1706867100,317
1706868000,481
1706868900,544
1706869800,422
1706870700,332
1706871600,231
1706872500,500
1706873400,546
1706874300,346
1706875200,344
1706876100,280
1706877000,267
1706877900,276
1706878800,293
1706879700,227
1706880600,247
1706881500,251
1706882400,264
1706883300,304
1706884200,247
1706885100,275
1706886000,252
1706886900,280
1706887800,270
1706888700,244
1706889600,538
1706890500,665
1706891400,490
1706892300,406
1706893200,397
1706894100,450
1706895000,470
1706895900,517
1706896800,493
1706897700,817
1706898600,705
1706899500,453
1706900400,576
1706901300,585
1706902200,536
1706903100,430
1706904000,426
1706904900,511
1706905800,573
1706906700,560
1706907600,438
1706908500,403
1706909400,326
1706910300,247
1706911200,199
1706912100,192
1706913000,159
1706913900,157
1706914800,151
1706915700,171
1706916600,227
1706917500,203
1706918400,214
1706919300,211
1706920200,170
1706921100,152
1706922000,162
1706922900,183
1706923800,171
1706924700,139
1706925600,147
1706926500,148
1706927400,200
1706928300,213
1706929200,204
1706930100,203
1706931000,183
1706931900,161
1706932800,146
1706933700,190
1706934600,227
1706935500,263
1706936400,271
1706937300,205
1706938200,175
1706939100,142
1706940000,181
1706940900,166
1706941800,189
1706942700,285
1706943600,471
1706944500,489
1706945400,314
1706946300,389
1706947200,403
1706948100,926
1706949000,769
1706949900,459
1706950800,298
1706951700,250
1706952600,244
1706953500,228
1706954400,231
1706955300,219
1706956200,305
1706957100,367
1706958000,393
1706958900,488
1706959800,341
1706960700,349
1706961600,611
1706962500,525
1706963400,476
1706964300,401
1706965200,295
1706966100,239
1706967000,221
1706967900,177
1706968800,219
1706969700,366
1706970600,358
1706971500,382
1706972400,420
1706973300,461
1706974200,496
1706975100,571
1706976000,545
1706976900,644
1706977800,503
1706978700,552
1706979600,641
1706980500,665
1706981400,775
1706982300,774
1706983200,755
1706984100,725
1706985000,752
1706985900,743
1706986800,659
1706987700,548
1706988600,473
1706989500,435
1706990400,496
1706991300,438
1706992200,360
1706993100,428
1706994000,426
1706994900,393
1706995800,312
1706996700,180
1706997600,169
1706998500,155
1706999400,166
1707000300,166
1707001200,172
1707002100,163
1707003000,158
1707003900,207
1707004800,210
1707005700,213
1707006600,180
1707007500,159
1707008400,165
1707009300,156
1707010200,153
1707011100,155
1707012000,169
1707012900,138
1707013800,152
1707014700,142
1707015600,185
1707016500,197
1707017400,204
1707018300,214
1707019200,147
1707020100,147
1707021000,134
1707021900,174
1707022800,253
1707023700,374
1707024600,243
1707025500,510
1707026400,356
1707027300,206
1707028200,221
1707029100,212
1707030000,210
1707030900,466
1707031800,315
1707032700,226
1707033600,216
1707034500,245
1707035400,254
1707036300,244
1707037200,216
1707038100,204
1707039000,225
1707039900,267
1707040800,262
1707041700,352
1707042600,236
1707043500,543
1707044400,325
1707045300,249
1707046200,270
1707047100,269
1707048000,283
1707048900,263
1707049800,227
1707050700,231
1707051600,205
1707052500,229
1707053400,257
1707054300,264
1707055200,230
1707056100,221
1707057000,206
1707057900,199
1707058800,169
1707059700,218
1707060600,367
1707061500,292
1707062400,364
1707063300,680
1707064200,292
1707065100,479
1707066000,758
1707066900,515
1707067800,400
1707068700,397
1707069600,409
1707070500,830
1707071400,512
1707072300,346
1707073200,292
1707074100,286
1707075000,298
1707075900,284
1707076800,390
1707077700,347
1707078600,407
1707079500,385
1707080400,336
1707081300,280
1707082200,301
1707083100,315
1707084000,256
1707084900,236
1707085800,197
1707086700,142
1707087600,164
1707088500,162
1707089400,177
1707090300,166
1707091200,158
1707092100,171
1707093000,205
1707093900,198
1707094800,202
1707095700,187
1707096600,161
1707097500,169
1707098400,150
1707099300,146
1707100200,145
1707101100,146
1707102000,178
1707102900,196
1707103800,194
1707104700,192
1707105600,153
1707106500,146
1707107400,153
1707108300,137
1707109200,172
1707110100,284
1707111000,254
1707111900,240
1707112800,246
1707113700,286
1707114600,185
1707115500,176
1707116400,220
1707117300,285
1707118200,345
1707119100,253
1707120000,264
1707120900,254
1707121800,231
1707122700,220
1707123600,230
1707124500,675
1707125400,680
1707126300,550
1707127200,493
1707128100,371
1707129000,325
1707129900,327
1707130800,293
1707131700,398
1707132600,317
1707133500,240
1707134400,276
1707135300,302
1707136200,497
1707137100,343
1707138000,382
1707138900,443
1707139800,522
1707140700,517
1707141600,529
1707142500,245
1707143400,194
1707144300,201
1707145200,205
1707146100,248
1707147000,297
1707147900,317
1707148800,301
1707149700,336
1707150600,393
1707151500,378
1707152400,377
1707153300,307
1707154200,366
1707155100,250
1707156000,293
1707156900,742
1707157800,316
1707158700,306
1707159600,302
1707160500,487
1707161400,694
1707162300,391
1707163200,326
1707164100,338
1707165000,339
1707165900,325
1707166800,381
1707167700,452
1707168600,424
1707169500,379
1707170400,303
1707171300,232
1707172200,158
1707173100,169
1707174000,162
1707174900,183
1707175800,166
1707176700,149
1707177600,174
1707178500,213
1707179400,198
1707180300,218
1707181200,194
1707182100,170
1707183000,162
1707183900,146
1707184800,168
1707185700,168
1707186600,156
1707187500,145
1707188400,154
1707189300,150
1707190200,179
1707191100,208
1707192000,187
1707192900,192
1707193800,150
1707194700,158
1707195600,155
1707196500,176
1707197400,151
1707198300,154
1707199200,185
1707200100,218
1707201000,207
1707201900,233
1707202800,188
1707203700,296
1707204600,211
1707205500,423
1707206400,496
1707207300,263
1707208200,260
1707209100,502
1707210000,687
1707210900,575
1707211800,490
1707212700,461
1707213600,619
1707214500,496
1707215400,677
1707216300,708
1707217200,746
1707218100,373
1707219000,527
1707219900,465
1707220800,795
1707221700,729
1707222600,581
1707223500,1107
1707224400,573
1707225300,497
1707226200,499
1707227100,486
1707228000,417
1707228900,476
1707229800,337
1707230700,375
1707231600,743
1707232500,485
1707233400,318
1707234300,352
1707235200,378
1707236100,524
1707237000,506
1707237900,506
1707238800,503
1707239700,939
1707240600,926
1707241500,898
1707242400,583
1707243300,601
1707244200,587
1707245100,562
1707246000,526
1707246900,1018
1707247800,967
1707248700,663
1707249600,502
1707250500,506
1707251400,528
1707252300,500
1707253200,486
1707254100,354
1707255000,272
1707255900,221
1707256800,189
1707257700,162
1707258600,173
1707259500,166
1707260400,149
1707261300,186
1707262200,223
1707263100,205
1707264000,201
1707264900,168
1707265800,169
1707266700,168
1707267600,160
1707268500,168
1707269400,167
1707270300,168
1707271200,160
1707272100,189
1707273000,233
1707273900,209
1707274800,193
1707275700,156
1707276600,153
1707277500,149
1707278400,166
1707279300,145
1707280200,141
1707281100,145
1707282000,172
1707282900,197
1707283800,217
1707284700,219
1707285600,185
1707286500,165
1707287400,163
1707288300,170
1707289200,153
1707290100,187
1707291000,493
1707291900,293
1707292800,219
1707293700,440
1707294600,436
1707295500,846
1707296400,370
1707297300,924
1707298200,700
1707299100,1202
1707300000,1043
1707300900,622
1707301800,656
1707302700,596
1707303600,687
1707304500,609
1707305400,303
1707306300,467
1707307200,323
1707308100,315
1707309000,316
1707309900,342
1707310800,315
1707311700,335
1707312600,283
1707313500,298
1707314400,272
1707315300,285
1707316200,308
1707317100,371
1707318000,411
1707318900,331
1707319800,291
1707320700,430
1707321600,386
1707322500,458
1707323400,448
1707324300,496
1707325200,461
1707326100,790
1707327000,636
1707327900,454
1707328800,503
1707329700,516
1707330600,419
1707331500,439
1707332400,562
1707333300,562
1707334200,513
1707335100,473
1707336000,516
1707336900,371
1707337800,332
1707338700,310
1707339600,315
1707340500,243
1707341400,270
1707342300,210
1707343200,218
1707344100,175
1707345000,166
1707345900,141
1707346800,175
1707347700,161
1707348600,160
1707349500,157
1707350400,166
1707351300,175
1707352200,212
1707353100,197
1707354000,213
1707354900,168
1707355800,152
1707356700,170
1707357600,165
1707358500,163
1707359400,154
1707360300,146
1707361200,174
1707362100,159
1707363000,195
1707363900,187
1707364800,200
1707365700,168
1707366600,145
1707367500,171
1707368400,237
1707369300,261
1707370200,219
1707371100,295
1707372000,253
1707372900,272
1707373800,192
1707374700,167
1707375600,172
1707376500,155
1707377400,261
1707378300,178
1707379200,196
1707380100,212
1707381000,199
1707381900,233
1707382800,182
1707383700,147
1707384600,159
1707385500,162
1707386400,170
1707387300,167
1707388200,160
1707389100,161
1707390000,164
1707390900,277
1707391800,262
1707392700,200
1707393600,291
1707394500,715
1707395400,654
1707396300,211
1707397200,223
1707398100,224
1707399000,212
1707399900,209
1707400800,317
1707401700,275
1707402600,707
1707403500,822
1707404400,844
1707405300,582
1707406200,346
1707407100,332
1707408000,285
1707408900,571
1707409800,451
1707410700,300
1707411600,588
1707412500,909
1707413400,609
1707414300,732
1707415200,610
1707416100,517
1707417000,475
1707417900,469
1707418800,917
1707419700,613
1707420600,396
1707421500,409
1707422400,537
1707423300,484
1707424200,423
1707425100,393
1707426000,312
1707426900,217
1707427800,177
1707428700,169
1707429600,172
1707430500,170
1707431400,184
1707432300,179
1707433200,193
1707434100,213
1707435000,242
1707435900,227
1707436800,230
1707437700,230
1707438600,220
1707439500,179
1707440400,177
1707441300,161
1707442200,172
1707443100,190
1707444000,178
1707444900,226
1707445800,233
1707446700,228
1707447600,222
1707448500,174
1707449400,164
1707450300,162
1707451200,168
1707452100,153
1707453000,187
1707453900,230
1707454800,304
1707455700,371
1707456600,245
1707457500,239
1707458400,224
1707459300,204
1707460200,195
1707461100,191
1707462000,544
1707462900,311
1707463800,238
1707464700,229
1707465600,312
1707466500,708
1707467400,322
1707468300,164
1707469200,167
1707470100,375
1707471000,361
1707471900,322
1707472800,280
1707473700,550
1707474600,458
1707475500,337
1707476400,285
1707477300,256
1707478200,337
1707479100,298
1707480000,336
1707480900,332
1707481800,268
1707482700,189
1707483600,188
1707484500,183
1707485400,192
1707486300,202
1707487200,250
1707488100,457
1707489000,356
1707489900,309
1707490800,286
1707491700,377
1707492600,697
1707493500,469
1707494400,510
1707495300,572
1707496200,411
1707497100,232
1707498000,224
1707498900,235
1707499800,209
1707500700,327
1707501600,259
1707502500,347
1707503400,373
1707504300,364
1707505200,426
1707506100,399
1707507000,412
1707507900,360
1707508800,337
1707509700,326
1707510600,327
1707511500,344
1707512400,285
1707513300,298
1707514200,327
1707515100,236
1707516000,160
1707516900,169
1707517800,210
1707518700,179
1707519600,181
1707520500,174
1707521400,222
1707522300,216
1707523200,214
1707524100,203
1707525000,164
1707525900,177
1707526800,162
1707527700,177
1707528600,172
1707529500,205
1707530400,218
1707531300,215
1707532200,217
1707533100,178
1707534000,180
1707534900,168
1707535800,156
1707536700,180
1707537600,230
1707538500,228
1707539400,220
1707540300,206
1707541200,234
1707542100,367
1707543000,242
1707543900,235
1707544800,204
1707545700,220
1707546600,173
1707547500,162
1707548400,521
1707549300,538
1707550200,426
1707551100,464
1707552000,248
1707552900,206
1707553800,189
1707554700,475
1707555600,359
1707556500,304
1707557400,257
1707558300,361
1707559200,304
1707560100,304
1707561000,265
1707561900,405
1707562800,360
1707563700,298
1707564600,272
1707565500,206
1707566400,251
1707567300,281
1707568200,359
1707569100,439
1707570000,264
1707570900,262
1707571800,349
1707572700,251
1707573600,249
1707574500,259
1707575400,336
1707576300,341
1707577200,381
1707578100,381
1707579000,393
1707579900,312
1707580800,304
1707581700,406
1707582600,454
1707583500,839
1707584400,802
1707585300,507
1707586200,499
1707587100,478
1707588000,529
1707588900,510
1707589800,504
1707590700,520
1707591600,518
1707592500,494
1707593400,404
1707594300,394
1707595200,426
1707596100,478
1707597000,490
1707597900,479
1707598800,361
1707599700,288
1707600600,223
1707601500,222
1707602400,177
1707603300,172
1707604200,168
1707605100,154
1707606000,172
1707606900,237
1707607800,213
1707608700,207
1707609600,197
1707610500,202
1707611400,186
1707612300,162
1707613200,181
1707614100,151
1707615000,155
1707615900,147
1707616800,227
1707617700,231
1707618600,233
1707619500,205
1707620400,232
1707621300,164
1707622200,165
1707623100,179
1707624000,172
1707624900,193
1707625800,212
1707626700,255
1707627600,294
1707628500,335
1707629400,242
1707630300,293
1707631200,314
1707632100,242
1707633000,256
1707633900,227
1707634800,341
1707635700,576
1707636600,367
1707637500,379
1707638400,351
1707639300,378
1707640200,298
1707641100,301
1707642000,233
1707642900,228
1707643800,244
1707644700,293
1707645600,280
1707646500,300
1707647400,221
1707648300,360
1707649200,281
1707650100,235
1707651000,208
1707651900,210
1707652800,219
1707653700,206
1707654600,202
1707655500,226
1707656400,209
1707657300,203
1707658200,185
1707659100,226
1707660000,215
1707660900,273
1707661800,220
1707662700,211
1707663600,215
1707664500,186
1707665400,173
1707666300,241
1707667200,871
1707668100,531
1707669000,619
1707669900,387
1707670800,375
1707671700,416
1707672600,495
1707673500,538
1707674400,472
1707675300,334
1707676200,325
1707677100,241
1707678000,233
1707678900,295
1707679800,254
1707680700,247
1707681600,317
1707682500,300
1707683400,289
1707684300,376
1707685200,269
1707686100,233
1707687000,241
1707687900,174
1707688800,155
1707689700,178
1707690600,200
1707691500,160
1707692400,158
1707693300,216
1707694200,225
1707695100,215
1707696000,217
1707696900,227
1707697800,211
1707698700,188
1707699600,173
1707700500,168
1707701400,172
1707702300,145
1707703200,176
1707704100,207
1707705000,214
1707705900,198
1707706800,215
1707707700,150
1707708600,149
1707709500,161
1707710400,190
1707711300,208
1707712200,205
1707713100,205
1707714000,157
1707714900,259
1707715800,232
1707716700,302
1707717600,382
1707718500,307
1707719400,272
1707720300,330
1707721200,346
1707722100,279
1707723000,746
1707723900,977
1707724800,287
1707725700,227
1707726600,196
1707727500,523
1707728400,532
1707729300,176
1707730200,192
1707731100,397
1707732000,443
1707732900,515
1707733800,313
1707734700,284
1707735600,345
1707736500,221
1707737400,317
1707738300,307
1707739200,293
1707740100,295
1707741000,281
1707741900,219
1707742800,222
1707743700,253
1707744600,283
1707745500,368
1707746400,297
1707747300,393
1707748200,353
1707749100,326
1707750000,413
1707750900,375
1707751800,389
1707752700,385
1707753600,388
1707754500,393
1707755400,332
1707756300,394
1707757200,517
1707758100,466
1707759000,477
1707759900,504
1707760800,622
1707761700,467
1707762600,782
1707763500,584
1707764400,470
1707765300,500
1707766200,475
1707767100,446
1707768000,444
1707768900,449
1707769800,498
1707770700,431
1707771600,436
1707772500,397
1707773400,324
1707774300,273
1707775200,250
1707776100,263
1707777000,251
1707777900,226
1707778800,212
1707779700,241
1707780600,240
1707781500,217
1707782400,183
1707783300,141
1707784200,150
1707785100,150
1707786000,164
1707786900,144
1707787800,148
1707788700,194
1707789600,212
1707790500,202
1707791400,194
1707792300,165
1707793200,160
1707794100,189
1707795000,212
1707795900,208
1707796800,202
1707797700,184
1707798600,149
1707799500,156
1707800400,167
1707801300,161
1707802200,180
1707803100,206
1707804000,239
1707804900,220
1707805800,189
1707806700,204
1707807600,323
1707808500,230
1707809400,372
1707810300,328
1707811200,496
1707812100,447
1707813000,407
1707813900,339
1707814800,289
1707815700,701
1707816600,703
1707817500,711
1707818400,442
1707819300,417
1707820200,316
1707821100,319
1707822000,375
1707822900,896
1707823800,412
1707824700,390
1707825600,401
1707826500,344
1707827400,406
1707828300,310
1707829200,307
1707830100,347
1707831000,297
1707831900,269
1707832800,247
1707833700,198
1707834600,184
1707835500,193
1707836400,202
1707837300,210
1707838200,189
1707839100,189
1707840000,200
1707840900,209
1707841800,233
1707842700,232
1707843600,225
1707844500,192
1707845400,175
1707846300,178
1707847200,197
1707848100,289
1707849000,236
1707849900,470
1707850800,832
1707851700,433
1707852600,337
1707853500,322
1707854400,273
1707855300,274
1707856200,250
1707857100,266
1707858000,241
1707858900,209
1707859800,339
1707860700,341
1707861600,310
1707862500,269
1707863400,241
1707864300,187
1707865200,148
1707866100,209
1707867000,214
1707867900,203
1707868800,208
1707869700,158
1707870600,148
1707871500,170
1707872400,200
1707873300,202
1707874200,189
1707875100,150
1707876000,162
1707876900,162
1707877800,148
1707878700,146
1707879600,149
1707880500,177
1707881400,204
1707882300,219
1707883200,222
1707884100,179
1707885000,166
1707885900,191
1707886800,212
1707887700,204
1707888600,199
1707889500,174
1707890400,158
1707891300,223
1707892200,216
1707893100,199
1707894000,172
1707894900,167
1707895800,215
1707896700,541
1707897600,838
1707898500,629
1707899400,940
1707900300,270
1707901200,295
1707902100,337
1707903000,479
1707903900,950
1707904800,322
1707905700,344
1707906600,583
1707907500,927
1707908400,784
1707909300,755
1707910200,920
1707911100,889
1707912000,929
1707912900,484
1707913800,531
1707914700,450
1707915600,398
1707916500,388
1707917400,702
1707918300,290
1707919200,268
1707920100,243
1707921000,602
1707921900,659
1707922800,298
1707923700,284
1707924600,280
1707925500,367
1707926400,749
1707927300,436
1707928200,362
1707929100,351
1707930000,332
1707930900,382
1707931800,681
1707932700,379
1707933600,501
1707934500,370
1707935400,443
1707936300,434
1707937200,385
1707938100,402
1707939000,426
1707939900,298
1707940800,300
1707941700,320
1707942600,271
1707943500,273
1707944400,346
1707945300,257
1707946200,217
1707947100,241
1707948000,215
1707948900,165
1707949800,144
1707950700,155
1707951600,176
1707952500,192
1707953400,223
1707954300,212
1707955200,208
1707956100,172
1707957000,152
1707957900,207
1707958800,209
1707959700,191
1707960600,157
1707961500,145
1707962400,155
1707963300,159
1707964200,219
1707965100,217
1707966000,194
1707966900,212
1707967800,168
1707968700,173
1707969600,167
1707970500,172
1707971400,160
1707972300,185
1707973200,227
1707974100,315
1707975000,272
1707975900,256
1707976800,224
1707977700,190
1707978600,559
1707979500,760
1707980400,529
1707981300,247
1707982200,265
1707983100,244
1707984000,207
1707984900,175
1707985800,131
1707986700,204
1707987600,181
1707988500,190
1707989400,231
1707990300,279
1707991200,288
1707992100,228
1707993000,243
1707993900,195
1707994800,217
1707995700,198
1707996600,195
1707997500,205
1707998400,212
1707999300,268
1708000200,278
1708001100,317
1708002000,242
1708002900,241
1708003800,273
1708004700,438
1708005600,294
1708006500,272
1708007400,275
1708008300,310
1708009200,313
1708010100,300
1708011000,285
1708011900,427
1708012800,841
1708013700,706
1708014600,699
1708015500,438
1708016400,513
1708017300,990
1708018200,807
1708019100,529
1708020000,852
1708020900,854
1708021800,805
1708022700,516
1708023600,339
1708024500,344
1708025400,353
1708026300,369
1708027200,359
1708028100,382
1708029000,491
1708029900,461
1708030800,393
1708031700,389
1708032600,388
1708033500,379
1708034400,294
1708035300,260
1708036200,282
1708037100,270
1708038000,249
1708038900,248
1708039800,183
1708040700,177
1708041600,232
1708042500,211
1708043400,214
1708044300,203
1708045200,149
1708046100,154
1708047000,149
1708047900,164
1708048800,150
1708049700,164
1708050600,219
1708051500,200
1708052400,207
1708053300,195
1708054200,206
1708055100,202
1708056000,220
1708056900,205
1708057800,212
1708058700,185
1708059600,165
1708060500,195
1708061400,204
1708062300,222
1708063200,210
1708064100,217
1708065000,251
1708065900,779
1708066800,231
1708067700,290
1708068600,228
1708069500,243
1708070400,256
1708071300,289
1708072200,428
1708073100,382
1708074000,395
1708074900,322
1708075800,289
1708076700,312
1708077600,341
1708078500,396
1708079400,540
1708080300,311
1708081200,568
1708082100,379
1708083000,293
1708083900,287
1708084800,605
1708085700,320
1708086600,205
1708087500,253
1708088400,259
1708089300,827
1708090200,534
1708091100,744
1708092000,280
1708092900,283
1708093800,414
1708094700,452
1708095600,335
1708096500,324
1708097400,280
1708098300,768
1708099200,793
1708100100,827
1708101000,914
1708101900,559
1708102800,670
1708103700,875
1708104600,955
1708105500,814
1708106400,881
1708107300,507
1708108200,483
1708109100,495
1708110000,437
1708110900,431
1708111800,439
1708112700,393
1708113600,566
1708114500,489
1708115400,472
1708116300,422
1708117200,472
1708118100,413
1708119000,301
1708119900,253
1708120800,263
1708121700,257
1708122600,197
1708123500,175
1708124400,190
1708125300,239
1708126200,230
1708127100,234
1708128000,220
1708128900,195
1708129800,170
1708130700,148
1708131600,159
1708132500,155
1708133400,163
1708134300,210
1708135200,201
1708136100,204
1708137000,363
1708137900,189
1708138800,162
1708139700,169
1708140600,162
1708141500,156
1708142400,198
1708143300,221
1708144200,358
1708145100,214
1708146000,228
1708146900,434
1708147800,371
1708148700,327
1708149600,475
1708150500,379
1708151400,247
1708152300,306
1708153200,263
1708154100,254
1708155000,318
1708155900,264
1708156800,312
1708157700,354
1708158600,287
1708159500,316
1708160400,313
1708161300,523
1708162200,383
1708163100,416
1708164000,462
1708164900,526
1708165800,641
1708166700,842
1708167600,700
1708168500,685
1708169400,579
1708170300,463
1708171200,614
1708172100,787
1708173000,432
1708173900,344
1708174800,263
1708175700,392
1708176600,705
1708177500,248
1708178400,269
1708179300,238
1708180200,296
1708181100,366
1708182000,292
1708182900,277
1708183800,315
1708184700,367
1708185600,671
1708186500,493
1708187400,454
1708188300,433
1708189200,472
1708190100,431
1708191000,629
1708191900,589
1708192800,598
1708193700,573
1708194600,540
1708195500,614
1708196400,869
1708197300,505
1708198200,498
1708199100,412
1708200000,440
1708200900,444
1708201800,392
1708202700,406
1708203600,402
1708204500,386
1708205400,329
1708206300,417
1708207200,290
1708208100,250
1708209000,254
1708209900,253
1708210800,264
1708211700,188
1708212600,185
1708213500,162
1708214400,230
1708215300,211
1708216200,227
1708217100,187
1708218000,150
1708218900,150
1708219800,143
1708220700,168
1708221600,166
1708222500,149
1708223400,241
1708224300,200
1708225200,277
1708226100,201
1708227000,195
1708227900,180
1708228800,165
1708229700,155
1708230600,162
1708231500,239
1708232400,353
1708233300,435
1708234200,252
1708235100,197
1708236000,165
1708236900,178
1708237800,174
1708238700,165
1708239600,159
1708240500,231
1708241400,223
1708242300,225
1708243200,188
1708244100,177
1708245000,180
1708245900,506
1708246800,356
1708247700,271
1708248600,353
1708249500,358
1708250400,378
1708251300,400
1708252200,428
1708253100,800
1708254000,555
1708254900,263
1708255800,274
1708256700,306
1708257600,678
1708258500,759
1708259400,873
1708260300,447
1708261200,314
1708262100,311
1708263000,252
1708263900,261
1708264800,383
1708265700,333
1708266600,361
1708267500,357
1708268400,363
1708269300,592
1708270200,1073
1708271100,853
1708272000,602
1708272900,337
1708273800,846
1708274700,416
1708275600,508
1708276500,583
1708277400,892
1708278300,806
1708279200,702
1708280100,530
1708281000,449
1708281900,408
1708282800,438
1708283700,358
1708284600,399
1708285500,364
1708286400,483
1708287300,403
1708288200,378
1708289100,343
1708290000,303
1708290900,345
1708291800,295
1708292700,323
1708293600,334
1708294500,320
1708295400,310
1708296300,217
1708297200,205
1708298100,241
1708299000,214
1708299900,211
1708300800,206
1708301700,182
1708302600,173
1708303500,152
1708304400,164
1708305300,153
1708306200,158
1708307100,144
1708308000,160
1708308900,154
1708309800,261
1708310700,216
1708311600,207
1708312500,201
1708313400,159
1708314300,158
1708315200,175
1708316100,177
1708317000,168
1708317900,186
1708318800,303
1708319700,385
1708320600,231
1708321500,721
1708322400,351
1708323300,237
1708324200,186
1708325100,193
1708326000,193
1708326900,204
1708327800,185
1708328700,185
1708329600,236
1708330500,316
1708331400,258
1708332300,249
1708333200,208
1708334100,189
1708335000,190
1708335900,207
1708336800,790
1708337700,675
1708338600,645
1708339500,497
1708340400,361
1708341300,363
1708342200,469
1708343100,766
1708344000,387
1708344900,366
1708345800,286
1708346700,617
1708347600,606
1708348500,472
1708349400,330
1708350300,285
1708351200,336
1708352100,333
1708353000,332
1708353900,327
1708354800,297
1708355700,256
1708356600,284
1708357500,277
1708358400,314
1708359300,321
1708360200,309
1708361100,396
1708362000,332
1708362900,377
1708363800,405
1708364700,410
1708365600,382
1708366500,332
1708367400,317
1708368300,385
1708369200,417
1708370100,324
1708371000,311
1708371900,355
1708372800,513
1708373700,594
1708374600,587
1708375500,689
1708376400,408
1708377300,546
1708378200,434
1708379100,482
1708380000,326
1708380900,232
1708381800,255
1708382700,220
1708383600,187
1708384500,165
1708385400,174
1708386300,198
1708387200,222
1708388100,193
1708389000,217
1708389900,177
1708390800,197
1708391700,208
1708392600,197
1708393500,196
1708394400,144
1708395300,153
1708396200,156
1708397100,183
1708398000,201
1708398900,159
1708399800,154
1708400700,155
1708401600,180
1708402500,145
1708403400,189
1708404300,210
1708405200,219
1708406100,208
1708407000,233
1708407900,187
1708408800,167
1708409700,184
1708410600,188
1708411500,354
1708412400,235
1708413300,220
1708414200,214
1708415100,220
1708416000,638
1708416900,401
1708417800,275
1708418700,293
1708419600,475
1708420500,582
1708421400,289
1708422300,283
1708423200,259
1708424100,709
1708425000,482
1708425900,248
1708426800,311
1708427700,895
1708428600,595
1708429500,1074
1708430400,868
1708431300,658
1708432200,366
1708433100,305
1708434000,622
1708434900,439
1708435800,411
1708436700,493
1708437600,414
1708438500,443
1708439400,527
1708440300,529
1708441200,352
1708442100,560
1708443000,804
1708443900,379
1708444800,363
1708445700,420
1708446600,430
1708447500,678
1708448400,626
1708449300,580
1708450200,698
1708451100,477
1708452000,449
1708452900,520
1708453800,482
1708454700,588
1708455600,632
1708456500,517
1708457400,574
1708458300,412
1708459200,398
1708460100,388
1708461000,402
1708461900,364
1708462800,393
1708463700,407
1708464600,258
1708465500,295
1708466400,240
1708467300,208
1708468200,190
1708469100,163
1708470000,188
1708470900,231
1708471800,234
1708472700,246
1708473600,220
1708474500,219
1708475400,166
1708476300,176
1708477200,177
1708478100,177
1708479000,163
1708479900,168
1708480800,176
1708481700,163
1708482600,176
1708483500,169
1708484400,171
1708485300,161
1708486200,203
1708487100,267
1708488000,212
1708488900,179
1708489800,152
1708490700,155
1708491600,169
1708492500,174
1708493400,174
1708494300,166
1708495200,239
1708496100,244
1708497000,227
1708497900,224
1708498800,338
1708499700,175
1708500600,339
1708501500,275
1708502400,324
1708503300,767
1708504200,277
1708505100,267
1708506000,289
1708506900,571
1708507800,853
1708508700,375
1708509600,910
1708510500,522
1708511400,642
1708512300,797
1708513200,532
1708514100,443
1708515000,307
1708515900,335
1708516800,244
1708517700,238
1708518600,262
1708519500,264
1708520400,287
1708521300,265
1708522200,253
1708523100,362
1708524000,389
1708524900,369
1708525800,323
1708526700,386
1708527600,411
1708528500,382
1708529400,376
1708530300,361
1708531200,332
1708532100,470
1708533000,491
1708533900,451
1708534800,397
1708535700,348
1708536600,337
1708537500,320
1708538400,339
1708539300,581
1708540200,452
1708541100,459
1708542000,569
1708542900,666
1708543800,702
1708544700,600
1708545600,600
1708546500,380
1708547400,356
1708548300,391
1708549200,398
1708550100,315
1708551000,370
1708551900,285
1708552800,298
1708553700,291
1708554600,276
1708555500,300
1708556400,189
1708557300,224
1708558200,243
1708559100,233
1708560000,199
1708560900,181
1708561800,179
1708562700,233
1708563600,162
1708564500,153
1708565400,169
1708566300,175
1708567200,180
1708568100,322
1708569000,298
1708569900,210
1708570800,181
1708571700,148
1708572600,151
1708573500,152
1708574400,158
1708575300,194
1708576200,209
1708577100,228
1708578000,359
1708578900,856
1708579800,968
1708580700,230
1708581600,220
1708582500,235
1708583400,226
1708584300,238
1708585200,217
1708586100,206
1708587000,192
1708587900,169
1708588800,184
1708589700,177
1708590600,188
1708591500,410
1708592400,405
1708593300,357
1708594200,209
1708595100,171
1708596000,186
1708596900,186
1708597800,355
1708598700,434
1708599600,278
1708600500,277
1708601400,221
1708602300,404
1708603200,402
1708604100,432
1708605000,334
1708605900,294
1708606800,289
1708607700,293
1708608600,374
1708609500,304
1708610400,257
1708611300,262
1708612200,279
1708613100,268
1708614000,314
1708614900,282
1708615800,261
1708616700,404
1708617600,243
1708618500,405
1708619400,456
1708620300,465
1708621200,546
1708622100,620
1708623000,768
1708623900,616
1708624800,810
1708625700,904
1708626600,697
1708627500,675
1708628400,686
1708629300,972
1708630200,879
1708631100,747
1708632000,719
1708632900,535
1708633800,484
1708634700,446
1708635600,389
1708636500,362
1708637400,331
1708638300,337
1708639200,268
1708640100,277
1708641000,258
1708641900,199
1708642800,229
1708643700,242
1708644600,197
1708645500,189
1708646400,239
1708647300,291
1708648200,193
1708649100,183
1708650000,184
1708650900,170
1708651800,153
1708652700,167
1708653600,174
1708654500,185
1708655400,223
1708656300,199
1708657200,237
1708658100,229
1708659000,190
1708659900,159
1708660800,211
1708661700,191
1708662600,186
1708663500,186
1708664400,365
1708665300,251
1708666200,338
1708667100,258
1708668000,214
1708668900,237
1708669800,169
1708670700,265
1708671600,251
1708672500,236
1708673400,184
1708674300,196
1708675200,212
1708676100,391
1708677000,296
1708677900,339
1708678800,254
1708679700,240
1708680600,262
1708681500,311
1708682400,307
1708683300,230
1708684200,293
1708685100,265
1708686000,365
1708686900,991
1708687800,335
1708688700,341
1708689600,347
1708690500,553
1708691400,628
1708692300,306
1708693200,241
1708694100,209
1708695000,230
1708695900,263
1708696800,226
1708697700,214
1708698600,201
1708699500,218
1708700400,216
1708701300,217
1708702200,224
1708703100,212
1708704000,303
1708704900,300
1708705800,810
1708706700,502
1708707600,449
1708708500,664
1708709400,919
1708710300,779
1708711200,648
1708712100,447
1708713000,434
1708713900,443
1708714800,602
1708715700,486
1708716600,442
1708717500,425
1708718400,418
1708719300,365
1708720200,369
1708721100,323
1708722000,300
1708722900,338
1708723800,252
1708724700,186
1708725600,227
1708726500,212
1708727400,162
1708728300,177
1708729200,176
1708730100,170
1708731000,165
1708731900,162
1708732800,154
1708733700,166
1708734600,231
1708735500,197
1708736400,164
1708737300,159
1708738200,170
1708739100,167
1708740000,175
1708740900,230
1708741800,301
1708742700,210
1708743600,164
1708744500,153
1708745400,169
1708746300,154
1708747200,147
1708748100,154
1708749000,187
1708749900,282
1708750800,406
1708751700,242
1708752600,311
1708753500,266
1708754400,229
1708755300,361
1708756200,693
1708757100,696
1708758000,489
1708758900,216
1708759800,223
1708760700,241
1708761600,288
1708762500,262
1708763400,202
1708764300,339
1708765200,402
1708766100,361
1708767000,265
1708767900,232
1708768800,269
1708769700,298
1708770600,963
1708771500,866
1708772400,913
1708773300,792
1708774200,682
1708775100,342
1708776000,229
1708776900,203
1708777800,204
1708778700,200
1708779600,322
1708780500,252
1708781400,250
1708782300,294
1708783200,201
1708784100,183
1708785000,241
1708785900,226
1708786800,236
1708787700,222
1708788600,205
1708789500,516
1708790400,560
1708791300,354
1708792200,405
1708793100,448
1708794000,435
1708794900,431
1708795800,416
1708796700,935
1708797600,390
1708798500,343
1708799400,307
1708800300,615
1708801200,864
1708802100,446
1708803000,411
1708803900,376
1708804800,507
1708805700,410
1708806600,406
1708807500,323
1708808400,294
1708809300,261
1708810200,219
1708811100,205
1708812000,144
1708812900,143
1708813800,138
1708814700,154
1708815600,177
1708816500,233
1708817400,211
1708818300,168
1708819200,161
1708820100,150
1708821000,153
1708821900,164
1708822800,164
1708823700,162
1708824600,135
1708825500,167
1708826400,159
1708827300,143
1708828200,216
1708829100,222
1708830000,167
1708830900,165
1708831800,140
1708832700,152
1708833600,158
1708834500,195
1708835400,205
1708836300,237
1708837200,314
1708838100,397
1708839000,237
1708839900,181
1708840800,227
1708841700,154
1708842600,207
1708843500,217
1708844400,479
1708845300,458
1708846200,500
1708847100,383
1708848000,263
1708848900,264
1708849800,295
1708850700,256
1708851600,180
1708852500,168
1708853400,167
1708854300,181
1708855200,186
1708856100,180
1708857000,193
1708857900,241
1708858800,237
1708859700,363
1708860600,235
1708861500,369
1708862400,409
1708863300,277
1708864200,659
1708865100,265
1708866000,252
1708866900,275
1708867800,247
1708868700,292
1708869600,257
1708870500,242
1708871400,235
1708872300,372
1708873200,264
1708874100,367
1708875000,394
1708875900,329
1708876800,309
1708877700,390
1708878600,325
1708879500,494
1708880400,751
1708881300,527
1708882200,475
1708883100,387
1708884000,519
1708884900,424
1708885800,412
1708886700,515
1708887600,483
1708888500,373
1708889400,364
1708890300,445
1708891200,365
1708892100,381
1708893000,389
1708893900,349
1708894800,372
1708895700,239
1708896600,210
1708897500,262
1708898400,196
1708899300,144
1708900200,136
1708901100,234
1708902000,151
1708902900,143
1708903800,213
1708904700,164
1708905600,151
1708906500,159
1708907400,156
1708908300,151
1708909200,140
1708910100,150
1708911000,173
1708911900,159
1708912800,146
1708913700,154
1708914600,219
1708915500,160
1708916400,145
1708917300,156
1708918200,201
1708919100,216
1708920000,192
1708920900,138
1708921800,147
1708922700,182
1708923600,368
1708924500,266
1708925400,232
1708926300,186
1708927200,244
1708928100,208
1708929000,182
1708929900,179
1708930800,166
1708931700,183
1708932600,169
1708933500,159
1708934400,148
1708935300,213
1708936200,247
1708937100,247
1708938000,186
1708938900,189
1708939800,433
1708940700,469
1708941600,300
1708942500,293
1708943400,347
1708944300,297
1708945200,320
1708946100,388
1708947000,425
1708947900,396
1708948800,728
1708949700,1048
1708950600,425
1708951500,454
1708952400,448
1708953300,900
1708954200,683
1708955100,281
1708956000,282
1708956900,294
1708957800,313
1708958700,268
1708959600,331
1708960500,224
1708961400,250
1708962300,277
1708963200,260
1708964100,365
1708965000,975
1708965900,725
1708966800,544
1708967700,548
1708968600,612
1708969500,544
1708970400,593
1708971300,545
1708972200,615
1708973100,541
1708974000,511
1708974900,489
1708975800,387
1708976700,371
1708977600,390
1708978500,353
1708979400,359
1708980300,345
1708981200,403
1708982100,412
1708983000,419
1708983900,336
1708984800,346
1708985700,280
1708986600,269
1708987500,193
1708988400,191
1708989300,259
1708990200,246
1708991100,198
1708992000,174
1708992900,155
1708993800,187
1708994700,182
1708995600,182
1708996500,173
1708997400,174
1708998300,169
1708999200,197
1709000100,159
1709001000,180
1709001900,174
1709002800,178
1709003700,190
1709004600,166
1709005500,178
1709006400,211
1709007300,221
1709008200,203
1709009100,179
1709010000,168
1709010900,170
1709011800,155
1709012700,168
1709013600,215
1709014500,241
1709015400,208
1709016300,262
1709017200,233
1709018100,324
1709019000,346
1709019900,295
1709020800,266
1709021700,209
1709022600,243
1709023500,263
1709024400,267
1709025300,258
1709026200,569
1709027100,364
1709028000,283
1709028900,363
1709029800,1159
1709030700,918
1709031600,519
1709032500,687
1709033400,386
1709034300,315
1709035200,286
1709036100,259
1709037000,236
1709037900,246
1709038800,321
1709039700,241
1709040600,221
1709041500,215
1709042400,263
1709043300,335
1709044200,412
1709045100,289
1709046000,680
1709046900,396
1709047800,701
1709048700,342
1709049600,382
1709050500,334
1709051400,710
1709052300,823
1709053200,514
1709054100,553
1709055000,556
1709055900,777
1709056800,518
1709057700,539
1709058600,448
1709059500,537
1709060400,523
1709061300,555
1709062200,612
1709063100,484
1709064000,440
1709064900,430
1709065800,426
1709066700,403
1709067600,400
1709068500,388
1709069400,397
1709070300,399
1709071200,412
1709072100,387
1709073000,264
1709073900,250
1709074800,255
1709075700,204
1709076600,177
1709077500,142
1709078400,157
1709079300,165
1709080200,197
1709081100,223
1709082000,216
1709082900,180
1709083800,148
1709084700,171
1709085600,161
1709086500,171
1709087400,150
1709088300,157
1709089200,165
1709090100,171
1709091000,152
1709091900,142
1709092800,170
1709093700,172
1709094600,142
1709095500,160
1709096400,196
1709097300,197
1709098200,184
1709099100,149
1709100000,154
1709100900,165
1709101800,155
1709102700,143
1709103600,205
1709104500,235
1709105400,350
1709106300,254
1709107200,215
1709108100,193
1709109000,181
1709109900,709
1709110800,440
1709111700,454
1709112600,457
1709113500,369
1709114400,649
1709115300,786
1709116200,642
1709117100,748
1709118000,548
1709118900,593
1709119800,710
1709120700,537
1709121600,493
1709122500,455
1709123400,367
1709124300,431
1709125200,561
1709126100,324
1709127000,290
1709127900,293
1709128800,876
1709129700,536
1709130600,469
1709131500,345
1709132400,347
1709133300,406
1709134200,411
1709135100,429
1709136000,445
1709136900,453
1709137800,413
1709138700,445
1709139600,501
1709140500,570
1709141400,584
1709142300,409
1709143200,353
1709144100,333
1709145000,401
1709145900,351
1709146800,466
1709147700,401
1709148600,479
1709149500,379
1709150400,377
1709151300,403
1709152200,357
1709153100,356
1709154000,411
1709154900,392
1709155800,328
1709156700,293
1709157600,291
1709158500,293
1709159400,248
1709160300,186
1709161200,158
1709162100,201
1709163000,215
1709163900,209
1709164800,184
1709165700,157
1709166600,156
1709167500,156
1709168400,141
1709169300,168
1709170200,218
1709171100,207
1709172000,167
1709172900,151
1709173800,160
1709174700,159
1709175600,151
1709176500,154
1709177400,158
1709178300,166
1709179200,163
1709180100,155
1709181000,150
1709181900,171
1709182800,308
1709183700,419
1709184600,249
1709185500,160
1709186400,152
1709187300,162
1709188200,156
1709189100,144
1709190000,158
1709190900,149
1709191800,163
1709192700,162
1709193600,156
1709194500,222
1709195400,666
1709196300,358
1709197200,241
1709198100,235
1709199000,466
1709199900,398
1709200800,695
1709201700,855
1709202600,277
1709203500,277
1709204400,249
1709205300,239
1709206200,242
1709207100,283
1709208000,411
1709208900,563
1709209800,429
1709210700,491
1709211600,401
1709212500,802
1709213400,589
1709214300,290
1709215200,292
1709216100,306
1709217000,389
1709217900,317
1709218800,273
1709219700,261
1709220600,449
1709221500,317
1709222400,429
1709223300,813
1709224200,383
1709225100,353
1709226000,367
1709226900,397
1709227800,800
1709228700,871
1709229600,600
1709230500,601
1709231400,578
1709232300,634
1709233200,528
1709234100,504
1709235000,567
1709235900,696
1709236800,461
1709237700,428
1709238600,390
1709239500,332
1709240400,381
1709241300,302
1709242200,266
1709243100,267
1709244000,260
1709244900,272
1709245800,272
1709246700,283
1709247600,269
1709248500,242
1709249400,243
1709250300,228
1709251200,186
1709252100,185
1709253000,184
1709253900,177
1709254800,198
1709255700,186
1709256600,168
1709257500,177
1709258400,180
1709259300,194
1709260200,201
1709261100,169
1709262000,203
1709262900,230
1709263800,226
1709264700,199
1709265600,190
1709266500,195
1709267400,246
1709268300,210
1709269200,245
1709270100,381
1709271000,174
1709271900,181
1709272800,179
1709273700,241
1709274600,255
1709275500,225
1709276400,339
1709277300,725
1709278200,919
1709279100,574
1709280000,371
1709280900,287
1709281800,274
1709282700,518
1709283600,806
1709284500,593
1709285400,304
1709286300,404
1709287200,399
1709288100,381
1709289000,293
1709289900,266
1709290800,340
1709291700,324
1709292600,319
1709293500,342
1709294400,340
1709295300,328
1709296200,298
1709297100,268
1709298000,338
1709298900,292
1709299800,434
1709300700,888
1709301600,780
1709302500,820
1709303400,566
1709304300,415
1709305200,387
1709306100,361
1709307000,342
1709307900,393
1709308800,410
1709309700,995
1709310600,860
1709311500,589
1709312400,648
1709313300,487
1709314200,500
1709315100,556
1709316000,714
1709316900,875
1709317800,440
1709318700,406
1709319600,455
1709320500,431
1709321400,437
1709322300,404
1709323200,387
1709324100,374
1709325000,388
1709325900,503
1709326800,764
1709327700,348
1709328600,304
1709329500,303
1709330400,620
1709331300,679
1709332200,251
1709333100,207
1709334000,182
1709334900,169
1709335800,186
1709336700,230
1709337600,228
1709338500,176
1709339400,171
1709340300,179
1709341200,185
1709342100,182
1709343000,180
1709343900,179
1709344800,170
1709345700,165
1709346600,194
1709347500,227
1709348400,212
1709349300,222
1709350200,184
1709351100,180
1709352000,178
1709352900,164
1709353800,185
1709354700,187
1709355600,266
1709356500,368
1709357400,254
1709358300,245
1709359200,192
1709360100,344
1709361000,631
1709361900,756
1709362800,591
1709363700,249
1709364600,422
1709365500,541
1709366400,466
1709367300,377
1709368200,259
1709369100,733
1709370000,963
1709370900,914
1709371800,689
1709372700,313
1709373600,330
1709374500,447
1709375400,366
1709376300,350
1709377200,274
1709378100,301
1709379000,582
1709379900,730
1709380800,301
1709381700,471
1709382600,241
1709383500,310
1709384400,235
1709385300,232
1709386200,224
1709387100,250
1709388000,323
1709388900,299
1709389800,265
1709390700,257
1709391600,301
1709392500,284
1709393400,294
1709394300,554
1709395200,470
1709396100,430
1709397000,384
1709397900,391
1709398800,432
1709399700,543
1709400600,555
1709401500,578
1709402400,442
1709403300,419
1709404200,460
1709405100,577
1709406000,426
1709406900,401
1709407800,384
1709408700,330
1709409600,434
1709410500,445
1709411400,416
1709412300,363
1709413200,316
1709414100,274
1709415000,232
1709415900,224
1709416800,246
1709417700,239
1709418600,229
1709419500,220
1709420400,201
1709421300,214
1709422200,223
1709423100,232
1709424000,223
1709424900,211
1709425800,177
1709426700,160
1709427600,195
1709428500,219
1709429400,189
1709430300,164
1709431200,167
1709432100,157
1709433000,226
1709433900,157
1709434800,153
1709435700,161
1709436600,164
1709437500,190
1709438400,215
1709439300,209
1709440200,202
1709441100,186
1709442000,376
1709442900,406
1709443800,216
1709444700,220
1709445600,149
1709446500,146
1709447400,150
1709448300,165
1709449200,194
1709450100,174
1709451000,179
1709451900,320
1709452800,425
1709453700,393
1709454600,446
1709455500,290
1709456400,231
1709457300,429
1709458200,283
1709459100,264
1709460000,253
1709460900,248
1709461800,242
1709462700,265
1709463600,267
1709464500,265
1709465400,282
1709466300,309
1709467200,503
1709468100,349
1709469000,283
1709469900,292
1709470800,298
1709471700,264
1709472600,294
1709473500,289
1709474400,257
1709475300,256
1709476200,244
1709477100,257
1709478000,281
1709478900,319
1709479800,313
1709480700,304
1709481600,331
1709482500,360
1709483400,421
1709484300,915
1709485200,578
1709486100,535
1709487000,462
1709487900,546
1709488800,387
1709489700,503
1709490600,522
1709491500,618
1709492400,654
1709493300,546
1709494200,502
1709495100,498
1709496000,481
1709496900,451
1709497800,405
1709498700,328
1709499600,311
1709500500,309
1709501400,263
1709502300,257
1709503200,275
1709504100,230
1709505000,292
1709505900,231
1709506800,158
1709507700,227
1709508600,216
1709509500,195
1709510400,190
1709511300,190
1709512200,155
1709513100,152
1709514000,164
1709514900,162
1709515800,145
1709516700,155
1709517600,165
1709518500,167
1709519400,194
1709520300,185
1709521200,213
1709522100,219
1709523000,196
1709523900,178
1709524800,162
1709525700,150
1709526600,141
1709527500,191
1709528400,214
1709529300,287
1709530200,240
1709531100,306
1709532000,355
1709532900,343
1709533800,303
1709534700,321
1709535600,569
1709536500,448
1709537400,291
1709538300,325
1709539200,280
1709540100,734
1709541000,472
1709541900,192
1709542800,252
1709543700,522
1709544600,324
1709545500,266
1709546400,244
1709547300,318
1709548200,300
1709549100,245
1709550000,228
1709550900,264
1709551800,223
1709552700,442
1709553600,493
1709554500,376
1709555400,344
1709556300,302
1709557200,349
1709558100,282
1709559000,290
1709559900,557
1709560800,390
1709561700,403
1709562600,536
1709563500,638
1709564400,298
1709565300,262
1709566200,267
1709567100,628
1709568000,531
1709568900,333
1709569800,428
1709570700,841
1709571600,905
1709572500,919
1709573400,508
1709574300,607
1709575200,369
1709576100,333
1709577000,370
1709577900,869
1709578800,370
1709579700,542
1709580600,733
1709581500,448
1709582400,810
1709583300,505
1709584200,956
1709585100,634
1709586000,420
1709586900,349
1709587800,412
1709588700,303
1709589600,242
1709590500,217
1709591400,167
1709592300,150
1709593200,273
1709594100,269
1709595000,245
1709595900,201
1709596800,193
1709597700,182
1709598600,160
1709599500,165
1709600400,160
1709601300,135
1709602200,159
1709603100,146
1709604000,195
1709604900,223
1709605800,244
1709606700,233
1709607600,155
1709608500,153
1709609400,168
1709610300,155
1709611200,163
1709612100,157
1709613000,157
1709613900,208
1709614800,195
1709615700,213
1709616600,198
1709617500,157
1709618400,151
1709619300,136
1709620200,145
1709621100,144
1709622000,143
1709622900,237
1709623800,202
1709624700,248
1709625600,493
1709626500,843
1709627400,1098
1709628300,988
1709629200,715
1709630100,466
1709631000,341
1709631900,325
1709632800,662
1709633700,1017
1709634600,953
1709635500,848
1709636400,1013
1709637300,1041
1709638200,625
1709639100,440
1709640000,555
1709640900,683
1709641800,724
1709642700,833
1709643600,872
1709644500,657
1709645400,464
1709646300,282
1709647200,265
1709648100,339
1709649000,307
1709649900,338
1709650800,299
1709651700,236
1709652600,239
1709653500,268
1709654400,240
1709655300,260
1709656200,251
1709657100,481
1709658000,595
1709658900,547
1709659800,672
1709660700,519
1709661600,670
1709662500,509
1709663400,597
1709664300,786
1709665200,599
1709666100,372
1709667000,437
1709667900,433
1709668800,964
1709669700,471
1709670600,371
1709671500,324
1709672400,316
1709673300,312
1709674200,328
1709675100,317
1709676000,240
1709676900,247
1709677800,254
1709678700,219
1709679600,185
1709680500,247
1709681400,213
1709682300,225
1709683200,210
1709684100,185
1709685000,171
1709685900,173
1709686800,171
1709687700,166
1709688600,147
1709689500,181
1709690400,205
1709691300,214
1709692200,205
1709693100,178
1709694000,158
1709694900,142
1709695800,159
1709696700,152
1709697600,166
1709698500,202
1709699400,216
1709700300,221
1709701200,204
1709702100,145
1709703000,218
1709703900,212
1709704800,188
1709705700,153
1709706600,153
1709707500,145
1709708400,214
1709709300,157
1709710200,623
1709711100,572
1709712000,787
1709712900,301
1709713800,282
1709714700,269
1709715600,658
1709716500,577
1709717400,448
1709718300,616
1709719200,324
1709720100,433
1709721000,378
1709721900,777
1709722800,609
1709723700,431
1709724600,366
1709725500,287
1709726400,272
1709727300,300
1709728200,290
1709729100,296
1709730000,313
1709730900,325
1709731800,355
1709732700,340
1709733600,302
1709734500,302
1709735400,435
1709736300,316
1709737200,418
1709738100,312
1709739000,271
1709739900,254
1709740800,266
1709741700,233
1709742600,336
1709743500,292
1709744400,355
1709745300,410
1709746200,411
1709747100,446
1709748000,399
1709748900,362
1709749800,291
1709750700,289
1709751600,350
1709752500,331
1709753400,337
1709754300,470
1709755200,532
1709756100,435
1709757000,490
1709757900,385
1709758800,362
1709759700,361
1709760600,353
1709761500,280
1709762400,218
1709763300,170
1709764200,176
1709765100,157
1709766000,153
1709766900,194
1709767800,210
1709768700,200
1709769600,213
1709770500,214
1709771400,190
1709772300,151
1709773200,155
1709774100,164
1709775000,143
1709775900,162
1709776800,177
1709777700,204
1709778600,269
1709779500,218
1709780400,209
1709781300,142
1709782200,160
1709783100,154
1709784000,178
1709784900,142
1709785800,216
1709786700,264
1709787600,346
1709788500,237
1709789400,212
1709790300,188
1709791200,168
1709792100,165
1709793000,311
1709793900,179
1709794800,241
1709795700,309
1709796600,246
1709797500,255
1709798400,244
1709799300,214
1709800200,207
1709801100,189
1709802000,217
1709802900,221
1709803800,232
1709804700,277
1709805600,275
1709806500,256
1709807400,238
1709808300,240
1709809200,320
1709810100,233
1709811000,241
1709811900,218
1709812800,227
1709813700,219
1709814600,233
1709815500,409
1709816400,450
1709817300,246
1709818200,275
1709819100,281
1709820000,234
1709820900,229
1709821800,215
1709822700,370
1709823600,418
1709824500,258
1709825400,745
1709826300,845
1709827200,314
1709828100,269
1709829000,292
1709829900,810
1709830800,658
1709831700,466
1709832600,755
1709833500,705
1709834400,475
1709835300,493
1709836200,468
1709837100,482
1709838000,839
1709838900,913
1709839800,415
1709840700,411
1709841600,365
1709842500,372
1709843400,323
1709844300,284
1709845200,310
1709846100,311
1709847000,300
1709847900,307
1709848800,243
1709849700,349
1709850600,203
1709851500,171
1709852400,172
1709853300,200
1709854200,196
1709855100,204
1709856000,196
1709856900,196
1709857800,151
1709858700,152
1709859600,150
1709860500,165
1709861400,187
1709862300,210
1709863200,190
1709864100,212
1709865000,268
1709865900,186
1709866800,167
1709867700,227
1709868600,157
1709869500,151
1709870400,206
1709871300,214
1709872200,217
1709873100,284
1709874000,379
1709874900,235
1709875800,239
1709876700,152
1709877600,175
1709878500,281
1709879400,219
1709880300,221
1709881200,602
1709882100,745
1709883000,482
1709883900,446
1709884800,410
1709885700,383
1709886600,414
1709887500,355
1709888400,393
1709889300,420
1709890200,957
1709891100,363
1709892000,304
1709892900,275
1709893800,360
1709894700,356
1709895600,313
1709896500,391
1709897400,336
1709898300,930
1709899200,838
1709900100,772
1709901000,705
1709901900,259
1709902800,226
1709903700,391
1709904600,391
1709905500,215
1709906400,212
1709907300,201
1709908200,171
1709909100,164
1709910000,195
1709910900,282
1709911800,201
1709912700,227
1709913600,379
1709914500,384
1709915400,310
1709916300,333
1709917200,396
1709918100,418
1709919000,438
1709919900,390
1709920800,430
1709921700,400
1709922600,335
1709923500,364
1709924400,422
1709925300,434
1709926200,403
1709927100,381
1709928000,433
1709928900,454
1709929800,378
1709930700,310
1709931600,318
1709932500,252
1709933400,157
1709934300,181
1709935200,215
1709936100,162
1709937000,141
1709937900,146
1709938800,158
1709939700,198
1709940600,207
1709941500,199
1709942400,196
1709943300,193
1709944200,214
1709945100,203
1709946000,186
1709946900,157
1709947800,152
1709948700,160
1709949600,172
1709950500,222
1709951400,201
1709952300,213
1709953200,209
1709954100,150
1709955000,178
1709955900,211
1709956800,218
1709957700,197
1709958600,201
1709959500,213
1709960400,342
1709961300,335
1709962200,276
1709963100,272
1709964000,498
1709964900,642
1709965800,356
1709966700,316
1709967600,205
1709968500,237
1709969400,241
1709970300,236
1709971200,289
1709972100,294
1709973000,689
1709973900,564
1709974800,374
1709975700,361
1709976600,419
1709977500,431
1709978400,390
1709979300,245
1709980200,234
1709981100,253
1709982000,243
1709982900,426
1709983800,302
1709984700,279
1709985600,322
1709986500,200
1709987400,163
1709988300,172
1709989200,164
1709990100,170
1709991000,177
1709991900,172
1709992800,158
1709993700,178
1709994600,274
1709995500,281
1709996400,215
1709997300,238
1709998200,623
1709999100,431
1710000000,217
1710000900,263
1710001800,310
1710002700,286
1710003600,273
1710004500,272
1710005400,310
1710006300,269
1710007200,248
1710008100,353
1710009000,324
1710009900,425
1710010800,404
1710011700,348
1710012600,409
1710013500,343
1710014400,330
1710015300,502
1710016200,392
1710017100,386
1710018000,374
1710018900,266
1710019800,221
1710020700,179
1710021600,160
1710022500,168
1710023400,172
1710024300,145
1710025200,149
1710026100,198
1710027000,212
1710027900,207
1710028800,213
1710029700,211
1710030600,196
1710031500,194
1710032400,141
1710033300,149
1710034200,155
1710035100,227
1710036000,164
1710036900,207
1710037800,213
1710038700,192
1710039600,212
1710040500,185
1710041400,171
1710042300,170
1710043200,220
1710044100,202
1710045000,202
1710045900,179
1710046800,300
1710047700,244
1710048600,150
1710049500,175
1710050400,277
1710051300,220
1710052200,206
1710053100,245
1710054000,310
1710054900,414
1710055800,265
1710056700,240
1710057600,358
1710058500,310
1710059400,280
1710060300,247
1710061200,273
1710062100,204
1710063000,258
1710063900,344
1710064800,279
1710065700,249
1710066600,198
1710067500,599
1710068400,699
1710069300,298
1710070200,233
1710071100,205
1710072000,223
1710072900,255
1710073800,252
1710074700,306
1710075600,418
1710076500,401
1710077400,362
1710078300,446
1710079200,372
1710080100,289
1710081000,224
1710081900,231
1710082800,238
1710083700,243
1710084600,232
1710085500,220
1710086400,529
1710087300,642
1710088200,358
1710089100,361
1710090000,547
1710090900,557
1710091800,635
1710092700,575
1710093600,563
1710094500,579
1710095400,532
1710096300,586
1710097200,584
1710098100,456
1710099000,539
1710099900,570
1710100800,494
1710101700,473
1710102600,475
1710103500,341
1710104400,278
1710105300,221
1710106200,228
1710107100,228
1710108000,236
1710108900,232
1710109800,183
1710110700,165
1710111600,158
1710112500,219
1710113400,228
1710114300,217
1710115200,200
1710116100,200
1710117000,152
1710117900,158
1710118800,222
1710119700,221
1710120600,186
1710121500,144
1710122400,155
1710123300,163
1710124200,151
1710125100,161
1710126000,167
1710126900,184
1710127800,213
1710128700,185
1710129600,221
1710130500,173
1710131400,140
1710132300,169
1710133200,214
1710134100,305
1710135000,328
1710135900,295
1710136800,456
1710137700,1062
1710138600,369
1710139500,265
1710140400,253
1710141300,355
1710142200,1181
1710143100,393
1710144000,283
1710144900,452
1710145800,653
1710146700,1100
1710147600,528
1710148500,458
1710149400,573
1710150300,890
1710151200,759
1710152100,642
1710153000,439
1710153900,313
1710154800,271
1710155700,288
1710156600,444
1710157500,365
1710158400,329
1710159300,366
1710160200,331
1710161100,333
1710162000,434
1710162900,340
1710163800,374
1710164700,470
1710165600,391
1710166500,585
1710167400,470
1710168300,438
1710169200,282
1710170100,518
1710171000,344
1710171900,254
1710172800,251
1710173700,298
1710174600,334
1710175500,452
1710176400,429
1710177300,461
1710178200,469
1710179100,541
1710180000,408
1710180900,416
1710181800,375
1710182700,436
1710183600,410
1710184500,430
1710185400,421
1710186300,390
1710187200,661
1710188100,838
1710189000,446
1710189900,516
1710190800,535
1710191700,403
1710192600,352
1710193500,301
1710194400,261
1710195300,242
1710196200,234
1710197100,227
1710198000,224
1710198900,204
1710199800,197
1710200700,220
1710201600,195
1710202500,190
1710203400,204
1710204300,206
1710205200,181
1710206100,145
1710207000,164
1710207900,152
1710208800,173
1710209700,150
1710210600,142
1710211500,170
1710212400,205
1710213300,195
1710214200,216
1710215100,200
1710216000,154
1710216900,150
1710217800,157
1710218700,138
1710219600,153
1710220500,141
1710221400,160
1710222300,191
1710223200,191
1710224100,201
1710225000,179
1710225900,206
1710226800,207
1710227700,321
1710228600,206
1710229500,231
1710230400,232
1710231300,234
1710232200,318
1710233100,627
1710234000,371
1710234900,402
1710235800,371
1710236700,520
1710237600,366
1710238500,590
1710239400,622
1710240300,567
1710241200,453
1710242100,576
1710243000,488
1710243900,890
1710244800,533
1710245700,324
1710246600,550
1710247500,310
1710248400,759
1710249300,511
1710250200,349
1710251100,398
1710252000,370
1710252900,523
1710253800,349
1710254700,333
1710255600,368
1710256500,347
1710257400,370
1710258300,377
1710259200,405
1710260100,655
1710261000,967
1710261900,865
1710262800,895
1710263700,800
1710264600,649
1710265500,546
1710266400,477
1710267300,774
1710268200,704
1710269100,724
1710270000,708
1710270900,685
1710271800,605
1710272700,455
1710273600,398
1710274500,428
1710275400,541
1710276300,424
1710277200,430
1710278100,375
1710279000,340
1710279900,318
1710280800,347
1710281700,331
1710282600,282
1710283500,419
1710284400,270
1710285300,310
1710286200,485
1710287100,460
1710288000,234
1710288900,190
1710289800,212
1710290700,647
1710291600,308
1710292500,212
1710293400,217
1710294300,220
1710295200,223
1710296100,210
1710297000,174
1710297900,146
1710298800,177
1710299700,200
1710300600,218
1710301500,197
1710302400,191
1710303300,226
1710304200,165
1710305100,153
1710306000,155
1710306900,157
1710307800,145
1710308700,142
1710309600,158
1710310500,202
1710311400,195
1710312300,201
1710313200,170
1710314100,200
1710315000,273
1710315900,255
1710316800,752
1710317700,291
1710318600,572
1710319500,395
1710320400,597
1710321300,688
1710322200,1077
1710323100,1170
1710324000,1157
1710324900,1243
1710325800,745
1710326700,626
1710327600,408
1710328500,351
1710329400,553
1710330300,769
1710331200,867
1710332100,1403
1710333000,841
1710333900,773
1710334800,533
1710335700,655
1710336600,686
1710337500,307
1710338400,321
1710339300,381
1710340200,343
1710341100,395
1710342000,405
1710342900,345
1710343800,302
1710344700,339
1710345600,349
1710346500,393
1710347400,370
1710348300,348
1710349200,494
1710350100,362
1710351000,515
1710351900,461
1710352800,461
1710353700,528
1710354600,428
1710355500,547
1710356400,627
1710357300,524
1710358200,537
1710359100,485
1710360000,470
1710360900,548
1710361800,530
1710362700,468
1710363600,387
1710364500,319
1710365400,272
1710366300,305
1710367200,295
1710368100,214
1710369000,150
1710369900,172
1710370800,172
1710371700,207
1710372600,197
1710373500,210
1710374400,161
1710375300,149
1710376200,172
1710377100,179
1710378000,150
1710378900,163
1710379800,157
1710380700,185
1710381600,197
1710382500,226
1710383400,225
1710384300,172
1710385200,147
1710386100,159
1710387000,163
1710387900,167
1710388800,159
1710389700,178
1710390600,221
1710391500,249
1710392400,364
1710393300,285
1710394200,237
1710395100,221
1710396000,316
1710396900,331
1710397800,562
1710398700,428
1710399600,434
1710400500,391
1710401400,304
1710402300,391
1710403200,406
1710404100,350
1710405000,370
1710405900,284
1710406800,428
1710407700,792
1710408600,569
1710409500,620
1710410400,642
1710411300,692
1710412200,852
1710413100,785
1710414000,707
1710414900,474
1710415800,416
1710416700,382
1710417600,313
1710418500,366
1710419400,288
1710420300,500
1710421200,392
1710422100,390
1710423000,465
1710423900,425
1710424800,383
1710425700,320
1710426600,322
1710427500,293
1710428400,338
1710429300,286
1710430200,312
1710431100,339
1710432000,454
1710432900,662
1710433800,337
1710434700,311
1710435600,410
1710436500,405
1710437400,390
1710438300,445
1710439200,347
1710440100,356
1710441000,404
1710441900,475
1710442800,497
1710443700,479
1710444600,415
1710445500,423
1710446400,455
1710447300,421
1710448200,422
1710449100,362
1710450000,335
1710450900,368
1710451800,202
1710452700,150
1710453600,229
1710454500,244
1710455400,355
1710456300,277
1710457200,176
1710458100,213
1710459000,199
1710459900,202
1710460800,226
1710461700,201
1710462600,154
1710463500,146
1710464400,158
1710465300,155
1710466200,169
1710467100,174
1710468000,163
1710468900,206
1710469800,197
1710470700,201
1710471600,212
1710472500,189
1710473400,214
1710474300,213
1710475200,179
1710476100,161
1710477000,152
1710477900,210
1710478800,306
1710479700,262
1710480600,202
1710481500,245
1710482400,257
1710483300,207
1710484200,223
1710485100,397
1710486000,435
1710486900,400
1710487800,419
1710488700,408
1710489600,511
1710490500,838
1710491400,771
1710492300,830
1710493200,934
1710494100,530
1710495000,530
1710495900,610
1710496800,491
1710497700,750
1710498600,586
1710499500,492
1710500400,868
1710501300,691
1710502200,712
1710503100,512
1710504000,543
1710504900,734
1710505800,958
1710506700,584
1710507600,647
1710508500,530
1710509400,736
1710510300,783
1710511200,686
1710512100,446
1710513000,434
1710513900,299
1710514800,557
1710515700,323
1710516600,265
1710517500,330
1710518400,311
1710519300,750
1710520200,472
1710521100,375
1710522000,330
1710522900,644
1710523800,776
1710524700,737
1710525600,588
1710526500,493
1710527400,456
1710528300,392
1710529200,540
1710530100,378
1710531000,380
1710531900,389
1710532800,369
1710533700,319
1710534600,365
1710535500,396
1710536400,397
1710537300,388
1710538200,298
1710539100,205
1710540000,207
1710540900,159
1710541800,147
1710542700,138
1710543600,146
1710544500,222
1710545400,191
1710546300,216
1710547200,208
1710548100,161
1710549000,163
1710549900,155
1710550800,207
1710551700,207
1710552600,224
1710553500,171
1710554400,164
1710555300,163
1710556200,157
1710557100,175
1710558000,147
1710558900,156
1710559800,199
1710560700,208
1710561600,207
1710562500,199
1710563400,219
1710564300,184
1710565200,230
1710566100,259
1710567000,715
1710567900,422
1710568800,179
1710569700,298
1710570600,312
1710571500,351
1710572400,295
1710573300,289
1710574200,292
1710575100,288
1710576000,286
1710576900,328
1710577800,426
1710578700,384
1710579600,387
1710580500,315
1710581400,330
1710582300,333
1710583200,333
1710584100,306
1710585000,458
1710585900,319
1710586800,361
1710587700,383
1710588600,349
1710589500,329
1710590400,341
1710591300,349
1710592200,491
1710593100,449
1710594000,349
1710594900,332
1710595800,312
1710596700,309
1710597600,330
1710598500,505
1710599400,355
1710600300,282
1710601200,185
1710602100,200
1710603000,198
1710603900,216
1710604800,171
1710605700,181
1710606600,208
1710607500,221
1710608400,230
1710609300,228
1710610200,310
1710611100,907
1710612000,465
1710612900,466
1710613800,601
1710614700,461
1710615600,495
1710616500,441
1710617400,452
1710618300,438
1710619200,466
1710620100,455
1710621000,486
1710621900,464
1710622800,351
1710623700,393
1710624600,259
1710625500,157
1710626400,147
1710627300,147
1710628200,147
1710629100,148
1710630000,152
1710630900,137
1710631800,171
1710632700,135
1710633600,154
1710634500,220
1710635400,211
1710636300,201
1710637200,198
1710638100,178
1710639000,161
1710639900,199
1710640800,169
1710641700,172
1710642600,150
1710643500,152
1710644400,164
1710645300,187
1710646200,193
1710647100,220
1710648000,220
1710648900,168
1710649800,138
1710650700,204
1710651600,219
1710652500,273
1710653400,199
1710654300,263
1710655200,648
1710656100,475
1710657000,360
1710657900,373
1710658800,346
1710659700,314
1710660600,337
1710661500,182
1710662400,138
1710663300,151
1710664200,126
1710665100,230
1710666000,281
1710666900,253
1710667800,576
1710668700,354
1710669600,353
1710670500,369
1710671400,743
1710672300,619
1710673200,476
1710674100,651
1710675000,264
1710675900,329
1710676800,418
1710677700,371
1710678600,381
1710679500,410
1710680400,249
1710681300,210
1710682200,255
1710683100,280
1710684000,336
1710684900,276
1710685800,207
1710686700,420
1710687600,215
1710688500,196
1710689400,228
1710690300,531
1710691200,452
1710692100,322
1710693000,299
1710693900,456
1710694800,646
1710695700,349
1710696600,407
1710697500,502
1710698400,539
1710699300,464
1710700200,471
1710701100,414
1710702000,509
1710702900,426
1710703800,442
1710704700,429
1710705600,346
1710706500,291
1710707400,267
1710708300,280
1710709200,286
1710710100,173
1710711000,161
1710711900,144
1710712800,150
1710713700,150
1710714600,161
1710715500,150
1710716400,152
1710717300,146
1710718200,155
1710719100,155
1710720000,202
1710720900,198
1710721800,216
1710722700,198
1710723600,165
1710724500,148
1710725400,173
1710726300,172
1710727200,158
1710728100,166
1710729000,159
1710729900,177
1710730800,149
1710731700,159
1710732600,187
1710733500,158
1710734400,194
1710735300,220
1710736200,237
1710737100,245
1710738000,184
1710738900,236
1710739800,225
1710740700,815
1710741600,528
1710742500,183
1710743400,308
1710744300,255
1710745200,246
1710746100,425
1710747000,494
1710747900,372
1710748800,329
1710749700,436
1710750600,420
1710751500,466
1710752400,313
1710753300,283
1710754200,327
1710755100,491
1710756000,368
1710756900,510
1710757800,376
1710758700,306
1710759600,305
1710760500,291
1710761400,301
1710762300,241
1710763200,237
1710764100,260
1710765000,249
1710765900,249
1710766800,256
1710767700,266
1710768600,340
1710769500,515
1710770400,396
1710771300,275
1710772200,349
1710773100,337
1710774000,759
1710774900,379
1710775800,397
1710776700,400
1710777600,408
1710778500,253
1710779400,274
1710780300,285
1710781200,316
1710782100,551
1710783000,832
1710783900,719
1710784800,678
1710785700,419
1710786600,325
1710787500,347
1710788400,435
1710789300,481
1710790200,491
1710791100,473
1710792000,483
1710792900,450
1710793800,458
1710794700,463
1710795600,457
1710796500,438
1710797400,382
1710798300,394
1710799200,436
1710800100,235
1710801000,211
1710801900,210
1710802800,217
1710803700,256
1710804600,133
1710805500,134
1710806400,124
1710807300,132
1710808200,125
1710809100,147
1710810000,164
1710810900,190
1710811800,248
1710812700,176
1710813600,166
1710814500,124
1710815400,145
1710816300,144
1710817200,159
1710818100,152
1710819000,120
1710819900,139
1710820800,173
1710821700,138
1710822600,146
1710823500,140
1710824400,144
1710825300,137
1710826200,127
1710827100,148
1710828000,140
1710828900,222
1710829800,150
1710830700,266
1710831600,261
1710832500,390
1710833400,771
1710834300,754
1710835200,467
1710836100,588
1710837000,777
1710837900,468
1710838800,417
1710839700,367
1710840600,289
1710841500,425
1710842400,753
1710843300,976
1710844200,588
1710845100,419
1710846000,523
1710846900,715
1710847800,548
1710848700,803
1710849600,722
1710850500,346
1710851400,315
1710852300,297
1710853200,853
1710854100,505
1710855000,306
1710855900,294
1710856800,277
1710857700,221
1710858600,281
1710859500,280
1710860400,226
1710861300,257
1710862200,288
1710863100,221
1710864000,240
1710864900,221
1710865800,310
1710866700,301
1710867600,331
1710868500,584
1710869400,347
1710870300,444
1710871200,389
1710872100,518
1710873000,287
1710873900,256
1710874800,367
1710875700,317
1710876600,305
1710877500,253
1710878400,249
1710879300,261
1710880200,237
1710881100,280
1710882000,259
1710882900,252
1710883800,249
1710884700,235
1710885600,214
1710886500,179
1710887400,176
1710888300,177
1710889200,169
1710890100,229
1710891000,217
1710891900,207
1710892800,208
1710893700,172
1710894600,171
1710895500,165
1710896400,168
1710897300,156
1710898200,173
1710899100,178
1710900000,167
1710900900,179
1710901800,165
1710902700,213
1710903600,198
1710904500,232
1710905400,177
1710906300,174
1710907200,165
1710908100,164
1710909000,172
1710909900,177
1710910800,160
1710911700,171
1710912600,172
1710913500,183
1710914400,150
1710915300,168
1710916200,148
1710917100,153
1710918000,185
1710918900,153
1710919800,165
1710920700,227
1710921600,782
1710922500,497
1710923400,263
1710924300,395
1710925200,231
1710926100,323
1710927000,768
1710927900,319
1710928800,287
1710929700,332
1710930600,394
1710931500,319
1710932400,348
1710933300,656
1710934200,560
1710935100,392
1710936000,454
1710936900,677
1710937800,716
1710938700,313
1710939600,548
1710940500,1021
1710941400,1274
1710942300,792
1710943200,494
1710944100,207
1710945000,262
1710945900,228
1710946800,269
1710947700,267
1710948600,297
1710949500,301
1710950400,326
1710951300,272
1710952200,276
1710953100,264
1710954000,515
1710954900,339
1710955800,396
1710956700,570
1710957600,435
1710958500,337
1710959400,324
1710960300,394
1710961200,355
1710962100,295
1710963000,332
1710963900,400
1710964800,405
1710965700,373
1710966600,437
1710967500,498
1710968400,416
1710969300,405
1710970200,389
1710971100,331
1710972000,370
1710972900,325
1710973800,227
1710974700,159
1710975600,174
1710976500,159
1710977400,154
1710978300,193
1710979200,217
1710980100,200
1710981000,150
1710981900,161
1710982800,176
1710983700,166
1710984600,177
1710985500,159
1710986400,176
1710987300,158
1710988200,171
1710989100,182
1710990000,179
1710990900,174
1710991800,193
1710992700,190
1710993600,172
1710994500,161
1710995400,184
1710996300,209
1710997200,263
1710998100,277
1710999000,215
1710999900,223
1711000800,348
1711001700,161
1711002600,198
1711003500,237
1711004400,251
1711005300,162
1711006200,175
1711007100,454
1711008000,347
1711008900,218
1711009800,198
1711010700,272
1711011600,706
1711012500,247
1711013400,205
1711014300,206
1711015200,196
1711016100,359
1711017000,398
1711017900,986
1711018800,874
1711019700,273
1711020600,286
1711021500,279
1711022400,402
1711023300,438
1711024200,442
1711025100,263
1711026000,296
1711026900,268
1711027800,291
1711028700,311
1711029600,323
1711030500,479
1711031400,359
1711032300,278
1711033200,281
1711034100,277
1711035000,384
1711035900,255
1711036800,290
1711037700,816
1711038600,760
1711039500,415
1711040400,292
1711041300,528
1711042200,474
1711043100,499
1711044000,553
1711044900,500
1711045800,461
1711046700,425
1711047600,407
1711048500,476
1711049400,409
1711050300,399
1711051200,423
1711052100,352
1711053000,463
1711053900,361
1711054800,335
1711055700,286
1711056600,214
1711057500,190
1711058400,175
1711059300,148
1711060200,154
1711061100,150
1711062000,163
1711062900,194
1711063800,197
1711064700,202
1711065600,194
1711066500,162
1711067400,155
1711068300,167
1711069200,170
1711070100,158
1711071000,248
1711071900,190
1711072800,167
1711073700,161
1711074600,173
1711075500,174
1711076400,163
1711077300,165
1711078200,181
1711079100,190
1711080000,214
1711080900,216
1711081800,219
1711082700,227
1711083600,233
1711084500,233
1711085400,245
1711086300,228
1711087200,214
1711088100,241
1711089000,185
1711089900,155
1711090800,148
1711091700,154
1711092600,150
1711093500,171
1711094400,166
1711095300,164
1711096200,159
1711097100,155
1711098000,178
1711098900,183
1711099800,180
1711100700,193
1711101600,168
1711102500,185
1711103400,191
1711104300,157
1711105200,190
1711106100,239
1711107000,398
1711107900,275
1711108800,234
1711109700,249
1711110600,351
1711111500,359
1711112400,485
1711113300,490
1711114200,391
1711115100,372
1711116000,405
1711116900,309
1711117800,255
1711118700,286
1711119600,216
1711120500,174
1711121400,186
1711122300,439
1711123200,194
1711124100,222
1711125000,187
1711125900,227
1711126800,242
1711127700,341
1711128600,408
1711129500,423
1711130400,406
1711131300,496
1711132200,431
1711133100,361
1711134000,332
1711134900,390
1711135800,388
1711136700,456
1711137600,445
1711138500,433
1711139400,372
1711140300,478
1711141200,444
1711142100,354
1711143000,342
1711143900,206
1711144800,174
1711145700,162
1711146600,146
1711147500,141
1711148400,129
1711149300,135
1711150200,128
1711151100,138
1711152000,158
1711152900,227
1711153800,195
1711154700,179
1711155600,144
1711156500,156
1711157400,161
1711158300,146
1711159200,184
1711160100,201
1711161000,159
1711161900,162
1711162800,154
1711163700,149
1711164600,149
1711165500,147
1711166400,155
1711167300,188
1711168200,172
1711169100,190
1711170000,211
1711170900,238
1711171800,287
1711172700,274
1711173600,221
1711174500,201
1711175400,226
1711176300,286
1711177200,215
1711178100,679
1711179000,344
1711179900,195
1711180800,265
1711181700,284
1711182600,277
1711183500,419
1711184400,296
1711185300,239
1711186200,232
1711187100,234
1711188000,407
1711188900,759
1711189800,265
1711190700,283
1711191600,248
1711192500,418
1711193400,413
1711194300,381
1711195200,361
1711196100,481
1711197000,384
1711197900,265
1711198800,179
1711199700,251
1711200600,170
1711201500,163
1711202400,182
1711203300,186
1711204200,192
1711205100,141
1711206000,247
1711206900,160
1711207800,152
1711208700,171
1711209600,180
1711210500,164
1711211400,186
1711212300,167
1711213200,186
1711214100,244
1711215000,589
1711215900,574
1711216800,373
1711217700,342
1711218600,489
1711219500,423
1711220400,358
1711221300,297
1711222200,283
1711223100,358
1711224000,381
1711224900,307
1711225800,248
1711226700,352
1711227600,236
1711228500,171
1711229400,176
1711230300,179
1711231200,229
1711232100,249
1711233000,169
1711233900,167
1711234800,177
1711235700,220
1711236600,202
1711237500,212
1711238400,197
1711239300,183
1711240200,165
1711241100,158
1711242000,149
1711242900,155
1711243800,148
1711244700,171
1711245600,163
1711246500,153
1711247400,154
1711248300,159
1711249200,163
1711250100,153
1711251000,158
1711251900,178
1711252800,176
1711253700,172
1711254600,171
1711255500,234
1711256400,229
1711257300,206
1711258200,219
1711259100,304
1711260000,225
1711260900,249
1711261800,173
1711262700,176
1711263600,204
1711264500,183
1711265400,250
1711266300,219
1711267200,224
1711268100,232
1711269000,177
1711269900,171
1711270800,175
1711271700,170
1711272600,180
1711273500,178
1711274400,142
1711275300,149
1711276200,145
1711277100,159
1711278000,149
1711278900,271
1711279800,164
1711280700,152
1711281600,210
1711282500,217
1711283400,180
1711284300,211
1711285200,141
1711286100,154
1711287000,221
1711287900,321
1711288800,176
1711289700,183
1711290600,240
1711291500,267
1711292400,315
1711293300,194
1711294200,167
1711295100,221
1711296000,190
1711296900,224
1711297800,176
1711298700,399
1711299600,314
1711300500,693
1711301400,433
1711302300,295
1711303200,372
1711304100,386
1711305000,816
1711305900,480
1711306800,367
1711307700,375
1711308600,381
1711309500,311
1711310400,365
1711311300,356
1711312200,263
1711313100,222
1711314000,158
1711314900,168
1711315800,141
1711316700,152
1711317600,167
1711318500,156
1711319400,144
1711320300,166
1711321200,156
1711322100,157
1711323000,131
1711323900,163
1711324800,216
1711325700,218
1711326600,191
1711327500,175
1711328400,162
1711329300,151
1711330200,151
1711331100,166
1711332000,182
1711332900,186
1711333800,139
1711334700,137
1711335600,143
1711336500,149
1711337400,158
1711338300,132
1711339200,139
1711340100,149
1711341000,148
1711341900,200
1711342800,205
1711343700,229
1711344600,287
1711345500,276
1711346400,271
1711347300,276
1711348200,193
1711349100,190
1711350000,234
1711350900,192
1711351800,161
1711352700,177
1711353600,229
1711354500,467
1711355400,390
1711356300,383
1711357200,629
1711358100,784
1711359000,610
1711359900,955
1711360800,533
1711361700,969
1711362600,910
1711363500,447
1711364400,297
1711365300,339
1711366200,273
1711367100,574
1711368000,809
1711368900,565
1711369800,497
1711370700,483
1711371600,366
1711372500,293
1711373400,293
1711374300,351
1711375200,243
1711376100,211
1711377000,218
1711377900,196
1711378800,210
1711379700,1234
1711380600,796
1711381500,749
1711382400,758
1711383300,407
1711384200,286
1711385100,325
1711386000,320
1711386900,296
1711387800,258
1711388700,234
1711389600,448
1711390500,348
1711391400,337
1711392300,385
1711393200,381
1711394100,335
1711395000,318
1711395900,323
1711396800,302
1711397700,307
1711398600,321
1711399500,354
1711400400,336
1711401300,210
1711402200,204
1711403100,221
1711404000,225
1711404900,223
1711405800,217
1711406700,198
1711407600,171
1711408500,172
1711409400,154
1711410300,186
1711411200,177
1711412100,161
1711413000,173
1711413900,167
1711414800,181
1711415700,169
1711416600,163
1711417500,209
1711418400,172
1711419300,162
1711420200,182
1711421100,174
1711422000,174
1711422900,156
1711423800,231
1711424700,184
1711425600,178
1711426500,155
1711427400,148
1711428300,168
1711429200,156
1711430100,187
1711431000,235
1711431900,239
1711432800,210
1711433700,216
1711434600,201
1711435500,230
1711436400,568
1711437300,771
1711438200,557
1711439100,522
1711440000,232
1711440900,255
1711441800,233
1711442700,409
1711443600,376
1711444500,348
1711445400,310
1711446300,269
1711447200,412
1711448100,721
1711449000,658
1711449900,414
1711450800,346
1711451700,265
1711452600,371
1711453500,823
1711454400,550
1711455300,476
1711456200,371
1711457100,565
1711458000,535
1711458900,265
1711459800,201
1711460700,202
1711461600,338
1711462500,320
1711463400,349
1711464300,296
1711465200,410
1711466100,426
1711467000,247
1711467900,209
1711468800,212
1711469700,219
1711470600,222
1711471500,241
1711472400,249
1711473300,295
1711474200,292
1711475100,250
1711476000,307
1711476900,179
1711477800,176
1711478700,171
1711479600,238
1711480500,314
1711481400,292
1711482300,298
1711483200,271
1711484100,214
1711485000,215
1711485900,248
1711486800,190
1711487700,147
1711488600,165
1711489500,167
1711490400,162
1711491300,252
1711492200,223
1711493100,223
1711494000,205
1711494900,303
1711495800,231
1711496700,191
1711497600,163
1711498500,171
1711499400,199
1711500300,168
1711501200,178
1711502100,229
1711503000,218
1711503900,224
1711504800,164
1711505700,175
1711506600,184
1711507500,153
1711508400,174
1711509300,174
1711510200,201
1711511100,152
1711512000,139
1711512900,157
1711513800,139
1711514700,178
1711515600,140
1711516500,178
1711517400,190
1711518300,183
1711519200,180
1711520100,201
1711521000,276
1711521900,212
1711522800,607
1711523700,530
1711524600,334
1711525500,409
1711526400,267
1711527300,364
1711528200,338
1711529100,332
1711530000,400
1711530900,302
1711531800,309
1711532700,269
1711533600,318
1711534500,311
1711535400,278
1711536300,250
1711537200,258
1711538100,323
1711539000,242
1711539900,672
1711540800,311
1711541700,266
1711542600,235
1711543500,222
1711544400,234
1711545300,279
1711546200,258
1711547100,240
1711548000,181
1711548900,183
1711549800,175
1711550700,172
1711551600,176
1711552500,212
1711553400,768
1711554300,508
1711555200,325
1711556100,247
1711557000,200
1711557900,269
1711558800,291
1711559700,289
1711560600,309
1711561500,297
1711562400,400
1711563300,549
1711564200,569
1711565100,388
1711566000,366
1711566900,337
1711567800,321
1711568700,364
1711569600,345
1711570500,263
1711571400,264
1711572300,207
1711573200,190
1711574100,169
1711575000,146
1711575900,157
1711576800,166
1711577700,156
1711578600,168
1711579500,144
1711580400,155
1711581300,158
1711582200,139
1711583100,161
1711584000,165
1711584900,139
1711585800,168
1711586700,174
1711587600,204
1711588500,233
1711589400,205
1711590300,187
1711591200,174
1711592100,162
1711593000,175
1711593900,177
1711594800,175
1711595700,162
1711596600,155
1711597500,227
1711598400,312
1711599300,328
1711600200,218
1711601100,238
1711602000,264
1711602900,162
1711603800,241
1711604700,200
1711605600,189
1711606500,221
1711607400,217
1711608300,206
1711609200,205
1711610100,192
1711611000,300
1711611900,348
1711612800,365
1711613700,352
1711614600,441
1711615500,489
1711616400,471
1711617300,392
1711618200,342
1711619100,384
1711620000,422
1711620900,389
1711621800,235
1711622700,399
1711623600,406
1711624500,507
1711625400,441
1711626300,405
1711627200,414
1711628100,339
1711629000,339
1711629900,344
1711630800,475
1711631700,381
1711632600,349
1711633500,250
1711634400,183
1711635300,515
1711636200,175
1711637100,184
1711638000,316
1711638900,234
1711639800,303
1711640700,268
1711641600,257
1711642500,176
1711643400,284
1711644300,265
1711645200,239
1711646100,264
1711647000,316
1711647900,355
1711648800,416
1711649700,358
1711650600,424
1711651500,478
1711652400,304
1711653300,278
1711654200,284
1711655100,294
1711656000,303
1711656900,233
1711657800,177
1711658700,165
1711659600,166
1711660500,149
1711661400,165
1711662300,241
1711663200,154
1711664100,159
1711665000,169
1711665900,160
1711666800,166
1711667700,162
1711668600,174
1711669500,168
1711670400,185
1711671300,225
1711672200,218
1711673100,226
1711674000,178
1711674900,192
1711675800,215
1711676700,178
1711677600,218
1711678500,164
1711679400,152
1711680300,148
1711681200,138
1711682100,143
1711683000,158
1711683900,207
1711684800,422
1711685700,261
1711686600,270
1711687500,167
1711688400,200
1711689300,170
1711690200,185
1711691100,593
1711692000,793
1711692900,202
1711693800,259
1711694700,309
1711695600,747
1711696500,343
1711697400,179
1711698300,143
1711699200,160
1711700100,144
1711701000,166
1711701900,331
1711702800,189
1711703700,232
1711704600,326
1711705500,218
1711706400,170
1711707300,255
1711708200,205
1711709100,178
1711710000,207
1711710900,491
1711711800,708
1711712700,412
1711713600,236
1711714500,275
1711715400,216
1711716300,188
1711717200,200
1711718100,252
1711719000,278
1711719900,280
1711720800,441
1711721700,594
1711722600,227
1711723500,151
1711724400,216
1711725300,257
1711726200,249
1711727100,354
1711728000,884
1711728900,384
1711729800,350
1711730700,216
1711731600,698
1711732500,899
1711733400,801
1711734300,749
1711735200,731
1711736100,387
1711737000,532
1711737900,483
1711738800,380
1711739700,361
1711740600,315
1711741500,305
1711742400,381
1711743300,318
1711744200,301
1711745100,183
1711746000,170
1711746900,181
1711747800,165
1711748700,157
1711749600,186
1711750500,174
1711751400,154
1711752300,183
1711753200,173
1711754100,175
1711755000,161
1711755900,172
1711756800,197
1711757700,163
1711758600,155
1711759500,146
1711760400,161
1711761300,150
1711762200,172
1711763100,182
1711764000,152
1711764900,177
1711765800,196
1711766700,224
1711767600,231
1711768500,173
1711769400,172
1711770300,203
1711771200,322
1711772100,326
1711773000,229
1711773900,256
1711774800,237
1711775700,266
1711776600,205
1711777500,234
1711778400,222
1711779300,366
1711780200,695
1711781100,1151
1711782000,584
1711782900,564
1711783800,355
1711784700,383
1711785600,318
1711786500,499
1711787400,563
1711788300,344
1711789200,1014
1711790100,824
1711791000,753
1711791900,519
1711792800,266
1711793700,313
1711794600,288
1711795500,526
1711796400,1063
1711797300,803
1711798200,849
1711799100,556
1711800000,239
1711800900,327
1711801800,275
1711802700,476
1711803600,452
1711804500,464
1711805400,309
1711806300,240
1711807200,207
1711808100,306
1711809000,256
1711809900,564
1711810800,191
1711811700,206
1711812600,306
1711813500,287
1711814400,237
1711815300,227
1711816200,227
1711817100,241
1711818000,271
1711818900,415
1711819800,337
1711820700,371
1711821600,398
1711822500,361
1711823400,370
1711824300,405
1711825200,384
1711826100,438
1711827000,357
1711827900,322
1711828800,299
1711829700,320
1711830600,304
1711831500,217
1711832400,248
1711833300,149
1711834200,153
1711835100,153
1711836000,140
1711836900,255
1711837800,297
1711838700,192
1711839600,219
1711840500,246
1711841400,223
1711842300,198
1711843200,149
1711844100,135
1711845000,137
1711845900,144
1711846800,141
1711847700,139
1711848600,143
1711849500,143
1711850400,151
1711851300,146
1711852200,141
1711853100,157
1711854000,147
1711854900,162
1711855800,156
1711856700,206
1711857600,374
1711858500,488
1711859400,277
1711860300,323
1711861200,226
1711862100,251
1711863000,221
1711863900,385
1711864800,316
1711865700,314
1711866600,266
1711867500,226
1711868400,231
1711869300,218
1711870200,301
1711871100,231
1711872000,205
1711872900,285
1711873800,274
1711874700,460
1711875600,330
1711876500,351
1711877400,898
1711878300,923
1711879200,830
1711880100,362
1711881000,353
1711881900,322
1711882800,319
1711883700,147
1711884600,259
1711885500,443
1711886400,705
1711887300,366
1711888200,175
1711889100,174
1711890000,214
1711890900,305
1711891800,334
1711892700,199
1711893600,362
1711894500,995
1711895400,415
1711896300,406
1711897200,372
1711898100,371
1711899000,329
1711899900,346
1711900800,382
1711901700,329
1711902600,327
1711903500,319
1711904400,338
1711905300,326
1711906200,402
1711907100,451
1711908000,528
1711908900,416
1711909800,544
1711910700,432
1711911600,445
1711912500,397
1711913400,379
1711914300,348
1711915200,383
1711916100,414
1711917000,314
1711917900,342
1711918800,272
1711919700,187
1711920600,169
1711921500,145
1711922400,171
1711923300,229
1711924200,186
1711925100,210
1711926000,215
1711926900,176
1711927800,144
1711928700,140
1711929600,152
1711930500,146
1711931400,130
1711932300,143
1711933200,140
1711934100,141
1711935000,152
1711935900,131
1711936800,158
1711937700,181
1711938600,199
1711939500,186
1711940400,202
1711941300,177
1711942200,141
1711943100,135
1711944000,157
1711944900,141
1711945800,165
1711946700,145
1711947600,149
1711948500,165
1711949400,180
1711950300,269
1711951200,357
1711952100,298
1711953000,391
1711953900,467
1711954800,371
1711955700,253
1711956600,643
1711957500,921
1711958400,522
1711959300,609
1711960200,658
1711961100,1370
1711962000,693
1711962900,395
1711963800,276
1711964700,361
1711965600,416
1711966500,649
1711967400,487
1711968300,259
1711969200,262
1711970100,228
1711971000,214
1711971900,197
1711972800,214
1711973700,206
1711974600,220
1711975500,231
1711976400,209
1711977300,187
1711978200,226
1711979100,271
1711980000,213
1711980900,222
1711981800,221
1711982700,224
1711983600,243
1711984500,294
1711985400,384
1711986300,301
1711987200,276
1711988100,661
1711989000,764
1711989900,635
1711990800,338
1711991700,245
1711992600,290
1711993500,247
1711994400,430
1711995300,871
1711996200,780
1711997100,660
1711998000,561
1711998900,589
1711999800,593
1712000700,701
1712001600,556
1712002500,322
1712003400,353
1712004300,261
1712005200,197
1712006100,187
1712007000,184
1712007900,149
1712008800,125
1712009700,116
1712010600,138
1712011500,142
1712012400,140
1712013300,181
1712014200,186
1712015100,178
1712016000,170
1712016900,122
1712017800,126
1712018700,120
1712019600,111
1712020500,118
1712021400,130
1712022300,128
1712023200,121
1712024100,135
1712025000,120
1712025900,114
1712026800,128
1712027700,128
1712028600,189
1712029500,186
1712030400,184
1712031300,160
1712032200,129
1712033100,129
1712034000,137
1712034900,198
1712035800,257
1712036700,170
1712037600,178
1712038500,225
1712039400,180
1712040300,199
1712041200,337
1712042100,496
1712043000,225
1712043900,266
1712044800,527
1712045700,512
1712046600,421
1712047500,392
1712048400,478
1712049300,488
1712050200,694
1712051100,617
1712052000,919
1712052900,784
1712053800,453
1712054700,476
1712055600,305
1712056500,331
1712057400,392
1712058300,271
1712059200,736
1712060100,636
1712061000,282
1712061900,258
1712062800,272
1712063700,310
1712064600,363
1712065500,344
1712066400,964
1712067300,391
1712068200,373
1712069100,939
1712070000,1021
1712070900,1429
1712071800,888
1712072700,329
1712073600,247
1712074500,242
1712075400,343
1712076300,439
1712077200,941
1712078100,488
1712079000,269
1712079900,296
1712080800,300
1712081700,359
1712082600,360
1712083500,311
1712084400,293
1712085300,269
1712086200,302
1712087100,255
1712088000,283
1712088900,253
1712089800,235
1712090700,403
1712091600,429
1712092500,282
1712093400,333
1712094300,269
1712095200,232
1712096100,243
1712097000,244
1712097900,335
1712098800,183
1712099700,133
1712100600,134
1712101500,147
1712102400,170
1712103300,160
1712104200,149
1712105100,132
1712106000,124
1712106900,119
1712107800,121
1712108700,138
1712109600,234
1712110500,175
1712111400,162
1712112300,113
1712113200,159
1712114100,162
1712115000,144
1712115900,159
1712116800,153
1712117700,136
1712118600,121
1712119500,138
1712120400,123
1712121300,119
1712122200,167
1712123100,198
1712124000,224
1712124900,716
1712125800,608
1712126700,392
1712127600,282
1712128500,369
1712129400,262
1712130300,716
1712131200,371
1712132100,289
1712133000,276
1712133900,496
1712134800,812
1712135700,374
1712136600,316
1712137500,300
1712138400,330
1712139300,340
1712140200,367
1712141100,319
1712142000,270
1712142900,250
1712143800,243
1712144700,364
1712145600,235
1712146500,204
1712147400,202
1712148300,303
1712149200,280
1712150100,280
1712151000,411
1712151900,340
1712152800,371
1712153700,357
1712154600,336
1712155500,848
1712156400,626
1712157300,583
1712158200,590
1712159100,295
1712160000,303
1712160900,294
1712161800,243
1712162700,254
1712163600,249
1712164500,270
1712165400,273
1712166300,256
1712167200,281
1712168100,304
1712169000,264
1712169900,273
1712170800,331
1712171700,269
1712172600,264
1712173500,271
1712174400,297
1712175300,265
1712176200,280
1712177100,308
1712178000,345
1712178900,412
1712179800,218
1712180700,241
1712181600,245
1712182500,259
1712183400,253
1712184300,201
1712185200,191
1712186100,143
1712187000,136
1712187900,130
1712188800,161
1712189700,146
1712190600,178
1712191500,154
1712192400,125
1712193300,117
1712194200,110
1712195100,129
1712196000,132
1712196900,118
1712197800,113
1712198700,115
1712199600,149
1712200500,169
1712201400,211
1712202300,202
1712203200,203
1712204100,158
1712205000,134
1712205900,133
1712206800,123
1712207700,139
1712208600,178
1712209500,135
1712210400,142
1712211300,148
1712212200,161
1712213100,245
1712214000,659
1712214900,299
1712215800,245
1712216700,259
1712217600,963
1712218500,563
1712219400,636
1712220300,531
1712221200,623
1712222100,856
1712223000,781
1712223900,476
1712224800,267
1712225700,357
1712226600,359
1712227500,238
1712228400,232
1712229300,572
1712230200,771
1712231100,368
1712232000,381
1712232900,334
1712233800,665
1712234700,598
1712235600,385
1712236500,371
1712237400,348
1712238300,303
1712239200,301
1712240100,391
1712241000,373
1712241900,363
1712242800,351
1712243700,344
1712244600,355
1712245500,588
1712246400,702
1712247300,380
1712248200,493
1712249100,502
1712250000,382
1712250900,444
1712251800,442
1712252700,408
1712253600,500
1712254500,433
1712255400,532
1712256300,496
1712257200,449
1712258100,401
1712259000,358
1712259900,384
1712260800,395
1712261700,356
1712262600,278
1712263500,246
1712264400,226
1712265300,218
1712266200,250
1712267100,240
1712268000,186
1712268900,144
1712269800,170
1712270700,179
1712271600,169
1712272500,205
1712273400,208
1712274300,208
1712275200,154
1712276100,136
1712277000,217
1712277900,160
1712278800,154
1712279700,139
1712280600,163
1712281500,147
1712282400,156
1712283300,146
1712284200,144
1712285100,172
1712286000,188
1712286900,190
1712287800,168
1712288700,185
1712289600,421
1712290500,288
1712291400,238
1712292300,148
1712293200,219
1712294100,137
1712295000,199
1712295900,169
1712296800,371
1712297700,344
1712298600,363
1712299500,248
1712300400,209
1712301300,211
1712302200,185
1712303100,214
1712304000,269
1712304900,169
1712305800,230
1712306700,204
1712307600,185
1712308500,258
1712309400,330
1712310300,457
1712311200,430
1712312100,266
1712313000,242
1712313900,254
1712314800,411
1712315700,459
1712316600,426
1712317500,850
1712318400,575
1712319300,287
1712320200,266
1712321100,282
1712322000,390
1712322900,229
1712323800,278
1712324700,206
1712325600,233
1712326500,172
1712327400,583
1712328300,710
1712329200,639
1712330100,230
1712331000,262
1712331900,231
1712332800,364
1712333700,465
1712334600,230
1712335500,257
1712336400,406
1712337300,1059
1712338200,537
1712339100,279
1712340000,288
1712340900,663
1712341800,518
1712342700,214
1712343600,219
1712344500,222
1712345400,222
1712346300,259
1712347200,198
1712348100,171
1712349000,333
1712349900,252
1712350800,281
1712351700,179
1712352600,160
1712353500,145
1712354400,159
1712355300,164
1712356200,207
1712357100,203
1712358000,214
1712358900,172
1712359800,154
1712360700,161
1712361600,181
1712362500,164
1712363400,140
1712364300,163
1712365200,155
1712366100,165
1712367000,178
1712367900,153
1712368800,205
1712369700,206
1712370600,259
1712371500,163
1712372400,153
1712373300,145
1712374200,151
1712375100,189
1712376000,335
1712376900,319
1712377800,259
1712378700,274
1712379600,357
1712380500,697
1712381400,360
1712382300,293
1712383200,282
1712384100,288
1712385000,185
1712385900,201
1712386800,191
1712387700,181
1712388600,159
1712389500,188
1712390400,316
1712391300,334
1712392200,251
1712393100,304
1712394000,305
1712394900,265
1712395800,200
1712396700,362
1712397600,235
1712398500,223
1712399400,201
1712400300,222
1712401200,256
1712402100,203
1712403000,253
1712403900,278
1712404800,294
1712405700,589
1712406600,547
1712407500,217
1712408400,174
1712409300,189
1712410200,258
1712411100,209
1712412000,193
1712412900,195
1712413800,204
1712414700,224
1712415600,307
1712416500,237
1712417400,498
1712418300,205
1712419200,187
1712420100,197
1712421000,239
1712421900,245
1712422800,245
1712423700,213
1712424600,230
1712425500,283
1712426400,366
1712427300,384
1712428200,435
1712429100,393
1712430000,365
1712430900,279
1712431800,329
1712432700,275
1712433600,209
1712434500,217
1712435400,254
1712436300,189
1712437200,145
1712438100,156
1712439000,158
1712439900,159
1712440800,171
1712441700,152
1712442600,142
1712443500,161
1712444400,164
1712445300,163
1712446200,160
1712447100,198
1712448000,242
1712448900,198
1712449800,207
1712450700,212
1712451600,148
1712452500,151
1712453400,161
1712454300,157
1712455200,164
1712456100,222
1712457000,167
1712457900,136
1712458800,143
1712459700,136
1712460600,145
1712461500,184
1712462400,285
1712463300,336
1712464200,212
1712465100,266
1712466000,596
1712466900,665
1712467800,569
1712468700,276
1712469600,252
1712470500,211
1712471400,231
1712472300,407
1712473200,251
1712474100,227
1712475000,213
1712475900,201
1712476800,190
1712477700,252
1712478600,255
1712479500,176
1712480400,241
1712481300,232
1712482200,206
1712483100,480
1712484000,255
1712484900,215
1712485800,195
1712486700,202
1712487600,186
1712488500,199
1712489400,186
1712490300,341
1712491200,241
1712492100,263
1712493000,204
1712493900,151
1712494800,169
1712495700,151
1712496600,262
1712497500,235
1712498400,167
1712499300,305
1712500200,248
1712501100,172
1712502000,275
1712502900,611
1712503800,271
1712504700,208
1712505600,195
1712506500,201
1712507400,341
1712508300,291
1712509200,264
1712510100,293
1712511000,322
1712511900,287
1712512800,305
1712513700,397
1712514600,427
1712515500,356
1712516400,335
1712517300,315
1712518200,297
1712519100,299
1712520000,279
1712520900,227
1712521800,201
1712522700,147
1712523600,160
1712524500,156
1712525400,238
1712526300,209
1712527200,157
1712528100,222
1712529000,212
1712529900,227
1712530800,195
1712531700,178
1712532600,165
1712533500,167
1712534400,169
1712535300,177
1712536200,175
1712537100,160
1712538000,151
1712538900,163
1712539800,169
1712540700,167
1712541600,222
1712542500,160
1712543400,155
1712544300,161
1712545200,137
1712546100,158
1712547000,154
1712547900,223
1712548800,370
1712549700,193
1712550600,191
1712551500,308
1712552400,217
1712553300,268
1712554200,262
1712555100,673
1712556000,327
1712556900,238
1712557800,199
1712558700,391
1712559600,210
1712560500,223
1712561400,227
1712562300,650
1712563200,255
1712564100,257
1712565000,269
1712565900,304
1712566800,294
1712567700,266
1712568600,217
1712569500,214
1712570400,178
1712571300,199
1712572200,245
1712573100,300
1712574000,367
1712574900,357
1712575800,258
1712576700,264
1712577600,386
1712578500,224
1712579400,355
1712580300,255
1712581200,282
1712582100,293
1712583000,336
1712583900,353
1712584800,729
1712585700,385
1712586600,325
1712587500,281
1712588400,536
1712589300,663
1712590200,670
1712591100,418
1712592000,357
1712592900,353
1712593800,354
1712594700,354
1712595600,258
1712596500,198
1712597400,216
1712598300,427
1712599200,926
1712600100,1050
1712601000,493
1712601900,414
1712602800,370
1712603700,382
1712604600,354
1712605500,334
1712606400,315
1712607300,282
1712608200,281
1712609100,344
1712610000,295
1712610900,372
1712611800,312
1712612700,172
1712613600,203
1712614500,152
1712615400,155
1712616300,158
1712617200,176
1712618100,188
1712619000,225
1712619900,215
1712620800,214
1712621700,163
1712622600,161
1712623500,180
1712624400,179
1712625300,151
1712626200,166
1712627100,163
1712628000,166
1712628900,211
1712629800,186
1712630700,170
1712631600,173
1712632500,142
1712633400,148
1712634300,145
1712635200,186
1712636100,151
1712637000,205
1712637900,212
1712638800,216
1712639700,209
1712640600,170
1712641500,245
1712642400,166
1712643300,285
1712644200,272
1712645100,170
1712646000,186
1712646900,171
1712647800,811
1712648700,371
1712649600,308
1712650500,259
1712651400,311
1712652300,784
1712653200,900
1712654100,828
1712655000,924
1712655900,781
1712656800,424
1712657700,660
1712658600,736
1712659500,431
1712660400,423
1712661300,609
1712662200,425
1712663100,570
1712664000,457
1712664900,443
1712665800,849
1712666700,811
1712667600,324
1712668500,415
1712669400,347
1712670300,313
1712671200,312
1712672100,350
1712673000,330
1712673900,354
1712674800,280
1712675700,804
1712676600,775
1712677500,747
1712678400,719
1712679300,503
1712680200,512
1712681100,306
1712682000,476
1712682900,379
1712683800,406
1712684700,584
1712685600,578
1712686500,494
1712687400,458
1712688300,376
1712689200,900
1712690100,574
1712691000,337
1712691900,357
1712692800,389
1712693700,325
1712694600,327
1712695500,356
1712696400,388
1712697300,269
1712698200,199
1712699100,182
1712700000,189
1712700900,201
1712701800,221
1712702700,193
1712703600,180
1712704500,224
1712705400,219
1712706300,237
1712707200,368
1712708100,176
1712709000,176
1712709900,167
1712710800,176
1712711700,176
1712712600,172
1712713500,169
1712714400,177
1712715300,173
1712716200,209
1712717100,209
1712718000,237
1712718900,227
1712719800,187
1712720700,151
1712721600,198
1712722500,189
1712723400,168
1712724300,158
1712725200,148
1712726100,158
1712727000,160
1712727900,168
1712728800,220
1712729700,232
1712730600,247
1712731500,246
1712732400,219
1712733300,398
1712734200,628
1712735100,288
1712736000,301
1712736900,316
1712737800,429
1712738700,380
1712739600,379
1712740500,292
1712741400,207
1712742300,277
1712743200,237
1712744100,401
1712745000,445
1712745900,346
1712746800,340
1712747700,263
1712748600,160
1712749500,163
1712750400,157
1712751300,189
1712752200,170
1712753100,238
1712754000,619
1712754900,539
1712755800,443
1712756700,488
1712757600,450
1712758500,621
1712759400,353
1712760300,249
1712761200,262
1712762100,326
1712763000,747
1712763900,554
1712764800,460
1712765700,256
1712766600,254
1712767500,240
1712768400,253
1712769300,355
1712770200,443
1712771100,414
1712772000,389
1712772900,377
1712773800,308
1712774700,378
1712775600,364
1712776500,329
1712777400,341
1712778300,304
1712779200,276
1712780100,352
1712781000,224
1712781900,175
1712782800,145
1712783700,147
1712784600,157
1712785500,151
1712786400,149
1712787300,231
1712788200,206
1712789100,214
1712790000,211
1712790900,166
1712791800,154
1712792700,180
1712793600,175
1712794500,154
1712795400,172
1712796300,159
1712797200,175
1712798100,162
1712799000,164
1712799900,177
1712800800,177
1712801700,211
1712802600,168
1712803500,175
1712804400,176
1712805300,156
1712806200,187
1712807100,262
1712808000,395
1712808900,349
1712809800,233
1712810700,173
1712811600,170
1712812500,163
1712813400,212
1712814300,178
1712815200,247
1712816100,140
1712817000,167
1712817900,170
1712818800,185
1712819700,159
1712820600,171
1712821500,219
1712822400,204
1712823300,255
1712824200,323
1712825100,394
1712826000,340
1712826900,228
1712827800,212
1712828700,296
1712829600,189
1712830500,186
1712831400,190
1712832300,202
1712833200,198
1712834100,194
1712835000,202
1712835900,171
1712836800,295
1712837700,252
1712838600,267
1712839500,232
1712840400,216
1712841300,217
1712842200,218
1712843100,204
1712844000,228
1712844900,208
1712845800,209
1712846700,208
1712847600,248
1712848500,213
1712849400,244
1712850300,225
1712851200,260
1712852100,269
1712853000,283
1712853900,671
1712854800,468
1712855700,452
1712856600,464
1712857500,441
1712858400,534
1712859300,477
1712860200,460
1712861100,371
1712862000,341
1712862900,324
1712863800,364
1712864700,335
1712865600,290
1712866500,297
1712867400,186
1712868300,148
1712869200,139
1712870100,125
1712871000,119
1712871900,134
1712872800,125
1712873700,125
1712874600,195
1712875500,196
1712876400,177
1712877300,153
1712878200,146
1712879100,120
1712880000,161
1712880900,150
1712881800,154
1712882700,132
1712883600,135
1712884500,147
1712885400,153
1712886300,126
1712887200,222
1712888100,212
1712889000,206
1712889900,199
1712890800,187
1712891700,142
1712892600,145
1712893500,191
1712894400,308
1712895300,362
1712896200,185
1712897100,222
1712898000,165
1712898900,228
1712899800,191
1712900700,222
1712901600,219
1712902500,207
1712903400,158
1712904300,192
1712905200,269
1712906100,284
1712907000,292
1712907900,226
1712908800,202
1712909700,152
1712910600,174
1712911500,169
1712912400,182
1712913300,210
1712914200,236
1712915100,345
1712916000,398
1712916900,199
1712917800,184
1712918700,179
1712919600,198
1712920500,209
1712921400,207
1712922300,189
1712923200,184
1712924100,190
1712925000,199
1712925900,183
1712926800,260
1712927700,281
1712928600,191
1712929500,206
1712930400,186
1712931300,163
1712932200,176
1712933100,178
1712934000,556
1712934900,307
1712935800,396
1712936700,440
1712937600,480
1712938500,326
1712939400,353
1712940300,227
1712941200,274
1712942100,325
1712943000,303
1712943900,274
1712944800,240
1712945700,302
1712946600,346
1712947500,347
1712948400,299
1712949300,317
1712950200,441
1712951100,315
1712952000,303
1712952900,286
1712953800,315
1712954700,190
1712955600,172
1712956500,145
1712957400,162
1712958300,169
1712959200,241
1712960100,292
1712961000,227
1712961900,210
1712962800,210
1712963700,163
1712964600,143
1712965500,168
1712966400,168
1712967300,154
1712968200,156
1712969100,155
1712970000,159
1712970900,255
1712971800,446
1712972700,169
1712973600,383
1712974500,172
1712975400,155
1712976300,164
1712977200,180
1712978100,167
1712979000,217
1712979900,240
1712980800,346
1712981700,313
1712982600,209
1712983500,195
1712984400,211
1712985300,221
1712986200,220
1712987100,179
1712988000,213
1712988900,191
1712989800,155
1712990700,159
1712991600,185
1712992500,323
1712993400,175
1712994300,238
1712995200,398
1712996100,203
1712997000,174
1712997900,192
1712998800,216
1712999700,244
1713000600,316
1713001500,498
1713002400,393
1713003300,316
1713004200,275
1713005100,271
1713006000,263
1713006900,256
1713007800,274
1713008700,408
1713009600,321
1713010500,264
1713011400,251
1713012300,263
1713013200,254
1713014100,219
1713015000,284
1713015900,395
1713016800,294
1713017700,221
1713018600,249
1713019500,260
1713020400,352
1713021300,624
1713022200,277
1713023100,277
1713024000,333
1713024900,702
1713025800,601
1713026700,390
1713027600,420
1713028500,410
1713029400,410
1713030300,415
1713031200,380
1713032100,342
1713033000,442
1713033900,410
1713034800,381
1713035700,363
1713036600,339
1713037500,269
1713038400,228
1713039300,213
1713040200,154
1713041100,147
1713042000,143
1713042900,128
1713043800,132
1713044700,143
1713045600,153
1713046500,207
1713047400,177
1713048300,203
1713049200,182
1713050100,154
1713051000,145
1713051900,161
1713052800,157
1713053700,138
1713054600,147
1713055500,150
1713056400,160
1713057300,156
1713058200,144
1713059100,156
1713060000,228
1713060900,181
1713061800,206
1713062700,204
1713063600,195
1713064500,155
1713065400,164
1713066300,199
1713067200,265
1713068100,191
1713069000,221
1713069900,247
1713070800,215
1713071700,223
1713072600,240
1713073500,166
1713074400,132
1713075300,139
1713076200,158
1713077100,147
1713078000,174
1713078900,149
1713079800,134
1713080700,142
1713081600,279
1713082500,247
1713083400,373
1713084300,402
1713085200,225
1713086100,305
1713087000,241
1713087900,220
1713088800,221
1713089700,193
1713090600,232
1713091500,426
1713092400,312
1713093300,264
1713094200,241
1713095100,200
1713096000,218
1713096900,239
1713097800,250
1713098700,248
1713099600,196
1713100500,187
1713101400,221
1713102300,311
1713103200,231
1713104100,514
1713105000,429
1713105900,249
1713106800,211
1713107700,214
1713108600,311
1713109500,290
1713110400,195
1713111300,275
1713112200,300
1713113100,260
1713114000,254
1713114900,206
1713115800,255
1713116700,337
1713117600,442
1713118500,419
1713119400,414
1713120300,359
1713121200,313
1713122100,257
1713123000,311
1713123900,263
1713124800,232
1713125700,230
1713126600,161
1713127500,152
1713128400,158
1713129300,127
1713130200,133
1713131100,146
1713132000,153
1713132900,173
1713133800,183
1713134700,201
1713135600,219
1713136500,120
1713137400,132
1713138300,143
1713139200,124
1713140100,136
1713141000,121
1713141900,130
1713142800,147
1713143700,181
1713144600,149
1713145500,143
1713146400,208
1713147300,146
1713148200,194
1713149100,198
1713150000,192
1713150900,187
1713151800,142
1713152700,153
1713153600,200
1713154500,195
1713155400,261
1713156300,317
1713157200,223
1713158100,346
1713159000,271
1713159900,239
1713160800,211
1713161700,173
1713162600,165
1713163500,193
1713164400,203
1713165300,201
1713166200,185
1713167100,222
1713168000,281
1713168900,454
1713169800,347
1713170700,250
1713171600,352
1713172500,561
1713173400,268
1713174300,250
1713175200,197
1713176100,287
1713177000,196
1713177900,241
1713178800,273
1713179700,226
1713180600,226
1713181500,240
1713182400,333
1713183300,354
1713184200,308
1713185100,309
1713186000,292
1713186900,374
1713187800,298
1713188700,244
1713189600,402
1713190500,395
1713191400,474
1713192300,429
1713193200,237
1713194100,673
1713195000,486
1713195900,864
1713196800,259
1713197700,182
1713198600,179
1713199500,187
1713200400,165
1713201300,210
1713202200,210
1713203100,254
1713204000,312
1713204900,350
1713205800,353
1713206700,326
1713207600,331
1713208500,301
1713209400,287
1713210300,312
1713211200,240
1713212100,316
1713213000,303
1713213900,275
1713214800,377
1713215700,350
1713216600,187
1713217500,152
1713218400,172
1713219300,168
1713220200,195
1713221100,199
1713222000,223
1713222900,206
1713223800,155
1713224700,183
1713225600,158
1713226500,165
1713227400,154
1713228300,150
1713229200,156
1713230100,176
1713231000,159
1713231900,144
1713232800,151
1713233700,155
1713234600,213
1713235500,155
1713236400,165
1713237300,200
1713238200,204
1713239100,183
1713240000,203
1713240900,179
1713241800,156
1713242700,154
1713243600,159
1713244500,275
1713245400,158
1713246300,213
1713247200,359
1713248100,846
1713249000,767
1713249900,307
1713250800,345
1713251700,265
1713252600,334
1713253500,470
1713254400,1049
1713255300,620
1713256200,666
1713257100,1054
1713258000,332
1713258900,700
1713259800,720
1713260700,329
1713261600,590
1713262500,226
1713263400,207
1713264300,319
1713265200,206
1713266100,248
1713267000,229
1713267900,255
1713268800,304
1713269700,404
1713270600,383
1713271500,362
1713272400,329
1713273300,929
1713274200,749
1713275100,343
1713276000,643
1713276900,326
1713277800,293
1713278700,296
1713279600,334
1713280500,428
1713281400,354
1713282300,313
1713283200,819
1713284100,811
1713285000,724
1713285900,552
1713286800,297
1713287700,275
1713288600,199
1713289500,151
1713290400,124
1713291300,119
1713292200,126
1713293100,132
1713294000,139
1713294900,128
1713295800,219
1713296700,132
1713297600,122
1713298500,139
1713299400,409
1713300300,275
1713301200,249
1713302100,197
1713303000,174
1713303900,165
1713304800,165
1713305700,154
1713306600,146
1713307500,140
1713308400,187
1713309300,341
1713310200,203
1713311100,347
1713312000,253
1713312900,164
1713313800,159
1713314700,184
1713315600,153
1713316500,141
1713317400,147
1713318300,121
1713319200,132
1713320100,130
1713321000,130
1713321900,131
1713322800,134
1713323700,145
1713324600,187
1713325500,188
1713326400,167
1713327300,144
1713328200,145
1713329100,157
1713330000,144
1713330900,133
1713331800,161
1713332700,122
1713333600,143
1713334500,145
1713335400,588
1713336300,462
1713337200,269
1713338100,312
1713339000,303
1713339900,393
1713340800,450
1713341700,467
1713342600,352
1713343500,451
1713344400,432
1713345300,387
1713346200,682
1713347100,657
1713348000,279
1713348900,356
1713349800,327
1713350700,389
1713351600,436
1713352500,560
1713353400,165
1713354300,168
1713355200,177
1713356100,559
1713357000,480
1713357900,167
1713358800,260
1713359700,463
1713360600,311
1713361500,624
1713362400,284
1713363300,265
1713364200,208
1713365100,319
1713366000,683
1713366900,236
1713367800,256
1713368700,220
1713369600,269
1713370500,314
1713371400,235
1713372300,202
1713373200,311
1713374100,221
1713375000,427
1713375900,428
1713376800,384
1713377700,374
1713378600,353
1713379500,362
1713380400,389
1713381300,353
1713382200,416
1713383100,350
1713384000,308
1713384900,476
1713385800,317
1713386700,307
1713387600,308
1713388500,252
1713389400,272
1713390300,197
1713391200,168
1713392100,191
1713393000,197
1713393900,195
1713394800,177
1713395700,127
1713396600,152
1713397500,143
1713398400,131
1713399300,135
1713400200,148
1713401100,151
1713402000,144
1713402900,140
1713403800,134
1713404700,140
1713405600,153
1713406500,186
1713407400,134
1713408300,132
1713409200,137
1713410100,166
1713411000,173
1713411900,231
1713412800,288
1713413700,320
1713414600,190
1713415500,167
1713416400,190
1713417300,195
1713418200,222
1713419100,232
1713420000,217
1713420900,284
1713421800,249
1713422700,708
1713423600,750
1713424500,618
1713425400,372
1713426300,285
1713427200,263
1713428100,216
1713429000,237
1713429900,222
1713430800,190
1713431700,280
1713432600,373
1713433500,230
1713434400,182
1713435300,166
1713436200,167
1713437100,154
1713438000,160
1713438900,162
1713439800,168
1713440700,436
1713441600,313
1713442500,179
1713443400,155
1713444300,158
1713445200,178
1713446100,150
1713447000,174
1713447900,170
1713448800,165
1713449700,362
1713450600,406
1713451500,196
1713452400,239
1713453300,215
1713454200,222
1713455100,256
1713456000,266
1713456900,631
1713457800,251
1713458700,229
1713459600,213
1713460500,274
1713461400,284
1713462300,261
1713463200,262
1713464100,273
1713465000,284
1713465900,371
1713466800,353
1713467700,432
1713468600,366
1713469500,369
1713470400,379
1713471300,302
1713472200,265
1713473100,203
1713474000,154
1713474900,161
1713475800,149
1713476700,151
1713477600,126
1713478500,186
1713479400,191
1713480300,137
1713481200,157
1713482100,162
1713483000,135
1713483900,140
1713484800,122
1713485700,143
1713486600,146
1713487500,139
1713488400,152
1713489300,135
1713490200,144
1713491100,132
1713492000,163
1713492900,213
1713493800,141
1713494700,153
1713495600,130
1713496500,125
1713497400,116
1713498300,233
1713499200,233
1713500100,376
1713501000,193
1713501900,199
1713502800,180
1713503700,150
1713504600,142
1713505500,230
1713506400,163
1713507300,166
1713508200,313
1713509100,289
1713510000,295
1713510900,221
1713511800,238
1713512700,230
1713513600,294
1713514500,267
1713515400,230
1713516300,151
1713517200,145
1713518100,151
1713519000,153
1713519900,351
1713520800,188
1713521700,149
1713522600,154
1713523500,155
1713524400,146
1713525300,253
1713526200,302
1713527100,222
1713528000,239
1713528900,228
1713529800,178
1713530700,230
1713531600,352
1713532500,342
1713533400,326
1713534300,341
1713535200,325
1713536100,319
1713537000,304
1713537900,345
1713538800,285
1713539700,222
1713540600,224
1713541500,275
1713542400,238
1713543300,197
1713544200,243
1713545100,260
1713546000,264
1713546900,240
1713547800,217
1713548700,334
1713549600,270
1713550500,256
1713551400,376
1713552300,256
1713553200,317
1713554100,256
1713555000,252
1713555900,256
1713556800,249
1713557700,365
1713558600,244
1713559500,172
1713560400,210
1713561300,122
1713562200,123
1713563100,131
1713564000,145
1713564900,205
1713565800,226
1713566700,208
1713567600,146
1713568500,145
1713569400,139
1713570300,122
1713571200,145
1713572100,156
1713573000,151
1713573900,118
1713574800,144
1713575700,138
1713576600,140
1713577500,135
1713578400,153
1713579300,234
1713580200,161
1713581100,151
1713582000,206
1713582900,191
1713583800,172
1713584700,215
1713585600,218
1713586500,184
1713587400,366
1713588300,374
1713589200,211
1713590100,156
1713591000,136
1713591900,172
1713592800,152
1713593700,138
1713594600,141
1713595500,154
1713596400,199
1713597300,258
1713598200,228
1713599100,169
1713600000,148
1713600900,154
1713601800,142
1713602700,161
1713603600,137
1713604500,294
1713605400,249
1713606300,165
1713607200,202
1713608100,161
1713609000,159
1713609900,216
1713610800,204
1713611700,219
1713612600,172
1713613500,226
1713614400,167
1713615300,202
1713616200,190
1713617100,209
1713618000,193
1713618900,259
1713619800,273
1713620700,195
1713621600,201
1713622500,204
1713623400,189
1713624300,383
1713625200,632
1713626100,478
1713627000,473
1713627900,349
1713628800,783
1713629700,602
1713630600,226
1713631500,243
1713632400,261
1713633300,288
1713634200,256
1713635100,278
1713636000,267
1713636900,311
1713637800,337
1713638700,402
1713639600,422
1713640500,453
1713641400,476
1713642300,390
1713643200,349
1713644100,389
1713645000,320
1713645900,212
1713646800,154
1713647700,155
1713648600,150
1713649500,143
1713650400,152
1713651300,191
1713652200,186
1713653100,186
1713654000,166
1713654900,145
1713655800,153
1713656700,139
1713657600,144
1713658500,130
1713659400,121
1713660300,128
1713661200,124
1713662100,146
1713663000,136
1713663900,121
1713664800,177
1713665700,188
1713666600,238
1713667500,148
1713668400,152
1713669300,150
1713670200,161
1713671100,176
1713672000,220
1713672900,386
1713673800,224
1713674700,250
1713675600,395
1713676500,352
1713677400,225
1713678300,171
1713679200,173
1713680100,176
1713681000,162
1713681900,177
1713682800,158
1713683700,152
1713684600,168
1713685500,193
1713686400,192
1713687300,175
1713688200,184
1713689100,179
1713690000,204
1713690900,220
1713691800,195
1713692700,166
1713693600,361
1713694500,318
1713695400,380
1713696300,505
1713697200,485
1713698100,221
1713699000,187
1713699900,189
1713700800,715
1713701700,321
1713702600,218
1713703500,220
1713704400,213
1713705300,291
1713706200,252
1713707100,214
1713708000,239
1713708900,203
1713709800,194
1713710700,177
1713711600,276
1713712500,253
1713713400,180
1713714300,195
1713715200,214
1713716100,211
1713717000,280
1713717900,392
1713718800,416
1713719700,249
1713720600,221
1713721500,317
1713722400,633
1713723300,339
1713724200,402
1713725100,484
1713726000,376
1713726900,458
1713727800,384
1713728700,358
1713729600,380
1713730500,279
1713731400,327
1713732300,235
1713733200,181
1713734100,165
1713735000,154
1713735900,161
1713736800,177
1713737700,188
1713738600,208
1713739500,188
1713740400,191
1713741300,126
1713742200,143
1713743100,158
1713744000,157
1713744900,158
1713745800,169
1713746700,177
1713747600,133
1713748500,137
1713749400,130
1713750300,134
1713751200,132
1713752100,197
1713753000,140
1713753900,124
1713754800,147
1713755700,125
1713756600,148
1713757500,191
1713758400,211
1713759300,292
1713760200,203
1713761100,275
1713762000,178
1713762900,602
1713763800,348
1713764700,224
1713765600,231
1713766500,214
1713767400,228
1713768300,262
1713769200,728
1713770100,634
1713771000,259
1713771900,273
1713772800,271
1713773700,262
1713774600,229
1713775500,209
1713776400,234
1713777300,420
1713778200,424
1713779100,681
1713780000,439
1713780900,385
1713781800,270
1713782700,240
1713783600,207
1713784500,238
1713785400,425
1713786300,236
1713787200,257
1713788100,185
1713789000,548
1713789900,241
1713790800,266
1713791700,248
1713792600,247
1713793500,236
1713794400,235
1713795300,207
1713796200,210
1713797100,205
1713798000,206
1713798900,216
1713799800,220
1713800700,283
1713801600,215
1713802500,220
1713803400,209
1713804300,216
1713805200,234
1713806100,424
1713807000,282
1713807900,225
1713808800,239
1713809700,340
1713810600,255
1713811500,269
1713812400,255
1713813300,275
1713814200,297
1713815100,353
1713816000,272
1713816900,280
1713817800,318
1713818700,393
1713819600,325
1713820500,238
1713821400,184
1713822300,152
1713823200,150
1713824100,209
1713825000,200
1713825900,180
1713826800,187
1713827700,159
1713828600,158
1713829500,139
1713830400,218
1713831300,140
1713832200,130
1713833100,126
1713834000,139
1713834900,137
1713835800,125
1713836700,129
1713837600,120
1713838500,159
1713839400,188
1713840300,134
1713841200,139
1713842100,146
1713843000,151
1713843900,174
1713844800,186
1713845700,187
1713846600,148
1713847500,154
1713848400,161
1713849300,149
1713850200,135
1713851100,144
1713852000,228
1713852900,206
1713853800,195
1713854700,225
1713855600,297
1713856500,236
1713857400,606
1713858300,778
1713859200,432
1713860100,292
1713861000,245
1713861900,197
1713862800,187
1713863700,318
1713864600,392
1713865500,290
1713866400,434
1713867300,458
1713868200,462
1713869100,581
1713870000,271
1713870900,310
1713871800,798
1713872700,771
1713873600,622
1713874500,398
1713875400,362
1713876300,337
1713877200,742
1713878100,429
1713879000,208
1713879900,203
1713880800,292
1713881700,256
1713882600,216
1713883500,231
1713884400,219
1713885300,178
1713886200,171
1713887100,190
1713888000,187
1713888900,169
1713889800,188
1713890700,204
1713891600,156
1713892500,135
1713893400,140
1713894300,205
1713895200,237
1713896100,318
1713897000,335
1713897900,299
1713898800,302
1713899700,307
1713900600,321
1713901500,319
1713902400,306
1713903300,385
1713904200,341
1713905100,313
1713906000,286
1713906900,270
1713907800,228
1713908700,187
1713909600,174
1713910500,274
1713911400,201
1713912300,229
1713913200,252
1713914100,231
1713915000,220
1713915900,189
1713916800,157
1713917700,146
1713918600,171
1713919500,150
1713920400,136
1713921300,141
1713922200,133
1713923100,140
1713924000,146
1713924900,153
1713925800,155
1713926700,138
1713927600,144
1713928500,135
1713929400,167
1713930300,153
1713931200,162
1713932100,155
1713933000,152
1713933900,183
1713934800,196
1713935700,206
1713936600,183
1713937500,197
1713938400,210
1713939300,202
1713940200,237
1713941100,399
1713942000,450
1713942900,230
1713943800,264
1713944700,326
1713945600,216
1713946500,200
1713947400,179
1713948300,222
1713949200,162
1713950100,195
1713951000,220
1713951900,221
1713952800,846
1713953700,684
1713954600,490
1713955500,644
1713956400,202
1713957300,361
1713958200,191
1713959100,172
1713960000,182
1713960900,187
1713961800,181
1713962700,164
1713963600,146
1713964500,179
1713965400,233
1713966300,228
1713967200,180
1713968100,162
1713969000,147
1713969900,170
1713970800,248
1713971700,243
1713972600,244
1713973500,228
1713974400,586
1713975300,831
1713976200,490
1713977100,353
1713978000,715
1713978900,423
1713979800,639
1713980700,310
1713981600,743
1713982500,725
1713983400,819
1713984300,571
1713985200,310
1713986100,308
1713987000,338
1713987900,324
1713988800,271
1713989700,232
1713990600,180
1713991500,175
1713992400,134
1713993300,150
1713994200,144
1713995100,121
1713996000,153
1713996900,190
1713997800,190
1713998700,171
1713999600,136
1714000500,152
1714001400,139
1714002300,196
1714003200,145
1714004100,151
1714005000,160
1714005900,139
1714006800,130
1714007700,123
1714008600,135
1714009500,127
1714010400,124
1714011300,208
1714012200,125
1714013100,135
1714014000,138
1714014900,123
1714015800,126
1714016700,154
1714017600,269
1714018500,319
1714019400,202
1714020300,192
1714021200,138
1714022100,506
1714023000,352
1714023900,201
1714024800,315
1714025700,366
1714026600,371
1714027500,215
1714028400,251
1714029300,182
1714030200,187
1714031100,350
1714032000,245
1714032900,210
1714033800,222
1714034700,266
1714035600,220
1714036500,315
1714037400,452
1714038300,171
1714039200,182
1714040100,165
1714041000,343
1714041900,127
1714042800,145
1714043700,142
1714044600,127
1714045500,123
1714046400,156
1714047300,193
1714048200,282
1714049100,269
1714050000,236
1714050900,183
1714051800,186
1714052700,192
1714053600,262
1714054500,209
1714055400,553
1714056300,372
1714057200,254
1714058100,518
1714059000,204
1714059900,275
1714060800,213
1714061700,269
1714062600,174
1714063500,183
1714064400,243
1714065300,319
1714066200,263
1714067100,325
1714068000,390
1714068900,399
1714069800,392
1714070700,444
1714071600,364
1714072500,385
1714073400,303
1714074300,272
1714075200,242
1714076100,208
1714077000,245
1714077900,156
1714078800,146
1714079700,121
1714080600,161
1714081500,151
1714082400,148
1714083300,135
1714084200,134
1714085100,141
1714086000,149
1714086900,199
1714087800,159
1714088700,142
1714089600,145
1714090500,134
1714091400,143
1714092300,147
1714093200,152
1714094100,187
1714095000,180
1714095900,168
1714096800,128
1714097700,131
1714098600,178
1714099500,174
1714100400,151
1714101300,150
1714102200,121
1714103100,175
1714104000,213
1714104900,267
1714105800,222
1714106700,279
1714107600,174
1714108500,170
1714109400,267
1714110300,234
1714111200,399
1714112100,235
1714113000,200
1714113900,501
1714114800,288
1714115700,234
1714116600,221
1714117500,451
1714118400,277
1714119300,206
1714120200,176
1714121100,181
1714122000,164
1714122900,136
1714123800,125
1714124700,180
1714125600,231
1714126500,816
1714127400,178
1714128300,169
1714129200,150
1714130100,180
1714131000,160
1714131900,272
1714132800,251
1714133700,186
1714134600,189
1714135500,353
1714136400,261
1714137300,180
1714138200,171
1714139100,247
1714140000,753
1714140900,174
1714141800,261
1714142700,274
1714143600,169
1714144500,143
1714145400,140
1714146300,146
1714147200,147
1714148100,175
1714149000,206
1714149900,238
1714150800,353
1714151700,185
1714152600,199
1714153500,249
1714154400,332
1714155300,398
1714156200,381
1714157100,381
1714158000,294
1714158900,329
1714159800,350
1714160700,349
1714161600,317
1714162500,316
1714163400,271
1714164300,202
1714165200,155
1714166100,153
1714167000,160
1714167900,142
1714168800,164
1714169700,167
1714170600,171
1714171500,158
1714172400,167
1714173300,163
1714174200,142
1714175100,134
1714176000,142
1714176900,161
1714177800,159
1714178700,131
1714179600,139
1714180500,146
1714181400,131
1714182300,145
1714183200,178
1714184100,181
1714185000,245
1714185900,134
1714186800,146
1714187700,153
1714188600,141
1714189500,188
1714190400,221
1714191300,785
1714192200,359
1714193100,157
1714194000,167
1714194900,166
1714195800,175
1714196700,158
1714197600,157
1714198500,211
1714199400,406
1714200300,677
1714201200,505
1714202100,182
1714203000,160
1714203900,185
1714204800,200
1714205700,243
1714206600,220
1714207500,186
1714208400,314
1714209300,297
1714210200,189
1714211100,222
1714212000,319
1714212900,194
1714213800,339
1714214700,274
1714215600,245
1714216500,182
1714217400,268
1714218300,256
1714219200,243
1714220100,277
1714221000,202
1714221900,172
1714222800,133
1714223700,214
1714224600,190
1714225500,177
1714226400,146
1714227300,269
1714228200,290
1714229100,142
1714230000,197
1714230900,155
1714231800,157
1714232700,520
1714233600,167
1714234500,148
1714235400,177
1714236300,198
1714237200,136
1714238100,164
1714239000,143
1714239900,153
1714240800,164
1714241700,185
1714242600,246
1714243500,268
1714244400,243
1714245300,254
1714246200,378
1714247100,289
1714248000,305
1714248900,228
1714249800,219
1714250700,226
1714251600,173
1714252500,179
1714253400,138
1714254300,147
1714255200,136
1714256100,130
1714257000,159
1714257900,148
1714258800,155
1714259700,130
1714260600,135
1714261500,158
1714262400,133
1714263300,134
1714264200,150
1714265100,152
1714266000,169
1714266900,147
1714267800,154
1714268700,134
1714269600,148
1714270500,154
1714271400,152
1714272300,135
1714273200,126
1714274100,200
1714275000,145
1714275900,178
1714276800,199
1714277700,196
1714278600,192
1714279500,166
1714280400,280
1714281300,164
1714282200,178
1714283100,195
1714284000,211
1714284900,176
1714285800,315
1714286700,534
1714287600,323
1714288500,247
1714289400,250
1714290300,248
1714291200,678
1714292100,239
1714293000,151
1714293900,234
1714294800,221
1714295700,174
1714296600,239
1714297500,257
1714298400,182
1714299300,194
1714300200,143
1714301100,138
1714302000,132
1714302900,141
1714303800,143
1714304700,151
1714305600,176
1714306500,180
1714307400,202
1714308300,204
1714309200,674
1714310100,200
1714311000,235
1714311900,182
1714312800,157
1714313700,167
1714314600,177
1714315500,160
1714316400,138
1714317300,133
1714318200,144
1714319100,151
1714320000,129
1714320900,184
1714321800,182
1714322700,210
1714323600,195
1714324500,580
1714325400,533
1714326300,260
1714327200,257
1714328100,224
1714329000,333
1714329900,368
1714330800,311
1714331700,256
1714332600,280
1714333500,267
1714334400,195
1714335300,176
1714336200,181
1714337100,175
1714338000,223
1714338900,123
1714339800,104
1714340700,120
1714341600,132
1714342500,128
1714343400,128
1714344300,132
1714345200,143
1714346100,143
1714347000,163
1714347900,177
1714348800,155
1714349700,143
1714350600,146
1714351500,154
1714352400,133
1714353300,138
1714354200,166
1714355100,178
1714356000,150
1714356900,147
1714357800,184
1714358700,167
1714359600,144
1714360500,141
1714361400,138
1714362300,134
1714363200,150
1714364100,311
1714365000,218
1714365900,199
1714366800,402
1714367700,423
1714368600,155
1714369500,160
1714370400,131
1714371300,145
1714372200,162
1714373100,182
1714374000,187
1714374900,160
1714375800,243
1714376700,228
1714377600,196
1714378500,167
1714379400,183
1714380300,151
1714381200,181
1714382100,584
1714383000,447
1714383900,311
1714384800,206
1714385700,183
1714386600,146
1714387500,173
1714388400,174
1714389300,163
1714390200,180
1714391100,192
1714392000,257
1714392900,206
1714393800,345
1714394700,435
1714395600,245
1714396500,653
1714397400,559
1714398300,191
1714399200,182
1714400100,160
1714401000,216
1714401900,219
1714402800,212
1714403700,200
1714404600,163
1714405500,176
1714406400,192
1714407300,186
1714408200,223
1714409100,212
1714410000,162
1714410900,235
1714411800,408
1714412700,534
1714413600,235
1714414500,272
1714415400,341
1714416300,690
1714417200,740
1714418100,354
1714419000,335
1714419900,359
1714420800,317
1714421700,279
1714422600,244
1714423500,274
1714424400,200
1714425300,125
1714426200,148
1714427100,150
