timestamp,power
1588284000,117
1588284900,128
1588285800,158
1588286700,135
1588287600,105
1588288500,117
1588289400,122
1588290300,105
1588291200,125
1588292100,134
1588293000,111
1588293900,108
1588294800,96
1588295700,129
1588296600,130
1588297500,118
1588298400,144
1588299300,118
1588300200,114
1588301100,125
1588302000,113
1588302900,129
1588303800,142
1588304700,160
1588305600,160
1588306500,118
1588307400,133
1588308300,147
1588309200,164
1588310100,460
1588311000,267
1588311900,433
1588312800,595
1588313700,657
1588314600,678
1588315500,503
1588316400,248
1588317300,284
1588318200,330
1588319100,773
1588320000,422
1588320900,623
1588321800,544
1588322700,521
1588323600,330
1588324500,739
1588325400,824
1588326300,961
1588327200,1454
1588328100,992
1588329000,830
1588329900,760
1588330800,905
1588331700,486
1588332600,471
1588333500,559
1588334400,1041
1588335300,705
1588336200,677
1588337100,690
1588338000,669
1588338900,291
1588339800,167
1588340700,192
1588341600,427
1588342500,197
1588343400,162
1588344300,205
1588345200,207
1588346100,204
1588347000,474
1588347900,327
1588348800,212
1588349700,211
1588350600,203
1588351500,220
1588352400,210
1588353300,239
1588354200,244
1588355100,211
1588356000,306
1588356900,363
1588357800,502
1588358700,397
1588359600,388
1588360500,354
1588361400,378
1588362300,346
1588363200,339
1588364100,362
1588365000,328
1588365900,305
1588366800,296
1588367700,261
1588368600,313
1588369500,238
1588370400,114
1588371300,117
1588372200,141
1588373100,128
1588374000,112
1588374900,109
1588375800,119
1588376700,123
1588377600,102
1588378500,155
1588379400,137
1588380300,102
1588381200,115
1588382100,121
1588383000,119
1588383900,121
1588384800,128
1588385700,140
1588386600,112
1588387500,103
1588388400,125
1588389300,109
1588390200,98
1588391100,142
1588392000,165
1588392900,125
1588393800,136
1588394700,105
1588395600,144
1588396500,231
1588397400,769
1588398300,268
1588399200,174
1588400100,175
1588401000,218
1588401900,215
1588402800,214
1588403700,205
1588404600,223
1588405500,191
1588406400,193
1588407300,182
1588408200,194
1588409100,211
1588410000,239
1588410900,235
1588411800,310
1588412700,925
1588413600,933
1588414500,382
1588415400,234
1588416300,246
1588417200,257
1588418100,423
1588419000,227
1588419900,230
1588420800,239
1588421700,249
1588422600,196
1588423500,179
1588424400,189
1588425300,210
1588426200,251
1588427100,231
1588428000,224
1588428900,267
1588429800,268
1588430700,261
1588431600,292
1588432500,288
1588433400,303
1588434300,348
1588435200,284
1588436100,339
1588437000,296
1588437900,287
1588438800,441
1588439700,502
1588440600,437
1588441500,468
1588442400,444
1588443300,476
1588444200,747
1588445100,732
1588446000,438
1588446900,376
1588447800,401
1588448700,399
1588449600,325
1588450500,393
1588451400,334
1588452300,275
1588453200,178
1588454100,148
1588455000,129
1588455900,136
1588456800,154
1588457700,161
1588458600,136
1588459500,136
1588460400,146
1588461300,134
1588462200,124
1588463100,154
1588464000,128
1588464900,122
1588465800,154
1588466700,153
1588467600,145
1588468500,131
1588469400,166
1588470300,148
1588471200,138
1588472100,146
1588473000,137
1588473900,146
1588474800,159
1588475700,157
1588476600,160
1588477500,156
1588478400,165
1588479300,564
1588480200,286
1588481100,611
1588482000,372
1588482900,371
1588483800,190
1588484700,678
1588485600,476
1588486500,225
1588487400,572
1588488300,673
1588489200,669
1588490100,588
1588491000,611
1588491900,597
1588492800,586
1588493700,583
1588494600,1025
1588495500,968
1588496400,894
1588497300,1112
1588498200,305
1588499100,754
1588500000,927
1588500900,1491
1588501800,1117
1588502700,1240
1588503600,272
1588504500,265
1588505400,270
1588506300,299
1588507200,342
1588508100,146
1588509000,166
1588509900,156
1588510800,121
1588511700,128
1588512600,165
1588513500,158
1588514400,162
1588515300,248
1588516200,617
1588517100,462
1588518000,469
1588518900,315
1588519800,304
1588520700,287
1588521600,280
1588522500,309
1588523400,267
1588524300,273
1588525200,289
1588526100,348
1588527000,314
1588527900,316
1588528800,358
1588529700,331
1588530600,422
1588531500,418
1588532400,372
1588533300,374
1588534200,625
1588535100,864
1588536000,516
1588536900,273
1588537800,277
1588538700,249
1588539600,279
1588540500,337
1588541400,205
1588542300,117
1588543200,117
1588544100,148
1588545000,130
1588545900,101
1588546800,116
1588547700,112
1588548600,102
1588549500,129
1588550400,143
1588551300,122
1588552200,111
1588553100,100
1588554000,117
1588554900,119
1588555800,110
1588556700,141
1588557600,124
1588558500,109
1588559400,110
1588560300,92
1588561200,108
1588562100,106
1588563000,130
1588563900,195
1588564800,699
1588565700,902
1588566600,1136
1588567500,970
1588568400,803
1588569300,825
1588570200,979
1588571100,1189
1588572000,888
1588572900,367
1588573800,604
1588574700,965
1588575600,768
1588576500,815
1588577400,799
1588578300,804
1588579200,716
1588580100,665
1588581000,234
1588581900,180
1588582800,234
1588583700,209
1588584600,188
1588585500,289
1588586400,549
1588587300,217
1588588200,275
1588589100,249
1588590000,222
1588590900,306
1588591800,273
1588592700,177
1588593600,172
1588594500,175
1588595400,187
1588596300,169
1588597200,171
1588598100,156
1588599000,170
1588599900,724
1588600800,375
1588601700,233
1588602600,231
1588603500,598
1588604400,1097
1588605300,924
1588606200,370
1588607100,220
1588608000,520
1588608900,613
1588609800,313
1588610700,507
1588611600,1202
1588612500,786
1588613400,1181
1588614300,1131
1588615200,1289
1588616100,824
1588617000,789
1588617900,417
1588618800,397
1588619700,362
1588620600,359
1588621500,375
1588622400,250
1588623300,204
1588624200,205
1588625100,263
1588626000,268
1588626900,256
1588627800,289
1588628700,259
1588629600,231
1588630500,155
1588631400,125
1588632300,110
1588633200,99
1588634100,123
1588635000,114
1588635900,105
1588636800,119
1588637700,122
1588638600,123
1588639500,117
1588640400,150
1588641300,123
1588642200,125
1588643100,107
1588644000,122
1588644900,111
1588645800,118
1588646700,202
1588647600,200
1588648500,124
1588649400,136
1588650300,142
1588651200,330
1588652100,251
1588653000,136
1588653900,204
1588654800,127
1588655700,107
1588656600,110
1588657500,113
1588658400,290
1588659300,572
1588660200,564
1588661100,458
1588662000,129
1588662900,122
1588663800,151
1588664700,128
1588665600,162
1588666500,176
1588667400,292
1588668300,197
1588669200,143
1588670100,164
1588671000,213
1588671900,230
1588672800,240
1588673700,240
1588674600,224
1588675500,212
1588676400,194
1588677300,439
1588678200,162
1588679100,174
1588680000,447
1588680900,172
1588681800,161
1588682700,147
1588683600,148
1588684500,192
1588685400,176
1588686300,206
1588687200,174
1588688100,151
1588689000,157
1588689900,187
1588690800,221
1588691700,240
1588692600,610
1588693500,511
1588694400,796
1588695300,623
1588696200,787
1588697100,417
1588698000,271
1588698900,347
1588699800,338
1588700700,492
1588701600,373
1588702500,387
1588703400,385
1588704300,408
1588705200,359
1588706100,342
1588707000,313
1588707900,306
1588708800,250
1588709700,168
1588710600,154
1588711500,125
1588712400,172
1588713300,146
1588714200,111
1588715100,123
1588716000,117
1588716900,129
1588717800,122
1588718700,140
1588719600,145
1588720500,116
1588721400,114
1588722300,127
1588723200,119
1588724100,129
1588725000,137
1588725900,141
1588726800,125
1588727700,119
1588728600,117
1588729500,123
1588730400,107
1588731300,123
1588732200,132
1588733100,144
1588734000,142
1588734900,243
1588735800,154
1588736700,143
1588737600,442
1588738500,847
1588739400,1186
1588740300,891
1588741200,767
1588742100,654
1588743000,671
1588743900,566
1588744800,326
1588745700,360
1588746600,277
1588747500,280
1588748400,266
1588749300,251
1588750200,276
1588751100,271
1588752000,319
1588752900,305
1588753800,356
1588754700,257
1588755600,255
1588756500,254
1588757400,266
1588758300,300
1588759200,316
1588760100,278
1588761000,264
1588761900,281
1588762800,477
1588763700,280
1588764600,339
1588765500,286
1588766400,257
1588767300,286
1588768200,712
1588769100,458
1588770000,474
1588770900,305
1588771800,806
1588772700,480
1588773600,272
1588774500,270
1588775400,298
1588776300,564
1588777200,1242
1588778100,935
1588779000,592
1588779900,425
1588780800,306
1588781700,308
1588782600,342
1588783500,384
1588784400,417
1588785300,773
1588786200,1232
1588787100,938
1588788000,945
1588788900,1142
1588789800,951
1588790700,558
1588791600,426
1588792500,366
1588793400,303
1588794300,315
1588795200,309
1588796100,251
1588797000,197
1588797900,242
1588798800,214
1588799700,151
1588800600,109
1588801500,116
1588802400,116
1588803300,101
1588804200,131
1588805100,119
1588806000,102
1588806900,116
1588807800,119
1588808700,119
1588809600,117
1588810500,125
1588811400,156
1588812300,113
1588813200,110
1588814100,127
1588815000,119
1588815900,116
1588816800,125
1588817700,133
1588818600,130
1588819500,107
1588820400,114
1588821300,255
1588822200,127
1588823100,152
1588824000,286
1588824900,598
1588825800,208
1588826700,240
1588827600,217
1588828500,693
1588829400,454
1588830300,293
1588831200,339
1588832100,671
1588833000,164
1588833900,146
1588834800,158
1588835700,266
1588836600,182
1588837500,215
1588838400,183
1588839300,191
1588840200,197
1588841100,514
1588842000,1096
1588842900,360
1588843800,461
1588844700,252
1588845600,205
1588846500,203
1588847400,207
1588848300,201
1588849200,184
1588850100,208
1588851000,220
1588851900,230
1588852800,171
1588853700,228
1588854600,182
1588855500,170
1588856400,218
1588857300,211
1588858200,177
1588859100,196
1588860000,255
1588860900,194
1588861800,238
1588862700,269
1588863600,303
1588864500,424
1588865400,730
1588866300,775
1588867200,694
1588868100,693
1588869000,719
1588869900,749
1588870800,545
1588871700,477
1588872600,282
1588873500,250
1588874400,238
1588875300,264
1588876200,314
1588877100,296
1588878000,267
1588878900,234
1588879800,246
1588880700,247
1588881600,263
1588882500,310
1588883400,349
1588884300,309
1588885200,313
1588886100,300
1588887000,211
1588887900,117
1588888800,112
1588889700,156
1588890600,126
1588891500,110
1588892400,116
1588893300,112
1588894200,131
1588895100,116
1588896000,133
1588896900,146
1588897800,115
1588898700,112
1588899600,118
1588900500,107
1588901400,116
1588902300,127
1588903200,126
1588904100,104
1588905000,114
1588905900,156
1588906800,120
1588907700,114
1588908600,129
1588909500,169
1588910400,653
1588911300,527
1588912200,498
1588913100,337
1588914000,118
1588914900,464
1588915800,512
1588916700,115
1588917600,127
1588918500,118
1588919400,93
1588920300,142
1588921200,104
1588922100,126
1588923000,130
1588923900,95
1588924800,116
1588925700,104
1588926600,84
1588927500,92
1588928400,100
1588929300,182
1588930200,182
1588931100,174
1588932000,215
1588932900,322
1588933800,603
1588934700,526
1588935600,487
1588936500,228
1588937400,178
1588938300,171
1588939200,177
1588940100,143
1588941000,161
1588941900,448
1588942800,508
1588943700,464
1588944600,225
1588945500,682
1588946400,411
1588947300,201
1588948200,247
1588949100,271
1588950000,678
1588950900,429
1588951800,210
1588952700,211
1588953600,230
1588954500,261
1588955400,267
1588956300,241
1588957200,233
1588958100,223
1588959000,211
1588959900,222
1588960800,248
1588961700,298
1588962600,275
1588963500,289
1588964400,524
1588965300,330
1588966200,338
1588967100,352
1588968000,359
1588968900,285
1588969800,291
1588970700,271
1588971600,247
1588972500,230
1588973400,119
1588974300,130
1588975200,98
1588976100,77
1588977000,100
1588977900,122
1588978800,121
1588979700,135
1588980600,147
1588981500,134
1588982400,118
1588983300,110
1588984200,121
1588985100,111
1588986000,113
1588986900,154
1588987800,133
1588988700,127
1588989600,117
1588990500,113
1588991400,115
1588992300,108
1588993200,140
1588994100,145
1588995000,105
1588995900,168
1588996800,162
1588997700,115
1588998600,108
1588999500,124
1589000400,159
1589001300,163
1589002200,247
1589003100,216
1589004000,181
1589004900,162
1589005800,208
1589006700,365
1589007600,212
1589008500,223
1589009400,183
1589010300,195
1589011200,254
1589012100,287
1589013000,299
1589013900,279
1589014800,257
1589015700,258
1589016600,246
1589017500,391
1589018400,924
1589019300,786
1589020200,386
1589021100,220
1589022000,232
1589022900,210
1589023800,264
1589024700,748
1589025600,388
1589026500,281
1589027400,263
1589028300,257
1589029200,243
1589030100,360
1589031000,838
1589031900,466
1589032800,323
1589033700,357
1589034600,792
1589035500,313
1589036400,256
1589037300,263
1589038200,226
1589039100,249
1589040000,222
1589040900,211
1589041800,211
1589042700,218
1589043600,233
1589044500,228
1589045400,281
1589046300,339
1589047200,303
1589048100,315
1589049000,335
1589049900,340
1589050800,306
1589051700,342
1589052600,343
1589053500,321
1589054400,289
1589055300,272
1589056200,261
1589057100,219
1589058000,220
1589058900,165
1589059800,115
1589060700,114
1589061600,115
1589062500,133
1589063400,105
1589064300,91
1589065200,105
1589066100,99
1589067000,102
1589067900,133
1589068800,131
1589069700,110
1589070600,93
1589071500,113
1589072400,104
1589073300,96
1589074200,123
1589075100,123
1589076000,144
1589076900,127
1589077800,126
1589078700,118
1589079600,114
1589080500,137
1589081400,136
1589082300,141
1589083200,184
1589084100,299
1589085000,155
1589085900,143
1589086800,346
1589087700,164
1589088600,150
1589089500,358
1589090400,585
1589091300,461
1589092200,475
1589093100,989
1589094000,980
1589094900,847
1589095800,786
1589096700,559
1589097600,604
1589098500,535
1589099400,515
1589100300,511
1589101200,471
1589102100,475
1589103000,546
1589103900,1159
1589104800,496
1589105700,267
1589106600,264
1589107500,206
1589108400,432
1589109300,451
1589110200,464
1589111100,614
1589112000,921
1589112900,1049
1589113800,636
1589114700,635
1589115600,621
1589116500,152
1589117400,150
1589118300,154
1589119200,166
1589120100,153
1589121000,119
1589121900,126
1589122800,200
1589123700,208
1589124600,223
1589125500,248
1589126400,193
1589127300,663
1589128200,1164
1589129100,879
1589130000,719
1589130900,924
1589131800,740
1589132700,454
1589133600,282
1589134500,295
1589135400,266
1589136300,260
1589137200,281
1589138100,338
1589139000,322
1589139900,311
1589140800,265
1589141700,235
1589142600,191
1589143500,179
1589144400,130
1589145300,92
1589146200,104
1589147100,98
1589148000,101
1589148900,140
1589149800,149
1589150700,139
1589151600,111
1589152500,120
1589153400,117
1589154300,105
1589155200,124
1589156100,134
1589157000,149
1589157900,124
1589158800,114
1589159700,120
1589160600,106
1589161500,129
1589162400,148
1589163300,126
1589164200,120
1589165100,113
1589166000,130
1589166900,124
1589167800,107
1589168700,166
1589169600,748
1589170500,957
1589171400,1077
1589172300,769
1589173200,772
1589174100,734
1589175000,787
1589175900,752
1589176800,412
1589177700,240
1589178600,237
1589179500,268
1589180400,250
1589181300,317
1589182200,308
1589183100,261
1589184000,285
1589184900,283
1589185800,297
1589186700,301
1589187600,452
1589188500,478
1589189400,256
1589190300,189
1589191200,175
1589192100,160
1589193000,201
1589193900,188
1589194800,580
1589195700,466
1589196600,319
1589197500,289
1589198400,716
1589199300,323
1589200200,198
1589201100,168
1589202000,168
1589202900,164
1589203800,161
1589204700,154
1589205600,261
1589206500,583
1589207400,383
1589208300,363
1589209200,483
1589210100,884
1589211000,277
1589211900,336
1589212800,334
1589213700,308
1589214600,288
1589215500,295
1589216400,263
1589217300,266
1589218200,534
1589219100,1205
1589220000,1192
1589220900,861
1589221800,909
1589222700,788
1589223600,480
1589224500,368
1589225400,578
1589226300,320
1589227200,354
1589228100,270
1589229000,193
1589229900,177
1589230800,189
1589231700,142
1589232600,115
1589233500,120
1589234400,106
1589235300,114
1589236200,109
1589237100,134
1589238000,134
1589238900,100
1589239800,121
1589240700,122
1589241600,119
1589242500,105
1589243400,117
1589244300,118
1589245200,92
1589246100,105
1589247000,124
1589247900,113
1589248800,126
1589249700,141
1589250600,128
1589251500,120
1589252400,134
1589253300,213
1589254200,120
1589255100,156
1589256000,407
1589256900,320
1589257800,249
1589258700,282
1589259600,276
1589260500,742
1589261400,476
1589262300,318
1589263200,537
1589264100,663
1589265000,270
1589265900,253
1589266800,290
1589267700,243
1589268600,242
1589269500,227
1589270400,762
1589271300,1043
1589272200,701
1589273100,678
1589274000,670
1589274900,801
1589275800,335
1589276700,378
1589277600,662
1589278500,271
1589279400,195
1589280300,197
1589281200,206
1589282100,205
1589283000,184
1589283900,190
1589284800,268
1589285700,158
1589286600,191
1589287500,238
1589288400,170
1589289300,195
1589290200,179
1589291100,199
1589292000,187
1589292900,357
1589293800,169
1589294700,194
1589295600,235
1589296500,299
1589297400,314
1589298300,320
1589299200,282
1589300100,283
1589301000,265
1589301900,419
1589302800,996
1589303700,1097
1589304600,496
1589305500,454
1589306400,301
1589307300,331
1589308200,343
1589309100,428
1589310000,845
1589310900,553
1589311800,560
1589312700,366
1589313600,783
1589314500,437
1589315400,255
1589316300,149
1589317200,85
1589318100,93
1589319000,135
1589319900,126
1589320800,130
1589321700,121
1589322600,114
1589323500,101
1589324400,100
1589325300,108
1589326200,100
1589327100,125
1589328000,126
1589328900,109
1589329800,104
1589330700,96
1589331600,104
1589332500,97
1589333400,112
1589334300,148
1589335200,106
1589336100,105
1589337000,101
1589337900,125
1589338800,117
1589339700,213
1589340600,141
1589341500,117
1589342400,217
1589343300,696
1589344200,284
1589345100,333
1589346000,279
1589346900,264
1589347800,286
1589348700,634
1589349600,434
1589350500,402
1589351400,359
1589352300,777
1589353200,270
1589354100,214
1589355000,155
1589355900,550
1589356800,1153
1589357700,979
1589358600,742
1589359500,670
1589360400,219
1589361300,411
1589362200,441
1589363100,320
1589364000,326
1589364900,159
1589365800,177
1589366700,158
1589367600,158
1589368500,683
1589369400,1041
1589370300,725
1589371200,704
1589372100,728
1589373000,651
1589373900,491
1589374800,220
1589375700,192
1589376600,183
1589377500,171
1589378400,209
1589379300,181
1589380200,227
1589381100,229
1589382000,227
1589382900,270
1589383800,282
1589384700,313
1589385600,268
1589386500,272
1589387400,1103
1589388300,1359
1589389200,725
1589390100,375
1589391000,873
1589391900,436
1589392800,976
1589393700,1155
1589394600,890
1589395500,574
1589396400,405
1589397300,371
1589398200,387
1589399100,351
1589400000,303
1589400900,280
1589401800,169
1589402700,169
1589403600,131
1589404500,105
1589405400,117
1589406300,112
1589407200,143
1589408100,156
1589409000,142
1589409900,135
1589410800,112
1589411700,116
1589412600,121
1589413500,94
1589414400,126
1589415300,120
1589416200,105
1589417100,135
1589418000,125
1589418900,121
1589419800,112
1589420700,149
1589421600,140
1589422500,106
1589423400,127
1589424300,122
1589425200,175
1589426100,244
1589427000,146
1589427900,149
1589428800,415
1589429700,842
1589430600,246
1589431500,182
1589432400,152
1589433300,193
1589434200,567
1589435100,287
1589436000,341
1589436900,158
1589437800,613
1589438700,199
1589439600,125
1589440500,117
1589441400,116
1589442300,99
1589443200,101
1589444100,99
1589445000,127
1589445900,129
1589446800,104
1589447700,110
1589448600,196
1589449500,862
1589450400,224
1589451300,310
1589452200,203
1589453100,175
1589454000,171
1589454900,202
1589455800,215
1589456700,235
1589457600,213
1589458500,229
1589459400,222
1589460300,187
1589461200,203
1589462100,174
1589463000,196
1589463900,187
1589464800,203
1589465700,272
1589466600,188
1589467500,250
1589468400,289
1589469300,247
1589470200,332
1589471100,466
1589472000,282
1589472900,461
1589473800,893
1589474700,936
1589475600,695
1589476500,939
1589477400,961
1589478300,434
1589479200,483
1589480100,458
1589481000,471
1589481900,485
1589482800,437
1589483700,411
1589484600,391
1589485500,347
1589486400,314
1589487300,309
1589488200,258
1589489100,123
1589490000,146
1589490900,123
1589491800,113
1589492700,119
1589493600,104
1589494500,120
1589495400,133
1589496300,152
1589497200,127
1589498100,104
1589499000,121
1589499900,108
1589500800,112
1589501700,120
1589502600,136
1589503500,140
1589504400,129
1589505300,133
1589506200,125
1589507100,110
1589508000,122
1589508900,135
1589509800,150
1589510700,282
1589511600,97
1589512500,109
1589513400,105
1589514300,154
1589515200,338
1589516100,299
1589517000,164
1589517900,190
1589518800,162
1589519700,158
1589520600,140
1589521500,180
1589522400,177
1589523300,244
1589524200,374
1589525100,506
1589526000,346
1589526900,146
1589527800,551
1589528700,413
1589529600,142
1589530500,160
1589531400,150
1589532300,162
1589533200,194
1589534100,204
1589535000,140
1589535900,96
1589536800,104
1589537700,109
1589538600,132
1589539500,189
1589540400,150
1589541300,144
1589542200,155
1589543100,295
1589544000,527
1589544900,426
1589545800,243
1589546700,351
1589547600,597
1589548500,116
1589549400,131
1589550300,163
1589551200,449
1589552100,609
1589553000,240
1589553900,239
1589554800,237
1589555700,676
1589556600,439
1589557500,503
1589558400,342
1589559300,797
1589560200,261
1589561100,237
1589562000,223
1589562900,297
1589563800,325
1589564700,393
1589565600,744
1589566500,720
1589567400,813
1589568300,806
1589569200,805
1589570100,636
1589571000,323
1589571900,302
1589572800,268
1589573700,217
1589574600,216
1589575500,194
1589576400,138
1589577300,121
1589578200,128
1589579100,111
1589580000,121
1589580900,132
1589581800,150
1589582700,144
1589583600,114
1589584500,103
1589585400,108
1589586300,94
1589587200,108
1589588100,161
1589589000,148
1589589900,123
1589590800,120
1589591700,122
1589592600,118
1589593500,107
1589594400,146
1589595300,144
1589596200,113
1589597100,128
1589598000,121
1589598900,117
1589599800,120
1589600700,154
1589601600,190
1589602500,118
1589603400,103
1589604300,113
1589605200,146
1589606100,348
1589607000,776
1589607900,690
1589608800,492
1589609700,458
1589610600,358
1589611500,326
1589612400,610
1589613300,595
1589614200,560
1589615100,326
1589616000,631
1589616900,663
1589617800,308
1589618700,321
1589619600,363
1589620500,367
1589621400,421
1589622300,589
1589623200,366
1589624100,367
1589625000,304
1589625900,447
1589626800,423
1589627700,181
1589628600,205
1589629500,519
1589630400,400
1589631300,433
1589632200,230
1589633100,699
1589634000,283
1589634900,192
1589635800,228
1589636700,330
1589637600,270
1589638500,256
1589639400,211
1589640300,243
1589641200,254
1589642100,215
1589643000,220
1589643900,210
1589644800,224
1589645700,247
1589646600,237
1589647500,251
1589648400,223
1589649300,248
1589650200,234
1589651100,225
1589652000,228
1589652900,268
1589653800,287
1589654700,839
1589655600,1728
1589656500,1336
1589657400,927
1589658300,851
1589659200,758
1589660100,721
1589661000,459
1589661900,261
1589662800,265
1589663700,224
1589664600,228
1589665500,197
1589666400,204
1589667300,217
1589668200,223
1589669100,207
1589670000,214
1589670900,240
1589671800,224
1589672700,243
1589673600,246
1589674500,238
1589675400,253
1589676300,246
1589677200,271
1589678100,260
1589679000,351
1589679900,461
1589680800,252
1589681700,164
1589682600,109
1589683500,122
1589684400,127
1589685300,127
1589686200,120
1589687100,147
1589688000,206
1589688900,272
1589689800,396
1589690700,566
1589691600,344
1589692500,380
1589693400,272
1589694300,620
1589695200,429
1589696100,257
1589697000,315
1589697900,252
1589698800,261
1589699700,252
1589700600,326
1589701500,293
1589702400,246
1589703300,295
1589704200,284
1589705100,306
1589706000,294
1589706900,590
1589707800,1236
1589708700,1594
1589709600,994
1589710500,810
1589711400,436
1589712300,411
1589713200,680
1589714100,474
1589715000,286
1589715900,285
1589716800,269
1589717700,255
1589718600,252
1589719500,238
1589720400,318
1589721300,342
1589722200,315
1589723100,385
1589724000,576
1589724900,441
1589725800,258
1589726700,448
1589727600,721
1589728500,265
1589729400,238
1589730300,222
1589731200,203
1589732100,220
1589733000,220
1589733900,247
1589734800,320
1589735700,239
1589736600,280
1589737500,233
1589738400,243
1589739300,248
1589740200,268
1589741100,307
1589742000,335
1589742900,358
1589743800,330
1589744700,309
1589745600,268
1589746500,263
1589747400,319
1589748300,286
1589749200,272
1589750100,221
1589751000,193
1589751900,129
1589752800,124
1589753700,162
1589754600,137
1589755500,98
1589756400,108
1589757300,94
1589758200,122
1589759100,130
1589760000,160
1589760900,154
1589761800,119
1589762700,124
1589763600,122
1589764500,116
1589765400,124
1589766300,137
1589767200,150
1589768100,113
1589769000,130
1589769900,128
1589770800,122
1589771700,136
1589772600,148
1589773500,181
1589774400,250
1589775300,550
1589776200,256
1589777100,677
1589778000,389
1589778900,394
1589779800,302
1589780700,694
1589781600,166
1589782500,185
1589783400,186
1589784300,192
1589785200,199
1589786100,176
1589787000,126
1589787900,109
1589788800,114
1589789700,110
1589790600,126
1589791500,142
1589792400,130
1589793300,109
1589794200,93
1589795100,114
1589796000,97
1589796900,120
1589797800,163
1589798700,193
1589799600,156
1589800500,173
1589801400,206
1589802300,450
1589803200,465
1589804100,442
1589805000,227
1589805900,492
1589806800,574
1589807700,211
1589808600,222
1589809500,201
1589810400,226
1589811300,529
1589812200,554
1589813100,325
1589814000,224
1589814900,221
1589815800,232
1589816700,241
1589817600,260
1589818500,252
1589819400,386
1589820300,277
1589821200,239
1589822100,240
1589823000,380
1589823900,380
1589824800,342
1589825700,344
1589826600,393
1589827500,330
1589828400,344
1589829300,376
1589830200,351
1589831100,352
1589832000,325
1589832900,297
1589833800,301
1589834700,586
1589835600,503
1589836500,397
1589837400,133
1589838300,657
1589839200,184
1589840100,111
1589841000,113
1589841900,140
1589842800,128
1589843700,92
1589844600,105
1589845500,105
1589846400,100
1589847300,117
1589848200,143
1589849100,153
1589850000,125
1589850900,107
1589851800,116
1589852700,96
1589853600,99
1589854500,133
1589855400,113
1589856300,143
1589857200,133
1589858100,119
1589859000,118
1589859900,129
1589860800,288
1589861700,996
1589862600,1081
1589863500,765
1589864400,664
1589865300,814
1589866200,683
1589867100,721
1589868000,419
1589868900,665
1589869800,321
1589870700,227
1589871600,317
1589872500,704
1589873400,196
1589874300,213
1589875200,141
1589876100,151
1589877000,137
1589877900,131
1589878800,147
1589879700,588
1589880600,629
1589881500,579
1589882400,793
1589883300,919
1589884200,499
1589885100,470
1589886000,762
1589886900,232
1589887800,182
1589888700,153
1589889600,149
1589890500,156
1589891400,307
1589892300,172
1589893200,167
1589894100,323
1589895000,226
1589895900,137
1589896800,292
1589897700,463
1589898600,178
1589899500,481
1589900400,382
1589901300,334
1589902200,309
1589903100,270
1589904000,228
1589904900,248
1589905800,437
1589906700,295
1589907600,244
1589908500,240
1589909400,231
1589910300,297
1589911200,477
1589912100,649
1589913000,559
1589913900,300
1589914800,706
1589915700,566
1589916600,321
1589917500,312
1589918400,231
1589919300,154
1589920200,107
1589921100,154
1589922000,108
1589922900,116
1589923800,134
1589924700,96
1589925600,98
1589926500,91
1589927400,108
1589928300,110
1589929200,137
1589930100,156
1589931000,110
1589931900,123
1589932800,121
1589933700,114
1589934600,132
1589935500,146
1589936400,140
1589937300,120
1589938200,109
1589939100,125
1589940000,115
1589940900,112
1589941800,164
1589942700,140
1589943600,117
1589944500,266
1589945400,117
1589946300,129
1589947200,383
1589948100,675
1589949000,610
1589949900,738
1589950800,643
1589951700,621
1589952600,1061
1589953500,282
1589954400,304
1589955300,206
1589956200,674
1589957100,210
1589958000,119
1589958900,124
1589959800,142
1589960700,225
1589961600,136
1589962500,142
1589963400,204
1589964300,170
1589965200,158
1589966100,170
1589967000,181
1589967900,165
1589968800,740
1589969700,463
1589970600,216
1589971500,185
1589972400,262
1589973300,219
1589974200,549
1589975100,209
1589976000,197
1589976900,217
1589977800,208
1589978700,235
1589979600,238
1589980500,190
1589981400,176
1589982300,164
1589983200,190
1589984100,188
1589985000,202
1589985900,260
1589986800,362
1589987700,222
1589988600,260
1589989500,229
1589990400,227
1589991300,287
1589992200,231
1589993100,187
1589994000,789
1589994900,862
1589995800,734
1589996700,746
1589997600,702
1589998500,632
1589999400,357
1590000300,278
1590001200,444
1590002100,718
1590003000,534
1590003900,358
1590004800,710
1590005700,558
1590006600,258
1590007500,136
1590008400,117
1590009300,117
1590010200,144
1590011100,134
1590012000,100
1590012900,112
1590013800,113
1590014700,106
1590015600,132
1590016500,142
1590017400,117
1590018300,113
1590019200,99
1590020100,110
1590021000,116
1590021900,133
1590022800,167
1590023700,115
1590024600,101
1590025500,113
1590026400,117
1590027300,131
1590028200,160
1590029100,160
1590030000,131
1590030900,128
1590031800,125
1590032700,142
1590033600,415
1590034500,1143
1590035400,1046
1590036300,728
1590037200,685
1590038100,683
1590039000,465
1590039900,187
1590040800,224
1590041700,175
1590042600,156
1590043500,162
1590044400,151
1590045300,321
1590046200,888
1590047100,1497
1590048000,1008
1590048900,782
1590049800,760
1590050700,659
1590051600,565
1590052500,590
1590053400,724
1590054300,413
1590055200,203
1590056100,240
1590057000,175
1590057900,200
1590058800,505
1590059700,523
1590060600,408
1590061500,191
1590062400,525
1590063300,533
1590064200,162
1590065100,361
1590066000,1038
1590066900,975
1590067800,736
1590068700,714
1590069600,662
1590070500,582
1590071400,296
1590072300,388
1590073200,428
1590074100,320
1590075000,640
1590075900,536
1590076800,311
1590077700,272
1590078600,245
1590079500,254
1590080400,375
1590081300,625
1590082200,449
1590083100,267
1590084000,671
1590084900,608
1590085800,317
1590086700,362
1590087600,282
1590088500,247
1590089400,299
1590090300,269
1590091200,191
1590092100,126
1590093000,121
1590093900,120
1590094800,113
1590095700,130
1590096600,121
1590097500,99
1590098400,92
1590099300,113
1590100200,123
1590101100,117
1590102000,143
1590102900,120
1590103800,114
1590104700,118
1590105600,110
1590106500,117
1590107400,127
1590108300,128
1590109200,122
1590110100,114
1590111000,107
1590111900,124
1590112800,111
1590113700,127
1590114600,143
1590115500,104
1590116400,112
1590117300,116
1590118200,105
1590119100,151
1590120000,287
1590120900,312
1590121800,174
1590122700,172
1590123600,222
1590124500,281
1590125400,282
1590126300,322
1590127200,313
1590128100,422
1590129000,320
1590129900,319
1590130800,313
1590131700,378
1590132600,339
1590133500,357
1590134400,367
1590135300,365
1590136200,378
1590137100,375
1590138000,381
1590138900,427
1590139800,627
1590140700,493
1590141600,943
1590142500,310
1590143400,294
1590144300,300
1590145200,290
1590146100,267
1590147000,204
1590147900,247
1590148800,344
1590149700,326
1590150600,332
1590151500,339
1590152400,371
1590153300,831
1590154200,473
1590155100,432
1590156000,442
1590156900,884
1590157800,375
1590158700,329
1590159600,447
1590160500,761
1590161400,343
1590162300,373
1590163200,393
1590164100,365
1590165000,420
1590165900,376
1590166800,448
1590167700,309
1590168600,372
1590169500,324
1590170400,311
1590171300,320
1590172200,336
1590173100,351
1590174000,348
1590174900,355
1590175800,368
1590176700,328
1590177600,325
1590178500,275
1590179400,265
1590180300,281
1590181200,334
1590182100,346
1590183000,270
1590183900,264
1590184800,245
1590185700,252
1590186600,258
1590187500,202
1590188400,146
1590189300,124
1590190200,128
1590191100,124
1590192000,111
1590192900,141
1590193800,135
1590194700,117
1590195600,116
1590196500,98
1590197400,126
1590198300,133
1590199200,130
1590200100,157
1590201000,130
1590201900,122
1590202800,126
1590203700,124
1590204600,117
1590205500,163
1590206400,170
1590207300,125
1590208200,148
1590209100,140
1590210000,154
1590210900,142
1590211800,164
1590212700,598
1590213600,1003
1590214500,790
1590215400,672
1590216300,654
1590217200,708
1590218100,819
1590219000,690
1590219900,439
1590220800,406
1590221700,329
1590222600,791
1590223500,284
1590224400,282
1590225300,242
1590226200,237
1590227100,237
1590228000,822
1590228900,242
1590229800,226
1590230700,256
1590231600,206
1590232500,230
1590233400,212
1590234300,249
1590235200,223
1590236100,199
1590237000,209
1590237900,213
1590238800,218
1590239700,459
1590240600,310
1590241500,260
1590242400,234
1590243300,219
1590244200,268
1590245100,646
1590246000,423
1590246900,492
1590247800,264
1590248700,699
1590249600,499
1590250500,247
1590251400,296
1590252300,271
1590253200,252
1590254100,240
1590255000,259
1590255900,255
1590256800,251
1590257700,297
1590258600,255
1590259500,284
1590260400,282
1590261300,296
1590262200,286
1590263100,296
1590264000,331
1590264900,257
1590265800,271
1590266700,247
1590267600,237
1590268500,174
1590269400,157
1590270300,177
1590271200,160
1590272100,158
1590273000,147
1590273900,144
1590274800,161
1590275700,181
1590276600,171
1590277500,142
1590278400,151
1590279300,153
1590280200,141
1590281100,181
1590282000,179
1590282900,153
1590283800,146
1590284700,146
1590285600,155
1590286500,142
1590287400,191
1590288300,163
1590289200,153
1590290100,148
1590291000,132
1590291900,151
1590292800,186
1590293700,449
1590294600,263
1590295500,153
1590296400,158
1590297300,224
1590298200,175
1590299100,190
1590300000,585
1590300900,466
1590301800,458
1590302700,462
1590303600,666
1590304500,897
1590305400,720
1590306300,473
1590307200,896
1590308100,764
1590309000,473
1590309900,465
1590310800,455
1590311700,1170
1590312600,1000
1590313500,592
1590314400,509
1590315300,448
1590316200,214
1590317100,218
1590318000,234
1590318900,197
1590319800,255
1590320700,553
1590321600,1131
1590322500,865
1590323400,835
1590324300,773
1590325200,440
1590326100,289
1590327000,234
1590327900,231
1590328800,218
1590329700,216
1590330600,212
1590331500,202
1590332400,309
1590333300,226
1590334200,207
1590335100,241
1590336000,241
1590336900,210
1590337800,219
1590338700,209
1590339600,208
1590340500,245
1590341400,653
1590342300,265
1590343200,520
1590344100,280
1590345000,818
1590345900,430
1590346800,486
1590347700,328
1590348600,798
1590349500,411
1590350400,216
1590351300,212
1590352200,215
1590353100,224
1590354000,224
1590354900,212
1590355800,123
1590356700,110
1590357600,99
1590358500,135
1590359400,131
1590360300,111
1590361200,121
1590362100,102
1590363000,109
1590363900,110
1590364800,119
1590365700,113
1590366600,93
1590367500,102
1590368400,123
1590369300,115
1590370200,128
1590371100,126
1590372000,121
1590372900,110
1590373800,108
1590374700,125
1590375600,115
1590376500,154
1590377400,128
1590378300,147
1590379200,591
1590380100,722
1590381000,531
1590381900,509
1590382800,574
1590383700,321
1590384600,133
1590385500,238
1590386400,118
1590387300,101
1590388200,131
1590389100,114
1590390000,156
1590390900,894
1590391800,1021
1590392700,735
1590393600,715
1590394500,669
1590395400,437
1590396300,208
1590397200,193
1590398100,170
1590399000,159
1590399900,173
1590400800,170
1590401700,138
1590402600,148
1590403500,163
1590404400,138
1590405300,177
1590406200,189
1590407100,178
1590408000,156
1590408900,163
1590409800,169
1590410700,164
1590411600,198
1590412500,154
1590413400,125
1590414300,107
1590415200,136
1590416100,173
1590417000,186
1590417900,255
1590418800,356
1590419700,213
1590420600,275
1590421500,262
1590422400,237
1590423300,209
1590424200,250
1590425100,229
1590426000,225
1590426900,497
1590427800,732
1590428700,763
1590429600,865
1590430500,1229
1590431400,927
1590432300,553
1590433200,701
1590434100,722
1590435000,324
1590435900,337
1590436800,280
1590437700,254
1590438600,310
1590439500,259
1590440400,220
1590441300,124
1590442200,130
1590443100,112
1590444000,120
1590444900,159
1590445800,129
1590446700,122
1590447600,113
1590448500,116
1590449400,118
1590450300,136
1590451200,162
1590452100,109
1590453000,117
1590453900,121
1590454800,113
1590455700,126
1590456600,146
1590457500,145
1590458400,112
1590459300,112
1590460200,129
1590461100,112
1590462000,131
1590462900,135
1590463800,104
1590464700,132
1590465600,527
1590466500,567
1590467400,1009
1590468300,829
1590469200,613
1590470100,484
1590471000,428
1590471900,377
1590472800,247
1590473700,134
1590474600,128
1590475500,188
1590476400,188
1590477300,220
1590478200,165
1590479100,132
1590480000,133
1590480900,151
1590481800,122
1590482700,289
1590483600,539
1590484500,540
1590485400,863
1590486300,473
1590487200,432
1590488100,387
1590489000,557
1590489900,223
1590490800,330
1590491700,158
1590492600,675
1590493500,409
1590494400,149
1590495300,149
1590496200,149
1590497100,165
1590498000,228
1590498900,220
1590499800,188
1590500700,199
1590501600,187
1590502500,214
1590503400,301
1590504300,285
1590505200,283
1590506100,296
1590507000,296
1590507900,620
1590508800,545
1590509700,294
1590510600,255
1590511500,231
1590512400,234
1590513300,200
1590514200,222
1590515100,246
1590516000,264
1590516900,394
1590517800,349
1590518700,310
1590519600,305
1590520500,346
1590521400,436
1590522300,410
1590523200,374
1590524100,334
1590525000,335
1590525900,391
1590526800,348
1590527700,328
1590528600,295
1590529500,216
1590530400,220
1590531300,197
1590532200,155
1590533100,155
1590534000,145
1590534900,142
1590535800,141
1590536700,163
1590537600,135
1590538500,143
1590539400,158
1590540300,154
1590541200,157
1590542100,167
1590543000,155
1590543900,148
1590544800,156
1590545700,136
1590546600,179
1590547500,177
1590548400,144
1590549300,155
1590550200,153
1590551100,169
1590552000,346
1590552900,593
1590553800,715
1590554700,410
1590555600,275
1590556500,449
1590557400,708
1590558300,258
1590559200,245
1590560100,239
1590561000,234
1590561900,222
1590562800,330
1590563700,200
1590564600,180
1590565500,590
1590566400,277
1590567300,289
1590568200,595
1590569100,665
1590570000,714
1590570900,699
1590571800,601
1590572700,184
1590573600,124
1590574500,184
1590575400,136
1590576300,135
1590577200,170
1590578100,150
1590579000,167
1590579900,190
1590580800,183
1590581700,160
1590582600,573
1590583500,1115
1590584400,798
1590585300,389
1590586200,173
1590587100,191
1590588000,372
1590588900,553
1590589800,463
1590590700,514
1590591600,279
1590592500,238
1590593400,229
1590594300,242
1590595200,226
1590596100,547
1590597000,254
1590597900,511
1590598800,236
1590599700,268
1590600600,255
1590601500,264
1590602400,300
1590603300,289
1590604200,422
1590605100,804
1590606000,846
1590606900,601
1590607800,362
1590608700,675
1590609600,559
1590610500,243
1590611400,280
1590612300,242
1590613200,199
1590614100,138
1590615000,123
1590615900,141
1590616800,141
1590617700,133
1590618600,130
1590619500,130
1590620400,124
1590621300,129
1590622200,155
1590623100,118
1590624000,136
1590624900,124
1590625800,121
1590626700,148
1590627600,132
1590628500,128
1590629400,135
1590630300,134
1590631200,133
1590632100,139
1590633000,124
1590633900,97
1590634800,109
1590635700,117
1590636600,122
1590637500,160
1590638400,444
1590639300,650
1590640200,985
1590641100,733
1590642000,640
1590642900,852
1590643800,989
1590644700,779
1590645600,341
1590646500,550
1590647400,338
1590648300,139
1590649200,102
1590650100,126
1590651000,125
1590651900,114
1590652800,138
1590653700,605
1590654600,1655
1590655500,1380
1590656400,1163
1590657300,1145
1590658200,1176
1590659100,487
1590660000,127
1590660900,162
1590661800,127
1590662700,112
1590663600,144
1590664500,112
1590665400,112
1590666300,111
1590667200,311
1590668100,143
1590669000,135
1590669900,124
1590670800,110
1590671700,110
1590672600,119
1590673500,161
1590674400,214
1590675300,154
1590676200,152
1590677100,180
1590678000,203
1590678900,219
1590679800,256
1590680700,709
1590681600,348
1590682500,454
1590683400,324
1590684300,721
1590685200,488
1590686100,286
1590687000,303
1590687900,301
1590688800,272
1590689700,343
1590690600,295
1590691500,332
1590692400,272
1590693300,260
1590694200,223
1590695100,219
1590696000,265
1590696900,270
1590697800,288
1590698700,280
1590699600,238
1590700500,196
1590701400,131
1590702300,136
1590703200,146
1590704100,114
1590705000,142
1590705900,134
1590706800,119
1590707700,109
1590708600,115
1590709500,138
1590710400,133
1590711300,160
1590712200,131
1590713100,125
1590714000,129
1590714900,128
1590715800,150
1590716700,151
1590717600,122
1590718500,133
1590719400,116
1590720300,282
1590721200,156
1590722100,187
1590723000,147
1590723900,149
1590724800,392
1590725700,115
1590726600,121
1590727500,127
1590728400,173
1590729300,149
1590730200,142
1590731100,611
1590732000,330
1590732900,165
1590733800,390
1590734700,532
1590735600,158
1590736500,137
1590737400,135
1590738300,117
1590739200,85
1590740100,107
1590741000,90
1590741900,92
1590742800,118
1590743700,102
1590744600,135
1590745500,172
1590746400,739
1590747300,187
1590748200,202
1590749100,198
1590750000,177
1590750900,181
1590751800,192
1590752700,173
1590753600,209
1590754500,180
1590755400,194
1590756300,579
1590757200,294
1590758100,382
1590759000,418
1590759900,762
1590760800,446
1590761700,229
1590762600,265
1590763500,281
1590764400,298
1590765300,286
1590766200,276
1590767100,285
1590768000,265
1590768900,409
1590769800,277
1590770700,266
1590771600,389
1590772500,538
1590773400,640
1590774300,922
1590775200,1340
1590776100,921
1590777000,831
1590777900,786
1590778800,671
1590779700,326
1590780600,336
1590781500,326
1590782400,320
1590783300,240
1590784200,224
1590785100,215
1590786000,207
1590786900,169
1590787800,125
1590788700,125
1590789600,123
1590790500,121
1590791400,159
1590792300,119
1590793200,134
1590794100,140
1590795000,123
1590795900,130
1590796800,145
1590797700,138
1590798600,119
1590799500,122
1590800400,135
1590801300,134
1590802200,159
1590803100,114
1590804000,111
1590804900,108
1590805800,103
1590806700,123
1590807600,167
1590808500,148
1590809400,127
1590810300,132
1590811200,161
1590812100,119
1590813000,152
1590813900,139
1590814800,143
1590815700,152
1590816600,204
1590817500,255
1590818400,161
1590819300,125
1590820200,174
1590821100,163
1590822000,172
1590822900,158
1590823800,294
1590824700,174
1590825600,221
1590826500,231
1590827400,502
1590828300,364
1590829200,592
1590830100,706
1590831000,515
1590831900,320
1590832800,263
1590833700,423
1590834600,625
1590835500,490
1590836400,226
1590837300,604
1590838200,500
1590839100,237
1590840000,240
1590840900,311
1590841800,599
1590842700,551
1590843600,417
1590844500,424
1590845400,461
1590846300,245
1590847200,258
1590848100,244
1590849000,221
1590849900,239
1590850800,330
1590851700,331
1590852600,261
1590853500,243
1590854400,253
1590855300,332
1590856200,361
1590857100,353
1590858000,335
1590858900,337
1590859800,355
1590860700,392
1590861600,723
1590862500,1280
1590863400,1178
1590864300,1196
1590865200,1064
1590866100,853
1590867000,654
1590867900,722
1590868800,343
1590869700,234
1590870600,152
1590871500,139
1590872400,130
1590873300,161
1590874200,166
1590875100,136
1590876000,129
1590876900,119
1590877800,118
1590878700,138
1590879600,140
1590880500,147
1590881400,154
1590882300,131
1590883200,148
1590884100,156
1590885000,140
1590885900,124
1590886800,139
1590887700,140
1590888600,157
1590889500,156
1590890400,129
1590891300,139
1590892200,122
1590893100,139
1590894000,155
1590894900,154
1590895800,133
1590896700,166
1590897600,180
1590898500,531
1590899400,198
1590900300,151
1590901200,128
1590902100,116
1590903000,156
1590903900,182
1590904800,260
1590905700,197
1590906600,177
1590907500,171
1590908400,607
1590909300,641
1590910200,990
1590911100,1487
1590912000,1480
1590912900,1094
1590913800,766
1590914700,971
1590915600,681
1590916500,858
1590917400,614
1590918300,388
1590919200,684
1590920100,564
1590921000,220
1590921900,232
1590922800,255
1590923700,202
1590924600,182
1590925500,151
1590926400,139
1590927300,119
1590928200,134
1590929100,145
1590930000,183
1590930900,151
1590931800,181
1590932700,227
1590933600,208
1590934500,227
1590935400,252
1590936300,250
1590937200,634
1590938100,470
1590939000,217
1590939900,229
1590940800,219
1590941700,643
1590942600,900
1590943500,761
1590944400,727
1590945300,681
1590946200,578
1590947100,290
1590948000,412
1590948900,862
1590949800,1025
1590950700,722
1590951600,930
1590952500,1238
1590953400,269
1590954300,319
1590955200,319
1590956100,274
1590957000,206
1590957900,193
1590958800,163
1590959700,133
1590960600,141
1590961500,143
1590962400,128
1590963300,126
1590964200,120
1590965100,126
1590966000,158
1590966900,114
1590967800,127
1590968700,119
1590969600,141
1590970500,130
1590971400,145
1590972300,112
1590973200,133
1590974100,103
1590975000,108
1590975900,139
1590976800,124
1590977700,131
1590978600,127
1590979500,128
1590980400,124
1590981300,156
1590982200,115
1590983100,149
1590984000,153
1590984900,135
1590985800,135
1590986700,300
1590987600,151
1590988500,139
1590989400,148
1590990300,144
1590991200,181
1590992100,177
1590993000,587
1590993900,612
1590994800,558
1590995700,421
1590996600,1119
1590997500,920
1590998400,1052
1590999300,538
1591000200,711
1591001100,1067
1591002000,647
1591002900,918
1591003800,1309
1591004700,1228
1591005600,1340
1591006500,346
1591007400,344
1591008300,955
1591009200,874
1591010100,831
1591011000,1010
1591011900,415
1591012800,827
1591013700,801
1591014600,1348
1591015500,370
1591016400,275
1591017300,845
1591018200,672
1591019100,512
1591020000,293
1591020900,274
1591021800,589
1591022700,687
1591023600,684
1591024500,539
1591025400,256
1591026300,240
1591027200,249
1591028100,252
1591029000,223
1591029900,250
1591030800,427
1591031700,764
1591032600,708
1591033500,695
1591034400,316
1591035300,293
1591036200,277
1591037100,304
1591038000,311
1591038900,285
1591039800,338
1591040700,422
1591041600,393
1591042500,242
1591043400,232
1591044300,202
1591045200,235
1591046100,232
1591047000,209
1591047900,148
1591048800,100
1591049700,118
1591050600,134
1591051500,151
1591052400,119
1591053300,135
1591054200,128
1591055100,135
1591056000,154
1591056900,122
1591057800,127
1591058700,117
1591059600,130
1591060500,130
1591061400,162
1591062300,124
1591063200,130
1591064100,116
1591065000,124
1591065900,151
1591066800,135
1591067700,124
1591068600,122
1591069500,159
1591070400,512
1591071300,260
1591072200,94
1591073100,174
1591074000,91
1591074900,115
1591075800,167
1591076700,191
1591077600,139
1591078500,101
1591079400,90
1591080300,73
1591081200,115
1591082100,95
1591083000,99
1591083900,74
1591084800,83
1591085700,85
1591086600,131
1591087500,110
1591088400,104
1591089300,125
1591090200,129
1591091100,124
1591092000,111
1591092900,109
1591093800,93
1591094700,92
1591095600,83
1591096500,100
1591097400,69
1591098300,62
1591099200,74
1591100100,85
1591101000,108
1591101900,101
1591102800,99
1591103700,108
1591104600,87
1591105500,70
1591106400,116
1591107300,300
1591108200,167
1591109100,208
1591110000,218
1591110900,292
1591111800,427
1591112700,398
1591113600,322
1591114500,235
1591115400,347
1591116300,336
1591117200,276
1591118100,287
1591119000,708
1591119900,445
1591120800,402
1591121700,413
1591122600,748
1591123500,232
1591124400,294
1591125300,357
1591126200,359
1591127100,324
1591128000,288
1591128900,264
1591129800,286
1591130700,298
1591131600,260
1591132500,255
1591133400,130
1591134300,142
1591135200,126
1591136100,171
1591137000,148
1591137900,143
1591138800,135
1591139700,132
1591140600,147
1591141500,161
1591142400,145
1591143300,134
1591144200,142
1591145100,111
1591146000,153
1591146900,142
1591147800,133
1591148700,161
1591149600,160
1591150500,165
1591151400,170
1591152300,158
1591153200,136
1591154100,151
1591155000,143
1591155900,171
1591156800,176
1591157700,532
1591158600,202
1591159500,179
1591160400,219
1591161300,202
1591162200,195
1591163100,188
1591164000,204
1591164900,184
1591165800,192
1591166700,334
1591167600,213
1591168500,170
1591169400,147
1591170300,160
1591171200,170
1591172100,218
1591173000,187
1591173900,178
1591174800,166
1591175700,184
1591176600,210
1591177500,163
1591178400,171
1591179300,161
1591180200,174
1591181100,178
1591182000,1243
1591182900,798
1591183800,199
1591184700,149
1591185600,398
1591186500,558
1591187400,380
1591188300,159
1591189200,418
1591190100,551
1591191000,143
1591191900,158
1591192800,117
1591193700,117
1591194600,114
1591195500,179
1591196400,213
1591197300,210
1591198200,203
1591199100,200
1591200000,230
1591200900,204
1591201800,668
1591202700,646
1591203600,250
1591204500,208
1591205400,222
1591206300,249
1591207200,224
1591208100,228
1591209000,238
1591209900,268
1591210800,263
1591211700,328
1591212600,320
1591213500,386
1591214400,298
1591215300,254
1591216200,207
1591217100,150
1591218000,120
1591218900,109
1591219800,113
1591220700,125
1591221600,156
1591222500,144
1591223400,116
1591224300,137
1591225200,117
1591226100,147
1591227000,161
1591227900,129
1591228800,129
1591229700,118
1591230600,132
1591231500,144
1591232400,146
1591233300,129
1591234200,141
1591235100,138
1591236000,135
1591236900,160
1591237800,129
1591238700,133
1591239600,127
1591240500,145
1591241400,148
1591242300,143
1591243200,109
1591244100,482
1591245000,156
1591245900,132
1591246800,192
1591247700,180
1591248600,210
1591249500,145
1591250400,156
1591251300,163
1591252200,188
1591253100,163
1591254000,148
1591254900,173
1591255800,326
1591256700,663
1591257600,278
1591258500,212
1591259400,178
1591260300,200
1591261200,481
1591262100,575
1591263000,636
1591263900,329
1591264800,191
1591265700,211
1591266600,192
1591267500,175
1591268400,147
1591269300,531
1591270200,1226
1591271100,820
1591272000,252
1591272900,242
1591273800,184
1591274700,196
1591275600,242
1591276500,238
1591277400,318
1591278300,567
1591279200,399
1591280100,389
1591281000,165
1591281900,752
1591282800,423
1591283700,236
1591284600,252
1591285500,235
1591286400,247
1591287300,248
1591288200,262
1591289100,250
1591290000,246
1591290900,235
1591291800,487
1591292700,1055
1591293600,803
1591294500,825
1591295400,851
1591296300,764
1591297200,678
1591298100,409
1591299000,291
1591299900,249
1591300800,241
1591301700,209
1591302600,224
1591303500,181
1591304400,132
1591305300,123
1591306200,128
1591307100,112
1591308000,153
1591308900,116
1591309800,127
1591310700,123
1591311600,128
1591312500,127
1591313400,150
1591314300,121
1591315200,114
1591316100,114
1591317000,107
1591317900,140
1591318800,121
1591319700,138
1591320600,116
1591321500,124
1591322400,110
1591323300,161
1591324200,136
1591325100,123
1591326000,121
1591326900,121
1591327800,133
1591328700,155
1591329600,290
1591330500,646
1591331400,1022
1591332300,801
1591333200,700
1591334100,302
1591335000,271
1591335900,270
1591336800,302
1591337700,291
1591338600,277
1591339500,341
1591340400,329
1591341300,286
1591342200,268
1591343100,296
1591344000,332
1591344900,317
1591345800,285
1591346700,298
1591347600,283
1591348500,586
1591349400,325
1591350300,231
1591351200,236
1591352100,218
1591353000,235
1591353900,250
1591354800,240
1591355700,215
1591356600,236
1591357500,214
1591358400,231
1591359300,249
1591360200,236
1591361100,230
1591362000,263
1591362900,223
1591363800,231
1591364700,284
1591365600,255
1591366500,264
1591367400,288
1591368300,332
1591369200,339
1591370100,514
1591371000,305
1591371900,332
1591372800,313
1591373700,331
1591374600,577
1591375500,774
1591376400,563
1591377300,331
1591378200,556
1591379100,782
1591380000,348
1591380900,292
1591381800,282
1591382700,237
1591383600,262
1591384500,289
1591385400,328
1591386300,320
1591387200,323
1591388100,306
1591389000,252
1591389900,277
1591390800,220
1591391700,215
1591392600,171
1591393500,160
1591394400,141
1591395300,163
1591396200,138
1591397100,126
1591398000,135
1591398900,125
1591399800,152
1591400700,156
1591401600,145
1591402500,126
1591403400,137
1591404300,120
1591405200,155
1591406100,153
1591407000,134
1591407900,134
1591408800,149
1591409700,147
1591410600,153
1591411500,149
1591412400,125
1591413300,122
1591414200,107
1591415100,155
1591416000,178
1591416900,182
1591417800,183
1591418700,175
1591419600,146
1591420500,169
1591421400,165
1591422300,452
1591423200,372
1591424100,134
1591425000,165
1591425900,210
1591426800,262
1591427700,229
1591428600,197
1591429500,223
1591430400,206
1591431300,203
1591432200,221
1591433100,184
1591434000,220
1591434900,847
1591435800,836
1591436700,223
1591437600,173
1591438500,160
1591439400,153
1591440300,162
1591441200,190
1591442100,233
1591443000,188
1591443900,245
1591444800,189
1591445700,204
1591446600,219
1591447500,261
1591448400,223
1591449300,428
1591450200,222
1591451100,234
1591452000,230
1591452900,236
1591453800,222
1591454700,219
1591455600,252
1591456500,217
1591457400,316
1591458300,842
1591459200,515
1591460100,463
1591461000,528
1591461900,836
1591462800,344
1591463700,291
1591464600,304
1591465500,361
1591466400,410
1591467300,413
1591468200,458
1591469100,814
1591470000,446
1591470900,358
1591471800,339
1591472700,364
1591473600,358
1591474500,356
1591475400,334
1591476300,258
1591477200,238
1591478100,321
1591479000,198
1591479900,162
1591480800,137
1591481700,145
1591482600,155
1591483500,141
1591484400,128
1591485300,122
1591486200,118
1591487100,100
1591488000,145
1591488900,129
1591489800,135
1591490700,130
1591491600,139
1591492500,128
1591493400,150
1591494300,141
1591495200,132
1591496100,141
1591497000,120
1591497900,131
1591498800,150
1591499700,137
1591500600,113
1591501500,147
1591502400,171
1591503300,566
1591504200,296
1591505100,220
1591506000,219
1591506900,218
1591507800,954
1591508700,2291
1591509600,1562
1591510500,1067
1591511400,839
1591512300,1298
1591513200,965
1591514100,781
1591515000,822
1591515900,836
1591516800,885
1591517700,916
1591518600,1433
1591519500,1578
1591520400,1707
1591521300,1240
1591522200,1057
1591523100,697
1591524000,968
1591524900,1030
1591525800,1070
1591526700,786
1591527600,769
1591528500,1091
1591529400,418
1591530300,367
1591531200,422
1591532100,712
1591533000,211
1591533900,209
1591534800,175
1591535700,351
1591536600,210
1591537500,195
1591538400,263
1591539300,235
1591540200,276
1591541100,376
1591542000,227
1591542900,167
1591543800,227
1591544700,253
1591545600,281
1591546500,285
1591547400,259
1591548300,262
1591549200,289
1591550100,295
1591551000,284
1591551900,343
1591552800,657
1591553700,462
1591554600,516
1591555500,354
1591556400,827
1591557300,581
1591558200,340
1591559100,303
1591560000,284
1591560900,275
1591561800,324
1591562700,305
1591563600,330
1591564500,306
1591565400,245
1591566300,137
1591567200,153
1591568100,134
1591569000,118
1591569900,126
1591570800,124
1591571700,146
1591572600,145
1591573500,130
1591574400,117
1591575300,129
1591576200,112
1591577100,138
1591578000,152
1591578900,130
1591579800,134
1591580700,120
1591581600,132
1591582500,132
1591583400,145
1591584300,99
1591585200,115
1591586100,97
1591587000,125
1591587900,180
1591588800,511
1591589700,111
1591590600,111
1591591500,154
1591592400,112
1591593300,219
1591594200,502
1591595100,1030
1591596000,680
1591596900,601
1591597800,594
1591598700,243
1591599600,135
1591600500,169
1591601400,200
1591602300,201
1591603200,172
1591604100,233
1591605000,224
1591605900,236
1591606800,315
1591607700,714
1591608600,489
1591609500,506
1591610400,842
1591611300,497
1591612200,149
1591613100,154
1591614000,155
1591614900,168
1591615800,154
1591616700,169
1591617600,150
1591618500,181
1591619400,239
1591620300,237
1591621200,230
1591622100,231
1591623000,214
1591623900,197
1591624800,241
1591625700,239
1591626600,249
1591627500,295
1591628400,539
1591629300,734
1591630200,727
1591631100,884
1591632000,956
1591632900,989
1591633800,238
1591634700,275
1591635600,270
1591636500,237
1591637400,265
1591638300,604
1591639200,1222
1591640100,926
1591641000,743
1591641900,591
1591642800,291
1591643700,312
1591644600,335
1591645500,315
1591646400,274
1591647300,212
1591648200,187
1591649100,93
1591650000,140
1591650900,120
1591651800,104
1591652700,93
1591653600,108
1591654500,93
1591655400,127
1591656300,114
1591657200,97
1591658100,88
1591659000,74
1591659900,98
1591660800,125
1591661700,114
1591662600,90
1591663500,119
1591664400,106
1591665300,133
1591666200,127
1591667100,114
1591668000,113
1591668900,105
1591669800,123
1591670700,140
1591671600,131
1591672500,100
1591673400,118
1591674300,124
1591675200,156
1591676100,639
1591677000,115
1591677900,104
1591678800,96
1591679700,115
1591680600,626
1591681500,343
1591682400,211
1591683300,295
1591684200,579
1591685100,115
1591686000,123
1591686900,114
1591687800,146
1591688700,83
1591689600,88
1591690500,74
1591691400,120
1591692300,89
1591693200,88
1591694100,95
1591695000,89
1591695900,93
1591696800,104
1591697700,100
1591698600,80
1591699500,89
1591700400,121
1591701300,110
1591702200,121
1591703100,96
1591704000,109
1591704900,145
1591705800,142
1591706700,150
1591707600,180
1591708500,185
1591709400,262
1591710300,261
1591711200,222
1591712100,283
1591713000,257
1591713900,275
1591714800,291
1591715700,266
1591716600,409
1591717500,312
1591718400,308
1591719300,283
1591720200,305
1591721100,296
1591722000,329
1591722900,280
1591723800,232
1591724700,227
1591725600,692
1591726500,1158
1591727400,844
1591728300,784
1591729200,720
1591730100,351
1591731000,291
1591731900,203
1591732800,186
1591733700,141
1591734600,150
1591735500,127
1591736400,144
1591737300,141
1591738200,178
1591739100,147
1591740000,147
1591740900,147
1591741800,140
1591742700,179
1591743600,156
1591744500,160
1591745400,142
1591746300,153
1591747200,142
1591748100,166
1591749000,163
1591749900,140
1591750800,151
1591751700,146
1591752600,165
1591753500,175
1591754400,139
1591755300,132
1591756200,124
1591757100,136
1591758000,147
1591758900,189
1591759800,160
1591760700,159
1591761600,157
1591762500,245
1591763400,465
1591764300,127
1591765200,176
1591766100,156
1591767000,168
1591767900,141
1591768800,160
1591769700,135
1591770600,129
1591771500,130
1591772400,127
1591773300,148
1591774200,144
1591775100,160
1591776000,130
1591776900,117
1591777800,118
1591778700,122
1591779600,125
1591780500,86
1591781400,104
1591782300,100
1591783200,130
1591784100,275
1591785000,151
1591785900,134
1591786800,110
1591787700,150
1591788600,104
1591789500,155
1591790400,165
1591791300,609
1591792200,191
1591793100,131
1591794000,154
1591794900,185
1591795800,177
1591796700,140
1591797600,140
1591798500,94
1591799400,119
1591800300,154
1591801200,217
1591802100,164
1591803000,134
1591803900,140
1591804800,155
1591805700,151
1591806600,177
1591807500,200
1591808400,382
1591809300,677
1591810200,493
1591811100,236
1591812000,429
1591812900,726
1591813800,201
1591814700,259
1591815600,222
1591816500,214
1591817400,261
1591818300,288
1591819200,265
1591820100,306
1591821000,323
1591821900,234
1591822800,157
1591823700,110
1591824600,128
1591825500,140
1591826400,128
1591827300,131
1591828200,106
1591829100,111
1591830000,117
1591830900,141
1591831800,131
1591832700,132
1591833600,135
1591834500,112
1591835400,150
1591836300,131
1591837200,125
1591838100,118
1591839000,130
1591839900,139
1591840800,140
1591841700,136
1591842600,117
1591843500,125
1591844400,121
1591845300,134
1591846200,167
1591847100,116
1591848000,172
1591848900,497
1591849800,192
1591850700,197
1591851600,210
1591852500,208
1591853400,218
1591854300,186
1591855200,177
1591856100,246
1591857000,265
1591857900,248
1591858800,237
1591859700,241
1591860600,236
1591861500,420
1591862400,984
1591863300,1145
1591864200,667
1591865100,579
1591866000,687
1591866900,873
1591867800,465
1591868700,644
1591869600,652
1591870500,738
1591871400,382
1591872300,168
1591873200,157
1591874100,441
1591875000,1008
1591875900,773
1591876800,712
1591877700,545
1591878600,205
1591879500,678
1591880400,247
1591881300,303
1591882200,258
1591883100,262
1591884000,246
1591884900,258
1591885800,263
1591886700,684
1591887600,557
1591888500,271
1591889400,652
1591890300,750
1591891200,828
1591892100,796
1591893000,771
1591893900,741
1591894800,751
1591895700,326
1591896600,296
1591897500,337
1591898400,628
1591899300,1186
1591900200,772
1591901100,353
1591902000,921
1591902900,601
1591903800,420
1591904700,559
1591905600,806
1591906500,198
1591907400,192
1591908300,164
1591909200,136
1591910100,153
1591911000,134
1591911900,145
1591912800,167
1591913700,143
1591914600,146
1591915500,140
1591916400,151
1591917300,140
1591918200,177
1591919100,129
1591920000,142
1591920900,135
1591921800,148
1591922700,168
1591923600,153
1591924500,144
1591925400,116
1591926300,130
1591927200,114
1591928100,153
1591929000,161
1591929900,168
1591930800,142
1591931700,138
1591932600,145
1591933500,173
1591934400,265
1591935300,281
1591936200,211
1591937100,175
1591938000,188
1591938900,273
1591939800,671
1591940700,530
1591941600,510
1591942500,299
1591943400,666
1591944300,640
1591945200,277
1591946100,290
1591947000,206
1591947900,186
1591948800,196
1591949700,208
1591950600,193
1591951500,168
1591952400,215
1591953300,203
1591954200,246
1591955100,221
1591956000,257
1591956900,386
1591957800,186
1591958700,233
1591959600,272
1591960500,235
1591961400,210
1591962300,226
1591963200,201
1591964100,403
1591965000,239
1591965900,241
1591966800,243
1591967700,332
1591968600,280
1591969500,355
1591970400,284
1591971300,234
1591972200,280
1591973100,305
1591974000,279
1591974900,278
1591975800,243
1591976700,221
1591977600,190
1591978500,247
1591979400,1091
1591980300,1233
1591981200,1057
1591982100,824
1591983000,1085
1591983900,1120
1591984800,387
1591985700,387
1591986600,741
1591987500,531
1591988400,544
1591989300,314
1591990200,338
1591991100,322
1591992000,331
1591992900,237
1591993800,270
1591994700,184
1591995600,185
1591996500,132
1591997400,133
1591998300,130
1591999200,132
1592000100,147
1592001000,138
1592001900,134
1592002800,108
1592003700,116
1592004600,110
1592005500,124
1592006400,145
1592007300,121
1592008200,122
1592009100,109
1592010000,119
1592010900,134
1592011800,132
1592012700,114
1592013600,116
1592014500,134
1592015400,152
1592016300,196
1592017200,151
1592018100,156
1592019000,138
1592019900,175
1592020800,174
1592021700,185
1592022600,162
1592023500,222
1592024400,201
1592025300,133
1592026200,146
1592027100,173
1592028000,138
1592028900,173
1592029800,195
1592030700,173
1592031600,274
1592032500,615
1592033400,491
1592034300,593
1592035200,1028
1592036100,960
1592037000,1285
1592037900,972
1592038800,1066
1592039700,364
1592040600,282
1592041500,282
1592042400,693
1592043300,220
1592044200,216
1592045100,201
1592046000,230
1592046900,200
1592047800,245
1592048700,191
1592049600,207
1592050500,208
1592051400,607
1592052300,544
1592053200,535
1592054100,512
1592055000,626
1592055900,474
1592056800,245
1592057700,257
1592058600,302
1592059500,1017
1592060400,949
1592061300,961
1592062200,775
1592063100,1251
1592064000,917
1592064900,295
1592065800,270
1592066700,248
1592067600,258
1592068500,302
1592069400,300
1592070300,334
1592071200,1256
1592072100,587
1592073000,491
1592073900,262
1592074800,684
1592075700,359
1592076600,199
1592077500,245
1592078400,304
1592079300,307
1592080200,275
1592081100,358
1592082000,250
1592082900,204
1592083800,199
1592084700,120
1592085600,119
1592086500,111
1592087400,120
1592088300,123
1592089200,140
1592090100,132
1592091000,103
1592091900,123
1592092800,101
1592093700,135
1592094600,130
1592095500,110
1592096400,121
1592097300,123
1592098200,115
1592099100,137
1592100000,120
1592100900,92
1592101800,107
1592102700,90
1592103600,119
1592104500,133
1592105400,124
1592106300,115
1592107200,152
1592108100,526
1592109000,153
1592109900,156
1592110800,121
1592111700,133
1592112600,201
1592113500,179
1592114400,172
1592115300,196
1592116200,172
1592117100,218
1592118000,185
1592118900,158
1592119800,227
1592120700,220
1592121600,342
1592122500,213
1592123400,751
1592124300,613
1592125200,480
1592126100,747
1592127000,1317
1592127900,498
1592128800,320
1592129700,330
1592130600,332
1592131500,287
1592132400,286
1592133300,269
1592134200,277
1592135100,793
1592136000,1100
1592136900,747
1592137800,690
1592138700,699
1592139600,721
1592140500,701
1592141400,720
1592142300,433
1592143200,172
1592144100,149
1592145000,161
1592145900,187
1592146800,140
1592147700,172
1592148600,183
1592149500,268
1592150400,1012
1592151300,582
1592152200,370
1592153100,218
1592154000,793
1592154900,370
1592155800,249
1592156700,219
1592157600,250
1592158500,262
1592159400,238
1592160300,252
1592161200,209
1592162100,251
1592163000,251
1592163900,269
1592164800,260
1592165700,278
1592166600,183
1592167500,97
1592168400,111
1592169300,95
1592170200,128
1592171100,111
1592172000,111
1592172900,100
1592173800,109
1592174700,110
1592175600,116
1592176500,117
1592177400,81
1592178300,112
1592179200,92
1592180100,118
1592181000,143
1592181900,88
1592182800,112
1592183700,84
1592184600,93
1592185500,100
1592186400,108
1592187300,86
1592188200,106
1592189100,96
1592190000,96
1592190900,124
1592191800,90
1592192700,122
1592193600,879
1592194500,983
1592195400,677
1592196300,699
1592197200,618
1592198100,1012
1592199000,743
1592199900,330
1592200800,337
1592201700,676
1592202600,155
1592203500,129
1592204400,150
1592205300,141
1592206200,203
1592207100,143
1592208000,146
1592208900,261
1592209800,140
1592210700,174
1592211600,149
1592212500,359
1592213400,918
1592214300,815
1592215200,696
1592216100,684
1592217000,674
1592217900,569
1592218800,196
1592219700,213
1592220600,190
1592221500,195
1592222400,156
1592223300,173
1592224200,176
1592225100,255
1592226000,246
1592226900,266
1592227800,240
1592228700,237
1592229600,221
1592230500,229
1592231400,256
1592232300,323
1592233200,890
1592234100,1128
1592235000,787
1592235900,424
1592236800,487
1592237700,386
1592238600,921
1592239500,563
1592240400,560
1592241300,879
1592242200,1900
1592243100,1034
1592244000,937
1592244900,1004
1592245800,885
1592246700,825
1592247600,635
1592248500,329
1592249400,286
1592250300,295
1592251200,306
1592252100,210
1592253000,121
1592253900,104
1592254800,148
1592255700,111
1592256600,125
1592257500,113
1592258400,121
1592259300,114
1592260200,147
1592261100,103
1592262000,116
1592262900,112
1592263800,124
1592264700,137
1592265600,134
1592266500,115
1592267400,106
1592268300,118
1592269200,105
1592270100,157
1592271000,118
1592271900,118
1592272800,103
1592273700,127
1592274600,124
1592275500,318
1592276400,131
1592277300,161
1592278200,153
1592279100,148
1592280000,217
1592280900,582
1592281800,217
1592282700,197
1592283600,273
1592284500,142
1592285400,145
1592286300,111
1592287200,116
1592288100,102
1592289000,120
1592289900,122
1592290800,166
1592291700,118
1592292600,89
1592293500,121
1592294400,104
1592295300,146
1592296200,127
1592297100,127
1592298000,132
1592298900,114
1592299800,233
1592300700,136
1592301600,131
1592302500,113
1592303400,181
1592304300,558
1592305200,343
1592306100,293
1592307000,320
1592307900,638
1592308800,157
1592309700,152
1592310600,162
1592311500,150
1592312400,127
1592313300,136
1592314200,142
1592315100,170
1592316000,181
1592316900,222
1592317800,190
1592318700,207
1592319600,261
1592320500,285
1592321400,296
1592322300,245
1592323200,274
1592324100,247
1592325000,315
1592325900,311
1592326800,290
1592327700,707
1592328600,757
1592329500,783
1592330400,903
1592331300,714
1592332200,951
1592333100,526
1592334000,369
1592334900,457
1592335800,777
1592336700,279
1592337600,156
1592338500,112
1592339400,118
1592340300,114
1592341200,150
1592342100,113
1592343000,161
1592343900,115
1592344800,116
1592345700,128
1592346600,127
1592347500,125
1592348400,92
1592349300,134
1592350200,107
1592351100,145
1592352000,122
1592352900,109
1592353800,118
1592354700,101
1592355600,114
1592356500,131
1592357400,119
1592358300,89
1592359200,112
1592360100,94
1592361000,126
1592361900,224
1592362800,162
1592363700,119
1592364600,115
1592365500,114
1592366400,426
1592367300,606
1592368200,556
1592369100,643
1592370000,630
1592370900,275
1592371800,159
1592372700,191
1592373600,120
1592374500,85
1592375400,108
1592376300,108
1592377200,138
1592378100,97
1592379000,98
1592379900,125
1592380800,103
1592381700,120
1592382600,120
1592383500,131
1592384400,117
1592385300,118
1592386200,100
1592387100,111
1592388000,111
1592388900,108
1592389800,130
1592390700,124
1592391600,165
1592392500,173
1592393400,207
1592394300,157
1592395200,165
1592396100,184
1592397000,184
1592397900,195
1592398800,164
1592399700,171
1592400600,173
1592401500,179
1592402400,205
1592403300,183
1592404200,186
1592405100,223
1592406000,248
1592406900,275
1592407800,296
1592408700,239
1592409600,476
1592410500,1048
1592411400,963
1592412300,764
1592413200,326
1592414100,279
1592415000,252
1592415900,312
1592416800,307
1592417700,303
1592418600,227
1592419500,246
1592420400,238
1592421300,286
1592422200,307
1592423100,377
1592424000,318
1592424900,218
1592425800,247
1592426700,209
1592427600,246
1592428500,204
1592429400,144
1592430300,147
1592431200,99
1592432100,142
1592433000,149
1592433900,125
1592434800,98
1592435700,116
1592436600,101
1592437500,140
1592438400,136
1592439300,126
1592440200,115
1592441100,108
1592442000,117
1592442900,132
1592443800,125
1592444700,110
1592445600,123
1592446500,111
1592447400,119
1592448300,230
1592449200,178
1592450100,130
1592451000,110
1592451900,133
1592452800,358
1592453700,138
1592454600,94
1592455500,159
1592456400,95
1592457300,149
1592458200,184
1592459100,111
1592460000,104
1592460900,91
1592461800,100
1592462700,103
1592463600,141
1592464500,102
1592465400,321
1592466300,616
1592467200,405
1592468100,380
1592469000,150
1592469900,603
1592470800,330
1592471700,108
1592472600,187
1592473500,572
1592474400,359
1592475300,489
1592476200,126
1592477100,120
1592478000,144
1592478900,132
1592479800,119
1592480700,106
1592481600,151
1592482500,122
1592483400,210
1592484300,441
1592485200,631
1592486100,657
1592487000,406
1592487900,204
1592488800,239
1592489700,471
1592490600,625
1592491500,718
1592492400,500
1592493300,318
1592494200,309
1592495100,223
1592496000,212
1592496900,225
1592497800,391
1592498700,765
1592499600,758
1592500500,763
1592501400,787
1592502300,583
1592503200,503
1592504100,856
1592505000,757
1592505900,783
1592506800,773
1592507700,576
1592508600,416
1592509500,766
1592510400,505
1592511300,267
1592512200,349
1592513100,737
1592514000,156
1592514900,152
1592515800,141
1592516700,158
1592517600,170
1592518500,169
1592519400,153
1592520300,143
1592521200,147
1592522100,136
1592523000,180
1592523900,160
1592524800,161
1592525700,137
1592526600,146
1592527500,160
1592528400,164
1592529300,161
1592530200,130
1592531100,170
1592532000,133
1592532900,160
1592533800,149
1592534700,289
1592535600,143
1592536500,144
1592537400,154
1592538300,204
1592539200,469
1592540100,188
1592541000,175
1592541900,174
1592542800,140
1592543700,137
1592544600,484
1592545500,91
1592546400,86
1592547300,109
1592548200,619
1592549100,176
1592550000,77
1592550900,71
1592551800,49
1592552700,84
1592553600,102
1592554500,101
1592555400,103
1592556300,483
1592557200,159
1592558100,168
1592559000,224
1592559900,668
1592560800,137
1592561700,145
1592562600,219
1592563500,286
1592564400,146
1592565300,132
1592566200,135
1592567100,152
1592568000,158
1592568900,155
1592569800,126
1592570700,154
1592571600,140
1592572500,145
1592573400,175
1592574300,206
1592575200,197
1592576100,218
1592577000,226
1592577900,504
1592578800,337
1592579700,733
1592580600,394
1592581500,364
1592582400,465
1592583300,758
1592584200,209
1592585100,181
1592586000,183
1592586900,178
1592587800,216
1592588700,209
1592589600,179
1592590500,211
1592591400,246
1592592300,283
1592593200,359
1592594100,332
1592595000,319
1592595900,282
1592596800,250
1592597700,284
1592598600,211
1592599500,73
1592600400,84
1592601300,71
1592602200,94
1592603100,94
1592604000,92
1592604900,69
1592605800,77
1592606700,86
1592607600,90
1592608500,104
1592609400,68
1592610300,78
1592611200,66
1592612100,86
1592613000,99
1592613900,92
1592614800,91
1592615700,81
1592616600,98
1592617500,105
1592618400,134
1592619300,78
1592620200,98
1592621100,77
1592622000,98
1592622900,108
1592623800,123
1592624700,102
1592625600,119
1592626500,91
1592627400,88
1592628300,173
1592629200,156
1592630100,172
1592631000,563
1592631900,537
1592632800,537
1592633700,363
1592634600,391
1592635500,181
1592636400,568
1592637300,422
1592638200,202
1592639100,141
1592640000,180
1592640900,186
1592641800,321
1592642700,268
1592643600,276
1592644500,289
1592645400,296
1592646300,306
1592647200,418
1592648100,388
1592649000,331
1592649900,392
1592650800,442
1592651700,437
1592652600,431
1592653500,472
1592654400,449
1592655300,450
1592656200,461
1592657100,423
1592658000,463
1592658900,475
1592659800,437
1592660700,483
1592661600,551
1592662500,417
1592663400,473
1592664300,397
1592665200,403
1592666100,418
1592667000,416
1592667900,478
1592668800,313
1592669700,260
1592670600,275
1592671500,249
1592672400,272
1592673300,269
1592674200,252
1592675100,247
1592676000,316
1592676900,471
1592677800,237
1592678700,245
1592679600,231
1592680500,237
1592681400,269
1592682300,251
1592683200,301
1592684100,290
1592685000,261
1592685900,156
1592686800,66
1592687700,85
1592688600,109
1592689500,144
1592690400,111
1592691300,90
1592692200,112
1592693100,98
1592694000,138
1592694900,93
1592695800,99
1592696700,112
1592697600,94
1592698500,128
1592699400,111
1592700300,92
1592701200,107
1592702100,85
1592703000,123
1592703900,118
1592704800,112
1592705700,101
1592706600,79
1592707500,114
1592708400,89
1592709300,138
1592710200,106
1592711100,104
1592712000,137
1592712900,912
1592713800,1059
1592714700,729
1592715600,627
1592716500,653
1592717400,612
1592718300,167
1592719200,234
1592720100,254
1592721000,521
1592721900,1170
1592722800,1168
1592723700,1272
1592724600,1242
1592725500,916
1592726400,611
1592727300,669
1592728200,581
1592729100,547
1592730000,781
1592730900,1070
1592731800,885
1592732700,435
1592733600,695
1592734500,1221
1592735400,790
1592736300,745
1592737200,687
1592738100,647
1592739000,250
1592739900,222
1592740800,250
1592741700,318
1592742600,364
1592743500,620
1592744400,578
1592745300,571
1592746200,176
1592747100,125
1592748000,126
1592748900,120
1592749800,139
1592750700,141
1592751600,120
1592752500,122
1592753400,110
1592754300,138
1592755200,141
1592756100,273
1592757000,410
1592757900,582
1592758800,957
1592759700,575
1592760600,994
1592761500,443
1592762400,772
1592763300,399
1592764200,820
1592765100,873
1592766000,979
1592766900,908
1592767800,920
1592768700,687
1592769600,326
1592770500,318
1592771400,322
1592772300,222
1592773200,102
1592774100,107
1592775000,116
1592775900,124
1592776800,134
1592777700,110
1592778600,113
1592779500,115
1592780400,101
1592781300,147
1592782200,110
1592783100,104
1592784000,119
1592784900,111
1592785800,131
1592786700,133
1592787600,105
1592788500,116
1592789400,96
1592790300,116
1592791200,137
1592792100,132
1592793000,125
1592793900,99
1592794800,115
1592795700,106
1592796600,128
1592797500,201
1592798400,448
1592799300,104
1592800200,93
1592801100,124
1592802000,196
1592802900,606
1592803800,356
1592804700,153
1592805600,400
1592806500,534
1592807400,141
1592808300,154
1592809200,123
1592810100,128
1592811000,148
1592811900,142
1592812800,148
1592813700,83
1592814600,71
1592815500,96
1592816400,77
1592817300,132
1592818200,154
1592819100,98
1592820000,137
1592820900,114
1592821800,118
1592822700,141
1592823600,117
1592824500,129
1592825400,110
1592826300,106
1592827200,139
1592828100,157
1592829000,178
1592829900,201
1592830800,238
1592831700,199
1592832600,255
1592833500,311
1592834400,258
1592835300,221
1592836200,214
1592837100,231
1592838000,280
1592838900,374
1592839800,313
1592840700,292
1592841600,281
1592842500,301
1592843400,322
1592844300,325
1592845200,282
1592846100,468
1592847000,721
1592847900,331
1592848800,333
1592849700,334
1592850600,319
1592851500,315
1592852400,354
1592853300,276
1592854200,281
1592855100,219
1592856000,175
1592856900,197
1592857800,227
1592858700,147
1592859600,152
1592860500,136
1592861400,124
1592862300,132
1592863200,127
1592864100,162
1592865000,142
1592865900,128
1592866800,126
1592867700,131
1592868600,130
1592869500,152
1592870400,148
1592871300,137
1592872200,136
1592873100,124
1592874000,137
1592874900,149
1592875800,147
1592876700,120
1592877600,138
1592878500,127
1592879400,163
1592880300,272
1592881200,185
1592882100,120
1592883000,143
1592883900,140
1592884800,468
1592885700,761
1592886600,711
1592887500,493
1592888400,175
1592889300,162
1592890200,1008
1592891100,1188
1592892000,936
1592892900,648
1592893800,705
1592894700,394
1592895600,252
1592896500,311
1592897400,215
1592898300,232
1592899200,232
1592900100,258
1592901000,251
1592901900,244
1592902800,243
1592903700,283
1592904600,271
1592905500,233
1592906400,281
1592907300,962
1592908200,1369
1592909100,1244
1592910000,905
1592910900,303
1592911800,515
1592912700,630
1592913600,256
1592914500,252
1592915400,272
1592916300,282
1592917200,298
1592918100,261
1592919000,281
1592919900,389
1592920800,321
1592921700,285
1592922600,337
1592923500,339
1592924400,357
1592925300,336
1592926200,354
1592927100,374
1592928000,449
1592928900,594
1592929800,470
1592930700,1006
1592931600,1186
1592932500,945
1592933400,936
1592934300,920
1592935200,501
1592936100,561
1592937000,423
1592937900,350
1592938800,338
1592939700,306
1592940600,334
1592941500,228
1592942400,223
1592943300,208
1592944200,184
1592945100,144
1592946000,136
1592946900,134
1592947800,149
1592948700,167
1592949600,143
1592950500,143
1592951400,135
1592952300,135
1592953200,151
1592954100,162
1592955000,177
1592955900,173
1592956800,148
1592957700,171
1592958600,159
1592959500,158
1592960400,133
1592961300,141
1592962200,160
1592963100,187
1592964000,166
1592964900,173
1592965800,139
1592966700,298
1592967600,487
1592968500,372
1592969400,404
1592970300,163
1592971200,860
1592972100,1097
1592973000,1088
1592973900,848
1592974800,716
1592975700,621
1592976600,191
1592977500,580
1592978400,673
1592979300,732
1592980200,762
1592981100,698
1592982000,507
1592982900,233
1592983800,256
1592984700,239
1592985600,257
1592986500,225
1592987400,236
1592988300,221
1592989200,242
1592990100,245
1592991000,272
1592991900,246
1592992800,264
1592993700,250
1592994600,255
1592995500,858
1592996400,876
1592997300,335
1592998200,272
1592999100,485
1593000000,1024
1593000900,916
1593001800,771
1593002700,733
1593003600,756
1593004500,714
1593005400,751
1593006300,710
1593007200,440
1593008100,236
1593009000,246
1593009900,383
1593010800,785
1593011700,615
1593012600,428
1593013500,689
1593014400,761
1593015300,522
1593016200,871
1593017100,902
1593018000,888
1593018900,814
1593019800,1643
1593020700,636
1593021600,506
1593022500,525
1593023400,525
1593024300,464
1593025200,397
1593026100,340
1593027000,391
1593027900,329
1593028800,222
1593029700,124
1593030600,96
1593031500,91
1593032400,112
1593033300,114
1593034200,85
1593035100,104
1593036000,109
1593036900,107
1593037800,117
1593038700,92
1593039600,102
1593040500,81
1593041400,175
1593042300,104
1593043200,147
1593044100,99
1593045000,109
1593045900,93
1593046800,102
1593047700,129
1593048600,132
1593049500,105
1593050400,93
1593051300,105
1593052200,93
1593053100,182
1593054000,152
1593054900,248
1593055800,124
1593056700,104
1593057600,375
1593058500,449
1593059400,251
1593060300,201
1593061200,239
1593062100,411
1593063000,495
1593063900,354
1593064800,139
1593065700,371
1593066600,515
1593067500,172
1593068400,160
1593069300,183
1593070200,199
1593071100,200
1593072000,257
1593072900,905
1593073800,931
1593074700,920
1593075600,843
1593076500,375
1593077400,373
1593078300,385
1593079200,436
1593080100,395
1593081000,393
1593081900,399
1593082800,390
1593083700,363
1593084600,390
1593085500,397
1593086400,381
1593087300,317
1593088200,291
1593089100,304
1593090000,321
1593090900,319
1593091800,295
1593092700,315
1593093600,326
1593094500,332
1593095400,358
1593096300,331
1593097200,347
1593098100,383
1593099000,367
1593099900,436
1593100800,440
1593101700,395
1593102600,378
1593103500,365
1593104400,391
1593105300,432
1593106200,433
1593107100,389
1593108000,398
1593108900,412
1593109800,393
1593110700,413
1593111600,391
1593112500,414
1593113400,336
1593114300,296
1593115200,272
1593116100,171
1593117000,145
1593117900,134
1593118800,147
1593119700,143
1593120600,151
1593121500,153
1593122400,127
1593123300,129
1593124200,139
1593125100,136
1593126000,179
1593126900,143
1593127800,186
1593128700,166
1593129600,142
1593130500,177
1593131400,167
1593132300,147
1593133200,159
1593134100,148
1593135000,193
1593135900,199
1593136800,173
1593137700,162
1593138600,137
1593139500,307
1593140400,162
1593141300,204
1593142200,179
1593143100,170
1593144000,438
1593144900,1025
1593145800,1054
1593146700,743
1593147600,694
1593148500,1078
1593149400,445
1593150300,474
1593151200,427
1593152100,826
1593153000,782
1593153900,814
1593154800,756
1593155700,501
1593156600,297
1593157500,512
1593158400,963
1593159300,742
1593160200,316
1593161100,291
1593162000,336
1593162900,509
1593163800,681
1593164700,295
1593165600,280
1593166500,379
1593167400,1021
1593168300,807
1593169200,836
1593170100,797
1593171000,666
1593171900,375
1593172800,306
1593173700,300
1593174600,272
1593175500,279
1593176400,273
1593177300,288
1593178200,274
1593179100,291
1593180000,267
1593180900,287
1593181800,480
1593182700,324
1593183600,332
1593184500,377
1593185400,310
1593186300,358
1593187200,622
1593188100,766
1593189000,783
1593189900,662
1593190800,425
1593191700,997
1593192600,1238
1593193500,1013
1593194400,804
1593195300,838
1593196200,576
1593197100,618
1593198000,573
1593198900,491
1593199800,280
1593200700,600
1593201600,637
1593202500,259
1593203400,198
1593204300,138
1593205200,91
1593206100,101
1593207000,105
1593207900,117
1593208800,102
1593209700,92
1593210600,93
1593211500,94
1593212400,120
1593213300,97
1593214200,86
1593215100,135
1593216000,140
1593216900,105
1593217800,108
1593218700,91
1593219600,89
1593220500,84
1593221400,97
1593222300,113
1593223200,116
1593224100,82
1593225000,81
1593225900,97
1593226800,77
1593227700,129
1593228600,93
1593229500,133
1593230400,133
1593231300,89
1593232200,102
1593233100,111
1593234000,110
1593234900,110
1593235800,113
1593236700,518
1593237600,336
1593238500,167
1593239400,168
1593240300,184
1593241200,229
1593242100,230
1593243000,275
1593243900,243
1593244800,220
1593245700,235
1593246600,420
1593247500,511
1593248400,445
1593249300,226
1593250200,642
1593251100,463
1593252000,222
1593252900,207
1593253800,220
1593254700,250
1593255600,195
1593256500,203
1593257400,187
1593258300,233
1593259200,205
1593260100,231
1593261000,219
1593261900,240
1593262800,468
1593263700,667
1593264600,550
1593265500,404
1593266400,561
1593267300,453
1593268200,445
1593269100,318
1593270000,453
1593270900,288
1593271800,261
1593272700,342
1593273600,250
1593274500,271
1593275400,295
1593276300,788
1593277200,333
1593278100,412
1593279000,251
1593279900,845
1593280800,368
1593281700,290
1593282600,259
1593283500,256
1593284400,717
1593285300,608
1593286200,591
1593287100,528
1593288000,459
1593288900,279
1593289800,246
1593290700,221
1593291600,155
1593292500,129
1593293400,92
1593294300,110
1593295200,99
1593296100,125
1593297000,140
1593297900,110
1593298800,104
1593299700,89
1593300600,102
1593301500,111
1593302400,130
1593303300,130
1593304200,90
1593305100,110
1593306000,89
1593306900,114
1593307800,116
1593308700,136
1593309600,109
1593310500,98
1593311400,104
1593312300,95
1593313200,110
1593314100,136
1593315000,123
1593315900,138
1593316800,135
1593317700,483
1593318600,235
1593319500,231
1593320400,250
1593321300,221
1593322200,206
1593323100,183
1593324000,208
1593324900,573
1593325800,324
1593326700,355
1593327600,297
1593328500,305
1593329400,279
1593330300,311
1593331200,292
1593332100,572
1593333000,1136
1593333900,756
1593334800,416
1593335700,486
1593336600,1027
1593337500,744
1593338400,285
1593339300,338
1593340200,320
1593341100,335
1593342000,305
1593342900,324
1593343800,320
1593344700,289
1593345600,236
1593346500,226
1593347400,242
1593348300,266
1593349200,275
1593350100,238
1593351000,227
1593351900,296
1593352800,597
1593353700,437
1593354600,487
1593355500,272
1593356400,645
1593357300,496
1593358200,241
1593359100,232
1593360000,252
1593360900,252
1593361800,243
1593362700,246
1593363600,290
1593364500,259
1593365400,256
1593366300,342
1593367200,260
1593368100,265
1593369000,252
1593369900,281
1593370800,265
1593371700,264
1593372600,260
1593373500,196
1593374400,163
1593375300,156
1593376200,163
1593377100,150
1593378000,170
1593378900,139
1593379800,123
1593380700,128
1593381600,116
1593382500,125
1593383400,119
1593384300,153
1593385200,110
1593386100,117
1593387000,123
1593387900,121
1593388800,122
1593389700,139
1593390600,133
1593391500,121
1593392400,105
1593393300,127
1593394200,112
1593395100,143
1593396000,137
1593396900,125
1593397800,118
1593398700,123
1593399600,130
1593400500,116
1593401400,162
1593402300,180
1593403200,419
1593404100,698
1593405000,1050
1593405900,614
1593406800,179
1593407700,217
1593408600,204
1593409500,584
1593410400,385
1593411300,713
1593412200,620
1593413100,1158
1593414000,691
1593414900,594
1593415800,385
1593416700,134
1593417600,109
1593418500,138
1593419400,140
1593420300,145
1593421200,127
1593422100,119
1593423000,120
1593423900,207
1593424800,146
1593425700,139
1593426600,109
1593427500,149
1593428400,105
1593429300,114
1593430200,103
1593431100,137
1593432000,292
1593432900,155
1593433800,233
1593434700,187
1593435600,177
1593436500,190
1593437400,192
1593438300,312
1593439200,352
1593440100,561
1593441000,1092
1593441900,788
1593442800,580
1593443700,350
1593444600,260
1593445500,1025
1593446400,1027
1593447300,1102
1593448200,1056
1593449100,1067
1593450000,996
1593450900,875
1593451800,541
1593452700,823
1593453600,1108
1593454500,813
1593455400,571
1593456300,258
1593457200,280
1593458100,272
1593459000,295
1593459900,308
1593460800,201
1593461700,110
1593462600,129
1593463500,96
1593464400,88
1593465300,122
1593466200,99
1593467100,92
1593468000,79
1593468900,88
1593469800,90
1593470700,97
1593471600,122
1593472500,87
1593473400,88
1593474300,85
1593475200,82
1593476100,89
1593477000,108
1593477900,125
1593478800,72
1593479700,94
1593480600,77
1593481500,87
1593482400,98
1593483300,110
1593484200,106
1593485100,222
1593486000,134
1593486900,94
1593487800,82
1593488700,152
1593489600,532
1593490500,998
1593491400,762
1593492300,695
1593493200,605
1593494100,638
1593495000,614
1593495900,623
1593496800,541
1593497700,355
1593498600,199
1593499500,179
1593500400,186
1593501300,570
1593502200,1015
1593503100,721
1593504000,648
1593504900,598
1593505800,516
1593506700,246
1593507600,227
1593508500,172
1593509400,182
1593510300,212
1593511200,421
1593512100,406
1593513000,951
1593513900,410
1593514800,446
1593515700,314
1593516600,173
1593517500,230
1593518400,206
1593519300,194
1593520200,191
1593521100,178
1593522000,185
1593522900,190
1593523800,424
1593524700,295
1593525600,228
1593526500,242
1593527400,230
1593528300,598
1593529200,439
1593530100,313
1593531000,582
1593531900,788
1593532800,846
1593533700,771
1593534600,802
1593535500,790
1593536400,635
1593537300,497
1593538200,309
1593539100,446
1593540000,323
1593540900,261
1593541800,227
1593542700,248
1593543600,246
1593544500,258
1593545400,262
1593546300,254
1593547200,196
1593548100,202
1593549000,248
1593549900,214
1593550800,262
1593551700,254
1593552600,221
1593553500,234
1593554400,166
1593555300,119
1593556200,126
1593557100,161
1593558000,110
1593558900,118
1593559800,114
1593560700,123
1593561600,110
1593562500,154
1593563400,147
1593564300,111
1593565200,117
1593566100,106
1593567000,118
1593567900,122
1593568800,142
1593569700,132
1593570600,115
1593571500,122
1593572400,107
1593573300,279
1593574200,133
1593575100,147
1593576000,255
1593576900,495
1593577800,1022
1593578700,319
1593579600,426
1593580500,225
1593581400,686
1593582300,519
1593583200,506
1593584100,356
1593585000,598
1593585900,580
1593586800,541
1593587700,455
1593588600,309
1593589500,198
1593590400,198
1593591300,279
1593592200,392
1593593100,330
1593594000,333
1593594900,327
1593595800,331
1593596700,340
1593597600,372
1593598500,726
1593599400,912
1593600300,548
1593601200,337
1593602100,160
1593603000,287
1593603900,248
1593604800,173
1593605700,191
1593606600,236
1593607500,616
1593608400,337
1593609300,361
1593610200,312
1593611100,685
1593612000,178
1593612900,182
1593613800,181
1593614700,216
1593615600,377
1593616500,1083
1593617400,972
1593618300,774
1593619200,714
1593620100,657
1593621000,611
1593621900,381
1593622800,327
1593623700,692
1593624600,664
1593625500,761
1593626400,625
1593627300,278
1593628200,285
1593629100,267
1593630000,431
1593630900,484
1593631800,667
1593632700,531
1593633600,261
1593634500,353
1593635400,508
1593636300,112
1593637200,106
1593638100,100
1593639000,96
1593639900,75
1593640800,87
1593641700,88
1593642600,115
1593643500,94
1593644400,89
1593645300,95
1593646200,73
1593647100,96
1593648000,108
1593648900,98
1593649800,87
1593650700,83
1593651600,98
1593652500,76
1593653400,137
1593654300,109
1593655200,88
1593656100,96
1593657000,96
1593657900,289
1593658800,135
1593659700,116
1593660600,101
1593661500,83
1593662400,437
1593663300,388
1593664200,132
1593665100,145
1593666000,93
1593666900,157
1593667800,180
1593668700,548
1593669600,612
1593670500,679
1593671400,570
1593672300,203
1593673200,198
1593674100,181
1593675000,191
1593675900,306
1593676800,646
1593677700,450
1593678600,190
1593679500,195
1593680400,382
1593681300,833
1593682200,863
1593683100,542
1593684000,795
1593684900,194
1593685800,173
1593686700,184
1593687600,198
1593688500,174
1593689400,208
1593690300,168
1593691200,163
1593692100,185
1593693000,233
1593693900,609
1593694800,655
1593695700,359
1593696600,384
1593697500,318
1593698400,767
1593699300,237
1593700200,244
1593701100,240
1593702000,241
1593702900,225
1593703800,239
1593704700,275
1593705600,264
1593706500,302
1593707400,305
1593708300,270
1593709200,438
1593710100,745
1593711000,595
1593711900,339
1593712800,316
1593713700,371
1593714600,356
1593715500,390
1593716400,360
1593717300,329
1593718200,334
1593719100,308
1593720000,200
1593720900,143
1593721800,134
1593722700,103
1593723600,109
1593724500,104
1593725400,91
1593726300,120
1593727200,125
1593728100,112
1593729000,98
1593729900,91
1593730800,102
1593731700,92
1593732600,135
1593733500,113
1593734400,101
1593735300,99
1593736200,88
1593737100,98
1593738000,121
1593738900,122
1593739800,112
1593740700,83
1593741600,103
1593742500,93
1593743400,118
1593744300,127
1593745200,109
1593746100,105
1593747000,101
1593747900,118
1593748800,729
1593749700,754
1593750600,779
1593751500,651
1593752400,606
1593753300,573
1593754200,723
1593755100,1393
1593756000,1442
1593756900,960
1593757800,773
1593758700,833
1593759600,1253
1593760500,383
1593761400,124
1593762300,90
1593763200,98
1593764100,143
1593765000,270
1593765900,234
1593766800,837
1593767700,481
1593768600,484
1593769500,321
1593770400,164
1593771300,150
1593772200,182
1593773100,234
1593774000,153
1593774900,157
1593775800,150
1593776700,158
1593777600,181
1593778500,170
1593779400,157
1593780300,146
1593781200,197
1593782100,197
1593783000,190
1593783900,273
1593784800,261
1593785700,261
1593786600,235
1593787500,278
1593788400,288
1593789300,249
1593790200,270
1593791100,229
1593792000,235
1593792900,220
1593793800,209
1593794700,237
1593795600,264
1593796500,252
1593797400,488
1593798300,689
1593799200,719
1593800100,1005
1593801000,645
1593801900,287
1593802800,299
1593803700,334
1593804600,534
1593805500,372
1593806400,347
1593807300,317
1593808200,308
1593809100,289
1593810000,310
1593810900,285
1593811800,304
1593812700,319
1593813600,301
1593814500,305
1593815400,301
1593816300,290
1593817200,298
1593818100,270
1593819000,130
1593819900,90
1593820800,107
1593821700,111
1593822600,89
1593823500,125
1593824400,121
1593825300,101
1593826200,101
1593827100,101
1593828000,117
1593828900,91
1593829800,132
1593830700,94
1593831600,105
1593832500,94
1593833400,98
1593834300,139
1593835200,156
1593836100,119
1593837000,100
1593837900,87
1593838800,129
1593839700,287
1593840600,217
1593841500,248
1593842400,143
1593843300,129
1593844200,200
1593845100,216
1593846000,255
1593846900,239
1593847800,223
1593848700,294
1593849600,1002
1593850500,1167
1593851400,1111
1593852300,997
1593853200,576
1593854100,248
1593855000,249
1593855900,443
1593856800,430
1593857700,580
1593858600,1158
1593859500,896
1593860400,1121
1593861300,1078
1593862200,764
1593863100,569
1593864000,895
1593864900,402
1593865800,581
1593866700,348
1593867600,659
1593868500,1188
1593869400,1202
1593870300,602
1593871200,767
1593872100,980
1593873000,751
1593873900,407
1593874800,445
1593875700,363
1593876600,517
1593877500,786
1593878400,802
1593879300,695
1593880200,1159
1593881100,879
1593882000,870
1593882900,873
1593883800,864
1593884700,792
1593885600,904
1593886500,400
1593887400,418
1593888300,575
1593889200,371
1593890100,343
1593891000,406
1593891900,426
1593892800,453
1593893700,724
1593894600,513
1593895500,280
1593896400,274
1593897300,641
1593898200,122
1593899100,101
1593900000,108
1593900900,96
1593901800,98
1593902700,113
1593903600,122
1593904500,96
1593905400,88
1593906300,110
1593907200,90
1593908100,95
1593909000,134
1593909900,101
1593910800,109
1593911700,103
1593912600,106
1593913500,89
1593914400,119
1593915300,122
1593916200,87
1593917100,106
1593918000,96
1593918900,99
1593919800,109
1593920700,141
1593921600,157
1593922500,162
1593923400,773
1593924300,1049
1593925200,690
1593926100,649
1593927000,638
1593927900,531
1593928800,450
1593929700,219
1593930600,235
1593931500,208
1593932400,220
1593933300,229
1593934200,189
1593935100,204
1593936000,191
1593936900,206
1593937800,215
1593938700,184
1593939600,198
1593940500,213
1593941400,766
1593942300,381
1593943200,222
1593944100,133
1593945000,120
1593945900,147
1593946800,124
1593947700,119
1593948600,150
1593949500,141
1593950400,118
1593951300,124
1593952200,118
1593953100,118
1593954000,138
1593954900,156
1593955800,113
1593956700,147
1593957600,113
1593958500,123
1593959400,117
1593960300,161
1593961200,129
1593962100,120
1593963000,408
1593963900,974
1593964800,933
1593965700,487
1593966600,284
1593967500,221
1593968400,238
1593969300,304
1593970200,702
1593971100,675
1593972000,765
1593972900,693
1593973800,689
1593974700,359
1593975600,267
1593976500,627
1593977400,525
1593978300,574
1593979200,281
1593980100,809
1593981000,364
1593981900,283
1593982800,348
1593983700,308
1593984600,317
1593985500,287
1593986400,285
1593987300,273
1593988200,280
1593989100,141
1593990000,104
1593990900,95
1593991800,86
1593992700,107
1593993600,107
1593994500,133
1593995400,113
1593996300,109
1593997200,117
1593998100,105
1593999000,120
1593999900,130
1594000800,116
1594001700,107
1594002600,109
1594003500,131
1594004400,94
1594005300,140
1594006200,109
1594007100,209
1594008000,512
1594008900,120
1594009800,104
1594010700,147
1594011600,242
1594012500,97
1594013400,117
1594014300,98
1594015200,98
1594016100,172
1594017000,154
1594017900,157
1594018800,160
1594019700,159
1594020600,196
1594021500,209
1594022400,227
1594023300,181
1594024200,173
1594025100,179
1594026000,165
1594026900,194
1594027800,207
1594028700,206
1594029600,639
1594030500,947
1594031400,375
1594032300,203
1594033200,222
1594034100,190
1594035000,153
1594035900,174
1594036800,156
1594037700,637
1594038600,283
1594039500,326
1594040400,193
1594041300,700
1594042200,636
1594043100,249
1594044000,210
1594044900,260
1594045800,198
1594046700,562
1594047600,782
1594048500,809
1594049400,772
1594050300,849
1594051200,668
1594052100,710
1594053000,631
1594053900,439
1594054800,220
1594055700,999
1594056600,982
1594057500,772
1594058400,716
1594059300,586
1594060200,362
1594061100,306
1594062000,377
1594062900,299
1594063800,354
1594064700,349
1594065600,286
1594066500,268
1594067400,213
1594068300,133
1594069200,96
1594070100,91
1594071000,89
1594071900,89
1594072800,121
1594073700,112
1594074600,102
1594075500,84
1594076400,90
1594077300,90
1594078200,121
1594079100,117
1594080000,86
1594080900,90
1594081800,77
1594082700,73
1594083600,105
1594084500,104
1594085400,93
1594086300,73
1594087200,83
1594088100,81
1594089000,87
1594089900,272
1594090800,126
1594091700,95
1594092600,88
1594093500,132
1594094400,553
1594095300,556
1594096200,209
1594097100,239
1594098000,112
1594098900,84
1594099800,84
1594100700,139
1594101600,89
1594102500,73
1594103400,84
1594104300,108
1594105200,166
1594106100,146
1594107000,178
1594107900,136
1594108800,146
1594109700,131
1594110600,168
1594111500,158
1594112400,219
1594113300,691
1594114200,293
1594115100,278
1594116000,231
1594116900,711
1594117800,399
1594118700,370
1594119600,485
1594120500,162
1594121400,404
1594122300,320
1594123200,173
1594124100,138
1594125000,156
1594125900,130
1594126800,126
1594127700,165
1594128600,168
1594129500,158
1594130400,171
1594131300,737
1594132200,404
1594133100,454
1594134000,891
1594134900,1070
1594135800,635
1594136700,572
1594137600,496
1594138500,431
1594139400,377
1594140300,266
1594141200,251
1594142100,244
1594143000,215
1594143900,232
1594144800,273
1594145700,270
1594146600,242
1594147500,290
1594148400,251
1594149300,270
1594150200,287
1594151100,283
1594152000,299
1594152900,196
1594153800,206
1594154700,194
1594155600,234
1594156500,255
1594157400,213
1594158300,205
1594159200,171
1594160100,370
1594161000,141
1594161900,143
1594162800,137
1594163700,101
1594164600,100
1594165500,82
1594166400,97
1594167300,115
1594168200,115
1594169100,106
1594170000,87
1594170900,80
1594171800,73
1594172700,89
1594173600,121
1594174500,83
1594175400,100
1594176300,95
1594177200,136
1594178100,206
1594179000,118
1594179900,124
1594180800,453
1594181700,684
1594182600,766
1594183500,662
1594184400,705
1594185300,602
1594186200,524
1594187100,163
1594188000,103
1594188900,94
1594189800,115
1594190700,115
1594191600,89
1594192500,90
1594193400,83
1594194300,99
1594195200,101
1594196100,125
1594197000,116
1594197900,92
1594198800,94
1594199700,263
1594200600,847
1594201500,853
1594202400,408
1594203300,505
1594204200,747
1594205100,193
1594206000,285
1594206900,164
1594207800,154
1594208700,154
1594209600,161
1594210500,166
1594211400,248
1594212300,220
1594213200,264
1594214100,601
1594215000,403
1594215900,213
1594216800,532
1594217700,534
1594218600,207
1594219500,236
1594220400,243
1594221300,430
1594222200,275
1594223100,274
1594224000,271
1594224900,295
1594225800,285
1594226700,292
1594227600,313
1594228500,719
1594229400,1287
1594230300,911
1594231200,832
1594232100,853
1594233000,727
1594233900,731
1594234800,293
1594235700,318
1594236600,333
1594237500,339
1594238400,345
1594239300,328
1594240200,317
1594241100,271
1594242000,280
1594242900,252
1594243800,589
1594244700,295
1594245600,234
1594246500,263
1594247400,700
1594248300,122
1594249200,135
1594250100,121
1594251000,133
1594251900,151
1594252800,155
1594253700,130
1594254600,120
1594255500,129
1594256400,128
1594257300,144
1594258200,163
1594259100,133
1594260000,138
1594260900,116
1594261800,135
1594262700,316
1594263600,143
1594264500,145
1594265400,203
1594266300,168
1594267200,354
1594268100,384
1594269000,291
1594269900,216
1594270800,287
1594271700,358
1594272600,350
1594273500,313
1594274400,284
1594275300,288
1594276200,265
1594277100,283
1594278000,300
1594278900,273
1594279800,261
1594280700,245
1594281600,450
1594282500,1203
1594283400,1075
1594284300,753
1594285200,1021
1594286100,978
1594287000,525
1594287900,340
1594288800,131
1594289700,108
1594290600,86
1594291500,80
1594292400,104
1594293300,96
1594294200,97
1594295100,131
1594296000,136
1594296900,131
1594297800,154
1594298700,190
1594299600,173
1594300500,179
1594301400,211
1594302300,245
1594303200,348
1594304100,202
1594305000,207
1594305900,199
1594306800,303
1594307700,218
1594308600,227
1594309500,151
1594310400,122
1594311300,139
1594312200,147
1594313100,216
1594314000,185
1594314900,135
1594315800,151
1594316700,145
1594317600,192
1594318500,230
1594319400,212
1594320300,202
1594321200,201
1594322100,271
1594323000,326
1594323900,384
1594324800,355
1594325700,324
1594326600,310
1594327500,241
1594328400,205
1594329300,372
1594330200,431
1594331100,343
1594332000,154
1594332900,398
1594333800,525
1594334700,138
1594335600,106
1594336500,117
1594337400,106
1594338300,122
1594339200,161
1594340100,126
1594341000,124
1594341900,106
1594342800,124
1594343700,126
1594344600,145
1594345500,121
1594346400,119
1594347300,132
1594348200,114
1594349100,252
1594350000,184
1594350900,118
1594351800,131
1594352700,138
1594353600,244
1594354500,573
1594355400,193
1594356300,172
1594357200,142
1594358100,149
1594359000,160
1594359900,170
1594360800,185
1594361700,224
1594362600,273
1594363500,416
1594364400,907
1594365300,803
1594366200,742
1594367100,603
1594368000,259
1594368900,260
1594369800,301
1594370700,243
1594371600,215
1594372500,305
1594373400,856
1594374300,678
1594375200,281
1594376100,210
1594377000,190
1594377900,208
1594378800,183
1594379700,205
1594380600,208
1594381500,187
1594382400,192
1594383300,318
1594384200,950
1594385100,968
1594386000,777
1594386900,1071
1594387800,1120
1594388700,453
1594389600,522
1594390500,433
1594391400,353
1594392300,258
1594393200,297
1594394100,524
1594395000,796
1594395900,804
1594396800,461
1594397700,314
1594398600,268
1594399500,274
1594400400,504
1594401300,765
1594402200,696
1594403100,684
1594404000,234
1594404900,234
1594405800,275
1594406700,254
1594407600,265
1594408500,266
1594409400,276
1594410300,257
1594411200,286
1594412100,200
1594413000,192
1594413900,196
1594414800,239
1594415700,196
1594416600,204
1594417500,180
1594418400,167
1594419300,179
1594420200,116
1594421100,133
1594422000,125
1594422900,112
1594423800,109
1594424700,96
1594425600,116
1594426500,122
1594427400,121
1594428300,93
1594429200,115
1594430100,98
1594431000,125
1594431900,143
1594432800,110
1594433700,108
1594434600,98
1594435500,108
1594436400,119
1594437300,131
1594438200,104
1594439100,124
1594440000,150
1594440900,145
1594441800,186
1594442700,144
1594443600,141
1594444500,121
1594445400,258
1594446300,500
1594447200,972
1594448100,708
1594449000,700
1594449900,661
1594450800,422
1594451700,477
1594452600,703
1594453500,502
1594454400,210
1594455300,200
1594456200,299
1594457100,284
1594458000,612
1594458900,639
1594459800,1012
1594460700,694
1594461600,594
1594462500,217
1594463400,787
1594464300,366
1594465200,274
1594466100,224
1594467000,224
1594467900,231
1594468800,225
1594469700,266
1594470600,260
1594471500,258
1594472400,199
1594473300,196
1594474200,193
1594475100,623
1594476000,1171
1594476900,871
1594477800,784
1594478700,770
1594479600,356
1594480500,279
1594481400,255
1594482300,253
1594483200,237
1594484100,234
1594485000,303
1594485900,239
1594486800,258
1594487700,316
1594488600,229
1594489500,238
1594490400,248
1594491300,358
1594492200,370
1594493100,717
1594494000,436
1594494900,257
1594495800,604
1594496700,557
1594497600,218
1594498500,190
1594499400,197
1594500300,222
1594501200,214
1594502100,173
1594503000,211
1594503900,196
1594504800,206
1594505700,168
1594506600,110
1594507500,169
1594508400,106
1594509300,122
1594510200,121
1594511100,155
1594512000,177
1594512900,120
1594513800,122
1594514700,108
1594515600,140
1594516500,176
1594517400,126
1594518300,116
1594519200,125
1594520100,124
1594521000,129
1594521900,157
1594522800,136
1594523700,129
1594524600,108
1594525500,133
1594526400,208
1594527300,432
1594528200,209
1594529100,127
1594530000,232
1594530900,200
1594531800,290
1594532700,235
1594533600,122
1594534500,515
1594535400,574
1594536300,585
1594537200,369
1594538100,375
1594539000,443
1594539900,465
1594540800,449
1594541700,374
1594542600,353
1594543500,375
1594544400,354
1594545300,1049
1594546200,1221
1594547100,595
1594548000,366
1594548900,292
1594549800,889
1594550700,230
1594551600,185
1594552500,205
1594553400,183
1594554300,192
1594555200,182
1594556100,187
1594557000,214
1594557900,198
1594558800,177
1594559700,204
1594560600,197
1594561500,189
1594562400,220
1594563300,193
1594564200,194
1594565100,191
1594566000,181
1594566900,213
1594567800,205
1594568700,205
1594569600,504
1594570500,386
1594571400,436
1594572300,226
1594573200,936
1594574100,1078
1594575000,979
1594575900,751
1594576800,760
1594577700,561
1594578600,253
1594579500,335
1594580400,354
1594581300,298
1594582200,324
1594583100,293
1594584000,248
1594584900,261
1594585800,204
1594586700,218
1594587600,241
1594588500,229
1594589400,209
1594590300,172
1594591200,123
1594592100,122
1594593000,129
1594593900,105
1594594800,101
1594595700,96
1594596600,89
1594597500,135
1594598400,109
1594599300,108
1594600200,95
1594601100,101
1594602000,112
1594602900,123
1594603800,115
1594604700,106
1594605600,102
1594606500,102
1594607400,108
1594608300,124
1594609200,88
1594610100,104
1594611000,102
1594611900,132
1594612800,517
1594613700,994
1594614600,867
1594615500,690
1594616400,681
1594617300,703
1594618200,622
1594619100,572
1594620000,352
1594620900,189
1594621800,218
1594622700,218
1594623600,222
1594624500,242
1594625400,219
1594626300,212
1594627200,191
1594628100,226
1594629000,191
1594629900,200
1594630800,196
1594631700,196
1594632600,194
1594633500,208
1594634400,193
1594635300,542
1594636200,558
1594637100,734
1594638000,665
1594638900,246
1594639800,424
1594640700,626
1594641600,188
1594642500,212
1594643400,220
1594644300,176
1594645200,177
1594646100,164
1594647000,259
1594647900,216
1594648800,210
1594649700,300
1594650600,286
1594651500,198
1594652400,150
1594653300,183
1594654200,164
1594655100,138
1594656000,215
1594656900,207
1594657800,218
1594658700,223
1594659600,187
1594660500,212
1594661400,273
1594662300,255
1594663200,280
1594664100,452
1594665000,701
1594665900,283
1594666800,376
1594667700,395
1594668600,783
1594669500,496
1594670400,535
1594671300,393
1594672200,788
1594673100,263
1594674000,228
1594674900,137
1594675800,141
1594676700,127
1594677600,147
1594678500,175
1594679400,124
1594680300,142
1594681200,115
1594682100,137
1594683000,154
1594683900,143
1594684800,151
1594685700,111
1594686600,134
1594687500,124
1594688400,151
1594689300,132
1594690200,108
1594691100,129
1594692000,106
1594692900,137
1594693800,127
1594694700,217
1594695600,157
1594696500,92
1594697400,114
1594698300,173
1594699200,189
1594700100,532
1594701000,261
1594701900,254
1594702800,250
1594703700,234
1594704600,220
1594705500,286
1594706400,234
1594707300,245
1594708200,306
1594709100,273
1594710000,267
1594710900,308
1594711800,249
1594712700,632
1594713600,1139
1594714500,974
1594715400,560
1594716300,355
1594717200,343
1594718100,354
1594719000,351
1594719900,576
1594720800,320
1594721700,354
1594722600,340
1594723500,453
1594724400,321
1594725300,262
1594726200,274
1594727100,260
1594728000,303
1594728900,268
1594729800,266
1594730700,302
1594731600,410
1594732500,762
1594733400,400
1594734300,350
1594735200,425
1594736100,376
1594737000,408
1594737900,411
1594738800,403
1594739700,399
1594740600,806
1594741500,738
1594742400,1027
1594743300,831
1594744200,1160
1594745100,749
1594746000,837
1594746900,907
1594747800,1091
1594748700,858
1594749600,858
1594750500,882
1594751400,902
1594752300,922
1594753200,900
1594754100,813
1594755000,485
1594755900,450
1594756800,460
1594757700,229
1594758600,193
1594759500,183
1594760400,184
1594761300,172
1594762200,95
1594763100,93
1594764000,97
1594764900,84
1594765800,110
1594766700,96
1594767600,95
1594768500,77
1594769400,94
1594770300,96
1594771200,110
1594772100,99
1594773000,80
1594773900,87
1594774800,88
1594775700,94
1594776600,127
1594777500,80
1594778400,93
1594779300,81
1594780200,86
1594781100,283
1594782000,117
1594782900,100
1594783800,98
1594784700,112
1594785600,144
1594786500,686
1594787400,1037
1594788300,826
1594789200,392
1594790100,196
1594791000,278
1594791900,327
1594792800,240
1594793700,726
1594794600,411
1594795500,349
1594796400,450
1594797300,756
1594798200,1048
1594799100,682
1594800000,743
1594800900,464
1594801800,230
1594802700,210
1594803600,188
1594804500,196
1594805400,359
1594806300,974
1594807200,1415
1594808100,824
1594809000,683
1594809900,303
1594810800,318
1594811700,307
1594812600,403
1594813500,876
1594814400,822
1594815300,722
1594816200,685
1594817100,620
1594818000,574
1594818900,233
1594819800,194
1594820700,206
1594821600,163
1594822500,174
1594823400,286
1594824300,189
1594825200,237
1594826100,195
1594827000,232
1594827900,543
1594828800,426
1594829700,241
1594830600,241
1594831500,223
1594832400,247
1594833300,287
1594834200,288
1594835100,311
1594836000,780
1594836900,352
1594837800,407
1594838700,233
1594839600,754
1594840500,388
1594841400,258
1594842300,278
1594843200,239
1594844100,155
1594845000,151
1594845900,95
1594846800,85
1594847700,91
1594848600,93
1594849500,113
1594850400,113
1594851300,87
1594852200,96
1594853100,78
1594854000,99
1594854900,116
1594855800,114
1594856700,91
1594857600,87
1594858500,94
1594859400,100
1594860300,114
1594861200,89
1594862100,100
1594863000,108
1594863900,82
1594864800,126
1594865700,91
1594866600,89
1594867500,229
1594868400,111
1594869300,130
1594870200,131
1594871100,96
1594872000,132
1594872900,123
1594873800,182
1594874700,144
1594875600,88
1594876500,103
1594877400,99
1594878300,68
1594879200,88
1594880100,85
1594881000,72
1594881900,63
1594882800,81
1594883700,70
1594884600,89
1594885500,71
1594886400,58
1594887300,100
1594888200,109
1594889100,149
1594890000,348
1594890900,343
1594891800,549
1594892700,916
1594893600,399
1594894500,151
1594895400,99
1594896300,94
1594897200,97
1594898100,218
1594899000,531
1594899900,331
1594900800,117
1594901700,450
1594902600,455
1594903500,156
1594904400,154
1594905300,147
1594906200,144
1594907100,129
1594908000,143
1594908900,154
1594909800,157
1594910700,153
1594911600,153
1594912500,141
1594913400,189
1594914300,185
1594915200,223
1594916100,585
1594917000,234
1594917900,414
1594918800,369
1594919700,656
1594920600,305
1594921500,159
1594922400,184
1594923300,230
1594924200,216
1594925100,193
1594926000,198
1594926900,194
1594927800,272
1594928700,275
1594929600,258
1594930500,212
1594931400,210
1594932300,249
1594933200,226
1594934100,229
1594935000,141
1594935900,85
1594936800,96
1594937700,92
1594938600,122
1594939500,94
1594940400,94
1594941300,100
1594942200,85
1594943100,119
1594944000,100
1594944900,81
1594945800,96
1594946700,79
1594947600,121
1594948500,107
1594949400,91
1594950300,89
1594951200,82
1594952100,99
1594953000,109
1594953900,237
1594954800,142
1594955700,102
1594956600,101
1594957500,135
1594958400,149
1594959300,142
1594960200,196
1594961100,130
1594962000,89
1594962900,126
1594963800,122
1594964700,104
1594965600,134
1594966500,125
1594967400,172
1594968300,137
1594969200,93
1594970100,116
1594971000,88
1594971900,143
1594972800,144
1594973700,126
1594974600,132
1594975500,155
1594976400,503
1594977300,328
1594978200,480
1594979100,1397
1594980000,1429
1594980900,287
1594981800,218
1594982700,219
1594983600,252
1594984500,178
1594985400,190
1594986300,201
1594987200,224
1594988100,191
1594989000,223
1594989900,234
1594990800,233
1594991700,263
1594992600,172
1594993500,148
1594994400,124
1594995300,139
1594996200,138
1594997100,205
1594998000,141
1594998900,120
1594999800,139
1595000700,118
1595001600,173
1595002500,134
1595003400,134
1595004300,121
1595005200,115
1595006100,144
1595007000,149
1595007900,147
1595008800,142
1595009700,162
1595010600,150
1595011500,172
1595012400,184
1595013300,147
1595014200,178
1595015100,229
1595016000,228
1595016900,177
1595017800,174
1595018700,165
1595019600,188
1595020500,193
1595021400,239
1595022300,233
1595023200,225
1595024100,126
1595025000,88
1595025900,135
1595026800,76
1595027700,104
1595028600,95
1595029500,86
1595030400,106
1595031300,86
1595032200,80
1595033100,83
1595034000,105
1595034900,110
1595035800,131
1595036700,98
1595037600,83
1595038500,108
1595039400,85
1595040300,122
1595041200,103
1595042100,104
1595043000,104
1595043900,108
1595044800,138
1595045700,111
1595046600,85
1595047500,95
1595048400,232
1595049300,144
1595050200,147
1595051100,127
1595052000,94
1595052900,95
1595053800,100
1595054700,113
1595055600,137
1595056500,129
1595057400,155
1595058300,162
1595059200,200
1595060100,372
1595061000,602
1595061900,469
1595062800,257
1595063700,444
1595064600,735
1595065500,234
1595066400,654
1595067300,692
1595068200,493
1595069100,199
1595070000,220
1595070900,244
1595071800,208
1595072700,202
1595073600,199
1595074500,218
1595075400,232
1595076300,192
1595077200,212
1595078100,190
1595079000,351
1595079900,239
1595080800,197
1595081700,210
1595082600,215
1595083500,222
1595084400,272
1595085300,226
1595086200,258
1595087100,668
1595088000,344
1595088900,350
1595089800,414
1595090700,842
1595091600,689
1595092500,337
1595093400,309
1595094300,339
1595095200,324
1595096100,305
1595097000,632
1595097900,682
1595098800,497
1595099700,478
1595100600,390
1595101500,341
1595102400,296
1595103300,329
1595104200,319
1595105100,327
1595106000,308
1595106900,204
1595107800,160
1595108700,165
1595109600,136
1595110500,135
1595111400,114
1595112300,132
1595113200,161
1595114100,147
1595115000,141
1595115900,115
1595116800,137
1595117700,138
1595118600,153
1595119500,135
1595120400,111
1595121300,123
1595122200,112
1595123100,153
1595124000,155
1595124900,121
1595125800,130
1595126700,113
1595127600,132
1595128500,168
1595129400,139
1595130300,268
1595131200,266
1595132100,255
1595133000,138
1595133900,153
1595134800,138
1595135700,112
1595136600,128
1595137500,124
1595138400,163
1595139300,145
1595140200,127
1595141100,133
1595142000,133
1595142900,170
1595143800,202
1595144700,204
1595145600,221
1595146500,199
1595147400,587
1595148300,1112
1595149200,802
1595150100,1354
1595151000,1412
1595151900,817
1595152800,460
1595153700,374
1595154600,166
1595155500,177
1595156400,474
1595157300,577
1595158200,475
1595159100,237
1595160000,444
1595160900,596
1595161800,187
1595162700,223
1595163600,228
1595164500,227
1595165400,787
1595166300,1071
1595167200,806
1595168100,425
1595169000,260
1595169900,275
1595170800,280
1595171700,438
1595172600,563
1595173500,476
1595174400,226
1595175300,638
1595176200,429
1595177100,315
1595178000,887
1595178900,917
1595179800,727
1595180700,709
1595181600,639
1595182500,427
1595183400,302
1595184300,303
1595185200,274
1595186100,255
1595187000,277
1595187900,313
1595188800,213
1595189700,186
1595190600,108
1595191500,100
1595192400,132
1595193300,119
1595194200,117
1595195100,114
1595196000,101
1595196900,133
1595197800,118
1595198700,109
1595199600,117
1595200500,115
1595201400,125
1595202300,122
1595203200,139
1595204100,111
1595205000,117
1595205900,137
1595206800,106
1595207700,154
1595208600,110
1595209500,104
1595210400,106
1595211300,98
1595212200,140
1595213100,132
1595214000,101
1595214900,113
1595215800,94
1595216700,185
1595217600,605
1595218500,742
1595219400,593
1595220300,537
1595221200,251
1595222100,569
1595223000,558
1595223900,429
1595224800,485
1595225700,259
1595226600,630
1595227500,526
1595228400,201
1595229300,199
1595230200,218
1595231100,217
1595232000,213
1595232900,230
1595233800,485
1595234700,957
1595235600,696
1595236500,760
1595237400,1048
1595238300,729
1595239200,837
1595240100,668
1595241000,764
1595241900,711
1595242800,590
1595243700,643
1595244600,270
1595245500,253
1595246400,185
1595247300,228
1595248200,183
1595249100,181
1595250000,173
1595250900,192
1595251800,205
1595252700,209
1595253600,229
1595254500,184
1595255400,194
1595256300,183
1595257200,223
1595258100,200
1595259000,196
1595259900,191
1595260800,164
1595261700,206
1595262600,184
1595263500,174
1595264400,187
1595265300,179
1595266200,198
1595267100,207
1595268000,206
1595268900,164
1595269800,191
1595270700,609
1595271600,784
1595272500,848
1595273400,1180
1595274300,1073
1595275200,1056
1595276100,246
1595277000,742
1595277900,222
1595278800,143
1595279700,124
1595280600,133
1595281500,137
1595282400,167
1595283300,137
1595284200,126
1595285100,137
1595286000,142
1595286900,172
1595287800,144
1595288700,123
1595289600,135
1595290500,120
1595291400,150
1595292300,148
1595293200,138
1595294100,179
1595295000,144
1595295900,147
1595296800,164
1595297700,159
1595298600,141
1595299500,155
1595300400,147
1595301300,147
1595302200,167
1595303100,146
1595304000,200
1595304900,197
1595305800,198
1595306700,296
1595307600,249
1595308500,244
1595309400,547
1595310300,347
1595311200,213
1595312100,221
1595313000,565
1595313900,509
1595314800,229
1595315700,221
1595316600,261
1595317500,218
1595318400,176
1595319300,192
1595320200,190
1595321100,200
1595322000,242
1595322900,196
1595323800,207
1595324700,199
1595325600,209
1595326500,375
1595327400,934
1595328300,301
1595329200,211
1595330100,219
1595331000,241
1595331900,233
1595332800,206
1595333700,199
1595334600,202
1595335500,191
1595336400,209
1595337300,179
1595338200,178
1595339100,180
1595340000,190
1595340900,189
1595341800,203
1595342700,179
1595343600,186
1595344500,187
1595345400,230
1595346300,219
1595347200,213
1595348100,320
1595349000,215
1595349900,201
1595350800,371
1595351700,815
1595352600,418
1595353500,213
1595354400,241
1595355300,219
1595356200,560
1595357100,659
1595358000,703
1595358900,324
1595359800,240
1595360700,257
1595361600,194
1595362500,95
1595363400,100
1595364300,115
1595365200,152
1595366100,146
1595367000,122
1595367900,117
1595368800,114
1595369700,118
1595370600,141
1595371500,120
1595372400,112
1595373300,116
1595374200,100
1595375100,117
1595376000,145
1595376900,121
1595377800,103
1595378700,117
1595379600,97
1595380500,128
1595381400,135
1595382300,97
1595383200,115
1595384100,118
1595385000,122
1595385900,290
1595386800,132
1595387700,103
1595388600,102
1595389500,109
1595390400,137
1595391300,609
1595392200,159
1595393100,189
1595394000,149
1595394900,117
1595395800,206
1595396700,667
1595397600,330
1595398500,500
1595399400,1181
1595400300,1399
1595401200,508
1595402100,239
1595403000,232
1595403900,232
1595404800,231
1595405700,265
1595406600,227
1595407500,515
1595408400,1005
1595409300,782
1595410200,786
1595411100,756
1595412000,1209
1595412900,1099
1595413800,1074
1595414700,523
1595415600,288
1595416500,263
1595417400,252
1595418300,227
1595419200,235
1595420100,275
1595421000,543
1595421900,1090
1595422800,791
1595423700,723
1595424600,708
1595425500,576
1595426400,265
1595427300,253
1595428200,249
1595429100,209
1595430000,238
1595430900,201
1595431800,188
1595432700,187
1595433600,366
1595434500,417
1595435400,430
1595436300,249
1595437200,224
1595438100,560
1595439000,875
1595439900,761
1595440800,797
1595441700,760
1595442600,716
1595443500,503
1595444400,374
1595445300,311
1595446200,300
1595447100,310
1595448000,251
1595448900,230
1595449800,157
1595450700,114
1595451600,82
1595452500,98
1595453400,126
1595454300,125
1595455200,103
1595456100,97
1595457000,109
1595457900,88
1595458800,106
1595459700,105
1595460600,92
1595461500,81
1595462400,96
1595463300,93
1595464200,134
1595465100,100
1595466000,85
1595466900,96
1595467800,76
1595468700,103
1595469600,90
1595470500,80
1595471400,93
1595472300,199
1595473200,134
1595474100,124
1595475000,81
1595475900,94
1595476800,111
1595477700,148
1595478600,127
1595479500,182
1595480400,106
1595481300,145
1595482200,158
1595483100,222
1595484000,640
1595484900,369
1595485800,242
1595486700,314
1595487600,827
1595488500,191
1595489400,119
1595490300,94
1595491200,109
1595492100,95
1595493000,131
1595493900,147
1595494800,172
1595495700,300
1595496600,669
1595497500,476
1595498400,488
1595499300,591
1595500200,516
1595501100,210
1595502000,192
1595502900,196
1595503800,216
1595504700,183
1595505600,208
1595506500,197
1595507400,217
1595508300,276
1595509200,221
1595510100,184
1595511000,206
1595511900,213
1595512800,237
1595513700,206
1595514600,263
1595515500,268
1595516400,275
1595517300,284
1595518200,517
1595519100,1006
1595520000,471
1595520900,410
1595521800,590
1595522700,700
1595523600,589
1595524500,755
1595525400,434
1595526300,264
1595527200,286
1595528100,266
1595529000,276
1595529900,287
1595530800,331
1595531700,284
1595532600,278
1595533500,244
1595534400,159
1595535300,100
1595536200,88
1595537100,116
1595538000,82
1595538900,89
1595539800,67
1595540700,97
1595541600,117
1595542500,113
1595543400,83
1595544300,109
1595545200,89
1595546100,126
1595547000,108
1595547900,97
1595548800,83
1595549700,100
1595550600,95
1595551500,133
1595552400,94
1595553300,97
1595554200,79
1595555100,95
1595556000,107
1595556900,105
1595557800,106
1595558700,281
1595559600,130
1595560500,92
1595561400,151
1595562300,133
1595563200,148
1595564100,228
1595565000,86
1595565900,137
1595566800,147
1595567700,111
1595568600,122
1595569500,159
1595570400,181
1595571300,190
1595572200,170
1595573100,176
1595574000,163
1595574900,204
1595575800,196
1595576700,175
1595577600,173
1595578500,180
1595579400,205
1595580300,213
1595581200,213
1595582100,189
1595583000,226
1595583900,375
1595584800,616
1595585700,609
1595586600,203
1595587500,227
1595588400,233
1595589300,266
1595590200,243
1595591100,227
1595592000,253
1595592900,243
1595593800,282
1595594700,285
1595595600,509
1595596500,557
1595597400,490
1595598300,277
1595599200,598
1595600100,639
1595601000,278
1595601900,271
1595602800,240
1595603700,230
1595604600,232
1595605500,205
1595606400,192
1595607300,215
1595608200,263
1595609100,271
1595610000,240
1595610900,249
1595611800,248
1595612700,499
1595613600,604
1595614500,305
1595615400,306
1595616300,281
1595617200,267
1595618100,336
1595619000,300
1595619900,319
1595620800,281
1595621700,251
1595622600,255
1595623500,199
1595624400,167
1595625300,168
1595626200,180
1595627100,141
1595628000,127
1595628900,97
1595629800,96
1595630700,122
1595631600,120
1595632500,146
1595633400,137
1595634300,105
1595635200,112
1595636100,106
1595637000,130
1595637900,134
1595638800,124
1595639700,113
1595640600,117
1595641500,101
1595642400,135
1595643300,122
1595644200,103
1595645100,113
1595646000,121
1595646900,113
1595647800,147
1595648700,121
1595649600,156
1595650500,95
1595651400,124
1595652300,146
1595653200,160
1595654100,116
1595655000,297
1595655900,458
1595656800,1597
1595657700,1000
1595658600,317
1595659500,706
1595660400,1169
1595661300,647
1595662200,540
1595663100,249
1595664000,207
1595664900,191
1595665800,205
1595666700,204
1595667600,294
1595668500,205
1595669400,218
1595670300,216
1595671200,622
1595672100,466
1595673000,223
1595673900,184
1595674800,222
1595675700,224
1595676600,209
1595677500,225
1595678400,209
1595679300,197
1595680200,215
1595681100,209
1595682000,257
1595682900,213
1595683800,226
1595684700,203
1595685600,235
1595686500,232
1595687400,257
1595688300,227
1595689200,213
1595690100,178
1595691000,219
1595691900,224
1595692800,261
1595693700,306
1595694600,295
1595695500,847
1595696400,1027
1595697300,1005
1595698200,1140
1595699100,1128
1595700000,867
1595700900,841
1595701800,753
1595702700,272
1595703600,335
1595704500,380
1595705400,306
1595706300,339
1595707200,268
1595708100,297
1595709000,235
1595709900,229
1595710800,199
1595711700,253
1595712600,206
1595713500,136
1595714400,123
1595715300,120
1595716200,136
1595717100,156
1595718000,100
1595718900,125
1595719800,118
1595720700,138
1595721600,155
1595722500,135
1595723400,133
1595724300,128
1595725200,118
1595726100,162
1595727000,127
1595727900,147
1595728800,121
1595729700,128
1595730600,125
1595731500,149
1595732400,106
1595733300,131
1595734200,116
1595735100,156
1595736000,177
1595736900,180
1595737800,842
1595738700,1021
1595739600,687
1595740500,668
1595741400,572
1595742300,593
1595743200,703
1595744100,685
1595745000,843
1595745900,1282
1595746800,1564
1595747700,1294
1595748600,1303
1595749500,1080
1595750400,624
1595751300,288
1595752200,286
1595753100,239
1595754000,244
1595754900,565
1595755800,767
1595756700,626
1595757600,472
1595758500,362
1595759400,188
1595760300,470
1595761200,1357
1595762100,1162
1595763000,978
1595763900,818
1595764800,1248
1595765700,708
1595766600,624
1595767500,288
1595768400,198
1595769300,196
1595770200,211
1595771100,216
1595772000,233
1595772900,190
1595773800,183
1595774700,194
1595775600,212
1595776500,214
1595777400,179
1595778300,189
1595779200,184
1595780100,198
1595781000,277
1595781900,401
1595782800,525
1595783700,336
1595784600,729
1595785500,676
1595786400,447
1595787300,294
1595788200,530
1595789100,531
1595790000,477
1595790900,322
1595791800,601
1595792700,583
1595793600,247
1595794500,264
1595795400,287
1595796300,186
1595797200,93
1595798100,103
1595799000,99
1595799900,103
1595800800,115
1595801700,83
1595802600,94
1595803500,97
1595804400,123
1595805300,120
1595806200,119
1595807100,88
1595808000,112
1595808900,89
1595809800,142
1595810700,120
1595811600,106
1595812500,87
1595813400,104
1595814300,90
1595815200,141
1595816100,125
1595817000,130
1595817900,98
1595818800,115
1595819700,128
1595820600,140
1595821500,117
1595822400,347
1595823300,247
1595824200,135
1595825100,195
1595826000,123
1595826900,284
1595827800,224
1595828700,495
1595829600,641
1595830500,698
1595831400,698
1595832300,707
1595833200,755
1595834100,754
1595835000,679
1595835900,291
1595836800,216
1595837700,232
1595838600,217
1595839500,242
1595840400,255
1595841300,601
1595842200,399
1595843100,1276
1595844000,967
1595844900,792
1595845800,256
1595846700,224
1595847600,215
1595848500,250
1595849400,231
1595850300,242
1595851200,199
1595852100,218
1595853000,205
1595853900,233
1595854800,250
1595855700,237
1595856600,202
1595857500,215
1595858400,200
1595859300,234
1595860200,232
1595861100,320
1595862000,309
1595862900,398
1595863800,248
1595864700,303
1595865600,320
1595866500,245
1595867400,223
1595868300,229
1595869200,257
1595870100,280
1595871000,267
1595871900,291
1595872800,285
1595873700,294
1595874600,305
1595875500,302
1595876400,290
1595877300,303
1595878200,296
1595879100,405
1595880000,333
1595880900,297
1595881800,264
1595882700,263
1595883600,213
1595884500,143
1595885400,132
1595886300,113
1595887200,120
1595888100,125
1595889000,145
1595889900,130
1595890800,115
1595891700,95
1595892600,112
1595893500,113
1595894400,150
1595895300,102
1595896200,110
1595897100,106
1595898000,110
1595898900,139
1595899800,126
1595900700,121
1595901600,103
1595902500,112
1595903400,118
1595904300,273
1595905200,140
1595906100,136
1595907000,124
1595907900,180
1595908800,218
1595909700,391
1595910600,191
1595911500,239
1595912400,200
1595913300,443
1595914200,461
1595915100,422
1595916000,215
1595916900,510
1595917800,565
1595918700,278
1595919600,290
1595920500,236
1595921400,159
1595922300,164
1595923200,186
1595924100,190
1595925000,156
1595925900,162
1595926800,322
1595927700,856
1595928600,381
1595929500,354
1595930400,204
1595931300,189
1595932200,234
1595933100,199
1595934000,177
1595934900,191
1595935800,192
1595936700,170
1595937600,219
1595938500,210
1595939400,250
1595940300,230
1595941200,237
1595942100,252
1595943000,269
1595943900,248
1595944800,316
1595945700,267
1595946600,341
1595947500,355
1595948400,325
1595949300,337
1595950200,266
1595951100,323
1595952000,303
1595952900,283
1595953800,274
1595954700,314
1595955600,298
1595956500,272
1595957400,633
1595958300,1156
1595959200,637
1595960100,303
1595961000,326
1595961900,780
1595962800,495
1595963700,463
1595964600,454
1595965500,803
1595966400,307
1595967300,258
1595968200,155
1595969100,136
1595970000,135
1595970900,109
1595971800,139
1595972700,127
1595973600,124
1595974500,110
1595975400,125
1595976300,104
1595977200,149
1595978100,104
1595979000,116
1595979900,99
1595980800,120
1595981700,125
1595982600,167
1595983500,121
1595984400,134
1595985300,132
1595986200,151
1595987100,171
1595988000,138
1595988900,139
1595989800,124
1595990700,144
1595991600,146
1595992500,168
1595993400,123
1595994300,150
1595995200,132
1595996100,432
1595997000,216
1595997900,208
1595998800,205
1595999700,111
1596000600,121
1596001500,122
1596002400,165
1596003300,150
1596004200,157
1596005100,132
1596006000,156
1596006900,153
1596007800,138
1596008700,136
1596009600,133
1596010500,143
1596011400,161
1596012300,213
1596013200,124
1596014100,156
1596015000,307
1596015900,193
1596016800,194
1596017700,217
1596018600,200
1596019500,224
1596020400,196
1596021300,245
1596022200,257
1596023100,259
1596024000,230
1596024900,335
1596025800,337
1596026700,375
1596027600,294
1596028500,309
1596029400,259
1596030300,204
1596031200,231
1596032100,193
1596033000,257
1596033900,596
1596034800,725
1596035700,475
1596036600,493
1596037500,278
1596038400,405
1596039300,343
1596040200,438
1596041100,884
1596042000,381
1596042900,418
1596043800,241
1596044700,646
1596045600,500
1596046500,281
1596047400,267
1596048300,255
1596049200,254
1596050100,317
1596051000,262
1596051900,279
1596052800,309
1596053700,287
1596054600,258
1596055500,264
1596056400,232
1596057300,165
1596058200,117
1596059100,100
1596060000,88
1596060900,121
1596061800,72
1596062700,97
1596063600,89
1596064500,90
1596065400,115
1596066300,90
1596067200,87
1596068100,90
1596069000,88
1596069900,110
1596070800,100
1596071700,91
1596072600,84
1596073500,83
1596074400,109
1596075300,129
1596076200,112
1596077100,254
1596078000,107
1596078900,120
1596079800,129
1596080700,146
1596081600,117
1596082500,293
1596083400,154
1596084300,248
1596085200,573
1596086100,324
1596087000,459
1596087900,221
1596088800,705
1596089700,227
1596090600,254
1596091500,204
1596092400,172
1596093300,131
1596094200,98
1596095100,129
1596096000,140
1596096900,114
1596097800,115
1596098700,163
1596099600,125
1596100500,181
1596101400,203
1596102300,612
1596103200,985
1596104100,418
1596105000,476
1596105900,605
1596106800,407
1596107700,202
1596108600,512
1596109500,533
1596110400,194
1596111300,162
1596112200,146
1596113100,144
1596114000,176
1596114900,191
1596115800,136
1596116700,155
1596117600,171
1596118500,206
1596119400,240
1596120300,231
1596121200,206
1596122100,238
1596123000,267
1596123900,519
1596124800,590
1596125700,298
1596126600,241
1596127500,229
1596128400,253
1596129300,291
1596130200,308
1596131100,277
1596132000,253
1596132900,296
1596133800,296
1596134700,307
1596135600,343
1596136500,342
1596137400,336
1596138300,349
1596139200,365
1596140100,297
1596141000,246
1596141900,231
1596142800,223
1596143700,249
1596144600,228
1596145500,214
1596146400,193
1596147300,85
1596148200,100
1596149100,126
1596150000,105
1596150900,96
1596151800,82
1596152700,109
1596153600,129
1596154500,97
1596155400,97
1596156300,103
1596157200,104
1596158100,126
1596159000,134
1596159900,103
1596160800,112
1596161700,88
1596162600,107
1596163500,282
1596164400,122
1596165300,136
1596166200,107
1596167100,159
1596168000,358
1596168900,797
1596169800,857
1596170700,672
1596171600,661
1596172500,587
1596173400,529
1596174300,437
1596175200,432
1596176100,174
1596177000,669
1596177900,353
1596178800,185
1596179700,169
1596180600,211
1596181500,153
1596182400,168
1596183300,178
1596184200,195
1596185100,184
1596186000,179
1596186900,194
1596187800,198
1596188700,415
1596189600,333
1596190500,118
1596191400,311
1596192300,401
1596193200,252
1596194100,178
1596195000,176
1596195900,231
1596196800,597
1596197700,320
1596198600,419
1596199500,198
1596200400,625
1596201300,366
1596202200,219
1596203100,240
1596204000,190
1596204900,177
1596205800,195
1596206700,191
1596207600,222
1596208500,208
1596209400,210
1596210300,227
1596211200,235
1596212100,266
1596213000,250
1596213900,230
1596214800,217
1596215700,271
1596216600,915
1596217500,871
1596218400,796
1596219300,656
1596220200,262
1596221100,254
1596222000,263
1596222900,312
1596223800,220
1596224700,214
1596225600,120
1596226500,80
1596227400,113
1596228300,83
1596229200,80
1596230100,94
1596231000,70
1596231900,105
1596232800,97
1596233700,71
1596234600,83
1596235500,92
1596236400,89
1596237300,117
1596238200,69
1596239100,85
1596240000,79
1596240900,74
1596241800,118
1596242700,103
1596243600,86
1596244500,100
1596245400,81
1596246300,113
1596247200,118
1596248100,94
1596249000,106
1596249900,92
1596250800,89
1596251700,123
1596252600,86
1596253500,116
1596254400,144
1596255300,128
1596256200,146
1596257100,153
1596258000,123
1596258900,118
1596259800,107
1596260700,249
1596261600,213
1596262500,274
1596263400,414
1596264300,845
1596265200,720
1596266100,743
1596267000,1052
1596267900,789
1596268800,488
1596269700,294
1596270600,787
1596271500,369
1596272400,253
1596273300,257
1596274200,224
1596275100,284
1596276000,400
1596276900,860
1596277800,710
1596278700,633
1596279600,262
1596280500,235
1596281400,267
1596282300,249
1596283200,205
1596284100,211
1596285000,222
1596285900,244
1596286800,645
1596287700,660
1596288600,692
1596289500,442
1596290400,265
1596291300,276
1596292200,249
1596293100,216
1596294000,207
1596294900,216
1596295800,233
1596296700,234
1596297600,198
1596298500,216
1596299400,211
1596300300,230
1596301200,245
1596302100,219
1596303000,617
1596303900,809
1596304800,801
1596305700,748
1596306600,217
1596307500,237
1596308400,222
1596309300,275
1596310200,277
1596311100,249
1596312000,219
1596312900,122
1596313800,153
1596314700,279
1596315600,234
1596316500,178
1596317400,107
1596318300,80
1596319200,99
1596320100,104
1596321000,119
1596321900,82
1596322800,80
1596323700,86
1596324600,92
1596325500,120
1596326400,99
1596327300,71
1596328200,90
1596329100,79
1596330000,112
1596330900,115
1596331800,79
1596332700,84
1596333600,85
1596334500,82
1596335400,121
1596336300,89
1596337200,110
1596338100,129
1596339000,117
1596339900,167
1596340800,168
1596341700,883
1596342600,999
1596343500,1020
1596344400,569
1596345300,415
1596346200,203
1596347100,657
1596348000,472
1596348900,571
1596349800,624
1596350700,613
1596351600,596
1596352500,574
1596353400,626
1596354300,642
1596355200,600
1596356100,599
1596357000,576
1596357900,631
1596358800,675
1596359700,551
1596360600,753
1596361500,626
1596362400,182
1596363300,225
1596364200,230
1596365100,230
1596366000,212
1596366900,227
1596367800,371
1596368700,356
1596369600,246
1596370500,218
1596371400,206
1596372300,231
1596373200,241
1596374100,235
1596375000,230
1596375900,208
1596376800,240
1596377700,211
1596378600,207
1596379500,232
1596380400,185
1596381300,210
1596382200,190
1596383100,198
1596384000,305
1596384900,279
1596385800,246
1596386700,260
1596387600,283
1596388500,307
1596389400,368
1596390300,449
1596391200,364
1596392100,378
1596393000,351
1596393900,369
1596394800,348
1596395700,294
1596396600,293
1596397500,289
1596398400,167
1596399300,106
1596400200,85
1596401100,87
1596402000,106
1596402900,118
1596403800,125
1596404700,103
1596405600,84
1596406500,109
1596407400,108
1596408300,123
1596409200,110
1596410100,83
1596411000,105
1596411900,99
1596412800,121
1596413700,120
1596414600,89
1596415500,90
1596416400,101
1596417300,91
1596418200,132
1596419100,110
1596420000,88
1596420900,104
1596421800,78
1596422700,123
1596423600,110
1596424500,90
1596425400,96
1596426300,101
1596427200,136
1596428100,114
1596429000,95
1596429900,144
1596430800,153
1596431700,167
1596432600,358
1596433500,834
1596434400,976
1596435300,1166
1596436200,887
1596437100,939
1596438000,397
1596438900,1320
1596439800,774
1596440700,765
1596441600,452
1596442500,277
1596443400,250
1596444300,218
1596445200,860
1596446100,737
1596447000,779
1596447900,176
1596448800,177
1596449700,197
1596450600,181
1596451500,181
1596452400,194
1596453300,169
1596454200,153
1596455100,164
1596456000,163
1596456900,192
1596457800,187
1596458700,184
1596459600,168
1596460500,156
1596461400,172
1596462300,191
1596463200,162
1596464100,170
1596465000,156
1596465900,330
1596466800,240
1596467700,208
1596468600,196
1596469500,200
1596470400,204
1596471300,500
1596472200,513
1596473100,420
1596474000,356
1596474900,677
1596475800,572
1596476700,269
1596477600,307
1596478500,380
1596479400,351
1596480300,489
1596481200,299
1596482100,264
1596483000,279
1596483900,303
1596484800,289
1596485700,212
1596486600,148
1596487500,119
1596488400,131
1596489300,105
1596490200,129
1596491100,140
1596492000,106
1596492900,111
1596493800,120
1596494700,115
1596495600,147
1596496500,110
1596497400,115
1596498300,111
1596499200,99
1596500100,138
1596501000,143
1596501900,105
1596502800,117
1596503700,98
1596504600,123
1596505500,140
1596506400,119
1596507300,122
1596508200,109
1596509100,107
1596510000,147
1596510900,114
1596511800,120
1596512700,135
1596513600,157
1596514500,145
1596515400,242
1596516300,192
1596517200,143
1596518100,119
1596519000,289
1596519900,254
1596520800,370
1596521700,598
1596522600,618
1596523500,744
1596524400,1123
1596525300,802
1596526200,277
1596527100,264
1596528000,292
1596528900,223
1596529800,201
1596530700,172
1596531600,149
1596532500,146
1596533400,161
1596534300,186
1596535200,310
1596536100,1429
1596537000,928
1596537900,282
1596538800,223
1596539700,217
1596540600,222
1596541500,221
1596542400,226
1596543300,430
1596544200,506
1596545100,447
1596546000,214
1596546900,479
1596547800,606
1596548700,224
1596549600,235
1596550500,199
1596551400,188
1596552300,199
1596553200,199
1596554100,239
1596555000,248
1596555900,202
1596556800,224
1596557700,940
1596558600,946
1596559500,780
1596560400,763
1596561300,749
1596562200,780
1596563100,730
1596564000,781
1596564900,692
1596565800,266
1596566700,312
1596567600,370
1596568500,775
1596569400,433
1596570300,484
1596571200,443
1596572100,689
1596573000,152
1596573900,149
1596574800,107
1596575700,104
1596576600,109
1596577500,108
1596578400,123
1596579300,116
1596580200,103
1596581100,107
1596582000,98
1596582900,119
1596583800,128
1596584700,85
1596585600,105
1596586500,114
1596587400,126
1596588300,155
1596589200,98
1596590100,102
1596591000,103
1596591900,92
1596592800,132
1596593700,121
1596594600,105
1596595500,125
1596596400,106
1596597300,124
1596598200,134
1596599100,102
1596600000,117
1596600900,143
1596601800,113
1596602700,307
1596603600,189
1596604500,142
1596605400,190
1596606300,260
1596607200,433
1596608100,1043
1596609000,942
1596609900,557
1596610800,406
1596611700,248
1596612600,283
1596613500,263
1596614400,261
1596615300,242
1596616200,264
1596617100,308
1596618000,293
1596618900,257
1596619800,264
1596620700,272
1596621600,296
1596622500,309
1596623400,266
1596624300,282
1596625200,288
1596626100,262
1596627000,306
1596627900,309
1596628800,265
1596629700,275
1596630600,272
1596631500,300
1596632400,306
1596633300,272
1596634200,273
1596635100,270
1596636000,272
1596636900,311
1596637800,280
1596638700,285
1596639600,282
1596640500,265
1596641400,338
1596642300,285
1596643200,267
1596644100,264
1596645000,261
1596645900,285
1596646800,303
1596647700,262
1596648600,272
1596649500,252
1596650400,271
1596651300,293
1596652200,283
1596653100,303
1596654000,293
1596654900,288
1596655800,915
1596656700,496
1596657600,566
1596658500,425
1596659400,849
1596660300,205
1596661200,119
1596662100,95
1596663000,96
1596663900,75
1596664800,83
1596665700,102
1596666600,93
1596667500,81
1596668400,83
1596669300,72
1596670200,103
1596671100,108
1596672000,88
1596672900,82
1596673800,74
1596674700,82
1596675600,110
1596676500,87
1596677400,88
1596678300,76
1596679200,93
1596680100,107
1596681000,98
1596681900,86
1596682800,94
1596683700,83
1596684600,101
1596685500,114
1596686400,101
1596687300,226
1596688200,163
1596689100,117
1596690000,127
1596690900,143
1596691800,169
1596692700,404
1596693600,890
1596694500,936
1596695400,626
1596696300,389
1596697200,386
1596698100,611
1596699000,631
1596699900,710
1596700800,650
1596701700,639
1596702600,452
1596703500,228
1596704400,216
1596705300,200
1596706200,215
1596707100,712
1596708000,348
1596708900,235
1596709800,529
1596710700,461
1596711600,461
1596712500,516
1596713400,1420
1596714300,1002
1596715200,751
1596716100,741
1596717000,515
1596717900,303
1596718800,538
1596719700,636
1596720600,705
1596721500,748
1596722400,280
1596723300,236
1596724200,197
1596725100,186
1596726000,176
1596726900,173
1596727800,205
1596728700,182
1596729600,199
1596730500,245
1596731400,228
1596732300,208
1596733200,218
1596734100,173
1596735000,274
1596735900,645
1596736800,652
1596737700,549
1596738600,284
1596739500,464
1596740400,728
1596741300,707
1596742200,330
1596743100,310
1596744000,342
1596744900,218
1596745800,224
1596746700,221
1596747600,255
1596748500,189
1596749400,136
1596750300,112
1596751200,100
1596752100,125
1596753000,116
1596753900,109
1596754800,90
1596755700,105
1596756600,117
1596757500,127
1596758400,102
1596759300,98
1596760200,97
1596761100,100
1596762000,124
1596762900,122
1596763800,105
1596764700,91
1596765600,103
1596766500,101
1596767400,108
1596768300,89
1596769200,80
1596770100,107
1596771000,96
1596771900,144
1596772800,139
1596773700,248
1596774600,113
1596775500,118
1596776400,107
1596777300,139
1596778200,94
1596779100,243
1596780000,545
1596780900,853
1596781800,821
1596782700,697
1596783600,931
1596784500,373
1596785400,678
1596786300,709
1596787200,1141
1596788100,876
1596789000,431
1596789900,425
1596790800,682
1596791700,677
1596792600,694
1596793500,881
1596794400,1049
1596795300,589
1596796200,465
1596797100,696
1596798000,673
1596798900,549
1596799800,317
1596800700,264
1596801600,232
1596802500,309
1596803400,229
1596804300,797
1596805200,1117
1596806100,776
1596807000,768
1596807900,304
1596808800,285
1596809700,261
1596810600,293
1596811500,261
1596812400,262
1596813300,238
1596814200,270
1596815100,283
1596816000,268
1596816900,260
1596817800,729
1596818700,1102
1596819600,1243
1596820500,682
1596821400,405
1596822300,424
1596823200,847
1596824100,715
1596825000,676
1596825900,626
1596826800,291
1596827700,240
1596828600,220
1596829500,232
1596830400,256
1596831300,185
1596832200,182
1596833100,103
1596834000,149
1596834900,108
1596835800,89
1596836700,101
1596837600,99
1596838500,124
1596839400,95
1596840300,100
1596841200,85
1596842100,98
1596843000,118
1596843900,113
1596844800,97
1596845700,82
1596846600,102
1596847500,109
1596848400,111
1596849300,85
1596850200,96
1596851100,89
1596852000,107
1596852900,86
1596853800,80
1596854700,87
1596855600,86
1596856500,128
1596857400,92
1596858300,107
1596859200,138
1596860100,100
1596861000,141
1596861900,100
1596862800,146
1596863700,124
1596864600,154
1596865500,351
1596866400,138
1596867300,138
1596868200,183
1596869100,160
1596870000,166
1596870900,154
1596871800,251
1596872700,284
1596873600,293
1596874500,337
1596875400,278
1596876300,283
1596877200,722
1596878100,392
1596879000,684
1596879900,649
1596880800,1285
1596881700,1082
1596882600,484
1596883500,353
1596884400,450
1596885300,233
1596886200,394
1596887100,352
1596888000,672
1596888900,245
1596889800,354
1596890700,311
1596891600,705
1596892500,178
1596893400,192
1596894300,182
1596895200,191
1596896100,223
1596897000,221
1596897900,222
1596898800,261
1596899700,272
1596900600,239
1596901500,229
1596902400,222
1596903300,246
1596904200,244
1596905100,222
1596906000,219
1596906900,215
1596907800,243
1596908700,567
1596909600,242
1596910500,180
1596911400,209
1596912300,213
1596913200,232
1596914100,217
1596915000,262
1596915900,206
1596916800,199
1596917700,197
1596918600,181
1596919500,146
1596920400,98
1596921300,104
1596922200,104
1596923100,71
1596924000,95
1596924900,78
1596925800,133
1596926700,82
1596927600,80
1596928500,79
1596929400,91
1596930300,112
1596931200,85
1596932100,97
1596933000,77
1596933900,95
1596934800,110
1596935700,75
1596936600,92
1596937500,78
1596938400,120
1596939300,93
1596940200,90
1596941100,78
1596942000,82
1596942900,106
1596943800,101
1596944700,124
1596945600,112
1596946500,453
1596947400,131
1596948300,109
1596949200,107
1596950100,101
1596951000,121
1596951900,149
1596952800,165
1596953700,149
1596954600,173
1596955500,546
1596956400,473
1596957300,748
1596958200,701
1596959100,661
1596960000,481
1596960900,796
1596961800,789
1596962700,441
1596963600,378
1596964500,163
1596965400,231
1596966300,531
1596967200,674
1596968100,467
1596969000,164
1596969900,185
1596970800,198
1596971700,197
1596972600,200
1596973500,238
1596974400,200
1596975300,195
1596976200,193
1596977100,231
1596978000,655
1596978900,418
1596979800,418
1596980700,265
1596981600,780
1596982500,325
1596983400,246
1596984300,196
1596985200,215
1596986100,236
1596987000,281
1596987900,237
1596988800,199
1596989700,222
1596990600,176
1596991500,169
1596992400,160
1596993300,173
1596994200,227
1596995100,224
1596996000,238
1596996900,240
1596997800,284
1596998700,326
1596999600,388
1597000500,332
1597001400,288
1597002300,288
1597003200,268
1597004100,297
1597005000,244
1597005900,231
1597006800,235
1597007700,246
1597008600,217
1597009500,86
1597010400,102
1597011300,71
1597012200,109
1597013100,95
1597014000,82
1597014900,90
1597015800,86
1597016700,116
1597017600,88
1597018500,87
1597019400,80
1597020300,80
1597021200,128
1597022100,89
1597023000,91
1597023900,71
1597024800,92
1597025700,110
1597026600,80
1597027500,94
1597028400,78
1597029300,94
1597030200,105
1597031100,103
1597032000,118
1597032900,99
1597033800,284
1597034700,124
1597035600,106
1597036500,86
1597037400,186
1597038300,935
1597039200,787
1597040100,406
1597041000,177
1597041900,521
1597042800,699
1597043700,669
1597044600,237
1597045500,220
1597046400,200
1597047300,168
1597048200,182
1597049100,111
1597050000,130
1597050900,113
1597051800,161
1597052700,118
1597053600,141
1597054500,135
1597055400,135
1597056300,141
1597057200,122
1597058100,119
1597059000,129
1597059900,146
1597060800,130
1597061700,123
1597062600,115
1597063500,116
1597064400,154
1597065300,132
1597066200,135
1597067100,134
1597068000,132
1597068900,153
1597069800,135
1597070700,735
1597071600,978
1597072500,1081
1597073400,381
1597074300,80
1597075200,154
1597076100,571
1597077000,345
1597077900,447
1597078800,227
1597079700,691
1597080600,1064
1597081500,1159
1597082400,893
1597083300,632
1597084200,308
1597085100,267
1597086000,309
1597086900,306
1597087800,285
1597088700,290
1597089600,287
1597090500,238
1597091400,201
1597092300,191
1597093200,196
1597094100,126
1597095000,135
1597095900,80
1597096800,95
1597097700,76
1597098600,112
1597099500,113
1597100400,99
1597101300,92
1597102200,81
1597103100,112
1597104000,97
1597104900,89
1597105800,101
1597106700,90
1597107600,121
1597108500,87
1597109400,102
1597110300,75
1597111200,96
1597112100,124
1597113000,101
1597113900,91
1597114800,80
1597115700,105
1597116600,110
1597117500,117
1597118400,140
1597119300,102
1597120200,280
1597121100,129
1597122000,110
1597122900,152
1597123800,655
1597124700,985
1597125600,559
1597126500,165
1597127400,135
1597128300,176
1597129200,456
1597130100,631
1597131000,414
1597131900,226
1597132800,543
1597133700,492
1597134600,195
1597135500,180
1597136400,174
1597137300,188
1597138200,1000
1597139100,212
1597140000,161
1597140900,178
1597141800,253
1597142700,308
1597143600,288
1597144500,312
1597145400,305
1597146300,271
1597147200,247
1597148100,204
1597149000,214
1597149900,242
1597150800,259
1597151700,234
1597152600,211
1597153500,198
1597154400,230
1597155300,212
1597156200,227
1597157100,613
1597158000,369
1597158900,638
1597159800,220
1597160700,651
1597161600,376
1597162500,202
1597163400,361
1597164300,232
1597165200,196
1597166100,209
1597167000,245
1597167900,317
1597168800,421
1597169700,955
1597170600,1060
1597171500,848
1597172400,399
1597173300,407
1597174200,310
1597175100,323
1597176000,317
1597176900,238
1597177800,677
1597178700,375
1597179600,336
1597180500,442
1597181400,630
1597182300,128
1597183200,95
1597184100,114
1597185000,131
1597185900,84
1597186800,101
1597187700,83
1597188600,117
1597189500,114
1597190400,100
1597191300,102
1597192200,87
1597193100,119
1597194000,110
1597194900,85
1597195800,104
1597196700,99
1597197600,130
1597198500,101
1597199400,85
1597200300,98
1597201200,99
1597202100,120
1597203000,111
1597203900,89
1597204800,97
1597205700,101
1597206600,273
1597207500,158
1597208400,129
1597209300,118
1597210200,512
1597211100,596
1597212000,576
1597212900,141
1597213800,147
1597214700,481
1597215600,638
1597216500,677
1597217400,654
1597218300,682
1597219200,690
1597220100,673
1597221000,677
1597221900,587
1597222800,204
1597223700,202
1597224600,169
1597225500,191
1597226400,223
1597227300,568
1597228200,212
1597229100,244
1597230000,257
1597230900,234
1597231800,268
1597232700,251
1597233600,234
1597234500,238
1597235400,231
1597236300,288
1597237200,255
1597238100,232
1597239000,240
1597239900,218
1597240800,321
1597241700,308
1597242600,246
1597243500,261
1597244400,577
1597245300,492
1597246200,464
1597247100,426
1597248000,672
1597248900,655
1597249800,549
1597250700,343
1597251600,306
1597252500,282
1597253400,339
1597254300,284
1597255200,323
1597256100,560
1597257000,376
1597257900,382
1597258800,358
1597259700,339
1597260600,341
1597261500,285
1597262400,239
1597263300,226
1597264200,225
1597265100,212
1597266000,161
1597266900,134
1597267800,93
1597268700,93
1597269600,97
1597270500,120
1597271400,108
1597272300,91
1597273200,92
1597274100,88
1597275000,119
1597275900,110
1597276800,94
1597277700,78
1597278600,76
1597279500,115
1597280400,78
1597281300,110
1597282200,109
1597283100,102
1597284000,128
1597284900,89
1597285800,100
1597286700,98
1597287600,102
1597288500,139
1597289400,95
1597290300,100
1597291200,88
1597292100,206
1597293000,212
1597293900,108
1597294800,108
1597295700,135
1597296600,149
1597297500,122
1597298400,314
1597299300,910
1597300200,777
1597301100,428
1597302000,210
1597302900,426
1597303800,580
1597304700,555
1597305600,726
1597306500,1104
1597307400,906
1597308300,433
1597309200,250
1597310100,242
1597311000,192
1597311900,166
1597312800,193
1597313700,499
1597314600,246
1597315500,330
1597316400,280
1597317300,285
1597318200,150
1597319100,148
1597320000,134
1597320900,273
1597321800,145
1597322700,154
1597323600,147
1597324500,131
1597325400,192
1597326300,177
1597327200,198
1597328100,161
1597329000,185
1597329900,218
1597330800,244
1597331700,243
1597332600,220
1597333500,232
1597334400,233
1597335300,282
1597336200,290
1597337100,249
1597338000,274
1597338900,377
1597339800,658
1597340700,519
1597341600,342
1597342500,1260
1597343400,1369
1597344300,847
1597345200,890
1597346100,845
1597347000,828
1597347900,677
1597348800,410
1597349700,303
1597350600,202
1597351500,112
1597352400,95
1597353300,111
1597354200,88
1597355100,82
1597356000,93
1597356900,96
1597357800,111
1597358700,80
1597359600,85
1597360500,86
1597361400,105
1597362300,101
1597363200,102
1597364100,76
1597365000,91
1597365900,107
1597366800,98
1597367700,92
1597368600,79
1597369500,104
1597370400,131
1597371300,99
1597372200,108
1597373100,101
1597374000,127
1597374900,135
1597375800,115
1597376700,139
1597377600,146
1597378500,230
1597379400,199
1597380300,123
1597381200,111
1597382100,92
1597383000,134
1597383900,133
1597384800,106
1597385700,107
1597386600,512
1597387500,1024
1597388400,621
1597389300,177
1597390200,603
1597391100,661
1597392000,631
1597392900,577
1597393800,336
1597394700,193
1597395600,630
1597396500,716
1597397400,1156
1597398300,893
1597399200,268
1597400100,307
1597401000,485
1597401900,691
1597402800,578
1597403700,525
1597404600,1520
1597405500,1121
1597406400,849
1597407300,819
1597408200,712
1597409100,502
1597410000,326
1597410900,340
1597411800,294
1597412700,176
1597413600,184
1597414500,160
1597415400,184
1597416300,196
1597417200,206
1597418100,247
1597419000,216
1597419900,233
1597420800,196
1597421700,324
1597422600,644
1597423500,480
1597424400,646
1597425300,545
1597426200,205
1597427100,755
1597428000,792
1597428900,680
1597429800,277
1597430700,608
1597431600,545
1597432500,353
1597433400,350
1597434300,360
1597435200,279
1597436100,265
1597437000,261
1597437900,146
1597438800,111
1597439700,69
1597440600,92
1597441500,100
1597442400,89
1597443300,84
1597444200,86
1597445100,101
1597446000,117
1597446900,98
1597447800,87
1597448700,101
1597449600,113
1597450500,127
1597451400,100
1597452300,97
1597453200,116
1597454100,111
1597455000,142
1597455900,109
1597456800,109
1597457700,101
1597458600,126
1597459500,127
1597460400,99
1597461300,104
1597462200,97
1597463100,137
1597464000,143
1597464900,380
1597465800,197
1597466700,106
1597467600,200
1597468500,151
1597469400,158
1597470300,140
1597471200,170
1597472100,227
1597473000,196
1597473900,212
1597474800,203
1597475700,205
1597476600,280
1597477500,212
1597478400,202
1597479300,189
1597480200,246
1597481100,465
1597482000,1184
1597482900,1129
1597483800,1348
1597484700,896
1597485600,1498
1597486500,685
1597487400,194
1597488300,199
1597489200,233
1597490100,244
1597491000,250
1597491900,243
1597492800,223
1597493700,189
1597494600,204
1597495500,188
1597496400,273
1597497300,222
1597498200,519
1597499100,917
1597500000,654
1597500900,699
1597501800,726
1597502700,244
1597503600,195
1597504500,560
1597505400,349
1597506300,446
1597507200,201
1597508100,623
1597509000,428
1597509900,206
1597510800,257
1597511700,219
1597512600,462
1597513500,894
1597514400,1070
1597515300,748
1597516200,709
1597517100,427
1597518000,326
1597518900,364
1597519800,260
1597520700,203
1597521600,232
1597522500,164
1597523400,117
1597524300,99
1597525200,78
1597526100,99
1597527000,117
1597527900,93
1597528800,93
1597529700,73
1597530600,121
1597531500,85
1597532400,86
1597533300,90
1597534200,103
1597535100,111
1597536000,77
1597536900,88
1597537800,77
1597538700,120
1597539600,99
1597540500,89
1597541400,90
1597542300,88
1597543200,114
1597544100,72
1597545000,93
1597545900,89
1597546800,118
1597547700,93
1597548600,77
1597549500,109
1597550400,138
1597551300,490
1597552200,151
1597553100,473
1597554000,291
1597554900,441
1597555800,296
1597556700,664
1597557600,227
1597558500,195
1597559400,216
1597560300,613
1597561200,628
1597562100,695
1597563000,750
1597563900,853
1597564800,478
1597565700,1032
1597566600,390
1597567500,383
1597568400,769
1597569300,1988
1597570200,722
1597571100,377
1597572000,374
1597572900,304
1597573800,202
1597574700,157
1597575600,175
1597576500,188
1597577400,154
1597578300,141
1597579200,148
1597580100,155
1597581000,154
1597581900,145
1597582800,143
1597583700,144
1597584600,157
1597585500,155
1597586400,142
1597587300,149
1597588200,153
1597589100,161
1597590000,185
1597590900,136
1597591800,169
1597592700,168
1597593600,196
1597594500,166
1597595400,177
1597596300,199
1597597200,221
1597598100,214
1597599000,207
1597599900,679
1597600800,816
1597601700,1023
1597602600,511
1597603500,692
1597604400,322
1597605300,353
1597606200,380
1597607100,301
1597608000,246
1597608900,189
1597609800,163
1597610700,125
1597611600,75
1597612500,89
1597613400,77
1597614300,107
1597615200,112
1597616100,72
1597617000,88
1597617900,75
1597618800,111
1597619700,98
1597620600,85
1597621500,86
1597622400,78
1597623300,117
1597624200,81
1597625100,86
1597626000,95
1597626900,86
1597627800,114
1597628700,69
1597629600,87
1597630500,81
1597631400,106
1597632300,110
1597633200,68
1597634100,83
1597635000,75
1597635900,131
1597636800,305
1597637700,269
1597638600,828
1597639500,847
1597640400,1190
1597641300,734
1597642200,708
1597643100,541
1597644000,836
1597644900,641
1597645800,591
1597646700,1003
1597647600,686
1597648500,387
1597649400,252
1597650300,254
1597651200,249
1597652100,244
1597653000,274
1597653900,248
1597654800,230
1597655700,433
1597656600,708
1597657500,686
1597658400,725
1597659300,685
1597660200,494
1597661100,209
1597662000,242
1597662900,232
1597663800,211
1597664700,271
1597665600,636
1597666500,666
1597667400,688
1597668300,434
1597669200,194
1597670100,218
1597671000,191
1597671900,210
1597672800,196
1597673700,198
1597674600,211
1597675500,184
1597676400,189
1597677300,182
1597678200,214
1597679100,197
1597680000,181
1597680900,185
1597681800,187
1597682700,395
1597683600,764
1597684500,441
1597685400,350
1597686300,360
1597687200,731
1597688100,217
1597689000,256
1597689900,229
1597690800,291
1597691700,327
1597692600,246
1597693500,259
1597694400,243
1597695300,233
1597696200,222
1597697100,122
1597698000,90
1597698900,77
1597699800,121
1597700700,112
1597701600,91
1597702500,87
1597703400,78
1597704300,111
1597705200,94
1597706100,102
1597707000,84
1597707900,85
1597708800,107
1597709700,88
1597710600,91
1597711500,89
1597712400,99
1597713300,109
1597714200,95
1597715100,92
1597716000,73
1597716900,101
1597717800,110
1597718700,97
1597719600,88
1597720500,75
1597721400,88
1597722300,143
1597723200,138
1597724100,94
1597725000,234
1597725900,150
1597726800,456
1597727700,515
1597728600,336
1597729500,130
1597730400,422
1597731300,579
1597732200,209
1597733100,198
1597734000,190
1597734900,208
1597735800,203
1597736700,252
1597737600,197
1597738500,267
1597739400,640
1597740300,394
1597741200,369
1597742100,348
1597743000,641
1597743900,789
1597744800,310
1597745700,506
1597746600,338
1597747500,404
1597748400,640
1597749300,1191
1597750200,635
1597751100,225
1597752000,200
1597752900,234
1597753800,227
1597754700,235
1597755600,183
1597756500,194
1597757400,185
1597758300,233
1597759200,202
1597760100,168
1597761000,178
1597761900,197
1597762800,312
1597763700,826
1597764600,545
1597765500,300
1597766400,336
1597767300,737
1597768200,211
1597769100,303
1597770000,270
1597770900,319
1597771800,242
1597772700,224
1597773600,230
1597774500,258
1597775400,469
1597776300,381
1597777200,343
1597778100,308
1597779000,282
1597779900,297
1597780800,299
1597781700,208
1597782600,185
1597783500,173
1597784400,248
1597785300,146
1597786200,96
1597787100,100
1597788000,79
1597788900,133
1597789800,83
1597790700,94
1597791600,97
1597792500,87
1597793400,116
1597794300,85
1597795200,84
1597796100,97
1597797000,96
1597797900,129
1597798800,82
1597799700,106
1597800600,95
1597801500,104
1597802400,142
1597803300,99
1597804200,100
1597805100,97
1597806000,104
1597806900,135
1597807800,88
1597808700,117
1597809600,105
1597810500,155
1597811400,173
1597812300,316
1597813200,344
1597814100,621
1597815000,476
1597815900,227
1597816800,531
1597817700,471
1597818600,215
1597819500,227
1597820400,233
1597821300,222
1597822200,225
1597823100,211
1597824000,232
1597824900,292
1597825800,199
1597826700,225
1597827600,202
1597828500,631
1597829400,175
1597830300,155
1597831200,144
1597832100,122
1597833000,136
1597833900,144
1597834800,112
1597835700,122
1597836600,113
1597837500,149
1597838400,164
1597839300,123
1597840200,121
1597841100,113
1597842000,149
1597842900,151
1597843800,151
1597844700,206
1597845600,180
1597846500,244
1597847400,271
1597848300,377
1597849200,287
1597850100,235
1597851000,281
1597851900,251
1597852800,232
1597853700,264
1597854600,237
1597855500,316
1597856400,304
1597857300,265
1597858200,239
1597859100,238
1597860000,212
1597860900,224
1597861800,509
1597862700,667
1597863600,327
1597864500,438
1597865400,367
1597866300,372
1597867200,349
1597868100,340
1597869000,328
1597869900,212
1597870800,138
1597871700,89
1597872600,107
1597873500,147
1597874400,90
1597875300,97
1597876200,78
1597877100,85
1597878000,113
1597878900,99
1597879800,91
1597880700,82
1597881600,83
1597882500,118
1597883400,83
1597884300,99
1597885200,88
1597886100,83
1597887000,112
1597887900,87
1597888800,94
1597889700,86
1597890600,89
1597891500,130
1597892400,78
1597893300,90
1597894200,79
1597895100,84
1597896000,121
1597896900,112
1597897800,139
1597898700,131
1597899600,265
1597900500,992
1597901400,1199
1597902300,1129
1597903200,906
1597904100,629
1597905000,419
1597905900,742
1597906800,605
1597907700,640
1597908600,658
1597909500,727
1597910400,350
1597911300,224
1597912200,250
1597913100,212
1597914000,233
1597914900,203
1597915800,706
1597916700,671
1597917600,690
1597918500,259
1597919400,277
1597920300,303
1597921200,583
1597922100,490
1597923000,465
1597923900,283
1597924800,756
1597925700,412
1597926600,266
1597927500,258
1597928400,270
1597929300,281
1597930200,257
1597931100,245
1597932000,451
1597932900,663
1597933800,683
1597934700,664
1597935600,537
1597936500,574
1597937400,333
1597938300,109
1597939200,69
1597940100,67
1597941000,71
1597941900,91
1597942800,98
1597943700,68
1597944600,75
1597945500,213
1597946400,572
1597947300,545
1597948200,316
1597949100,384
1597950000,327
1597950900,378
1597951800,214
1597952700,578
1597953600,142
1597954500,306
1597955400,140
1597956300,594
1597957200,162
1597958100,70
1597959000,77
1597959900,116
1597960800,79
1597961700,77
1597962600,59
1597963500,91
1597964400,90
1597965300,92
1597966200,74
1597967100,76
1597968000,86
1597968900,97
1597969800,78
1597970700,81
1597971600,84
1597972500,96
1597973400,90
1597974300,86
1597975200,63
1597976100,94
1597977000,102
1597977900,96
1597978800,148
1597979700,237
1597980600,63
1597981500,78
1597982400,50
1597983300,48
1597984200,33
1597985100,45
1597986000,70
1597986900,56
1597987800,41
1597988700,34
1597989600,44
1597990500,63
1597991400,64
1597992300,53
1597993200,32
1597994100,52
1597995000,53
1597995900,63
1597996800,46
1597997700,48
1597998600,43
1597999500,64
1598000400,52
1598001300,35
1598002200,51
1598003100,57
1598004000,66
1598004900,56
1598005800,29
1598006700,51
1598007600,42
1598008500,85
1598009400,51
1598010300,39
1598011200,45
1598012100,38
1598013000,72
1598013900,51
1598014800,48
1598015700,52
1598016600,41
1598017500,78
1598018400,29
1598019300,53
1598020200,44
1598021100,67
1598022000,66
1598022900,37
1598023800,44
1598024700,35
1598025600,67
1598026500,74
1598027400,41
1598028300,59
1598029200,28
1598030100,76
1598031000,46
1598031900,58
1598032800,44
1598033700,46
1598034600,67
1598035500,48
1598036400,45
1598037300,30
1598038200,51
1598039100,78
1598040000,47
1598040900,51
1598041800,30
1598042700,51
1598043600,64
1598044500,69
1598045400,43
1598046300,42
1598047200,48
1598048100,63
1598049000,53
1598049900,45
1598050800,51
1598051700,55
1598052600,65
1598053500,53
1598054400,29
1598055300,50
1598056200,52
1598057100,83
1598058000,46
1598058900,35
1598059800,45
1598060700,47
1598061600,71
1598062500,49
1598063400,43
1598064300,49
1598065200,40
1598066100,78
1598067000,32
1598067900,57
1598068800,51
1598069700,60
1598070600,69
1598071500,34
1598072400,47
1598073300,39
1598074200,52
1598075100,84
1598076000,40
1598076900,49
1598077800,33
1598078700,62
1598079600,66
1598080500,36
1598081400,56
1598082300,44
1598083200,62
1598084100,63
1598085000,37
1598085900,51
1598086800,28
1598087700,73
1598088600,60
1598089500,47
1598090400,41
1598091300,39
1598092200,66
1598093100,52
1598094000,53
1598094900,51
1598095800,39
1598096700,70
1598097600,47
1598098500,50
1598099400,32
1598100300,57
1598101200,73
1598102100,56
1598103000,45
1598103900,35
1598104800,46
1598105700,66
1598106600,63
1598107500,56
1598108400,30
1598109300,51
1598110200,59
1598111100,60
1598112000,41
1598112900,46
1598113800,47
1598114700,62
1598115600,55
1598116500,40
1598117400,39
1598118300,54
1598119200,71
1598120100,68
1598121000,35
1598121900,44
1598122800,43
1598123700,66
1598124600,60
1598125500,43
1598126400,43
1598127300,48
1598128200,65
1598129100,56
1598130000,34
1598130900,58
1598131800,48
1598132700,69
1598133600,49
1598134500,32
1598135400,46
1598136300,51
1598137200,78
1598138100,54
1598139000,26
1598139900,47
1598140800,41
1598141700,74
1598142600,49
1598143500,45
1598144400,52
1598145300,43
1598146200,72
1598147100,48
1598148000,34
1598148900,48
1598149800,48
1598150700,85
1598151600,44
1598152500,39
1598153400,46
1598154300,39
1598155200,74
1598156100,51
1598157000,49
1598157900,50
1598158800,37
1598159700,78
1598160600,39
1598161500,40
1598162400,48
1598163300,42
1598164200,82
1598165100,35
1598166000,46
1598166900,41
1598167800,36
1598168700,77
1598169600,46
1598170500,56
1598171400,40
1598172300,40
1598173200,74
1598174100,41
1598175000,48
1598175900,44
1598176800,52
1598177700,77
1598178600,44
1598179500,48
1598180400,34
1598181300,46
1598182200,80
1598183100,56
1598184000,48
1598184900,32
1598185800,45
1598186700,73
1598187600,43
1598188500,55
1598189400,37
1598190300,44
1598191200,71
1598192100,46
1598193000,47
1598193900,31
1598194800,58
1598195700,76
1598196600,49
1598197500,46
1598198400,32
1598199300,46
1598200200,63
1598201100,61
1598202000,54
1598202900,31
1598203800,48
1598204700,57
1598205600,57
1598206500,45
1598207400,47
1598208300,51
1598209200,56
1598210100,62
1598211000,36
1598211900,41
1598212800,49
1598213700,63
1598214600,72
1598215500,30
1598216400,45
1598217300,44
1598218200,57
1598219100,69
1598220000,43
1598220900,47
1598221800,43
1598222700,54
1598223600,66
1598224500,31
1598225400,52
1598226300,48
1598227200,64
1598228100,64
1598229000,34
1598229900,46
1598230800,36
1598231700,61
1598232600,75
1598233500,40
1598234400,49
1598235300,30
1598236200,63
1598237100,60
1598238000,40
1598238900,53
1598239800,38
1598240700,54
1598241600,63
1598242500,40
1598243400,45
1598244300,34
1598245200,62
1598246100,66
1598247000,53
1598247900,35
1598248800,43
1598249700,49
1598250600,65
1598251500,48
1598252400,44
1598253300,52
1598254200,46
1598255100,65
1598256000,53
1598256900,29
1598257800,50
1598258700,46
1598259600,80
1598260500,46
1598261400,36
1598262300,44
1598263200,33
1598264100,80
1598265000,55
1598265900,37
1598266800,50
1598267700,28
1598268600,79
1598269500,41
1598270400,56
1598271300,47
1598272200,42
1598273100,71
1598274000,44
1598274900,46
1598275800,37
1598276700,52
1598277600,78
1598278500,48
1598279400,49
1598280300,30
1598281200,51
1598282100,56
1598283000,75
1598283900,42
1598284800,44
1598285700,43
1598286600,60
1598287500,60
1598288400,41
1598289300,55
1598290200,38
1598291100,56
1598292000,65
1598292900,32
1598293800,49
1598294700,36
1598295600,80
1598296500,54
1598297400,44
1598298300,44
1598299200,36
1598300100,65
1598301000,62
1598301900,57
1598302800,38
1598303700,42
1598304600,60
1598305500,60
1598306400,43
1598307300,49
1598308200,54
1598309100,47
1598310000,74
1598310900,29
1598311800,50
1598312700,30
1598313600,72
1598314500,69
1598315400,37
1598316300,40
1598317200,37
1598318100,55
1598319000,61
1598319900,53
1598320800,49
1598321700,40
1598322600,56
1598323500,59
1598324400,51
1598325300,29
1598326200,56
1598327100,51
1598328000,77
1598328900,44
1598329800,36
1598330700,43
1598331600,38
1598332500,78
1598333400,56
1598334300,41
1598335200,49
1598336100,31
1598337000,78
1598337900,39
1598338800,45
1598339700,52
1598340600,39
1598341500,70
1598342400,42
1598343300,45
1598344200,39
1598345100,40
1598346000,82
1598346900,51
1598347800,50
1598348700,28
1598349600,49
1598350500,60
1598351400,61
1598352300,50
1598353200,43
1598354100,44
1598355000,59
1598355900,56
1598356800,39
1598357700,46
1598358600,56
1598359500,57
1598360400,66
1598361300,27
1598362200,51
1598363100,32
1598364000,79
1598364900,65
1598365800,34
1598366700,43
1598367600,34
1598368500,69
1598369400,57
1598370300,55
1598371200,47
1598372100,37
1598373000,80
1598373900,45
1598374800,51
1598375700,38
1598376600,57
1598377500,57
1598378400,61
1598379300,44
1598380200,35
1598381100,45
1598382000,61
1598382900,72
1598383800,40
1598384700,40
1598385600,47
1598386500,47
1598387400,76
1598388300,40
1598389200,54
1598390100,35
1598391000,54
1598391900,62
1598392800,35
1598393700,52
1598394600,44
1598395500,60
1598396400,65
1598397300,38
1598398200,49
1598399100,30
1598400000,71
1598400900,65
1598401800,50
1598402700,34
1598403600,44
1598404500,56
1598405400,59
1598406300,54
1598407200,46
1598408100,45
1598409000,55
1598409900,62
1598410800,46
1598411700,31
1598412600,60
1598413500,52
1598414400,75
1598415300,34
1598416200,39
1598417100,38
1598418000,50
1598418900,77
1598419800,44
1598420700,47
1598421600,37
1598422500,53
1598423400,69
1598424300,31
1598425200,58
1598426100,39
1598427000,62
1598427900,60
1598428800,44
1598429700,40
1598430600,36
1598431500,64
1598432400,68
1598433300,45
1598434200,39
1598435100,37
1598436000,63
1598436900,55
1598437800,59
1598438700,36
1598439600,48
1598440500,50
1598441400,59
1598442300,41
1598443200,38
1598444100,52
1598445000,52
1598445900,70
1598446800,39
1598447700,37
1598448600,49
1598449500,47
1598450400,86
1598451300,32
1598452200,50
1598453100,37
1598454000,58
1598454900,67
1598455800,41
1598456700,56
1598457600,40
1598458500,56
1598459400,70
1598460300,35
1598461200,51
1598462100,37
1598463000,74
1598463900,55
1598464800,48
1598465700,38
1598466600,34
1598467500,56
1598468400,69
1598469300,53
1598470200,34
1598471100,43
1598472000,57
1598472900,59
1598473800,53
1598474700,39
1598475600,57
1598476500,45
1598477400,72
1598478300,38
1598479200,41
1598480100,46
1598481000,60
1598481900,77
1598482800,36
1598483700,43
1598484600,45
1598485500,48
1598486400,75
1598487300,39
1598488200,61
1598489100,30
1598490000,61
1598490900,65
1598491800,33
1598492700,42
1598493600,41
1598494500,67
1598495400,72
1598496300,36
1598497200,50
1598498100,28
1598499000,60
1598499900,62
1598500800,58
1598501700,45
1598502600,37
1598503500,54
1598504400,61
1598505300,44
1598506200,41
1598507100,45
1598508000,67
1598508900,58
1598509800,51
1598510700,28
1598511600,50
1598512500,44
1598513400,73
1598514300,57
1598515200,36
1598516100,46
1598517000,38
1598517900,64
1598518800,51
1598519700,33
1598520600,59
1598521500,36
1598522400,81
1598523300,43
1598524200,42
1598525100,43
1598526000,40
1598526900,83
1598527800,47
1598528700,44
1598529600,43
1598530500,38
1598531400,78
1598532300,37
1598533200,61
1598534100,35
1598535000,54
1598535900,65
1598536800,48
1598537700,44
1598538600,39
1598539500,59
1598540400,69
1598541300,48
1598542200,37
1598543100,34
1598544000,53
1598544900,63
1598545800,63
1598546700,34
1598547600,50
1598548500,41
1598549400,72
1598550300,47
1598551200,40
1598552100,56
1598553000,43
1598553900,73
1598554800,45
1598555700,37
1598556600,50
1598557500,41
1598558400,87
1598559300,36
1598560200,47
1598561100,40
1598562000,43
1598562900,76
1598563800,50
1598564700,52
1598565600,40
1598566500,43
1598567400,73
1598568300,34
1598569200,49
1598570100,42
1598571000,62
1598571900,66
1598572800,49
1598573700,45
1598574600,36
1598575500,47
1598576400,76
1598577300,59
1598578200,45
1598579100,34
1598580000,54
1598580900,58
1598581800,57
1598582700,39
1598583600,56
1598584500,42
1598585400,68
1598586300,53
1598587200,35
1598588100,46
1598589000,41
1598589900,81
1598590800,57
1598591700,34
1598592600,45
1598593500,25
1598594400,76
1598595300,44
1598596200,57
1598597100,45
1598598000,41
1598598900,70
1598599800,46
1598600700,44
1598601600,38
1598602500,52
1598603400,75
1598604300,48
1598605200,49
1598606100,28
1598607000,50
1598607900,61
1598608800,69
1598609700,48
1598610600,38
1598611500,44
1598612400,60
1598613300,57
1598614200,48
1598615100,48
1598616000,55
1598616900,56
1598617800,60
1598618700,26
1598619600,47
1598620500,41
1598621400,79
1598622300,57
1598623200,40
1598624100,46
1598625000,42
1598625900,70
1598626800,56
1598627700,51
1598628600,44
1598629500,36
1598630400,75
1598631300,41
1598632200,54
1598633100,42
1598634000,56
1598634900,59
1598635800,60
1598636700,40
1598637600,42
1598638500,48
1598639400,71
1598640300,60
1598641200,33
1598642100,47
1598643000,34
1598643900,64
1598644800,62
1598645700,45
1598646600,49
1598647500,31
1598648400,74
1598649300,49
1598650200,42
1598651100,51
1598652000,47
1598652900,69
1598653800,47
1598654700,48
1598655600,37
1598656500,42
1598657400,75
1598658300,60
1598659200,49
1598660100,31
1598661000,49
1598661900,55
1598662800,63
1598663700,48
1598664600,48
1598665500,45
1598666400,52
1598667300,65
1598668200,36
1598669100,37
1598670000,51
1598670900,59
1598671800,69
1598672700,34
1598673600,44
1598674500,43
1598675400,51
1598676300,73
1598677200,43
1598678100,51
1598679000,41
1598679900,53
1598680800,70
1598681700,31
1598682600,51
1598683500,40
1598684400,65
1598685300,68
1598686200,35
1598687100,48
1598688000,31
1598688900,55
1598689800,77
1598690700,50
1598691600,46
1598692500,32
1598693400,51
1598694300,58
1598695200,47
1598696100,48
1598697000,48
1598697900,55
1598698800,61
1598699700,49
1598700600,35
1598701500,45
1598702400,56
1598703300,77
1598704200,50
1598705100,33
1598706000,48
1598706900,41
1598707800,75
1598708700,57
1598709600,44
1598710500,50
1598711400,33
1598712300,77
1598713200,43
1598714100,42
1598715000,58
1598715900,41
1598716800,77
1598717700,41
1598718600,43
1598719500,39
1598720400,32
1598721300,87
1598722200,50
1598723100,49
1598724000,37
1598724900,41
1598725800,71
1598726700,44
1598727600,55
1598728500,48
1598729400,43
1598730300,67
1598731200,49
1598732100,48
1598733000,31
1598733900,56
1598734800,69
1598735700,61
1598736600,46
1598737500,33
1598738400,45
1598739300,54
1598740200,63
1598741100,57
1598742000,39
1598742900,48
1598743800,43
1598744700,66
1598745600,37
1598746500,40
1598747400,52
1598748300,56
1598749200,72
1598750100,40
1598751000,39
1598751900,49
1598752800,38
1598753700,80
1598754600,42
1598755500,55
1598756400,42
1598757300,40
1598758200,74
1598759100,39
1598760000,44
1598760900,44
1598761800,46
1598762700,86
1598763600,40
1598764500,46
1598765400,34
1598766300,45
1598767200,65
1598768100,52
1598769000,53
1598769900,34
1598770800,41
1598771700,65
1598772600,53
1598773500,47
1598774400,29
1598775300,59
1598776200,56
1598777100,71
1598778000,40
1598778900,39
1598779800,44
1598780700,47
1598781600,79
1598782500,47
1598783400,44
1598784300,47
1598785200,41
1598786100,80
1598787000,31
1598787900,57
1598788800,47
1598789700,51
1598790600,74
1598791500,39
1598792400,42
1598793300,38
1598794200,50
1598795100,80
1598796000,38
1598796900,53
1598797800,29
1598798700,50
1598799600,62
1598800500,59
1598801400,48
1598802300,45
1598803200,45
1598804100,60
1598805000,56
1598805900,38
1598806800,40
1598807700,57
1598808600,62
1598809500,65
1598810400,29
1598811300,50
1598812200,34
1598813100,63
1598814000,71
1598814900,46
1598815800,46
1598816700,35
1598817600,61
1598818500,64
1598819400,41
1598820300,42
1598821200,45
1598822100,63
1598823000,57
1598823900,50
1598824800,32
1598825700,44
1598826600,49
1598827500,74
1598828400,60
1598829300,36
1598830200,44
1598831100,44
1598832000,63
1598832900,58
1598833800,30
1598834700,60
1598835600,46
1598836500,66
1598837400,58
1598838300,35
1598839200,43
1598840100,41
1598841000,58
1598841900,79
1598842800,36
1598843700,49
1598844600,32
1598845500,54
1598846400,62
1598847300,37
1598848200,43
1598849100,44
1598850000,63
1598850900,67
1598851800,36
1598852700,48
1598853600,28
1598854500,52
1598855400,61
1598856300,59
1598857200,50
1598858100,36
1598859000,42
1598859900,61
1598860800,51
1598861700,46
1598862600,35
1598863500,58
1598864400,54
1598865300,65
1598866200,36
1598867100,40
1598868000,47
1598868900,50
1598869800,75
1598870700,40
1598871600,36
1598872500,47
1598873400,43
1598874300,75
1598875200,29
1598876100,55
1598877000,46
1598877900,50
1598878800,71
1598879700,36
1598880600,45
1598881500,36
1598882400,46
1598883300,86
1598884200,47
1598885100,48
1598886000,29
1598886900,50
1598887800,61
1598888700,55
1598889600,53
1598890500,44
1598891400,44
1598892300,58
1598893200,60
1598894100,41
1598895000,37
1598895900,49
1598896800,57
1598897700,71
1598898600,28
1598899500,50
1598900400,36
1598901300,59
1598902200,66
1598903100,46
1598904000,52
1598904900,34
1598905800,54
1598906700,72
1598907600,34
1598908500,51
1598909400,35
1598910300,64
1598911200,68
1598912100,47
1598913000,42
1598913900,39
1598914800,43
1598915700,64
1598916600,60
1598917500,56
1598918400,32
1598919300,50
1598920200,53
1598921100,57
1598922000,34
1598922900,42
1598923800,54
1598924700,61
1598925600,66
1598926500,36
1598927400,43
1598928300,43
1598929200,46
1598930100,74
1598931000,39
1598931900,56
1598932800,35
1598933700,50
1598934600,71
1598935500,35
1598936400,44
1598937300,35
1598938200,54
1598939100,82
1598940000,42
1598940900,47
1598941800,28
1598942700,48
1598943600,58
1598944500,62
1598945400,50
1598946300,38
1598947200,41
1598948100,51
1598949000,63
1598949900,40
1598950800,36
1598951700,57
1598952600,53
1598953500,73
1598954400,29
1598955300,47
1598956200,41
1598957100,47
1598958000,79
1598958900,44
1598959800,46
1598960700,37
1598961600,44
1598962500,74
1598963400,35
1598964300,65
1598965200,37
1598966100,53
1598967000,64
1598967900,53
1598968800,42
1598969700,37
1598970600,49
1598971500,66
1598972400,56
1598973300,41
1598974200,36
1598975100,50
1598976000,52
1598976900,66
1598977800,40
1598978700,54
1598979600,40
1598980500,57
1598981400,62
1598982300,35
1598983200,43
1598984100,49
1598985000,62
1598985900,70
1598986800,31
1598987700,50
1598988600,31
1598989500,57
1598990400,74
1598991300,48
1598992200,45
1598993100,35
1598994000,52
1598994900,71
1598995800,35
1598996700,49
1598997600,36
1598998500,58
1598999400,62
1599000300,50
1599001200,39
1599002100,37
1599003000,48
1599003900,73
1599004800,60
1599005700,42
1599006600,35
1599007500,51
1599008400,58
1599009300,58
1599010200,35
1599011100,57
1599012000,46
1599012900,63
1599013800,58
1599014700,33
1599015600,44
1599016500,38
1599017400,70
1599018300,71
1599019200,34
1599020100,51
1599021000,28
1599021900,62
1599022800,51
1599023700,43
1599024600,53
1599025500,42
1599026400,57
1599027300,56
1599028200,43
1599029100,42
1599030000,35
1599030900,68
1599031800,64
1599032700,51
1599033600,29
1599034500,47
1599035400,46
1599036300,66
1599037200,45
1599038100,43
1599039000,50
1599039900,45
1599040800,65
1599041700,52
1599042600,28
1599043500,49
1599044400,45
1599045300,85
1599046200,42
1599047100,35
1599048000,41
1599048900,26
1599049800,70
1599050700,56
1599051600,72
1599052500,56
1599053400,43
1599054300,89
1599055200,55
1599056100,60
1599057000,56
1599057900,57
1599058800,84
1599059700,60
1599060600,56
1599061500,43
1599062400,47
1599063300,81
1599064200,62
1599065100,61
1599066000,38
1599066900,52
1599067800,66
1599068700,60
1599069600,60
1599070500,49
1599071400,59
1599072300,59
1599073200,66
1599074100,31
1599075000,37
1599075900,40
1599076800,60
1599077700,95
1599078600,47
1599079500,57
1599080400,45
1599081300,68
1599082200,78
1599083100,53
1599084000,67
1599084900,44
1599085800,69
1599086700,69
1599087600,57
1599088500,42
1599089400,57
1599090300,70
1599091200,72
1599092100,56
1599093000,36
1599093900,60
1599094800,46
1599095700,79
1599096600,67
1599097500,44
1599098400,59
1599099300,37
1599100200,67
1599101100,42
1599102000,30
1599102900,49
1599103800,72
1599104700,94
1599105600,52
1599106500,50
1599107400,58
1599108300,38
1599109200,85
1599110100,61
1599111000,66
1599111900,46
1599112800,47
1599113700,86
1599114600,41
1599115500,59
1599116400,42
1599117300,62
1599118200,78
1599119100,51
1599120000,59
1599120900,35
1599121800,54
1599122700,61
1599123600,75
1599124500,59
1599125400,40
1599126300,41
1599127200,45
1599128100,65
1599129000,26
1599129900,56
1599130800,38
1599131700,67
1599132600,57
1599133500,42
1599134400,43
1599135300,35
1599136200,57
1599137100,69
1599138000,53
1599138900,37
1599139800,41
1599140700,54
1599141600,64
1599142500,49
1599143400,36
1599144300,62
1599145200,37
1599146100,80
1599147000,32
1599147900,45
1599148800,41
1599149700,45
1599150600,85
1599151500,42
1599152400,43
1599153300,35
1599154200,37
1599155100,78
1599156000,36
1599156900,57
1599157800,38
1599158700,50
1599159600,63
1599160500,52
1599161400,41
1599162300,35
1599163200,47
1599164100,72
1599165000,60
1599165900,45
1599166800,33
1599167700,51
1599168600,52
1599169500,64
1599170400,42
1599171300,53
1599172200,47
1599173100,52
1599174000,67
1599174900,34
1599175800,44
1599176700,41
1599177600,60
1599178500,77
1599179400,26
1599180300,48
1599181200,33
1599182100,58
1599183000,67
1599183900,38
1599184800,53
1599185700,44
1599186600,51
1599187500,68
1599188400,41
1599189300,47
1599190200,33
1599191100,53
1599192000,67
1599192900,65
1599193800,31
1599194700,47
1599195600,38
1599196500,66
1599197400,54
1599198300,34
1599199200,53
1599200100,42
1599201000,64
1599201900,58
1599202800,35
1599203700,43
1599204600,25
1599205500,65
1599206400,61
1599207300,57
1599208200,37
1599209100,40
1599210000,56
1599210900,58
1599211800,44
1599212700,37
1599213600,49
1599214500,63
1599215400,64
1599216300,51
1599217200,28
1599218100,49
1599219000,33
1599219900,79
1599220800,48
1599221700,53
1599222600,43
1599223500,35
1599224400,72
1599225300,44
1599226200,42
1599227100,43
1599228000,39
1599228900,88
1599229800,42
1599230700,49
1599231600,33
1599232500,46
1599233400,61
1599234300,53
1599235200,47
1599236100,94
1599237000,363
1599237900,893
1599238800,410
1599239700,573
1599240600,521
1599241500,931
1599242400,496
1599243300,479
1599244200,466
1599245100,567
1599246000,759
1599246900,504
1599247800,514
1599248700,689
1599249600,802
1599250500,325
1599251400,328
1599252300,375
1599253200,277
1599254100,275
1599255000,298
1599255900,311
1599256800,313
1599257700,250
1599258600,252
1599259500,110
1599260400,113
1599261300,114
1599262200,116
1599263100,105
1599264000,90
1599264900,117
1599265800,107
1599266700,132
1599267600,128
1599268500,90
1599269400,96
1599270300,95
1599271200,121
1599272100,77
1599273000,99
1599273900,80
1599274800,102
1599275700,127
1599276600,101
1599277500,94
1599278400,90
1599279300,93
1599280200,119
1599281100,134
1599282000,135
1599282900,120
1599283800,129
1599284700,119
1599285600,355
1599286500,313
1599287400,891
1599288300,766
1599289200,780
1599290100,794
1599291000,690
1599291900,284
1599292800,266
1599293700,252
1599294600,308
1599295500,238
1599296400,240
1599297300,381
1599298200,375
1599299100,618
1599300000,701
1599300900,342
1599301800,574
1599302700,677
1599303600,448
1599304500,981
1599305400,925
1599306300,849
1599307200,562
1599308100,378
1599309000,372
1599309900,367
1599310800,331
1599311700,400
1599312600,919
1599313500,864
1599314400,835
1599315300,459
1599316200,348
1599317100,328
1599318000,407
1599318900,337
1599319800,309
1599320700,395
1599321600,716
1599322500,1074
1599323400,873
1599324300,880
1599325200,716
1599326100,447
1599327000,425
1599327900,557
1599328800,485
1599329700,840
1599330600,997
1599331500,1103
1599332400,509
1599333300,454
1599334200,406
1599335100,411
1599336000,624
1599336900,708
1599337800,337
1599338700,173
1599339600,153
1599340500,140
1599341400,175
1599342300,132
1599343200,98
1599344100,113
1599345000,105
1599345900,123
1599346800,134
1599347700,96
1599348600,115
1599349500,95
1599350400,106
1599351300,130
1599352200,108
1599353100,121
1599354000,95
1599354900,100
1599355800,106
1599356700,110
1599357600,88
1599358500,97
1599359400,105
1599360300,107
1599361200,116
1599362100,111
1599363000,104
1599363900,96
1599364800,97
1599365700,163
1599366600,359
1599367500,191
1599368400,107
1599369300,100
1599370200,297
1599371100,146
1599372000,224
1599372900,158
1599373800,125
1599374700,157
1599375600,270
1599376500,592
1599377400,658
1599378300,707
1599379200,703
1599380100,618
1599381000,1243
1599381900,1214
1599382800,1213
1599383700,1489
1599384600,1466
1599385500,869
1599386400,767
1599387300,546
1599388200,258
1599389100,288
1599390000,264
1599390900,233
1599391800,642
1599392700,1154
1599393600,856
1599394500,824
1599395400,703
1599396300,369
1599397200,321
1599398100,747
1599399000,769
1599399900,778
1599400800,750
1599401700,744
1599402600,811
1599403500,630
1599404400,358
1599405300,247
1599406200,254
1599407100,255
1599408000,270
1599408900,257
1599409800,792
1599410700,1198
1599411600,872
1599412500,796
1599413400,815
1599414300,1132
1599415200,628
1599416100,634
1599417000,401
1599417900,954
1599418800,395
1599419700,351
1599420600,440
1599421500,406
1599422400,358
1599423300,281
1599424200,306
1599425100,297
1599426000,286
1599426900,189
1599427800,180
1599428700,142
1599429600,123
1599430500,125
1599431400,150
1599432300,151
1599433200,130
1599434100,125
1599435000,124
1599435900,134
1599436800,149
1599437700,121
1599438600,120
1599439500,126
1599440400,135
1599441300,175
1599442200,126
1599443100,99
1599444000,113
1599444900,104
1599445800,138
1599446700,130
1599447600,117
1599448500,127
1599449400,107
1599450300,131
1599451200,151
1599452100,372
1599453000,239
1599453900,233
1599454800,302
1599455700,268
1599456600,208
1599457500,181
1599458400,202
1599459300,200
1599460200,270
1599461100,255
1599462000,192
1599462900,168
1599463800,158
1599464700,187
1599465600,183
1599466500,176
1599467400,205
1599468300,154
1599469200,304
1599470100,728
1599471000,241
1599471900,174
1599472800,184
1599473700,209
1599474600,222
1599475500,191
1599476400,187
1599477300,210
1599478200,196
1599479100,211
1599480000,199
1599480900,184
1599481800,173
1599482700,186
1599483600,196
1599484500,200
1599485400,196
1599486300,185
1599487200,222
1599488100,184
1599489000,215
1599489900,182
1599490800,184
1599491700,189
1599492600,185
1599493500,220
1599494400,179
1599495300,175
1599496200,209
1599497100,193
1599498000,235
1599498900,216
1599499800,210
1599500700,261
1599501600,298
1599502500,318
1599503400,306
1599504300,288
1599505200,297
1599506100,301
1599507000,313
1599507900,316
1599508800,303
1599509700,244
1599510600,277
1599511500,298
1599512400,286
1599513300,258
1599514200,203
1599515100,107
1599516000,105
1599516900,135
1599517800,107
1599518700,79
1599519600,92
1599520500,92
1599521400,113
1599522300,140
1599523200,95
1599524100,102
1599525000,85
1599525900,107
1599526800,158
1599527700,140
1599528600,104
1599529500,104
1599530400,98
1599531300,128
1599532200,87
1599533100,109
1599534000,103
1599534900,155
1599535800,133
1599536700,144
1599537600,264
1599538500,103
1599539400,122
1599540300,160
1599541200,141
1599542100,135
1599543000,115
1599543900,136
1599544800,217
1599545700,572
1599546600,315
1599547500,212
1599548400,741
1599549300,358
1599550200,413
1599551100,378
1599552000,789
1599552900,335
1599553800,242
1599554700,280
1599555600,258
1599556500,246
1599557400,542
1599558300,354
1599559200,281
1599560100,280
1599561000,270
1599561900,305
1599562800,237
1599563700,204
1599564600,272
1599565500,254
1599566400,225
1599567300,259
1599568200,240
1599569100,281
1599570000,255
1599570900,265
1599571800,280
1599572700,297
1599573600,368
1599574500,363
1599575400,682
1599576300,513
1599577200,559
1599578100,391
1599579000,859
1599579900,372
1599580800,301
1599581700,324
1599582600,319
1599583500,339
1599584400,357
1599585300,303
1599586200,320
1599587100,318
1599588000,384
1599588900,358
1599589800,314
1599590700,303
1599591600,297
1599592500,333
1599593400,280
1599594300,292
1599595200,288
1599596100,248
1599597000,243
1599597900,192
1599598800,127
1599599700,104
1599600600,131
1599601500,138
1599602400,97
1599603300,103
1599604200,88
1599605100,114
1599606000,115
1599606900,119
1599607800,107
1599608700,90
1599609600,132
1599610500,98
1599611400,128
1599612300,87
1599613200,97
1599614100,110
1599615000,169
1599615900,137
1599616800,92
1599617700,105
1599618600,88
1599619500,95
1599620400,124
1599621300,101
1599622200,117
1599623100,106
1599624000,168
1599624900,239
1599625800,127
1599626700,131
1599627600,106
1599628500,184
1599629400,756
1599630300,612
1599631200,627
1599632100,690
1599633000,693
1599633900,679
1599634800,492
1599635700,221
1599636600,232
1599637500,243
1599638400,218
1599639300,272
1599640200,239
1599641100,204
1599642000,216
1599642900,210
1599643800,257
1599644700,246
1599645600,791
1599646500,327
1599647400,223
1599648300,241
1599649200,271
1599650100,236
1599651000,219
1599651900,206
1599652800,221
1599653700,417
1599654600,587
1599655500,452
1599656400,207
1599657300,444
1599658200,670
1599659100,195
1599660000,215
1599660900,135
1599661800,140
1599662700,158
1599663600,169
1599664500,126
1599665400,125
1599666300,131
1599667200,149
1599668100,148
1599669000,141
1599669900,125
1599670800,138
1599671700,145
1599672600,296
1599673500,296
1599674400,325
1599675300,336
1599676200,343
1599677100,350
1599678000,321
1599678900,330
1599679800,305
1599680700,311
1599681600,348
1599682500,299
1599683400,291
1599684300,216
1599685200,164
1599686100,125
1599687000,85
1599687900,109
1599688800,95
1599689700,109
1599690600,164
1599691500,98
1599692400,107
1599693300,86
1599694200,111
1599695100,125
1599696000,125
1599696900,96
1599697800,98
1599698700,102
1599699600,114
1599700500,118
1599701400,108
1599702300,130
1599703200,114
1599704100,102
1599705000,128
1599705900,88
1599706800,103
1599707700,95
1599708600,107
1599709500,133
1599710400,254
1599711300,109
1599712200,130
1599713100,123
1599714000,133
1599714900,92
1599715800,130
1599716700,111
1599717600,127
1599718500,583
1599719400,351
1599720300,170
1599721200,185
1599722100,208
1599723000,239
1599723900,236
1599724800,221
1599725700,186
1599726600,180
1599727500,210
1599728400,193
1599729300,192
1599730200,229
1599731100,453
1599732000,784
1599732900,889
1599733800,277
1599734700,207
1599735600,222
1599736500,221
1599737400,227
1599738300,225
1599739200,628
1599740100,401
1599741000,391
1599741900,333
1599742800,731
1599743700,605
1599744600,643
1599745500,674
1599746400,715
1599747300,483
1599748200,211
1599749100,469
1599750000,193
1599750900,202
1599751800,231
1599752700,200
1599753600,211
1599754500,202
1599755400,210
1599756300,313
1599757200,250
1599758100,255
1599759000,271
1599759900,293
1599760800,305
1599761700,375
1599762600,377
1599763500,352
1599764400,304
1599765300,292
1599766200,359
1599767100,321
1599768000,281
1599768900,253
1599769800,216
1599770700,192
1599771600,196
1599772500,100
1599773400,108
1599774300,87
1599775200,106
1599776100,139
1599777000,89
1599777900,108
1599778800,145
1599779700,101
1599780600,144
1599781500,105
1599782400,126
1599783300,95
1599784200,106
1599785100,129
1599786000,111
1599786900,117
1599787800,100
1599788700,108
1599789600,99
1599790500,116
1599791400,130
1599792300,87
1599793200,99
1599794100,112
1599795000,122
1599795900,119
1599796800,87
1599797700,185
1599798600,206
1599799500,176
1599800400,180
1599801300,150
1599802200,159
1599803100,181
1599804000,348
1599804900,871
1599805800,835
1599806700,747
1599807600,824
1599808500,816
1599809400,476
1599810300,192
1599811200,209
1599812100,168
1599813000,251
1599813900,180
1599814800,174
1599815700,153
1599816600,175
1599817500,193
1599818400,208
1599819300,452
1599820200,443
1599821100,763
1599822000,459
1599822900,255
1599823800,430
1599824700,703
1599825600,228
1599826500,231
1599827400,226
1599828300,228
1599829200,288
1599830100,198
1599831000,200
1599831900,203
1599832800,200
1599833700,224
1599834600,196
1599835500,204
1599836400,239
1599837300,256
1599838200,291
1599839100,275
1599840000,254
1599840900,287
1599841800,265
1599842700,297
1599843600,319
1599844500,318
1599845400,474
1599846300,297
1599847200,360
1599848100,350
1599849000,344
1599849900,311
1599850800,315
1599851700,355
1599852600,374
1599853500,393
1599854400,285
1599855300,277
1599856200,274
1599857100,278
1599858000,264
1599858900,236
1599859800,231
1599860700,217
1599861600,164
1599862500,135
1599863400,131
1599864300,110
1599865200,107
1599866100,99
1599867000,109
1599867900,145
1599868800,118
1599869700,105
1599870600,106
1599871500,103
1599872400,127
1599873300,126
1599874200,118
1599875100,111
1599876000,110
1599876900,112
1599877800,131
1599878700,97
1599879600,89
1599880500,91
1599881400,115
1599882300,122
1599883200,126
1599884100,90
1599885000,167
1599885900,177
1599886800,301
1599887700,167
1599888600,147
1599889500,240
1599890400,272
1599891300,600
1599892200,1112
1599893100,1202
1599894000,570
1599894900,314
1599895800,460
1599896700,297
1599897600,297
1599898500,346
1599899400,299
1599900300,281
1599901200,288
1599902100,293
1599903000,841
1599903900,486
1599904800,584
1599905700,503
1599906600,323
1599907500,737
1599908400,438
1599909300,271
1599910200,275
1599911100,294
1599912000,339
1599912900,270
1599913800,292
1599914700,268
1599915600,296
1599916500,309
1599917400,283
1599918300,277
1599919200,280
1599920100,290
1599921000,298
1599921900,310
1599922800,323
1599923700,274
1599924600,311
1599925500,403
1599926400,752
1599927300,718
1599928200,375
1599929100,524
1599930000,1482
1599930900,962
1599931800,826
1599932700,822
1599933600,928
1599934500,932
1599935400,697
1599936300,500
1599937200,441
1599938100,441
1599939000,447
1599939900,420
1599940800,426
1599941700,368
1599942600,364
1599943500,364
1599944400,319
1599945300,371
1599946200,356
1599947100,173
1599948000,115
1599948900,95
1599949800,117
1599950700,118
1599951600,122
1599952500,133
1599953400,102
1599954300,114
1599955200,134
1599956100,132
1599957000,113
1599957900,109
1599958800,112
1599959700,112
1599960600,145
1599961500,102
1599962400,111
1599963300,156
1599964200,158
1599965100,145
1599966000,121
1599966900,112
1599967800,121
1599968700,120
1599969600,147
1599970500,442
1599971400,567
1599972300,242
1599973200,714
1599974100,464
1599975000,319
1599975900,516
1599976800,634
1599977700,288
1599978600,308
1599979500,337
1599980400,811
1599981300,639
1599982200,781
1599983100,646
1599984000,701
1599984900,755
1599985800,732
1599986700,639
1599987600,565
1599988500,925
1599989400,1459
1599990300,688
1599991200,773
1599992100,644
1599993000,533
1599993900,261
1599994800,610
1599995700,500
1599996600,398
1599997500,256
1599998400,257
1599999300,285
1600000200,282
1600001100,250
1600002000,254
1600002900,249
1600003800,282
1600004700,323
1600005600,305
1600006500,318
1600007400,289
1600008300,288
1600009200,298
1600010100,273
1600011000,270
1600011900,272
1600012800,285
1600013700,310
1600014600,537
1600015500,554
1600016400,520
1600017300,376
1600018200,831
1600019100,630
1600020000,392
1600020900,456
1600021800,460
1600022700,403
1600023600,488
1600024500,477
1600025400,463
1600026300,445
1600027200,380
1600028100,370
1600029000,415
1600029900,361
1600030800,338
1600031700,338
1600032600,274
1600033500,235
1600034400,231
1600035300,101
1600036200,112
1600037100,134
1600038000,136
1600038900,141
1600039800,97
1600040700,113
1600041600,113
1600042500,111
1600043400,149
1600044300,121
1600045200,118
1600046100,114
1600047000,108
1600047900,119
1600048800,128
1600049700,109
1600050600,123
1600051500,115
1600052400,105
1600053300,140
1600054200,189
1600055100,192
1600056000,137
1600056900,262
1600057800,221
1600058700,255
1600059600,188
1600060500,205
1600061400,423
1600062300,721
1600063200,705
1600064100,374
1600065000,265
1600065900,297
1600066800,301
1600067700,298
1600068600,293
1600069500,251
1600070400,212
1600071300,225
1600072200,230
1600073100,263
1600074000,238
1600074900,238
1600075800,251
1600076700,251
1600077600,561
1600078500,626
1600079400,344
1600080300,345
1600081200,380
1600082100,758
1600083000,1246
1600083900,897
1600084800,779
1600085700,437
1600086600,846
1600087500,672
1600088400,602
1600089300,377
1600090200,842
1600091100,471
1600092000,327
1600092900,365
1600093800,584
1600094700,1154
1600095600,910
1600096500,735
1600097400,704
1600098300,365
1600099200,730
1600100100,816
1600101000,720
1600101900,344
1600102800,341
1600103700,568
1600104600,829
1600105500,803
1600106400,864
1600107300,843
1600108200,1157
1600109100,771
1600110000,530
1600110900,380
1600111800,381
1600112700,417
1600113600,407
1600114500,407
1600115400,356
1600116300,349
1600117200,329
1600118100,299
1600119000,281
1600119900,218
1600120800,175
1600121700,120
1600122600,141
1600123500,141
1600124400,100
1600125300,130
1600126200,99
1600127100,134
1600128000,134
1600128900,103
1600129800,132
1600130700,99
1600131600,141
1600132500,138
1600133400,108
1600134300,123
1600135200,88
1600136100,122
1600137000,105
1600137900,125
1600138800,103
1600139700,113
1600140600,119
1600141500,136
1600142400,143
1600143300,203
1600144200,395
1600145100,214
1600146000,270
1600146900,276
1600147800,250
1600148700,239
1600149600,227
1600150500,253
1600151400,254
1600152300,319
1600153200,222
1600154100,274
1600155000,222
1600155900,245
1600156800,236
1600157700,253
1600158600,213
1600159500,236
1600160400,212
1600161300,341
1600162200,265
1600163100,251
1600164000,154
1600164900,168
1600165800,158
1600166700,250
1600167600,184
1600168500,176
1600169400,161
1600170300,189
1600171200,200
1600172100,230
1600173000,187
1600173900,191
1600174800,184
1600175700,185
1600176600,219
1600177500,190
1600178400,197
1600179300,205
1600180200,220
1600181100,196
1600182000,214
1600182900,185
1600183800,290
1600184700,264
1600185600,228
1600186500,253
1600187400,289
1600188300,272
1600189200,281
1600190100,689
1600191000,879
1600191900,818
1600192800,652
1600193700,434
1600194600,417
1600195500,392
1600196400,411
1600197300,406
1600198200,381
1600199100,393
1600200000,383
1600200900,354
1600201800,372
1600202700,253
1600203600,271
1600204500,254
1600205400,276
1600206300,250
1600207200,112
1600208100,106
1600209000,105
1600209900,112
1600210800,114
1600211700,124
1600212600,118
1600213500,88
1600214400,109
1600215300,91
1600216200,131
1600217100,114
1600218000,105
1600218900,101
1600219800,91
1600220700,111
1600221600,122
1600222500,108
1600223400,102
1600224300,87
1600225200,281
1600226100,130
1600227000,143
1600227900,138
1600228800,234
1600229700,192
1600230600,218
1600231500,240
1600232400,394
1600233300,579
1600234200,453
1600235100,238
1600236000,646
1600236900,560
1600237800,276
1600238700,268
1600239600,295
1600240500,267
1600241400,325
1600242300,430
1600243200,587
1600244100,604
1600245000,997
1600245900,752
1600246800,611
1600247700,630
1600248600,621
1600249500,423
1600250400,525
1600251300,439
1600252200,309
1600253100,731
1600254000,332
1600254900,394
1600255800,288
1600256700,785
1600257600,373
1600258500,280
1600259400,289
1600260300,326
1600261200,352
1600262100,343
1600263000,277
1600263900,293
1600264800,227
1600265700,222
1600266600,216
1600267500,221
1600268400,210
1600269300,195
1600270200,219
1600271100,220
1600272000,283
1600272900,569
1600273800,328
1600274700,367
1600275600,345
1600276500,365
1600277400,355
1600278300,386
1600279200,320
1600280100,361
1600281000,497
1600281900,470
1600282800,439
1600283700,368
1600284600,401
1600285500,397
1600286400,393
1600287300,351
1600288200,321
1600289100,366
1600290000,318
1600290900,330
1600291800,285
1600292700,296
1600293600,288
1600294500,252
1600295400,166
1600296300,128
1600297200,127
1600298100,164
1600299000,134
1600299900,127
1600300800,164
1600301700,123
1600302600,133
1600303500,126
1600304400,116
1600305300,163
1600306200,108
1600307100,116
1600308000,104
1600308900,110
1600309800,142
1600310700,137
1600311600,277
1600312500,117
1600313400,141
1600314300,147
1600315200,311
1600316100,537
1600317000,1060
1600317900,728
1600318800,231
1600319700,236
1600320600,248
1600321500,248
1600322400,254
1600323300,247
1600324200,282
1600325100,293
1600326000,313
1600326900,322
1600327800,302
1600328700,296
1600329600,868
1600330500,1318
1600331400,973
1600332300,359
1600333200,640
1600334100,696
1600335000,336
1600335900,537
1600336800,969
1600337700,1351
1600338600,589
1600339500,547
1600340400,470
1600341300,325
1600342200,268
1600343100,273
1600344000,288
1600344900,260
1600345800,310
1600346700,309
1600347600,280
1600348500,301
1600349400,305
1600350300,389
1600351200,386
1600352100,334
1600353000,340
1600353900,374
1600354800,382
1600355700,366
1600356600,355
1600357500,323
1600358400,309
1600359300,334
1600360200,290
1600361100,306
1600362000,308
1600362900,647
1600363800,547
1600364700,353
1600365600,360
1600366500,349
1600367400,364
1600368300,365
1600369200,376
1600370100,308
1600371000,298
1600371900,314
1600372800,299
1600373700,322
1600374600,261
1600375500,95
1600376400,89
1600377300,81
1600378200,188
1600379100,150
1600380000,113
1600380900,119
1600381800,91
1600382700,101
1600383600,158
1600384500,152
1600385400,110
1600386300,107
1600387200,123
1600388100,115
1600389000,119
1600389900,157
1600390800,117
1600391700,103
1600392600,105
1600393500,124
1600394400,109
1600395300,126
1600396200,148
1600397100,103
1600398000,120
1600398900,125
1600399800,110
1600400700,117
1600401600,255
1600402500,403
1600403400,259
1600404300,257
1600405200,183
1600406100,174
1600407000,163
1600407900,184
1600408800,243
1600409700,227
1600410600,243
1600411500,164
1600412400,133
1600413300,169
1600414200,133
1600415100,140
1600416000,122
1600416900,154
1600417800,170
1600418700,184
1600419600,158
1600420500,177
1600421400,540
1600422300,374
1600423200,613
1600424100,316
1600425000,627
1600425900,439
1600426800,171
1600427700,196
1600428600,181
1600429500,177
1600430400,180
1600431300,162
1600432200,186
1600433100,195
1600434000,196
1600434900,200
1600435800,214
1600436700,178
1600437600,187
1600438500,193
1600439400,179
1600440300,186
1600441200,179
1600442100,204
1600443000,229
1600443900,188
1600444800,187
1600445700,176
1600446600,205
1600447500,192
1600448400,176
1600449300,482
1600450200,350
1600451100,999
1600452000,808
1600452900,803
1600453800,487
1600454700,497
1600455600,468
1600456500,827
1600457400,323
1600458300,263
1600459200,276
1600460100,267
1600461000,251
1600461900,281
1600462800,265
1600463700,170
1600464600,65
1600465500,82
1600466400,75
1600467300,119
1600468200,99
1600469100,94
1600470000,92
1600470900,82
1600471800,117
1600472700,96
1600473600,93
1600474500,81
1600475400,93
1600476300,101
1600477200,124
1600478100,104
1600479000,81
1600479900,98
1600480800,77
1600481700,124
1600482600,88
1600483500,91
1600484400,83
1600485300,81
1600486200,109
1600487100,114
1600488000,136
1600488900,94
1600489800,139
1600490700,228
1600491600,258
1600492500,170
1600493400,142
1600494300,243
1600495200,748
1600496100,1074
1600497000,1046
1600497900,932
1600498800,877
1600499700,599
1600500600,534
1600501500,524
1600502400,192
1600503300,443
1600504200,926
1600505100,1190
1600506000,1150
1600506900,947
1600507800,197
1600508700,355
1600509600,695
1600510500,233
1600511400,185
1600512300,123
1600513200,124
1600514100,215
1600515000,154
1600515900,161
1600516800,147
1600517700,135
1600518600,130
1600519500,132
1600520400,170
1600521300,178
1600522200,143
1600523100,151
1600524000,151
1600524900,125
1600525800,179
1600526700,139
1600527600,142
1600528500,155
1600529400,136
1600530300,173
1600531200,150
1600532100,151
1600533000,137
1600533900,180
1600534800,169
1600535700,178
1600536600,208
1600537500,345
1600538400,307
1600539300,294
1600540200,342
1600541100,303
1600542000,381
1600542900,304
1600543800,294
1600544700,351
1600545600,420
1600546500,793
1600547400,564
1600548300,350
1600549200,617
1600550100,670
1600551000,308
1600551900,252
1600552800,119
1600553700,79
1600554600,113
1600555500,104
1600556400,81
1600557300,91
1600558200,83
1600559100,105
1600560000,132
1600560900,152
1600561800,102
1600562700,84
1600563600,101
1600564500,102
1600565400,101
1600566300,119
1600567200,123
1600568100,107
1600569000,120
1600569900,117
1600570800,78
1600571700,93
1600572600,150
1600573500,109
1600574400,157
1600575300,580
1600576200,287
1600577100,197
1600578000,220
1600578900,244
1600579800,249
1600580700,240
1600581600,244
1600582500,247
1600583400,249
1600584300,537
1600585200,605
1600586100,603
1600587000,729
1600587900,649
1600588800,759
1600589700,723
1600590600,741
1600591500,1039
1600592400,1144
1600593300,1746
1600594200,1811
1600595100,964
1600596000,573
1600596900,914
1600597800,349
1600598700,356
1600599600,364
1600600500,216
1600601400,162
1600602300,176
1600603200,167
1600604100,182
1600605000,172
1600605900,205
1600606800,202
1600607700,189
1600608600,177
1600609500,187
1600610400,192
1600611300,508
1600612200,623
1600613100,959
1600614000,779
1600614900,711
1600615800,710
1600616700,682
1600617600,656
1600618500,669
1600619400,697
1600620300,500
1600621200,229
1600622100,232
1600623000,656
1600623900,737
1600624800,824
1600625700,787
1600626600,421
1600627500,305
1600628400,285
1600629300,286
1600630200,294
1600631100,295
1600632000,273
1600632900,251
1600633800,214
1600634700,209
1600635600,123
1600636500,70
1600637400,93
1600638300,80
1600639200,85
1600640100,119
1600641000,84
1600641900,100
1600642800,84
1600643700,86
1600644600,115
1600645500,95
1600646400,97
1600647300,77
1600648200,95
1600649100,97
1600650000,132
1600650900,94
1600651800,85
1600652700,103
1600653600,84
1600654500,117
1600655400,94
1600656300,87
1600657200,94
1600658100,91
1600659000,128
1600659900,142
1600660800,269
1600661700,427
1600662600,237
1600663500,228
1600664400,243
1600665300,419
1600666200,609
1600667100,470
1600668000,255
1600668900,659
1600669800,541
1600670700,225
1600671600,284
1600672500,234
1600673400,278
1600674300,294
1600675200,224
1600676100,322
1600677000,356
1600677900,299
1600678800,332
1600679700,386
1600680600,286
1600681500,177
1600682400,203
1600683300,182
1600684200,191
1600685100,164
1600686000,232
1600686900,420
1600687800,176
1600688700,222
1600689600,159
1600690500,153
1600691400,148
1600692300,327
1600693200,209
1600694100,184
1600695000,230
1600695900,337
1600696800,245
1600697700,435
1600698600,655
1600699500,546
1600700400,257
1600701300,492
1600702200,576
1600703100,172
1600704000,207
1600704900,214
1600705800,284
1600706700,240
1600707600,208
1600708500,320
1600709400,1073
1600710300,1172
1600711200,710
1600712100,319
1600713000,346
1600713900,365
1600714800,301
1600715700,303
1600716600,309
1600717500,286
1600718400,297
1600719300,255
1600720200,323
1600721100,264
1600722000,216
1600722900,92
1600723800,93
1600724700,88
1600725600,84
1600726500,120
1600727400,89
1600728300,96
1600729200,85
1600730100,106
1600731000,114
1600731900,115
1600732800,120
1600733700,106
1600734600,137
1600735500,111
1600736400,117
1600737300,95
1600738200,111
1600739100,124
1600740000,132
1600740900,114
1600741800,111
1600742700,127
1600743600,301
1600744500,122
1600745400,123
1600746300,162
1600747200,181
1600748100,757
1600749000,1100
1600749900,807
1600750800,690
1600751700,704
1600752600,455
1600753500,748
1600754400,528
1600755300,292
1600756200,580
1600757100,782
1600758000,712
1600758900,887
1600759800,851
1600760700,759
1600761600,592
1600762500,298
1600763400,430
1600764300,672
1600765200,683
1600766100,672
1600767000,529
1600767900,554
1600768800,555
1600769700,490
1600770600,200
1600771500,219
1600772400,222
1600773300,200
1600774200,207
1600775100,229
1600776000,221
1600776900,232
1600777800,178
1600778700,159
1600779600,153
1600780500,197
1600781400,208
1600782300,205
1600783200,289
1600784100,223
1600785000,255
1600785900,216
1600786800,231
1600787700,212
1600788600,256
1600789500,216
1600790400,269
1600791300,291
1600792200,281
1600793100,289
1600794000,279
1600794900,429
1600795800,402
1600796700,394
1600797600,363
1600798500,390
1600799400,425
1600800300,412
1600801200,390
1600802100,351
1600803000,340
1600803900,341
1600804800,355
1600805700,396
1600806600,347
1600807500,270
1600808400,282
1600809300,603
1600810200,438
1600811100,453
1600812000,221
1600812900,527
1600813800,398
1600814700,116
1600815600,112
1600816500,107
1600817400,119
1600818300,138
1600819200,102
1600820100,128
1600821000,109
1600821900,122
1600822800,113
1600823700,90
1600824600,104
1600825500,110
1600826400,154
1600827300,111
1600828200,127
1600829100,253
1600830000,146
1600830900,150
1600831800,139
1600832700,156
1600833600,200
1600834500,474
1600835400,536
1600836300,322
1600837200,221
1600838100,225
1600839000,278
1600839900,256
1600840800,284
1600841700,221
1600842600,245
1600843500,333
1600844400,972
1600845300,822
1600846200,649
1600847100,329
1600848000,316
1600848900,260
1600849800,222
1600850700,188
1600851600,204
1600852500,227
1600853400,556
1600854300,386
1600855200,441
1600856100,880
1600857000,549
1600857900,254
1600858800,654
1600859700,484
1600860600,255
1600861500,224
1600862400,214
1600863300,184
1600864200,230
1600865100,194
1600866000,185
1600866900,212
1600867800,203
1600868700,234
1600869600,182
1600870500,200
1600871400,224
1600872300,218
1600873200,207
1600874100,453
1600875000,1007
1600875900,586
1600876800,414
1600877700,202
1600878600,637
1600879500,619
1600880400,714
1600881300,592
1600882200,292
1600883100,264
1600884000,301
1600884900,325
1600885800,344
1600886700,313
1600887600,291
1600888500,305
1600889400,301
1600890300,284
1600891200,281
1600892100,276
1600893000,242
1600893900,420
1600894800,525
1600895700,382
1600896600,144
1600897500,419
1600898400,512
1600899300,96
1600900200,129
1600901100,127
1600902000,140
1600902900,122
1600903800,113
1600904700,116
1600905600,123
1600906500,127
1600907400,105
1600908300,115
1600909200,112
1600910100,157
1600911000,109
1600911900,110
1600912800,112
1600913700,113
1600914600,137
1600915500,90
1600916400,290
1600917300,113
1600918200,168
1600919100,186
1600920000,181
1600920900,381
1600921800,237
1600922700,317
1600923600,213
1600924500,222
1600925400,223
1600926300,250
1600927200,238
1600928100,205
1600929000,213
1600929900,215
1600930800,311
1600931700,845
1600932600,763
1600933500,220
1600934400,427
1600935300,579
1600936200,166
1600937100,181
1600938000,341
1600938900,293
1600939800,477
1600940700,612
1600941600,488
1600942500,384
1600943400,729
1600944300,191
1600945200,204
1600946100,400
1600947000,527
1600947900,445
1600948800,226
1600949700,433
1600950600,618
1600951500,204
1600952400,188
1600953300,205
1600954200,230
1600955100,210
1600956000,227
1600956900,199
1600957800,178
1600958700,186
1600959600,199
1600960500,204
1600961400,354
1600962300,228
1600963200,338
1600964100,191
1600965000,314
1600965900,311
1600966800,388
1600967700,430
1600968600,553
1600969500,1127
1600970400,1090
1600971300,883
1600972200,911
1600973100,892
1600974000,794
1600974900,696
1600975800,394
1600976700,367
1600977600,317
1600978500,238
1600979400,252
1600980300,239
1600981200,279
1600982100,171
1600983000,89
1600983900,142
1600984800,141
1600985700,169
1600986600,125
1600987500,118
1600988400,98
1600989300,165
1600990200,161
1600991100,125
1600992000,113
1600992900,140
1600993800,146
1600994700,111
1600995600,166
1600996500,116
1600997400,153
1600998300,120
1600999200,131
1601000100,117
1601001000,126
1601001900,214
1601002800,296
1601003700,144
1601004600,142
1601005500,170
1601006400,232
1601007300,371
1601008200,262
1601009100,279
1601010000,235
1601010900,205
1601011800,224
1601012700,208
1601013600,242
1601014500,239
1601015400,404
1601016300,235
1601017200,159
1601018100,455
1601019000,1082
1601019900,829
1601020800,1187
1601021700,629
1601022600,294
1601023500,485
1601024400,624
1601025300,247
1601026200,765
1601027100,1136
1601028000,1032
1601028900,783
1601029800,319
1601030700,199
1601031600,423
1601032500,216
1601033400,220
1601034300,212
1601035200,204
1601036100,166
1601037000,161
1601037900,192
1601038800,200
1601039700,237
1601040600,190
1601041500,241
1601042400,242
1601043300,258
1601044200,249
1601045100,265
1601046000,245
1601046900,219
1601047800,285
1601048700,294
1601049600,429
1601050500,267
1601051400,279
1601052300,370
1601053200,355
1601054100,396
1601055000,407
1601055900,395
1601056800,374
1601057700,367
1601058600,340
1601059500,408
1601060400,398
1601061300,378
1601062200,345
1601063100,308
1601064000,256
1601064900,273
1601065800,261
1601066700,213
1601067600,197
1601068500,108
1601069400,124
1601070300,102
1601071200,93
1601072100,108
1601073000,114
1601073900,125
1601074800,95
1601075700,118
1601076600,100
1601077500,137
1601078400,109
1601079300,96
1601080200,104
1601081100,99
1601082000,146
1601082900,90
1601083800,105
1601084700,119
1601085600,125
1601086500,125
1601087400,95
1601088300,122
1601089200,89
1601090100,129
1601091000,99
1601091900,120
1601092800,152
1601093700,349
1601094600,439
1601095500,592
1601096400,554
1601097300,435
1601098200,252
1601099100,491
1601100000,531
1601100900,153
1601101800,180
1601102700,266
1601103600,243
1601104500,228
1601105400,204
1601106300,213
1601107200,227
1601108100,225
1601109000,198
1601109900,213
1601110800,223
1601111700,250
1601112600,217
1601113500,264
1601114400,496
1601115300,308
1601116200,220
1601117100,202
1601118000,208
1601118900,206
1601119800,218
1601120700,218
1601121600,462
1601122500,659
1601123400,553
1601124300,229
1601125200,266
1601126100,144
1601127000,177
1601127900,155
1601128800,153
1601129700,124
1601130600,131
1601131500,122
1601132400,151
1601133300,138
1601134200,134
1601135100,140
1601136000,132
1601136900,166
1601137800,122
1601138700,146
1601139600,165
1601140500,336
1601141400,306
1601142300,313
1601143200,376
1601144100,374
1601145000,430
1601145900,373
1601146800,360
1601147700,366
1601148600,395
1601149500,410
1601150400,373
1601151300,359
1601152200,256
1601153100,268
1601154000,284
1601154900,148
1601155800,111
1601156700,119
1601157600,120
1601158500,145
1601159400,115
1601160300,114
1601161200,112
1601162100,123
1601163000,144
1601163900,103
1601164800,114
1601165700,99
1601166600,140
1601167500,136
1601168400,110
1601169300,118
1601170200,112
1601171100,150
1601172000,103
1601172900,105
1601173800,118
1601174700,125
1601175600,122
1601176500,122
1601177400,140
1601178300,114
1601179200,142
1601180100,589
1601181000,363
1601181900,591
1601182800,493
1601183700,279
1601184600,627
1601185500,1315
1601186400,696
1601187300,709
1601188200,596
1601189100,618
1601190000,624
1601190900,793
1601191800,1402
1601192700,1353
1601193600,806
1601194500,652
1601195400,666
1601196300,698
1601197200,635
1601198100,1171
1601199000,1044
1601199900,1083
1601200800,909
1601201700,819
1601202600,787
1601203500,342
1601204400,501
1601205300,472
1601206200,419
1601207100,238
1601208000,522
1601208900,604
1601209800,211
1601210700,214
1601211600,221
1601212500,225
1601213400,260
1601214300,221
1601215200,234
1601216100,209
1601217000,242
1601217900,223
1601218800,222
1601219700,224
1601220600,212
1601221500,250
1601222400,336
1601223300,243
1601224200,202
1601225100,311
1601226000,311
1601226900,266
1601227800,385
1601228700,354
1601229600,375
1601230500,450
1601231400,429
1601232300,355
1601233200,354
1601234100,355
1601235000,408
1601235900,365
1601236800,270
1601237700,124
1601238600,146
1601239500,123
1601240400,113
1601241300,117
1601242200,121
1601243100,160
1601244000,120
1601244900,116
1601245800,117
1601246700,128
1601247600,141
1601248500,101
1601249400,124
1601250300,109
1601251200,160
1601252100,121
1601253000,122
1601253900,149
1601254800,143
1601255700,151
1601256600,105
1601257500,115
1601258400,107
1601259300,140
1601260200,213
1601261100,135
1601262000,120
1601262900,123
1601263800,158
1601264700,130
1601265600,242
1601266500,442
1601267400,254
1601268300,317
1601269200,243
1601270100,232
1601271000,216
1601271900,372
1601272800,295
1601273700,281
1601274600,282
1601275500,441
1601276400,282
1601277300,213
1601278200,229
1601279100,263
1601280000,226
1601280900,250
1601281800,245
1601282700,231
1601283600,207
1601284500,203
1601285400,236
1601286300,217
1601287200,229
1601288100,356
1601289000,1057
1601289900,1099
1601290800,412
1601291700,383
1601292600,408
1601293500,271
1601294400,258
1601295300,540
1601296200,486
1601297100,439
1601298000,257
1601298900,696
1601299800,453
1601300700,235
1601301600,258
1601302500,255
1601303400,277
1601304300,225
1601305200,312
1601306100,326
1601307000,299
1601307900,275
1601308800,325
1601309700,395
1601310600,371
1601311500,439
1601312400,421
1601313300,468
1601314200,374
1601315100,361
1601316000,373
1601316900,345
1601317800,370
1601318700,373
1601319600,359
1601320500,345
1601321400,284
1601322300,266
1601323200,288
1601324100,287
1601325000,289
1601325900,297
1601326800,252
1601327700,250
1601328600,141
1601329500,118
1601330400,91
1601331300,126
1601332200,110
1601333100,105
1601334000,102
1601334900,96
1601335800,125
1601336700,87
1601337600,100
1601338500,86
1601339400,115
1601340300,114
1601341200,124
1601342100,156
1601343000,100
1601343900,139
1601344800,97
1601345700,102
1601346600,83
1601347500,112
1601348400,275
1601349300,112
1601350200,113
1601351100,149
1601352000,185
1601352900,257
1601353800,177
1601354700,234
1601355600,179
1601356500,185
1601357400,212
1601358300,241
1601359200,221
1601360100,222
1601361000,256
1601361900,290
1601362800,196
1601363700,235
1601364600,257
1601365500,271
1601366400,368
1601367300,249
1601368200,235
1601369100,344
1601370000,262
1601370900,309
1601371800,485
1601372700,721
1601373600,594
1601374500,429
1601375400,571
1601376300,706
1601377200,348
1601378100,552
1601379000,577
1601379900,289
1601380800,294
1601381700,284
1601382600,258
1601383500,296
1601384400,317
1601385300,347
1601386200,313
1601387100,329
1601388000,342
1601388900,409
1601389800,378
1601390700,347
1601391600,430
1601392500,400
1601393400,437
1601394300,399
1601395200,465
1601396100,825
1601397000,501
1601397900,959
1601398800,629
1601399700,460
1601400600,680
1601401500,922
1601402400,457
1601403300,406
1601404200,365
1601405100,417
1601406000,379
1601406900,372
1601407800,373
1601408700,391
1601409600,345
1601410500,348
1601411400,304
1601412300,310
1601413200,332
1601414100,309
1601415000,254
1601415900,175
1601416800,166
1601417700,156
1601418600,154
1601419500,132
1601420400,117
1601421300,172
1601422200,143
1601423100,146
1601424000,130
1601424900,190
1601425800,165
1601426700,138
1601427600,141
1601428500,114
1601429400,151
1601430300,142
1601431200,138
1601432100,163
1601433000,167
1601433900,170
1601434800,324
1601435700,139
1601436600,172
1601437500,236
1601438400,253
1601439300,338
1601440200,210
1601441100,252
1601442000,238
1601442900,233
1601443800,213
1601444700,257
1601445600,269
1601446500,617
1601447400,791
1601448300,714
1601449200,724
1601450100,851
1601451000,542
1601451900,298
1601452800,266
1601453700,282
1601454600,968
1601455500,797
1601456400,536
1601457300,522
1601458200,370
1601459100,342
1601460000,402
1601460900,275
1601461800,412
1601462700,607
1601463600,643
1601464500,516
1601465400,340
1601466300,603
1601467200,644
1601468100,256
1601469000,613
1601469900,665
1601470800,744
1601471700,744
1601472600,722
1601473500,770
1601474400,753
1601475300,718
1601476200,413
1601477100,232
1601478000,241
1601478900,294
1601479800,262
1601480700,289
1601481600,255
1601482500,286
1601483400,283
1601484300,256
1601485200,350
1601486100,302
1601487000,359
1601487900,358
1601488800,367
1601489700,389
1601490600,410
1601491500,403
1601492400,371
1601493300,398
1601494200,364
1601495100,383
1601496000,495
1601496900,334
1601497800,287
1601498700,293
1601499600,242
1601500500,162
1601501400,88
1601502300,126
1601503200,103
1601504100,151
1601505000,104
1601505900,106
1601506800,113
1601507700,108
1601508600,140
1601509500,100
1601510400,114
1601511300,88
1601512200,121
1601513100,98
1601514000,115
1601514900,94
1601515800,101
1601516700,126
1601517600,112
1601518500,112
1601519400,93
1601520300,111
1601521200,288
1601522100,127
1601523000,132
1601523900,169
1601524800,203
1601525700,329
1601526600,204
1601527500,244
1601528400,186
1601529300,178
1601530200,209
1601531100,644
1601532000,395
1601532900,324
1601533800,454
1601534700,712
1601535600,272
1601536500,210
1601537400,246
1601538300,343
1601539200,277
1601540100,298
1601541000,296
1601541900,414
1601542800,358
1601543700,442
1601544600,789
1601545500,538
1601546400,536
1601547300,614
1601548200,558
1601549100,189
1601550000,226
1601550900,206
1601551800,179
1601552700,169
1601553600,152
1601554500,217
1601555400,222
1601556300,202
1601557200,194
1601558100,215
1601559000,264
1601559900,232
1601560800,224
1601561700,210
1601562600,234
1601563500,232
1601564400,356
1601565300,306
1601566200,346
1601567100,341
1601568000,361
1601568900,357
1601569800,316
1601570700,316
1601571600,555
1601572500,872
1601573400,905
1601574300,737
1601575200,713
1601576100,599
1601577000,323
1601577900,602
1601578800,770
1601579700,335
1601580600,362
1601581500,316
1601582400,261
1601583300,225
1601584200,227
1601585100,241
1601586000,227
1601586900,220
1601587800,213
1601588700,245
1601589600,200
1601590500,103
1601591400,83
1601592300,115
1601593200,114
1601594100,122
1601595000,81
1601595900,102
1601596800,89
1601597700,127
1601598600,96
1601599500,92
1601600400,101
1601601300,122
1601602200,149
1601603100,93
1601604000,110
1601604900,100
1601605800,120
1601606700,135
1601607600,106
1601608500,112
1601609400,312
1601610300,658
1601611200,409
1601612100,436
1601613000,363
1601613900,346
1601614800,358
1601615700,303
1601616600,348
1601617500,296
1601618400,319
1601619300,233
1601620200,154
1601621100,133
1601622000,184
1601622900,153
1601623800,157
1601624700,148
1601625600,138
1601626500,152
1601627400,187
1601628300,175
1601629200,155
1601630100,155
1601631000,278
1601631900,348
1601632800,212
1601633700,213
1601634600,565
1601635500,666
1601636400,724
1601637300,567
1601638200,396
1601639100,351
1601640000,751
1601640900,228
1601641800,263
1601642700,233
1601643600,268
1601644500,353
1601645400,319
1601646300,277
1601647200,284
1601648100,268
1601649000,300
1601649900,274
1601650800,253
1601651700,237
1601652600,251
1601653500,261
1601654400,250
1601655300,260
1601656200,305
1601657100,333
1601658000,279
1601658900,304
1601659800,290
1601660700,294
1601661600,315
1601662500,777
1601663400,323
1601664300,382
1601665200,379
1601666100,336
1601667000,315
1601667900,231
1601668800,192
1601669700,200
1601670600,162
1601671500,103
1601672400,119
1601673300,137
1601674200,114
1601675100,118
1601676000,126
1601676900,134
1601677800,145
1601678700,112
1601679600,120
1601680500,114
1601681400,116
1601682300,127
1601683200,98
1601684100,123
1601685000,112
1601685900,140
1601686800,118
1601687700,108
1601688600,116
1601689500,103
1601690400,149
1601691300,103
1601692200,128
1601693100,109
1601694000,127
1601694900,127
1601695800,123
1601696700,124
1601697600,126
1601698500,142
1601699400,176
1601700300,193
1601701200,170
1601702100,280
1601703000,408
1601703900,205
1601704800,199
1601705700,171
1601706600,542
1601707500,1092
1601708400,487
1601709300,252
1601710200,247
1601711100,200
1601712000,233
1601712900,240
1601713800,718
1601714700,333
1601715600,330
1601716500,1103
1601717400,1244
1601718300,486
1601719200,193
1601720100,253
1601721000,242
1601721900,281
1601722800,249
1601723700,220
1601724600,188
1601725500,209
1601726400,230
1601727300,444
1601728200,492
1601729100,410
1601730000,622
1601730900,1219
1601731800,883
1601732700,203
1601733600,227
1601734500,204
1601735400,220
1601736300,188
1601737200,239
1601738100,324
1601739000,245
1601739900,207
1601740800,195
1601741700,173
1601742600,210
1601743500,261
1601744400,317
1601745300,323
1601746200,294
1601747100,339
1601748000,360
1601748900,454
1601749800,440
1601750700,496
1601751600,498
1601752500,508
1601753400,474
1601754300,488
1601755200,410
1601756100,452
1601757000,445
1601757900,426
1601758800,334
1601759700,331
1601760600,307
1601761500,257
1601762400,631
1601763300,225
1601764200,322
1601765100,128
1601766000,639
1601766900,212
1601767800,105
1601768700,121
1601769600,109
1601770500,119
1601771400,88
1601772300,105
1601773200,115
1601774100,117
1601775000,85
1601775900,106
1601776800,95
1601777700,144
1601778600,97
1601779500,106
1601780400,103
1601781300,176
1601782200,147
1601783100,120
1601784000,134
1601784900,305
1601785800,483
1601786700,246
1601787600,279
1601788500,279
1601789400,339
1601790300,556
1601791200,866
1601792100,715
1601793000,735
1601793900,1011
1601794800,1313
1601795700,628
1601796600,307
1601797500,294
1601798400,294
1601799300,309
1601800200,269
1601801100,337
1601802000,1421
1601802900,1355
1601803800,794
1601804700,1000
1601805600,1267
1601806500,558
1601807400,882
1601808300,320
1601809200,221
1601810100,188
1601811000,196
1601811900,235
1601812800,217
1601813700,243
1601814600,224
1601815500,217
1601816400,250
1601817300,211
1601818200,217
1601819100,207
1601820000,230
1601820900,243
1601821800,230
1601822700,741
1601823600,1171
1601824500,830
1601825400,422
1601826300,414
1601827200,373
1601828100,543
1601829000,375
1601829900,346
1601830800,356
1601831700,727
1601832600,1171
1601833500,1436
1601834400,973
1601835300,655
1601836200,428
1601837100,909
1601838000,465
1601838900,318
1601839800,283
1601840700,292
1601841600,249
1601842500,230
1601843400,128
1601844300,97
1601845200,115
1601846100,107
1601847000,142
1601847900,128
1601848800,123
1601849700,107
1601850600,115
1601851500,132
1601852400,122
1601853300,108
1601854200,107
1601855100,113
1601856000,129
1601856900,110
1601857800,83
1601858700,100
1601859600,81
1601860500,133
1601861400,84
1601862300,102
1601863200,83
1601864100,114
1601865000,119
1601865900,107
1601866800,81
1601867700,100
1601868600,97
1601869500,184
1601870400,312
1601871300,297
1601872200,166
1601873100,243
1601874000,200
1601874900,246
1601875800,223
1601876700,455
1601877600,605
1601878500,509
1601879400,284
1601880300,1050
1601881200,1268
1601882100,915
1601883000,284
1601883900,197
1601884800,194
1601885700,198
1601886600,370
1601887500,496
1601888400,651
1601889300,647
1601890200,628
1601891100,674
1601892000,858
1601892900,723
1601893800,443
1601894700,724
1601895600,244
1601896500,489
1601897400,231
1601898300,274
1601899200,278
1601900100,224
1601901000,192
1601901900,297
1601902800,854
1601903700,1133
1601904600,829
1601905500,734
1601906400,760
1601907300,732
1601908200,745
1601909100,731
1601910000,572
1601910900,267
1601911800,285
1601912700,263
1601913600,278
1601914500,285
1601915400,618
1601916300,398
1601917200,697
1601918100,992
1601919000,621
1601919900,519
1601920800,764
1601921700,874
1601922600,356
1601923500,349
1601924400,276
1601925300,290
1601926200,291
1601927100,316
1601928000,299
1601928900,181
1601929800,96
1601930700,112
1601931600,118
1601932500,95
1601933400,102
1601934300,97
1601935200,125
1601936100,118
1601937000,100
1601937900,91
1601938800,101
1601939700,109
1601940600,127
1601941500,96
1601942400,112
1601943300,101
1601944200,112
1601945100,105
1601946000,91
1601946900,98
1601947800,82
1601948700,123
1601949600,92
1601950500,109
1601951400,89
1601952300,281
1601953200,113
1601954100,123
1601955000,109
1601955900,197
1601956800,431
1601957700,1271
1601958600,949
1601959500,765
1601960400,692
1601961300,681
1601962200,723
1601963100,663
1601964000,660
1601964900,345
1601965800,227
1601966700,246
1601967600,230
1601968500,219
1601969400,272
1601970300,204
1601971200,180
1601972100,151
1601973000,168
1601973900,789
1601974800,217
1601975700,594
1601976600,629
1601977500,657
1601978400,498
1601979300,348
1601980200,563
1601981100,272
1601982000,567
1601982900,1054
1601983800,727
1601984700,697
1601985600,325
1601986500,202
1601987400,189
1601988300,214
1601989200,235
1601990100,184
1601991000,185
1601991900,171
1601992800,170
1601993700,187
1601994600,182
1601995500,205
1601996400,176
1601997300,715
1601998200,955
1601999100,601
1602000000,489
1602000900,340
1602001800,837
1602002700,377
1602003600,350
1602004500,348
1602005400,359
1602006300,361
1602007200,401
1602008100,343
1602009000,329
1602009900,329
1602010800,312
1602011700,276
1602012600,254
1602013500,260
1602014400,255
1602015300,252
1602016200,205
1602017100,208
1602018000,180
1602018900,227
1602019800,121
1602020700,92
1602021600,75
1602022500,94
1602023400,72
1602024300,117
1602025200,76
1602026100,134
1602027000,113
1602027900,93
1602028800,133
1602029700,90
1602030600,99
1602031500,99
1602032400,119
1602033300,150
1602034200,150
1602035100,99
1602036000,116
1602036900,113
1602037800,135
1602038700,196
1602039600,187
1602040500,87
1602041400,140
1602042300,156
1602043200,250
1602044100,1044
1602045000,1044
1602045900,761
1602046800,728
1602047700,703
1602048600,689
1602049500,632
1602050400,641
1602051300,354
1602052200,229
1602053100,218
1602054000,199
1602054900,240
1602055800,194
1602056700,182
1602057600,258
1602058500,728
1602059400,364
1602060300,270
1602061200,285
1602062100,784
1602063000,536
1602063900,473
1602064800,462
1602065700,946
1602066600,568
1602067500,337
1602068400,229
1602069300,189
1602070200,161
1602071100,109
1602072000,183
1602072900,154
1602073800,163
1602074700,150
1602075600,154
1602076500,174
1602077400,162
1602078300,175
1602079200,147
1602080100,336
1602081000,216
1602081900,172
1602082800,151
1602083700,365
1602084600,605
1602085500,434
1602086400,493
1602087300,352
1602088200,807
1602089100,334
1602090000,474
1602090900,745
1602091800,391
1602092700,375
1602093600,409
1602094500,419
1602095400,405
1602096300,371
1602097200,385
1602098100,365
1602099000,359
1602099900,370
1602100800,344
1602101700,274
1602102600,265
1602103500,227
1602104400,218
1602105300,87
1602106200,86
1602107100,101
1602108000,86
1602108900,75
1602109800,93
1602110700,117
1602111600,130
1602112500,110
1602113400,87
1602114300,95
1602115200,97
1602116100,126
1602117000,83
1602117900,102
1602118800,95
1602119700,123
1602120600,99
1602121500,96
1602122400,87
1602123300,87
1602124200,107
1602125100,324
1602126000,167
1602126900,118
1602127800,106
1602128700,182
1602129600,265
1602130500,440
1602131400,168
1602132300,217
1602133200,200
1602134100,158
1602135000,163
1602135900,164
1602136800,201
1602137700,134
1602138600,118
1602139500,116
1602140400,146
1602141300,142
1602142200,142
1602143100,110
1602144000,153
1602144900,388
1602145800,558
1602146700,448
1602147600,266
1602148500,420
1602149400,905
1602150300,683
1602151200,581
1602152100,716
1602153000,471
1602153900,241
1602154800,183
1602155700,194
1602156600,182
1602157500,220
1602158400,257
1602159300,214
1602160200,203
1602161100,214
1602162000,223
1602162900,206
1602163800,216
1602164700,227
1602165600,221
1602166500,244
1602167400,255
1602168300,232
1602169200,239
1602170100,219
1602171000,210
1602171900,250
1602172800,267
1602173700,288
1602174600,275
1602175500,266
1602176400,733
1602177300,774
1602178200,1153
1602179100,935
1602180000,356
1602180900,379
1602181800,338
1602182700,357
1602183600,342
1602184500,341
1602185400,357
1602186300,356
1602187200,494
1602188100,600
1602189000,366
1602189900,195
1602190800,600
1602191700,337
1602192600,135
1602193500,149
1602194400,210
1602195300,151
1602196200,149
1602197100,141
1602198000,130
1602198900,143
1602199800,199
1602200700,141
1602201600,152
1602202500,136
1602203400,167
1602204300,145
1602205200,126
1602206100,182
1602207000,124
1602207900,149
1602208800,144
1602209700,132
1602210600,124
1602211500,263
1602212400,260
1602213300,187
1602214200,172
1602215100,207
1602216000,507
1602216900,1052
1602217800,1065
1602218700,771
1602219600,704
1602220500,705
1602221400,514
1602222300,265
1602223200,260
1602224100,243
1602225000,287
1602225900,246
1602226800,292
1602227700,266
1602228600,338
1602229500,1065
1602230400,727
1602231300,741
1602232200,662
1602233100,659
1602234000,545
1602234900,618
1602235800,644
1602236700,397
1602237600,272
1602238500,406
1602239400,573
1602240300,667
1602241200,349
1602242100,287
1602243000,314
1602243900,734
1602244800,721
1602245700,676
1602246600,496
1602247500,232
1602248400,252
1602249300,243
1602250200,274
1602251100,234
1602252000,233
1602252900,231
1602253800,382
1602254700,315
1602255600,231
1602256500,369
1602257400,257
1602258300,294
1602259200,332
1602260100,300
1602261000,259
1602261900,279
1602262800,276
1602263700,310
1602264600,318
1602265500,352
1602266400,528
1602267300,658
1602268200,393
1602269100,350
1602270000,342
1602270900,383
1602271800,369
1602272700,392
1602273600,325
1602274500,271
1602275400,266
1602276300,254
1602277200,208
1602278100,140
1602279000,144
1602279900,169
1602280800,172
1602281700,167
1602282600,177
1602283500,131
1602284400,132
1602285300,127
1602286200,195
1602287100,166
1602288000,133
1602288900,138
1602289800,121
1602290700,134
1602291600,176
1602292500,170
1602293400,136
1602294300,149
1602295200,127
1602296100,164
1602297000,111
1602297900,175
1602298800,132
1602299700,133
1602300600,162
1602301500,139
1602302400,133
1602303300,150
1602304200,278
1602305100,280
1602306000,239
1602306900,211
1602307800,200
1602308700,200
1602309600,937
1602310500,444
1602311400,747
1602312300,442
1602313200,376
1602314100,456
1602315000,863
1602315900,329
1602316800,228
1602317700,229
1602318600,240
1602319500,405
1602320400,561
1602321300,326
1602322200,656
1602323100,548
1602324000,301
1602324900,347
1602325800,336
1602326700,286
1602327600,265
1602328500,466
1602329400,1166
1602330300,1323
1602331200,1054
1602332100,901
1602333000,1125
1602333900,1004
1602334800,333
1602335700,375
1602336600,414
1602337500,378
1602338400,347
1602339300,494
1602340200,321
1602341100,353
1602342000,355
1602342900,397
1602343800,941
1602344700,675
1602345600,764
1602346500,766
1602347400,692
1602348300,703
1602349200,726
1602350100,759
1602351000,1523
1602351900,1411
1602352800,516
1602353700,374
1602354600,368
1602355500,386
1602356400,392
1602357300,361
1602358200,348
1602359100,241
1602360000,162
1602360900,109
1602361800,100
1602362700,117
1602363600,96
1602364500,124
1602365400,97
1602366300,100
1602367200,81
1602368100,99
1602369000,118
1602369900,115
1602370800,81
1602371700,110
1602372600,79
1602373500,129
1602374400,88
1602375300,96
1602376200,104
1602377100,103
1602378000,124
1602378900,96
1602379800,94
1602380700,94
1602381600,95
1602382500,113
1602383400,100
1602384300,103
1602385200,104
1602386100,82
1602387000,120
1602387900,94
1602388800,143
1602389700,941
1602390600,696
1602391500,694
1602392400,703
1602393300,276
1602394200,225
1602395100,243
1602396000,256
1602396900,252
1602397800,252
1602398700,299
1602399600,289
1602400500,338
1602401400,306
1602402300,286
1602403200,310
1602404100,648
1602405000,648
1602405900,1119
1602406800,813
1602407700,1391
1602408600,1232
1602409500,1233
1602410400,511
1602411300,398
1602412200,297
1602413100,276
1602414000,293
1602414900,270
1602415800,281
1602416700,207
1602417600,211
1602418500,206
1602419400,201
1602420300,199
1602421200,192
1602422100,191
1602423000,203
1602423900,159
1602424800,163
1602425700,151
1602426600,136
1602427500,214
1602428400,138
1602429300,157
1602430200,231
1602431100,278
1602432000,272
1602432900,353
1602433800,279
1602434700,276
1602435600,643
1602436500,827
1602437400,805
1602438300,1062
1602439200,653
1602440100,555
1602441000,362
1602441900,912
1602442800,448
1602443700,314
1602444600,352
1602445500,295
1602446400,266
1602447300,254
1602448200,317
1602449100,234
1602450000,216
1602450900,161
1602451800,112
1602452700,117
1602453600,100
1602454500,121
1602455400,103
1602456300,111
1602457200,80
1602458100,110
1602459000,102
1602459900,135
1602460800,104
1602461700,105
1602462600,96
1602463500,123
1602464400,113
1602465300,109
1602466200,88
1602467100,88
1602468000,93
1602468900,120
1602469800,98
1602470700,110
1602471600,91
1602472500,96
1602473400,142
1602474300,111
1602475200,643
1602476100,577
1602477000,620
1602477900,713
1602478800,481
1602479700,183
1602480600,200
1602481500,159
1602482400,227
1602483300,282
1602484200,807
1602485100,427
1602486000,396
1602486900,344
1602487800,815
1602488700,353
1602489600,365
1602490500,327
1602491400,295
1602492300,590
1602493200,1072
1602494100,1009
1602495000,793
1602495900,721
1602496800,743
1602497700,1006
1602498600,729
1602499500,333
1602500400,325
1602501300,203
1602502200,228
1602503100,233
1602504000,179
1602504900,186
1602505800,227
1602506700,242
1602507600,277
1602508500,267
1602509400,255
1602510300,255
1602511200,288
1602512100,287
1602513000,246
1602513900,273
1602514800,260
1602515700,251
1602516600,249
1602517500,294
1602518400,296
1602519300,486
1602520200,545
1602521100,545
1602522000,423
1602522900,852
1602523800,567
1602524700,489
1602525600,405
1602526500,424
1602527400,387
1602528300,344
1602529200,377
1602530100,374
1602531000,254
1602531900,252
1602532800,255
1602533700,257
1602534600,127
1602535500,119
1602536400,97
1602537300,117
1602538200,123
1602539100,128
1602540000,86
1602540900,105
1602541800,123
1602542700,167
1602543600,120
1602544500,127
1602545400,125
1602546300,139
1602547200,85
1602548100,131
1602549000,154
1602549900,113
1602550800,125
1602551700,109
1602552600,87
1602553500,104
1602554400,187
1602555300,143
1602556200,97
1602557100,286
1602558000,117
1602558900,159
1602559800,161
1602560700,164
1602561600,217
1602562500,962
1602563400,641
1602564300,679
1602565200,669
1602566100,359
1602567000,268
1602567900,175
1602568800,186
1602569700,239
1602570600,243
1602571500,268
1602572400,254
1602573300,236
1602574200,214
1602575100,568
1602576000,1151
1602576900,886
1602577800,773
1602578700,599
1602579600,325
1602580500,292
1602581400,309
1602582300,299
1602583200,280
1602584100,278
1602585000,849
1602585900,853
1602586800,380
1602587700,247
1602588600,184
1602589500,639
1602590400,625
1602591300,681
1602592200,654
1602593100,247
1602594000,192
1602594900,177
1602595800,188
1602596700,236
1602597600,170
1602598500,159
1602599400,195
1602600300,177
1602601200,165
1602602100,394
1602603000,406
1602603900,869
1602604800,423
1602605700,375
1602606600,386
1602607500,830
1602608400,684
1602609300,508
1602610200,353
1602611100,362
1602612000,384
1602612900,354
1602613800,350
1602614700,411
1602615600,356
1602616500,380
1602617400,355
1602618300,350
1602619200,294
1602620100,281
1602621000,313
1602621900,254
1602622800,131
1602623700,132
1602624600,153
1602625500,122
1602626400,127
1602627300,145
1602628200,128
1602629100,143
1602630000,131
1602630900,127
1602631800,114
1602632700,134
1602633600,146
1602634500,128
1602635400,130
1602636300,147
1602637200,141
1602638100,114
1602639000,110
1602639900,116
1602640800,103
1602641700,128
1602642600,126
1602643500,321
1602644400,246
1602645300,146
1602646200,162
1602647100,123
1602648000,210
1602648900,902
1602649800,1120
1602650700,845
1602651600,708
1602652500,343
1602653400,219
1602654300,248
1602655200,212
1602656100,219
1602657000,223
1602657900,412
1602658800,604
1602659700,310
1602660600,290
1602661500,277
1602662400,696
1602663300,691
1602664200,708
1602665100,234
1602666000,236
1602666900,778
1602667800,603
1602668700,492
1602669600,673
1602670500,1195
1602671400,760
1602672300,535
1602673200,346
1602674100,792
1602675000,346
1602675900,243
1602676800,285
1602677700,236
1602678600,385
1602679500,1002
1602680400,898
1602681300,311
1602682200,279
1602683100,380
1602684000,317
1602684900,311
1602685800,478
1602686700,258
1602687600,275
1602688500,390
1602689400,398
1602690300,507
1602691200,806
1602692100,842
1602693000,850
1602693900,866
1602694800,905
1602695700,921
1602696600,863
1602697500,823
1602698400,534
1602699300,361
1602700200,422
1602701100,367
1602702000,317
1602702900,284
1602703800,281
1602704700,340
1602705600,260
1602706500,172
1602707400,122
1602708300,130
1602709200,139
1602710100,108
1602711000,133
1602711900,154
1602712800,141
1602713700,137
1602714600,132
1602715500,118
1602716400,107
1602717300,148
1602718200,120
1602719100,134
1602720000,108
1602720900,126
1602721800,126
1602722700,125
1602723600,131
1602724500,101
1602725400,95
1602726300,119
1602727200,130
1602728100,102
1602729000,105
1602729900,290
1602730800,147
1602731700,113
1602732600,155
1602733500,166
1602734400,324
1602735300,375
1602736200,517
1602737100,532
1602738000,496
1602738900,354
1602739800,728
1602740700,674
1602741600,370
1602742500,322
1602743400,340
1602744300,372
1602745200,304
1602746100,237
1602747000,392
1602747900,244
1602748800,505
1602749700,430
1602750600,479
1602751500,349
1602752400,717
1602753300,477
1602754200,515
1602755100,365
1602756000,349
1602756900,421
1602757800,661
1602758700,349
1602759600,738
1602760500,378
1602761400,505
1602762300,314
1602763200,905
1602764100,467
1602765000,309
1602765900,275
1602766800,263
1602767700,296
1602768600,390
1602769500,331
1602770400,347
1602771300,291
1602772200,308
1602773100,328
1602774000,462
1602774900,481
1602775800,719
1602776700,463
1602777600,602
1602778500,513
1602779400,918
1602780300,376
1602781200,363
1602782100,384
1602783000,396
1602783900,380
1602784800,377
1602785700,459
1602786600,340
1602787500,295
1602788400,297
1602789300,288
1602790200,327
1602791100,235
1602792000,125
1602792900,165
1602793800,117
1602794700,145
1602795600,145
1602796500,158
1602797400,113
1602798300,126
1602799200,150
1602800100,124
1602801000,120
1602801900,117
1602802800,163
1602803700,139
1602804600,126
1602805500,132
1602806400,128
1602807300,144
1602808200,113
1602809100,134
1602810000,121
1602810900,110
1602811800,147
1602812700,133
1602813600,123
1602814500,120
1602815400,135
1602816300,297
1602817200,124
1602818100,112
1602819000,147
1602819900,162
1602820800,203
1602821700,907
1602822600,1192
1602823500,785
1602824400,681
1602825300,229
1602826200,265
1602827100,718
1602828000,406
1602828900,279
1602829800,280
1602830700,745
1602831600,323
1602832500,235
1602833400,236
1602834300,247
1602835200,214
1602836100,220
1602837000,420
1602837900,295
1602838800,258
1602839700,253
1602840600,279
1602841500,289
1602842400,311
1602843300,263
1602844200,296
1602845100,443
1602846000,303
1602846900,227
1602847800,223
1602848700,233
1602849600,233
1602850500,275
1602851400,214
1602852300,218
1602853200,228
1602854100,241
1602855000,238
1602855900,234
1602856800,298
1602857700,317
1602858600,328
1602859500,287
1602860400,309
1602861300,286
1602862200,310
1602863100,589
1602864000,700
1602864900,584
1602865800,866
1602866700,590
1602867600,277
1602868500,266
1602869400,308
1602870300,372
1602871200,371
1602872100,383
1602873000,351
1602873900,339
1602874800,348
1602875700,302
1602876600,344
1602877500,321
1602878400,279
1602879300,209
1602880200,189
1602881100,114
1602882000,106
1602882900,126
1602883800,133
1602884700,97
1602885600,113
1602886500,115
1602887400,109
1602888300,129
1602889200,123
1602890100,109
1602891000,112
1602891900,119
1602892800,134
1602893700,98
1602894600,113
1602895500,115
1602896400,106
1602897300,128
1602898200,118
1602899100,109
1602900000,113
1602900900,109
1602901800,174
1602902700,103
1602903600,106
1602904500,111
1602905400,112
1602906300,125
1602907200,110
1602908100,168
1602909000,249
1602909900,275
1602910800,317
1602911700,693
1602912600,1342
1602913500,813
1602914400,610
1602915300,306
1602916200,322
1602917100,350
1602918000,787
1602918900,560
1602919800,554
1602920700,362
1602921600,829
1602922500,413
1602923400,278
1602924300,323
1602925200,674
1602926100,654
1602927000,426
1602927900,297
1602928800,308
1602929700,397
1602930600,274
1602931500,261
1602932400,245
1602933300,311
1602934200,221
1602935100,243
1602936000,259
1602936900,256
1602937800,1065
1602938700,953
1602939600,832
1602940500,792
1602941400,373
1602942300,328
1602943200,264
1602944100,252
1602945000,255
1602945900,1037
1602946800,507
1602947700,284
1602948600,368
1602949500,847
1602950400,758
1602951300,855
1602952200,973
1602953100,1262
1602954000,1041
1602954900,743
1602955800,485
1602956700,379
1602957600,360
1602958500,380
1602959400,640
1602960300,753
1602961200,569
1602962100,291
1602963000,272
1602963900,269
1602964800,250
1602965700,213
1602966600,155
1602967500,146
1602968400,139
1602969300,139
1602970200,113
1602971100,118
1602972000,98
1602972900,106
1602973800,121
1602974700,106
1602975600,99
1602976500,104
1602977400,134
1602978300,124
1602979200,99
1602980100,113
1602981000,104
1602981900,99
1602982800,129
1602983700,117
1602984600,101
1602985500,101
1602986400,143
1602987300,138
1602988200,100
1602989100,97
1602990000,120
1602990900,96
1602991800,128
1602992700,128
1602993600,179
1602994500,524
1602995400,244
1602996300,250
1602997200,201
1602998100,237
1602999000,802
1602999900,636
1603000800,705
1603001700,633
1603002600,471
1603003500,496
1603004400,512
1603005300,468
1603006200,366
1603007100,401
1603008000,409
1603008900,422
1603009800,666
1603010700,1759
1603011600,2114
1603012500,1884
1603013400,1081
1603014300,1336
1603015200,1287
1603016100,921
1603017000,850
1603017900,507
1603018800,338
1603019700,237
1603020600,251
1603021500,206
1603022400,180
1603023300,354
1603024200,224
1603025100,201
1603026000,216
1603026900,247
1603027800,679
1603028700,406
1603029600,403
1603030500,385
1603031400,821
1603032300,377
1603033200,265
1603034100,282
1603035000,256
1603035900,257
1603036800,339
1603037700,351
1603038600,331
1603039500,300
1603040400,696
1603041300,956
1603042200,885
1603043100,828
1603044000,513
1603044900,354
1603045800,355
1603046700,344
1603047600,309
1603048500,295
1603049400,301
1603050300,247
1603051200,213
1603052100,257
1603053000,210
1603053900,134
1603054800,178
1603055700,150
1603056600,129
1603057500,114
1603058400,136
1603059300,148
1603060200,117
1603061100,133
1603062000,130
1603062900,122
1603063800,149
1603064700,145
1603065600,104
1603066500,103
1603067400,114
1603068300,142
1603069200,116
1603070100,111
1603071000,126
1603071900,122
1603072800,138
1603073700,146
1603074600,114
1603075500,108
1603076400,109
1603077300,147
1603078200,144
1603079100,166
1603080000,597
1603080900,286
1603081800,196
1603082700,230
1603083600,284
1603084500,187
1603085400,122
1603086300,148
1603087200,132
1603088100,121
1603089000,165
1603089900,199
1603090800,205
1603091700,183
1603092600,194
1603093500,549
1603094400,438
1603095300,449
1603096200,580
1603097100,649
1603098000,916
1603098900,858
1603099800,605
1603100700,441
1603101600,263
1603102500,271
1603103400,208
1603104300,230
1603105200,480
1603106100,236
1603107000,210
1603107900,233
1603108800,207
1603109700,201
1603110600,187
1603111500,242
1603112400,746
1603113300,880
1603114200,1340
1603115100,1001
1603116000,1024
1603116900,359
1603117800,315
1603118700,285
1603119600,284
1603120500,318
1603121400,286
1603122300,847
1603123200,1059
1603124100,562
1603125000,736
1603125900,451
1603126800,401
1603127700,364
1603128600,378
1603129500,454
1603130400,461
1603131300,407
1603132200,429
1603133100,443
1603134000,395
1603134900,356
1603135800,359
1603136700,388
1603137600,562
1603138500,273
1603139400,364
1603140300,137
1603141200,635
1603142100,329
1603143000,141
1603143900,121
1603144800,105
1603145700,151
1603146600,112
1603147500,103
1603148400,119
1603149300,122
1603150200,131
1603151100,115
1603152000,124
1603152900,125
1603153800,118
1603154700,124
1603155600,147
1603156500,103
1603157400,112
1603158300,114
1603159200,124
1603160100,124
1603161000,107
1603161900,139
1603162800,133
1603163700,259
1603164600,173
1603165500,196
1603166400,365
1603167300,341
1603168200,208
1603169100,377
1603170000,317
1603170900,207
1603171800,183
1603172700,153
1603173600,176
1603174500,163
1603175400,155
1603176300,146
1603177200,163
1603178100,200
1603179000,162
1603179900,223
1603180800,164
1603181700,172
1603182600,176
1603183500,161
1603184400,160
1603185300,138
1603186200,141
1603187100,166
1603188000,203
1603188900,320
1603189800,583
1603190700,541
1603191600,806
1603192500,487
1603193400,411
1603194300,572
1603195200,1116
1603196100,546
1603197000,457
1603197900,274
1603198800,215
1603199700,197
1603200600,210
1603201500,189
1603202400,159
1603203300,190
1603204200,176
1603205100,169
1603206000,185
1603206900,242
1603207800,215
1603208700,253
1603209600,524
1603210500,716
1603211400,600
1603212300,361
1603213200,625
1603214100,820
1603215000,389
1603215900,400
1603216800,412
1603217700,395
1603218600,381
1603219500,406
1603220400,400
1603221300,398
1603222200,411
1603223100,415
1603224000,415
1603224900,331
1603225800,315
1603226700,381
1603227600,362
1603228500,315
1603229400,329
1603230300,157
1603231200,111
1603232100,115
1603233000,129
1603233900,142
1603234800,116
1603235700,134
1603236600,126
1603237500,126
1603238400,131
1603239300,144
1603240200,108
1603241100,113
1603242000,128
1603242900,129
1603243800,127
1603244700,118
1603245600,129
1603246500,125
1603247400,126
1603248300,276
1603249200,168
1603250100,119
1603251000,130
1603251900,191
1603252800,399
1603253700,374
1603254600,234
1603255500,244
1603256400,175
1603257300,180
1603258200,232
1603259100,226
1603260000,243
1603260900,278
1603261800,327
1603262700,291
1603263600,279
1603264500,236
1603265400,220
1603266300,211
1603267200,216
1603268100,317
1603269000,197
1603269900,190
1603270800,363
1603271700,856
1603272600,1264
1603273500,897
1603274400,641
1603275300,402
1603276200,223
1603277100,200
1603278000,231
1603278900,207
1603279800,210
1603280700,232
1603281600,452
1603282500,630
1603283400,430
1603284300,218
1603285200,479
1603286100,616
1603287000,187
1603287900,203
1603288800,163
1603289700,201
1603290600,273
1603291500,230
1603292400,245
1603293300,280
1603294200,258
1603295100,276
1603296000,279
1603296900,334
1603297800,304
1603298700,368
1603299600,925
1603300500,517
1603301400,364
1603302300,371
1603303200,417
1603304100,356
1603305000,323
1603305900,280
1603306800,303
1603307700,334
1603308600,328
1603309500,317
1603310400,288
1603311300,113
1603312200,124
1603313100,165
1603314000,113
1603314900,126
1603315800,128
1603316700,147
1603317600,158
1603318500,114
1603319400,133
1603320300,122
1603321200,119
1603322100,145
1603323000,133
1603323900,124
1603324800,105
1603325700,129
1603326600,157
1603327500,126
1603328400,118
1603329300,124
1603330200,100
1603331100,122
1603332000,117
1603332900,115
1603333800,105
1603334700,253
1603335600,179
1603336500,145
1603337400,137
1603338300,188
1603339200,268
1603340100,660
1603341000,632
1603341900,324
1603342800,236
1603343700,197
1603344600,189
1603345500,238
1603346400,229
1603347300,273
1603348200,761
1603349100,437
1603350000,406
1603350900,299
1603351800,835
1603352700,468
1603353600,305
1603354500,298
1603355400,299
1603356300,274
1603357200,520
1603358100,1084
1603359000,876
1603359900,891
1603360800,1219
1603361700,1009
1603362600,919
1603363500,1521
1603364400,1479
1603365300,310
1603366200,258
1603367100,257
1603368000,222
1603368900,244
1603369800,301
1603370700,159
1603371600,158
1603372500,205
1603373400,245
1603374300,187
1603375200,205
1603376100,292
1603377000,433
1603377900,616
1603378800,645
1603379700,563
1603380600,277
1603381500,522
1603382400,965
1603383300,1090
1603384200,1094
1603385100,833
1603386000,788
1603386900,365
1603387800,365
1603388700,403
1603389600,385
1603390500,322
1603391400,332
1603392300,339
1603393200,370
1603394100,312
1603395000,329
1603395900,299
1603396800,254
1603397700,174
1603398600,150
1603399500,133
1603400400,121
1603401300,151
1603402200,129
1603403100,112
1603404000,119
1603404900,141
1603405800,142
1603406700,123
1603407600,129
1603408500,145
1603409400,109
1603410300,140
1603411200,133
1603412100,113
1603413000,120
1603413900,108
1603414800,166
1603415700,121
1603416600,115
1603417500,141
1603418400,138
1603419300,145
1603420200,123
1603421100,283
1603422000,124
1603422900,117
1603423800,148
1603424700,455
1603425600,466
1603426500,571
1603427400,1097
1603428300,928
1603429200,734
1603430100,692
1603431000,708
1603431900,458
1603432800,261
1603433700,655
1603434600,465
1603435500,478
1603436400,322
1603437300,806
1603438200,674
1603439100,1176
1603440000,1150
1603440900,752
1603441800,726
1603442700,513
1603443600,253
1603444500,291
1603445400,330
1603446300,261
1603447200,314
1603448100,716
1603449000,1448
1603449900,497
1603450800,314
1603451700,274
1603452600,325
1603453500,830
1603454400,444
1603455300,413
1603456200,508
1603457100,921
1603458000,322
1603458900,308
1603459800,343
1603460700,321
1603461600,307
1603462500,293
1603463400,303
1603464300,315
1603465200,295
1603466100,751
1603467000,927
1603467900,2048
1603468800,1642
1603469700,974
1603470600,877
1603471500,826
1603472400,847
1603473300,843
1603474200,382
1603475100,261
1603476000,299
1603476900,276
1603477800,324
1603478700,290
1603479600,319
1603480500,564
1603481400,714
1603482300,676
1603483200,295
1603484100,640
1603485000,703
1603485900,324
1603486800,152
1603487700,121
1603488600,206
1603489500,113
1603490400,110
1603491300,144
1603492200,114
1603493100,113
1603494000,116
1603494900,135
1603495800,126
1603496700,118
1603497600,110
1603498500,115
1603499400,103
1603500300,130
1603501200,137
1603502100,102
1603503000,120
1603503900,120
1603504800,139
1603505700,117
1603506600,94
1603507500,111
1603508400,89
1603509300,108
1603510200,122
1603511100,111
1603512000,109
1603512900,104
1603513800,150
1603514700,205
1603515600,125
1603516500,133
1603517400,287
1603518300,1273
1603519200,1101
1603520100,763
1603521000,564
1603521900,372
1603522800,1064
1603523700,1105
1603524600,1065
1603525500,496
1603526400,583
1603527300,910
1603528200,337
1603529100,260
1603530000,599
1603530900,327
1603531800,279
1603532700,350
1603533600,435
1603534500,655
1603535400,541
1603536300,528
1603537200,840
1603538100,766
1603539000,792
1603539900,770
1603540800,305
1603541700,333
1603542600,321
1603543500,258
1603544400,281
1603545300,469
1603546200,423
1603547100,422
1603548000,285
1603548900,294
1603549800,270
1603550700,963
1603551600,789
1603552500,714
1603553400,335
1603554300,678
1603555200,1272
1603556100,860
1603557000,797
1603557900,482
1603558800,371
1603559700,372
1603560600,367
1603561500,470
1603562400,422
1603563300,437
1603564200,584
1603565100,812
1603566000,593
1603566900,395
1603567800,741
1603568700,647
1603569600,318
1603570500,349
1603571400,276
1603572300,164
1603573200,210
1603574100,157
1603575000,137
1603575900,129
1603576800,149
1603577700,139
1603578600,138
1603579500,138
1603580400,132
1603581300,114
1603582200,114
1603583100,152
1603584000,123
1603584900,125
1603585800,128
1603586700,148
1603587600,133
1603588500,137
1603589400,129
1603590300,129
1603591200,116
1603592100,132
1603593000,158
1603593900,125
1603594800,135
1603595700,137
1603596600,138
1603597500,145
1603598400,117
1603599300,140
1603600200,136
1603601100,201
1603602000,250
1603602900,591
1603603800,206
1603604700,141
1603605600,172
1603606500,181
1603607400,365
1603608300,687
1603609200,775
1603610100,750
1603611000,380
1603611900,258
1603612800,240
1603613700,238
1603614600,258
1603615500,264
1603616400,219
1603617300,210
1603618200,365
1603619100,1304
1603620000,1418
1603620900,1056
1603621800,638
1603622700,726
1603623600,610
1603624500,332
1603625400,248
1603626300,244
1603627200,227
1603628100,319
1603629000,260
1603629900,284
1603630800,590
1603631700,341
1603632600,288
1603633500,158
1603634400,711
1603635300,170
1603636200,115
1603637100,94
1603638000,109
1603638900,108
1603639800,72
1603640700,84
1603641600,86
1603642500,87
1603643400,103
1603644300,177
1603645200,271
1603646100,297
1603647000,390
1603647900,337
1603648800,349
1603649700,342
1603650600,389
1603651500,330
1603652400,362
1603653300,374
1603654200,398
1603655100,380
1603656000,364
1603656900,399
1603657800,425
1603658700,287
1603659600,133
1603660500,128
1603661400,134
1603662300,132
1603663200,141
1603664100,109
1603665000,109
1603665900,126
1603666800,148
1603667700,109
1603668600,112
1603669500,122
1603670400,139
1603671300,142
1603672200,103
1603673100,150
1603674000,119
1603674900,127
1603675800,141
1603676700,118
1603677600,93
1603678500,100
1603679400,129
1603680300,140
1603681200,104
1603682100,101
1603683000,137
1603683900,154
1603684800,136
1603685700,134
1603686600,134
1603687500,375
1603688400,479
1603689300,282
1603690200,221
1603691100,209
1603692000,166
1603692900,183
1603693800,249
1603694700,1087
1603695600,881
1603696500,856
1603697400,659
1603698300,1123
1603699200,1173
1603700100,1004
1603701000,680
1603701900,632
1603702800,240
1603703700,229
1603704600,234
1603705500,213
1603706400,153
1603707300,187
1603708200,196
1603709100,160
1603710000,183
1603710900,187
1603711800,204
1603712700,1059
1603713600,584
1603714500,559
1603715400,297
1603716300,190
1603717200,170
1603718100,177
1603719000,154
1603719900,188
1603720800,681
1603721700,347
1603722600,352
1603723500,342
1603724400,745
1603725300,570
1603726200,1176
1603727100,946
1603728000,824
1603728900,822
1603729800,380
1603730700,289
1603731600,360
1603732500,447
1603733400,324
1603734300,341
1603735200,517
1603736100,786
1603737000,928
1603737900,978
1603738800,964
1603739700,1025
1603740600,651
1603741500,381
1603742400,402
1603743300,415
1603744200,422
1603745100,384
1603746000,382
1603746900,313
1603747800,296
1603748700,299
1603749600,279
1603750500,173
1603751400,153
1603752300,187
1603753200,174
1603754100,172
1603755000,160
1603755900,186
1603756800,167
1603757700,175
1603758600,166
1603759500,159
1603760400,153
1603761300,172
1603762200,197
1603763100,170
1603764000,158
1603764900,177
1603765800,158
1603766700,183
1603767600,167
1603768500,165
1603769400,166
1603770300,147
1603771200,164
1603772100,118
1603773000,108
1603773900,143
1603774800,480
1603775700,366
1603776600,195
1603777500,206
1603778400,214
1603779300,255
1603780200,272
1603781100,280
1603782000,262
1603782900,246
1603783800,268
1603784700,260
1603785600,235
1603786500,204
1603787400,200
1603788300,193
1603789200,206
1603790100,226
1603791000,178
1603791900,207
1603792800,195
1603793700,540
1603794600,601
1603795500,467
1603796400,803
1603797300,1330
1603798200,1342
1603799100,810
1603800000,396
1603800900,264
1603801800,284
1603802700,241
1603803600,218
1603804500,160
1603805400,175
1603806300,198
1603807200,194
1603808100,243
1603809000,268
1603809900,231
1603810800,393
1603811700,302
1603812600,385
1603813500,601
1603814400,323
1603815300,327
1603816200,293
1603817100,377
1603818000,433
1603818900,633
1603819800,741
1603820700,580
1603821600,431
1603822500,679
1603823400,759
1603824300,336
1603825200,350
1603826100,353
1603827000,343
1603827900,373
1603828800,336
1603829700,393
1603830600,339
1603831500,286
1603832400,277
1603833300,258
1603834200,235
1603835100,583
1603836000,253
1603836900,252
1603837800,268
1603838700,622
1603839600,136
1603840500,192
1603841400,130
1603842300,127
1603843200,133
1603844100,104
1603845000,130
1603845900,160
1603846800,146
1603847700,113
1603848600,113
1603849500,157
1603850400,139
1603851300,150
1603852200,143
1603853100,101
1603854000,133
1603854900,152
1603855800,155
1603856700,317
1603857600,128
1603858500,169
1603859400,123
1603860300,165
1603861200,713
1603862100,746
1603863000,639
1603863900,751
1603864800,694
1603865700,616
1603866600,628
1603867500,226
1603868400,222
1603869300,231
1603870200,193
1603871100,287
1603872000,656
1603872900,304
1603873800,232
1603874700,363
1603875600,719
1603876500,261
1603877400,261
1603878300,211
1603879200,214
1603880100,571
1603881000,583
1603881900,563
1603882800,560
1603883700,214
1603884600,583
1603885500,808
1603886400,435
1603887300,282
1603888200,448
1603889100,1085
1603890000,806
1603890900,409
1603891800,315
1603892700,269
1603893600,249
1603894500,248
1603895400,248
1603896300,383
1603897200,277
1603898100,265
1603899000,441
1603899900,373
1603900800,306
1603901700,276
1603902600,327
1603903500,351
1603904400,329
1603905300,367
1603906200,326
1603907100,385
1603908000,337
1603908900,359
1603909800,804
1603910700,502
1603911600,484
1603912500,328
1603913400,318
1603914300,318
1603915200,300
1603916100,353
1603917000,318
1603917900,277
1603918800,220
1603919700,159
1603920600,180
1603921500,111
1603922400,131
1603923300,122
1603924200,138
1603925100,126
1603926000,132
1603926900,114
1603927800,110
1603928700,153
1603929600,115
1603930500,100
1603931400,131
1603932300,109
1603933200,147
1603934100,128
1603935000,119
1603935900,113
1603936800,101
1603937700,155
1603938600,115
1603939500,98
1603940400,102
1603941300,108
1603942200,128
1603943100,328
1603944000,152
1603944900,127
1603945800,136
1603946700,196
1603947600,543
1603948500,983
1603949400,1004
1603950300,809
1603951200,731
1603952100,998
1603953000,459
1603953900,394
1603954800,345
1603955700,454
1603956600,721
1603957500,428
1603958400,473
1603959300,272
1603960200,748
1603961100,498
1603962000,261
1603962900,271
1603963800,281
1603964700,216
1603965600,223
1603966500,234
1603967400,212
1603968300,344
1603969200,564
1603970100,878
1603971000,266
1603971900,325
1603972800,358
1603973700,286
1603974600,242
1603975500,260
1603976400,228
1603977300,246
1603978200,258
1603979100,322
1603980000,377
1603980900,216
1603981800,226
1603982700,231
1603983600,236
1603984500,243
1603985400,260
1603986300,351
1603987200,325
1603988100,321
1603989000,307
1603989900,364
1603990800,426
1603991700,423
1603992600,468
1603993500,401
1603994400,378
1603995300,343
1603996200,488
1603997100,381
1603998000,351
1603998900,379
1603999800,432
1604000700,324
1604001600,340
1604002500,320
1604003400,301
1604004300,263
1604005200,272
1604006100,216
1604007000,99
1604007900,145
1604008800,135
1604009700,143
1604010600,105
1604011500,101
1604012400,134
1604013300,105
1604014200,124
1604015100,112
1604016000,107
1604016900,99
1604017800,95
1604018700,143
1604019600,101
1604020500,102
1604021400,125
1604022300,125
1604023200,142
1604024100,123
1604025000,123
1604025900,113
1604026800,109
1604027700,156
1604028600,126
1604029500,181
1604030400,142
1604031300,146
1604032200,167
1604033100,153
1604034000,459
1604034900,1378
1604035800,979
1604036700,817
1604037600,435
1604038500,451
1604039400,682
1604040300,789
1604041200,813
1604042100,813
1604043000,819
1604043900,313
1604044800,369
1604045700,305
1604046600,417
1604047500,832
1604048400,274
1604049300,281
1604050200,361
1604051100,415
1604052000,604
1604052900,274
1604053800,263
1604054700,666
1604055600,727
1604056500,1019
1604057400,710
1604058300,325
1604059200,293
1604060100,257
1604061000,267
1604061900,285
1604062800,307
1604063700,241
1604064600,269
1604065500,236
1604066400,224
1604067300,632
1604068200,1140
1604069100,818
1604070000,757
1604070900,735
1604071800,735
1604072700,595
1604073600,320
1604074500,305
1604075400,292
1604076300,352
1604077200,293
1604078100,313
1604079000,731
1604079900,807
1604080800,600
1604081700,524
1604082600,716
1604083500,717
1604084400,381
1604085300,318
1604086200,294
1604087100,282
1604088000,269
1604088900,303
1604089800,292
1604090700,302
1604091600,315
1604092500,227
1604093400,195
1604094300,154
1604095200,145
1604096100,114
1604097000,95
1604097900,108
1604098800,120
1604099700,94
1604100600,108
1604101500,102
1604102400,96
1604103300,129
1604104200,130
1604105100,102
1604106000,102
1604106900,112
1604107800,128
1604108700,97
1604109600,105
1604110500,123
1604111400,101
1604112300,124
1604113200,131
1604114100,110
1604115000,103
1604115900,94
1604116800,149
1604117700,101
1604118600,112
1604119500,139
1604120400,111
1604121300,151
1604122200,183
1604123100,192
1604124000,162
1604124900,146
1604125800,329
1604126700,210
1604127600,358
1604128500,141
1604129400,197
1604130300,282
1604131200,613
1604132100,1184
1604133000,829
1604133900,659
1604134800,623
1604135700,471
1604136600,258
1604137500,245
1604138400,290
1604139300,801
1604140200,787
1604141100,506
1604142000,598
1604142900,446
1604143800,468
1604144700,603
1604145600,509
1604146500,369
1604147400,195
1604148300,218
1604149200,268
1604150100,214
1604151000,861
1604151900,859
1604152800,403
1604153700,491
1604154600,893
1604155500,526
1604156400,231
1604157300,317
1604158200,309
1604159100,295
1604160000,297
1604160900,298
1604161800,309
1604162700,301
1604163600,323
1604164500,323
1604165400,307
1604166300,392
1604167200,850
1604168100,527
1604169000,449
1604169900,555
1604170800,836
1604171700,373
1604172600,339
1604173500,366
1604174400,339
1604175300,346
1604176200,261
1604177100,179
1604178000,108
1604178900,119
1604179800,192
1604180700,151
1604181600,120
1604182500,120
1604183400,137
1604184300,129
1604185200,126
1604186100,131
1604187000,121
1604187900,118
1604188800,133
1604189700,161
1604190600,101
1604191500,112
1604192400,115
1604193300,141
1604194200,132
1604195100,103
1604196000,135
1604196900,111
1604197800,129
1604198700,139
1604199600,137
1604200500,114
1604201400,102
1604202300,130
1604203200,117
1604204100,98
1604205000,99
1604205900,117
1604206800,183
1604207700,623
1604208600,177
1604209500,169
1604210400,140
1604211300,187
1604212200,215
1604213100,201
1604214000,183
1604214900,226
1604215800,240
1604216700,254
1604217600,222
1604218500,220
1604219400,271
1604220300,265
1604221200,572
1604222100,1075
1604223000,849
1604223900,642
1604224800,885
1604225700,1248
1604226600,774
1604227500,645
1604228400,413
1604229300,309
1604230200,233
1604231100,159
1604232000,188
1604232900,235
1604233800,251
1604234700,243
1604235600,179
1604236500,96
1604237400,99
1604238300,153
1604239200,115
1604240100,118
1604241000,212
1604241900,157
1604242800,123
1604243700,161
1604244600,138
1604245500,121
1604246400,142
1604247300,214
1604248200,151
1604249100,145
1604250000,165
1604250900,204
1604251800,306
1604252700,350
1604253600,446
1604254500,338
1604255400,273
1604256300,296
1604257200,297
1604258100,324
1604259000,402
1604259900,337
1604260800,310
1604261700,304
1604262600,296
1604263500,211
1604264400,143
1604265300,126
1604266200,144
1604267100,137
1604268000,123
1604268900,121
1604269800,108
1604270700,114
1604271600,148
1604272500,108
1604273400,108
1604274300,103
1604275200,148
1604276100,137
1604277000,116
1604277900,108
1604278800,130
1604279700,105
1604280600,137
1604281500,118
1604282400,119
1604283300,100
1604284200,116
1604285100,163
1604286000,120
1604286900,104
1604287800,121
1604288700,153
1604289600,129
1604290500,108
1604291400,121
1604292300,104
1604293200,139
1604294100,212
1604295000,234
1604295900,274
1604296800,292
1604297700,238
1604298600,250
1604299500,240
1604300400,240
1604301300,404
1604302200,721
1604303100,576
1604304000,654
1604304900,916
1604305800,759
1604306700,359
1604307600,334
1604308500,342
1604309400,372
1604310300,406
1604311200,312
1604312100,307
1604313000,329
1604313900,1012
1604314800,944
1604315700,837
1604316600,631
1604317500,641
1604318400,320
1604319300,583
1604320200,737
1604321100,665
1604322000,293
1604322900,296
1604323800,313
1604324700,325
1604325600,349
1604326500,336
1604327400,355
1604328300,344
1604329200,404
1604330100,491
1604331000,386
1604331900,281
1604332800,274
1604333700,325
1604334600,296
1604335500,347
1604336400,343
1604337300,336
1604338200,283
1604339100,343
1604340000,393
1604340900,607
1604341800,724
1604342700,565
1604343600,359
1604344500,944
1604345400,678
1604346300,338
1604347200,308
1604348100,326
1604349000,321
1604349900,354
1604350800,320
1604351700,270
1604352600,257
1604353500,234
1604354400,240
1604355300,238
1604356200,189
1604357100,115
1604358000,104
1604358900,131
1604359800,152
1604360700,96
1604361600,106
1604362500,123
1604363400,106
1604364300,135
1604365200,114
1604366100,155
1604367000,143
1604367900,135
1604368800,130
1604369700,174
1604370600,130
1604371500,127
1604372400,131
1604373300,146
1604374200,144
1604375100,148
1604376000,128
1604376900,122
1604377800,97
1604378700,104
1604379600,176
1604380500,165
1604381400,151
1604382300,170
1604383200,164
1604384100,200
1604385000,427
1604385900,211
1604386800,168
1604387700,193
1604388600,454
1604389500,1082
1604390400,1175
1604391300,821
1604392200,545
1604393100,326
1604394000,374
1604394900,435
1604395800,439
1604396700,432
1604397600,802
1604398500,540
1604399400,1429
1604400300,1700
1604401200,1308
1604402100,1013
1604403000,1469
1604403900,1064
1604404800,830
1604405700,784
1604406600,469
1604407500,299
1604408400,267
1604409300,314
1604410200,268
1604411100,255
1604412000,287
1604412900,313
1604413800,246
1604414700,165
1604415600,171
1604416500,161
1604417400,156
1604418300,163
1604419200,345
1604420100,783
1604421000,1036
1604421900,1090
1604422800,433
1604423700,347
1604424600,382
1604425500,722
1604426400,553
1604427300,769
1604428200,631
1604429100,419
1604430000,813
1604430900,687
1604431800,314
1604432700,295
1604433600,321
1604434500,324
1604435400,367
1604436300,333
1604437200,287
1604438100,307
1604439000,316
1604439900,243
1604440800,249
1604441700,229
1604442600,232
1604443500,241
1604444400,237
1604445300,161
1604446200,102
1604447100,98
1604448000,109
1604448900,135
1604449800,96
1604450700,103
1604451600,123
1604452500,114
1604453400,134
1604454300,125
1604455200,134
1604456100,103
1604457000,99
1604457900,111
1604458800,152
1604459700,103
1604460600,113
1604461500,135
1604462400,122
1604463300,134
1604464200,131
1604465100,151
1604466000,127
1604466900,130
1604467800,154
1604468700,486
1604469600,204
1604470500,213
1604471400,233
1604472300,245
1604473200,426
1604474100,710
1604475000,364
1604475900,840
1604476800,985
1604477700,1079
1604478600,928
1604479500,367
1604480400,426
1604481300,337
1604482200,370
1604483100,472
1604484000,720
1604484900,725
1604485800,784
1604486700,805
1604487600,791
1604488500,759
1604489400,555
1604490300,428
1604491200,222
1604492100,238
1604493000,258
1604493900,216
1604494800,226
1604495700,194
1604496600,185
1604497500,188
1604498400,233
1604499300,172
1604500200,180
1604501100,289
1604502000,264
1604502900,244
1604503800,214
1604504700,252
1604505600,276
1604506500,270
1604507400,314
1604508300,323
1604509200,507
1604510100,796
1604511000,606
1604511900,443
1604512800,616
1604513700,900
1604514600,516
1604515500,412
1604516400,402
1604517300,408
1604518200,438
1604519100,411
1604520000,366
1604520900,361
1604521800,436
1604522700,382
1604523600,370
1604524500,342
1604525400,294
1604526300,327
1604527200,263
1604528100,203
1604529000,106
1604529900,100
1604530800,109
1604531700,124
1604532600,125
1604533500,117
1604534400,117
1604535300,122
1604536200,120
1604537100,120
1604538000,163
1604538900,110
1604539800,111
1604540700,121
1604541600,127
1604542500,130
1604543400,116
1604544300,109
1604545200,127
1604546100,108
1604547000,136
1604547900,175
1604548800,117
1604549700,107
1604550600,102
1604551500,123
1604552400,127
1604553300,227
1604554200,300
1604555100,195
1604556000,184
1604556900,442
1604557800,557
1604558700,959
1604559600,882
1604560500,354
1604561400,366
1604562300,330
1604563200,322
1604564100,299
1604565000,296
1604565900,384
1604566800,603
1604567700,1213
1604568600,764
1604569500,700
1604570400,318
1604571300,349
1604572200,588
1604573100,584
1604574000,464
1604574900,491
1604575800,1023
1604576700,1416
1604577600,917
1604578500,740
1604579400,712
1604580300,562
1604581200,526
1604582100,538
1604583000,468
1604583900,247
1604584800,260
1604585700,217
1604586600,254
1604587500,279
1604588400,287
1604589300,352
1604590200,273
1604591100,383
1604592000,373
1604592900,401
1604593800,331
1604594700,489
1604595600,555
1604596500,571
1604597400,598
1604598300,527
1604599200,489
1604600100,481
1604601000,536
1604601900,831
1604602800,1327
1604603700,1191
1604604600,938
1604605500,941
1604606400,730
1604607300,480
1604608200,425
1604609100,454
1604610000,409
1604610900,710
1604611800,380
1604612700,467
1604613600,359
1604614500,224
1604615400,224
1604616300,143
1604617200,139
1604618100,101
1604619000,99
1604619900,107
1604620800,130
1604621700,155
1604622600,130
1604623500,132
1604624400,136
1604625300,116
1604626200,147
1604627100,146
1604628000,114
1604628900,115
1604629800,122
1604630700,145
1604631600,155
1604632500,113
1604633400,147
1604634300,126
1604635200,114
1604636100,133
1604637000,139
1604637900,120
1604638800,105
1604639700,197
1604640600,284
1604641500,236
1604642400,174
1604643300,171
1604644200,140
1604645100,142
1604646000,182
1604646900,226
1604647800,235
1604648700,215
1604649600,223
1604650500,259
1604651400,251
1604652300,228
1604653200,234
1604654100,218
1604655000,215
1604655900,237
1604656800,274
1604657700,1514
1604658600,1869
1604659500,1388
1604660400,1210
1604661300,1360
1604662200,782
1604663100,285
1604664000,271
1604664900,229
1604665800,225
1604666700,239
1604667600,192
1604668500,189
1604669400,174
1604670300,189
1604671200,196
1604672100,178
1604673000,186
1604673900,188
1604674800,205
1604675700,253
1604676600,240
1604677500,227
1604678400,292
1604679300,451
1604680200,486
1604681100,428
1604682000,424
1604682900,410
1604683800,457
1604684700,501
1604685600,432
1604686500,477
1604687400,630
1604688300,493
1604689200,496
1604690100,550
1604691000,540
1604691900,492
1604692800,492
1604693700,509
1604694600,481
1604695500,522
1604696400,499
1604697300,322
1604698200,295
1604699100,280
1604700000,333
1604700900,315
1604701800,200
1604702700,113
1604703600,127
1604704500,108
1604705400,127
1604706300,131
1604707200,119
1604708100,113
1604709000,114
1604709900,148
1604710800,127
1604711700,112
1604712600,99
1604713500,133
1604714400,103
1604715300,136
1604716200,110
1604717100,131
1604718000,113
1604718900,117
1604719800,125
1604720700,135
1604721600,101
1604722500,108
1604723400,140
1604724300,138
1604725200,152
1604726100,135
1604727000,179
1604727900,184
1604728800,300
1604729700,180
1604730600,198
1604731500,228
1604732400,416
1604733300,215
1604734200,225
1604735100,307
1604736000,282
1604736900,379
1604737800,300
1604738700,276
1604739600,282
1604740500,339
1604741400,434
1604742300,828
1604743200,495
1604744100,369
1604745000,433
1604745900,1289
1604746800,503
1604747700,586
1604748600,392
1604749500,263
1604750400,244
1604751300,270
1604752200,281
1604753100,271
1604754000,311
1604754900,278
1604755800,254
1604756700,257
1604757600,245
1604758500,280
1604759400,300
1604760300,258
1604761200,232
1604762100,288
1604763000,292
1604763900,280
1604764800,308
1604765700,350
1604766600,344
1604767500,333
1604768400,337
1604769300,328
1604770200,353
1604771100,558
1604772000,317
1604772900,322
1604773800,340
1604774700,354
1604775600,390
1604776500,406
1604777400,401
1604778300,365
1604779200,344
1604780100,370
1604781000,356
1604781900,364
1604782800,355
1604783700,336
1604784600,310
1604785500,227
1604786400,213
1604787300,165
1604788200,123
1604789100,138
1604790000,150
1604790900,140
1604791800,150
1604792700,157
1604793600,132
1604794500,132
1604795400,126
1604796300,173
1604797200,160
1604798100,143
1604799000,127
1604799900,152
1604800800,129
1604801700,160
1604802600,134
1604803500,158
1604804400,128
1604805300,145
1604806200,154
1604807100,156
1604808000,113
1604808900,127
1604809800,129
1604810700,139
1604811600,223
1604812500,640
1604813400,330
1604814300,717
1604815200,546
1604816100,529
1604817000,283
1604817900,676
1604818800,586
1604819700,542
1604820600,713
1604821500,385
1604822400,315
1604823300,335
1604824200,299
1604825100,342
1604826000,956
1604826900,489
1604827800,472
1604828700,395
1604829600,908
1604830500,1410
1604831400,1105
1604832300,470
1604833200,394
1604834100,360
1604835000,358
1604835900,353
1604836800,249
1604837700,282
1604838600,279
1604839500,304
1604840400,314
1604841300,306
1604842200,228
1604843100,251
1604844000,236
1604844900,226
1604845800,260
1604846700,250
1604847600,230
1604848500,233
1604849400,244
1604850300,253
1604851200,270
1604852100,322
1604853000,412
1604853900,897
1604854800,583
1604855700,448
1604856600,625
1604857500,883
1604858400,369
1604859300,373
1604860200,422
1604861100,424
1604862000,394
1604862900,412
1604863800,403
1604864700,397
1604865600,553
1604866500,452
1604867400,370
1604868300,327
1604869200,380
1604870100,265
1604871000,158
1604871900,148
1604872800,131
1604873700,100
1604874600,110
1604875500,131
1604876400,117
1604877300,105
1604878200,114
1604879100,119
1604880000,138
1604880900,103
1604881800,100
1604882700,115
1604883600,104
1604884500,111
1604885400,136
1604886300,111
1604887200,113
1604888100,99
1604889000,132
1604889900,132
1604890800,101
1604891700,120
1604892600,137
1604893500,105
1604894400,120
1604895300,135
1604896200,124
1604897100,114
1604898000,652
1604898900,278
1604899800,214
1604900700,243
1604901600,192
1604902500,197
1604903400,239
1604904300,233
1604905200,179
1604906100,218
1604907000,189
1604907900,175
1604908800,198
1604909700,212
1604910600,185
1604911500,200
1604912400,213
1604913300,183
1604914200,223
1604915100,230
1604916000,213
1604916900,174
1604917800,176
1604918700,327
1604919600,220
1604920500,317
1604921400,719
1604922300,347
1604923200,708
1604924100,670
1604925000,723
1604925900,355
1604926800,314
1604927700,253
1604928600,221
1604929500,273
1604930400,233
1604931300,249
1604932200,269
1604933100,254
1604934000,296
1604934900,262
1604935800,305
1604936700,313
1604937600,303
1604938500,365
1604939400,332
1604940300,337
1604941200,330
1604942100,349
1604943000,337
1604943900,347
1604944800,347
1604945700,927
1604946600,1414
1604947500,1105
1604948400,937
1604949300,807
1604950200,731
1604951100,512
1604952000,474
1604952900,432
1604953800,390
1604954700,360
1604955600,376
1604956500,298
1604957400,300
1604958300,172
1604959200,132
1604960100,118
1604961000,116
1604961900,124
1604962800,136
1604963700,115
1604964600,125
1604965500,112
1604966400,116
1604967300,118
1604968200,148
1604969100,102
1604970000,110
1604970900,127
1604971800,111
1604972700,135
1604973600,118
1604974500,127
1604975400,99
1604976300,99
1604977200,147
1604978100,154
1604979000,129
1604979900,167
1604980800,147
1604981700,124
1604982600,149
1604983500,121
1604984400,375
1604985300,564
1604986200,235
1604987100,287
1604988000,252
1604988900,209
1604989800,451
1604990700,647
1604991600,469
1604992500,240
1604993400,499
1604994300,645
1604995200,192
1604996100,196
1604997000,206
1604997900,218
1604998800,200
1604999700,240
1605000600,459
1605001500,478
1605002400,233
1605003300,207
1605004200,196
1605005100,719
1605006000,1153
1605006900,1412
1605007800,834
1605008700,320
1605009600,280
1605010500,296
1605011400,266
1605012300,297
1605013200,485
1605014100,369
1605015000,251
1605015900,239
1605016800,270
1605017700,245
1605018600,227
1605019500,249
1605020400,279
1605021300,280
1605022200,337
1605023100,320
1605024000,431
1605024900,399
1605025800,549
1605026700,887
1605027600,552
1605028500,358
1605029400,453
1605030300,891
1605031200,435
1605032100,671
1605033000,1269
1605033900,1199
1605034800,856
1605035700,763
1605036600,772
1605037500,393
1605038400,521
1605039300,396
1605040200,367
1605041100,296
1605042000,290
1605042900,291
1605043800,258
1605044700,252
1605045600,158
1605046500,172
1605047400,112
1605048300,128
1605049200,110
1605050100,134
1605051000,141
1605051900,111
1605052800,104
1605053700,128
1605054600,108
1605055500,120
1605056400,139
1605057300,116
1605058200,106
1605059100,105
1605060000,123
1605060900,144
1605061800,104
1605062700,111
1605063600,140
1605064500,108
1605065400,140
1605066300,284
1605067200,146
1605068100,131
1605069000,130
1605069900,156
1605070800,223
1605071700,985
1605072600,1110
1605073500,993
1605074400,628
1605075300,575
1605076200,431
1605077100,680
1605078000,421
1605078900,414
1605079800,361
1605080700,771
1605081600,444
1605082500,810
1605083400,686
1605084300,741
1605085200,419
1605086100,307
1605087000,282
1605087900,273
1605088800,569
1605089700,958
1605090600,633
1605091500,314
1605092400,255
1605093300,260
1605094200,226
1605095100,277
1605096000,261
1605096900,301
1605097800,271
1605098700,316
1605099600,323
1605100500,297
1605101400,329
1605102300,792
1605103200,770
1605104100,803
1605105000,827
1605105900,793
1605106800,708
1605107700,378
1605108600,302
1605109500,359
1605110400,323
1605111300,326
1605112200,411
1605113100,466
1605114000,755
1605114900,729
1605115800,796
1605116700,571
1605117600,621
1605118500,451
1605119400,926
1605120300,626
1605121200,377
1605122100,422
1605123000,447
1605123900,378
1605124800,461
1605125700,362
1605126600,376
1605127500,740
1605128400,282
1605129300,307
1605130200,283
1605131100,281
1605132000,290
1605132900,308
1605133800,204
1605134700,117
1605135600,115
1605136500,106
1605137400,107
1605138300,121
1605139200,133
1605140100,127
1605141000,108
1605141900,108
1605142800,113
1605143700,152
1605144600,142
1605145500,123
1605146400,136
1605147300,128
1605148200,138
1605149100,136
1605150000,120
1605150900,124
1605151800,150
1605152700,328
1605153600,171
1605154500,129
1605155400,143
1605156300,135
1605157200,375
1605158100,462
1605159000,229
1605159900,275
1605160800,234
1605161700,244
1605162600,228
1605163500,282
1605164400,270
1605165300,282
1605166200,263
1605167100,268
1605168000,326
1605168900,315
1605169800,293
1605170700,282
1605171600,305
1605172500,278
1605173400,291
1605174300,345
1605175200,318
1605176100,298
1605177000,324
1605177900,1845
1605178800,1395
1605179700,807
1605180600,646
1605181500,608
1605182400,556
1605183300,354
1605184200,796
1605185100,528
1605186000,331
1605186900,363
1605187800,383
1605188700,413
1605189600,348
1605190500,371
1605191400,394
1605192300,398
1605193200,483
1605194100,476
1605195000,401
1605195900,508
1605196800,385
1605197700,355
1605198600,367
1605199500,459
1605200400,575
1605201300,679
1605202200,856
1605203100,785
1605204000,550
1605204900,478
1605205800,574
1605206700,575
1605207600,496
1605208500,482
1605209400,384
1605210300,537
1605211200,422
1605212100,406
1605213000,361
1605213900,425
1605214800,312
1605215700,164
1605216600,143
1605217500,137
1605218400,130
1605219300,132
1605220200,170
1605221100,166
1605222000,130
1605222900,144
1605223800,138
1605224700,126
1605225600,160
1605226500,138
1605227400,124
1605228300,127
1605229200,156
1605230100,145
1605231000,138
1605231900,134
1605232800,128
1605233700,116
1605234600,145
1605235500,152
1605236400,123
1605237300,134
1605238200,154
1605239100,168
1605240000,164
1605240900,290
1605241800,154
1605242700,186
1605243600,827
1605244500,1133
1605245400,699
1605246300,334
1605247200,296
1605248100,295
1605249000,299
1605249900,309
1605250800,294
1605251700,329
1605252600,375
1605253500,740
1605254400,790
1605255300,1312
1605256200,991
1605257100,958
1605258000,719
1605258900,1043
1605259800,549
1605260700,317
1605261600,302
1605262500,301
1605263400,620
1605264300,576
1605265200,696
1605266100,718
1605267000,293
1605267900,301
1605268800,432
1605269700,730
1605270600,573
1605271500,348
1605272400,629
1605273300,711
1605274200,342
1605275100,407
1605276000,445
1605276900,281
1605277800,320
1605278700,319
1605279600,318
1605280500,334
1605281400,304
1605282300,346
1605283200,388
1605284100,407
1605285000,441
1605285900,447
1605286800,804
1605287700,663
1605288600,689
1605289500,431
1605290400,880
1605291300,708
1605292200,441
1605293100,495
1605294000,469
1605294900,453
1605295800,445
1605296700,481
1605297600,537
1605298500,481
1605299400,453
1605300300,458
1605301200,428
1605302100,477
1605303000,446
1605303900,439
1605304800,456
1605305700,437
1605306600,247
1605307500,146
1605308400,138
1605309300,123
1605310200,107
1605311100,124
1605312000,133
1605312900,102
1605313800,126
1605314700,120
1605315600,118
1605316500,149
1605317400,128
1605318300,102
1605319200,115
1605320100,113
1605321000,123
1605321900,124
1605322800,121
1605323700,105
1605324600,114
1605325500,136
1605326400,144
1605327300,100
1605328200,140
1605329100,114
1605330000,107
1605330900,179
1605331800,170
1605332700,166
1605333600,368
1605334500,224
1605335400,327
1605336300,240
1605337200,606
1605338100,602
1605339000,673
1605339900,483
1605340800,216
1605341700,234
1605342600,669
1605343500,386
1605344400,180
1605345300,479
1605346200,555
1605347100,155
1605348000,185
1605348900,622
1605349800,673
1605350700,563
1605351600,449
1605352500,264
1605353400,255
1605354300,247
1605355200,232
1605356100,208
1605357000,282
1605357900,509
1605358800,220
1605359700,260
1605360600,237
1605361500,351
1605362400,529
1605363300,244
1605364200,271
1605365100,301
1605366000,252
1605366900,591
1605367800,342
1605368700,335
1605369600,319
1605370500,295
1605371400,314
1605372300,327
1605373200,293
1605374100,314
1605375000,469
1605375900,384
1605376800,320
1605377700,537
1605378600,374
1605379500,369
1605380400,335
1605381300,383
1605382200,787
1605383100,360
1605384000,343
1605384900,331
1605385800,285
1605386700,288
1605387600,368
1605388500,322
1605389400,301
1605390300,313
1605391200,302
1605392100,306
1605393000,299
1605393900,499
1605394800,656
1605395700,475
1605396600,273
1605397500,515
1605398400,699
1605399300,245
1605400200,223
1605401100,241
1605402000,301
1605402900,314
1605403800,286
1605404700,286
1605405600,289
1605406500,278
1605407400,208
1605408300,156
1605409200,114
1605410100,117
1605411000,140
1605411900,110
1605412800,139
1605413700,147
1605414600,109
1605415500,131
1605416400,172
1605417300,604
1605418200,262
1605419100,215
1605420000,196
1605420900,181
1605421800,247
1605422700,233
1605423600,236
1605424500,225
1605425400,208
1605426300,180
1605427200,192
1605428100,260
1605429000,240
1605429900,223
1605430800,272
1605431700,227
1605432600,222
1605433500,288
1605434400,328
1605435300,966
1605436200,1098
1605437100,838
1605438000,362
1605438900,411
1605439800,245
1605440700,263
1605441600,291
1605442500,297
1605443400,329
1605444300,278
1605445200,286
1605446100,276
1605447000,607
1605447900,422
1605448800,449
1605449700,260
1605450600,790
1605451500,277
1605452400,238
1605453300,318
1605454200,297
1605455100,336
1605456000,552
1605456900,760
1605457800,400
1605458700,384
1605459600,383
1605460500,335
1605461400,385
1605462300,426
1605463200,422
1605464100,421
1605465000,379
1605465900,374
1605466800,421
1605467700,392
1605468600,391
1605469500,406
1605470400,394
1605471300,351
1605472200,422
1605473100,350
1605474000,319
1605474900,152
1605475800,163
1605476700,135
1605477600,117
1605478500,137
1605479400,137
1605480300,120
1605481200,124
1605482100,123
1605483000,117
1605483900,169
1605484800,137
1605485700,104
1605486600,115
1605487500,116
1605488400,103
1605489300,139
1605490200,122
1605491100,109
1605492000,115
1605492900,132
1605493800,124
1605494700,128
1605495600,137
1605496500,105
1605497400,120
1605498300,144
1605499200,126
1605500100,116
1605501000,121
1605501900,178
1605502800,583
1605503700,300
1605504600,242
1605505500,205
1605506400,210
1605507300,180
1605508200,270
1605509100,215
1605510000,230
1605510900,259
1605511800,220
1605512700,209
1605513600,218
1605514500,607
1605515400,484
1605516300,438
1605517200,548
1605518100,1430
1605519000,1373
1605519900,788
1605520800,769
1605521700,796
1605522600,718
1605523500,714
1605524400,640
1605525300,335
1605526200,308
1605527100,550
1605528000,1478
1605528900,926
1605529800,829
1605530700,727
1605531600,416
1605532500,243
1605533400,245
1605534300,256
1605535200,290
1605536100,227
1605537000,247
1605537900,259
1605538800,262
1605539700,357
1605540600,393
1605541500,368
1605542400,543
1605543300,438
1605544200,318
1605545100,359
1605546000,326
1605546900,311
1605547800,304
1605548700,325
1605549600,752
1605550500,665
1605551400,366
1605552300,365
1605553200,329
1605554100,377
1605555000,400
1605555900,348
1605556800,366
1605557700,362
1605558600,298
1605559500,383
1605560400,567
1605561300,606
1605562200,422
1605563100,222
1605564000,592
1605564900,443
1605565800,188
1605566700,108
1605567600,100
1605568500,121
1605569400,127
1605570300,121
1605571200,124
1605572100,110
1605573000,106
1605573900,121
1605574800,143
1605575700,106
1605576600,99
1605577500,115
1605578400,91
1605579300,128
1605580200,137
1605581100,110
1605582000,109
1605582900,105
1605583800,115
1605584700,297
1605585600,171
1605586500,118
1605587400,105
1605588300,205
1605589200,535
1605590100,237
1605591000,197
1605591900,198
1605592800,170
1605593700,575
1605594600,1026
1605595500,1015
1605596400,1358
1605597300,835
1605598200,827
1605599100,733
1605600000,746
1605600900,210
1605601800,152
1605602700,118
1605603600,110
1605604500,148
1605605400,131
1605606300,123
1605607200,128
1605608100,125
1605609000,123
1605609900,162
1605610800,272
1605611700,724
1605612600,623
1605613500,273
1605614400,267
1605615300,289
1605616200,385
1605617100,301
1605618000,655
1605618900,650
1605619800,681
1605620700,215
1605621600,214
1605622500,208
1605623400,213
1605624300,236
1605625200,204
1605626100,215
1605627000,352
1605627900,379
1605628800,328
1605629700,418
1605630600,452
1605631500,486
1605632400,876
1605633300,551
1605634200,513
1605635100,731
1605636000,842
1605636900,358
1605637800,362
1605638700,455
1605639600,592
1605640500,481
1605641400,406
1605642300,403
1605643200,445
1605644100,460
1605645000,425
1605645900,425
1605646800,409
1605647700,401
1605648600,369
1605649500,414
1605650400,415
1605651300,287
1605652200,281
1605653100,164
1605654000,118
1605654900,178
1605655800,101
1605656700,101
1605657600,138
1605658500,124
1605659400,135
1605660300,127
1605661200,107
1605662100,115
1605663000,153
1605663900,164
1605664800,156
1605665700,150
1605666600,132
1605667500,137
1605668400,151
1605669300,162
1605670200,151
1605671100,176
1605672000,154
1605672900,138
1605673800,171
1605674700,172
1605675600,162
1605676500,174
1605677400,257
1605678300,290
1605679200,295
1605680100,1004
1605681000,848
1605681900,688
1605682800,630
1605683700,467
1605684600,328
1605685500,259
1605686400,197
1605687300,198
1605688200,622
1605689100,1146
1605690000,397
1605690900,286
1605691800,273
1605692700,281
1605693600,756
1605694500,692
1605695400,1228
1605696300,981
1605697200,192
1605698100,173
1605699000,199
1605699900,170
1605700800,223
1605701700,176
1605702600,180
1605703500,210
1605704400,170
1605705300,539
1605706200,375
1605707100,285
1605708000,373
1605708900,223
1605709800,180
1605710700,231
1605711600,364
1605712500,711
1605713400,567
1605714300,296
1605715200,479
1605716100,833
1605717000,334
1605717900,324
1605718800,335
1605719700,352
1605720600,284
1605721500,284
1605722400,630
1605723300,1411
1605724200,1428
1605725100,1131
1605726000,817
1605726900,900
1605727800,515
1605728700,409
1605729600,319
1605730500,340
1605731400,305
1605732300,309
1605733200,323
1605734100,270
1605735000,250
1605735900,269
1605736800,248
1605737700,244
1605738600,138
1605739500,200
1605740400,116
1605741300,127
1605742200,138
1605743100,148
1605744000,128
1605744900,142
1605745800,125
1605746700,141
1605747600,149
1605748500,135
1605749400,127
1605750300,131
1605751200,129
1605752100,127
1605753000,176
1605753900,128
1605754800,121
1605755700,143
1605756600,122
1605757500,282
1605758400,184
1605759300,109
1605760200,133
1605761100,200
1605762000,389
1605762900,1048
1605763800,678
1605764700,662
1605765600,647
1605766500,310
1605767400,209
1605768300,185
1605769200,192
1605770100,211
1605771000,245
1605771900,252
1605772800,556
1605773700,509
1605774600,193
1605775500,187
1605776400,186
1605777300,216
1605778200,176
1605779100,159
1605780000,153
1605780900,155
1605781800,262
1605782700,140
1605783600,272
1605784500,1223
1605785400,883
1605786300,562
1605787200,156
1605788100,130
1605789000,111
1605789900,130
1605790800,145
1605791700,135
1605792600,134
1605793500,479
1605794400,988
1605795300,924
1605796200,775
1605797100,701
1605798000,659
1605798900,665
1605799800,747
1605800700,394
1605801600,345
1605802500,340
1605803400,419
1605804300,367
1605805200,317
1605806100,396
1605807000,549
1605807900,650
1605808800,759
1605809700,1100
1605810600,1446
1605811500,1761
1605812400,1164
1605813300,794
1605814200,404
1605815100,334
1605816000,388
1605816900,315
1605817800,303
1605818700,260
1605819600,304
1605820500,266
1605821400,220
1605822300,506
1605823200,315
1605824100,302
1605825000,190
1605825900,681
1605826800,164
1605827700,107
1605828600,145
1605829500,113
1605830400,117
1605831300,156
1605832200,112
1605833100,114
1605834000,142
1605834900,116
1605835800,146
1605836700,147
1605837600,118
1605838500,116
1605839400,113
1605840300,126
1605841200,133
1605842100,124
1605843000,130
1605843900,292
1605844800,156
1605845700,130
1605846600,137
1605847500,138
1605848400,342
1605849300,459
1605850200,188
1605851100,196
1605852000,189
1605852900,439
1605853800,532
1605854700,316
1605855600,212
1605856500,230
1605857400,174
1605858300,197
1605859200,356
1605860100,584
1605861000,290
1605861900,190
1605862800,244
1605863700,654
1605864600,648
1605865500,713
1605866400,716
1605867300,817
1605868200,581
1605869100,250
1605870000,386
1605870900,367
1605871800,220
1605872700,247
1605873600,281
1605874500,274
1605875400,266
1605876300,463
1605877200,689
1605878100,462
1605879000,254
1605879900,527
1605880800,739
1605881700,480
1605882600,440
1605883500,278
1605884400,269
1605885300,438
1605886200,771
1605887100,799
1605888000,794
1605888900,485
1605889800,426
1605890700,455
1605891600,432
1605892500,424
1605893400,487
1605894300,471
1605895200,444
1605896100,470
1605897000,430
1605897900,421
1605898800,437
1605899700,419
1605900600,448
1605901500,467
1605902400,421
1605903300,465
1605904200,617
1605905100,513
1605906000,542
1605906900,391
1605907800,316
1605908700,412
1605909600,265
1605910500,292
1605911400,319
1605912300,247
1605913200,112
1605914100,102
1605915000,115
1605915900,123
1605916800,91
1605917700,129
1605918600,106
1605919500,111
1605920400,137
1605921300,118
1605922200,100
1605923100,123
1605924000,99
1605924900,109
1605925800,147
1605926700,123
1605927600,110
1605928500,121
1605929400,104
1605930300,120
1605931200,132
1605932100,107
1605933000,109
1605933900,155
1605934800,100
1605935700,142
1605936600,141
1605937500,144
1605938400,281
1605939300,221
1605940200,231
1605941100,236
1605942000,461
1605942900,697
1605943800,1253
1605944700,753
1605945600,504
1605946500,966
1605947400,669
1605948300,308
1605949200,349
1605950100,364
1605951000,742
1605951900,737
1605952800,933
1605953700,649
1605954600,807
1605955500,805
1605956400,548
1605957300,231
1605958200,212
1605959100,202
1605960000,190
1605960900,229
1605961800,192
1605962700,280
1605963600,297
1605964500,276
1605965400,312
1605966300,307
1605967200,263
1605968100,276
1605969000,303
1605969900,285
1605970800,318
1605971700,300
1605972600,283
1605973500,314
1605974400,306
1605975300,277
1605976200,288
1605977100,276
1605978000,327
1605978900,346
1605979800,315
1605980700,322
1605981600,297
1605982500,320
1605983400,650
1605984300,270
1605985200,387
1605986100,378
1605987000,367
1605987900,379
1605988800,353
1605989700,337
1605990600,401
1605991500,331
1605992400,250
1605993300,303
1605994200,175
1605995100,150
1605996000,154
1605996900,144
1605997800,117
1605998700,116
1605999600,132
1606000500,136
1606001400,109
1606002300,117
1606003200,102
1606004100,103
1606005000,146
1606005900,133
1606006800,117
1606007700,125
1606008600,105
1606009500,104
1606010400,151
1606011300,112
1606012200,107
1606013100,121
1606014000,109
1606014900,123
1606015800,157
1606016700,109
1606017600,105
1606018500,130
1606019400,108
1606020300,126
1606021200,160
1606022100,570
1606023000,223
1606023900,239
1606024800,252
1606025700,271
1606026600,766
1606027500,1044
1606028400,698
1606029300,704
1606030200,623
1606031100,454
1606032000,305
1606032900,327
1606033800,296
1606034700,303
1606035600,286
1606036500,668
1606037400,540
1606038300,705
1606039200,803
1606040100,1165
1606041000,1105
1606041900,793
1606042800,678
1606043700,1031
1606044600,798
1606045500,289
1606046400,242
1606047300,256
1606048200,258
1606049100,304
1606050000,299
1606050900,265
1606051800,375
1606052700,250
1606053600,368
1606054500,363
1606055400,233
1606056300,217
1606057200,247
1606058100,260
1606059000,284
1606059900,641
1606060800,318
1606061700,332
1606062600,321
1606063500,829
1606064400,523
1606065300,871
1606066200,1432
1606067100,1157
1606068000,475
1606068900,828
1606069800,798
1606070700,499
1606071600,474
1606072500,437
1606073400,380
1606074300,427
1606075200,428
1606076100,426
1606077000,388
1606077900,334
1606078800,352
1606079700,360
1606080600,314
1606081500,298
1606082400,274
1606083300,211
1606084200,160
1606085100,142
1606086000,118
1606086900,121
1606087800,136
1606088700,112
1606089600,117
1606090500,149
1606091400,119
1606092300,104
1606093200,127
1606094100,112
1606095000,131
1606095900,147
1606096800,119
1606097700,97
1606098600,107
1606099500,121
1606100400,110
1606101300,112
1606102200,124
1606103100,131
1606104000,120
1606104900,153
1606105800,107
1606106700,124
1606107600,622
1606108500,352
1606109400,207
1606110300,202
1606111200,204
1606112100,186
1606113000,202
1606113900,209
1606114800,176
1606115700,220
1606116600,176
1606117500,188
1606118400,460
1606119300,554
1606120200,404
1606121100,217
1606122000,795
1606122900,980
1606123800,242
1606124700,205
1606125600,205
1606126500,233
1606127400,234
1606128300,285
1606129200,221
1606130100,170
1606131000,202
1606131900,634
1606132800,506
1606133700,307
1606134600,303
1606135500,240
1606136400,270
1606137300,280
1606138200,261
1606139100,536
1606140000,605
1606140900,524
1606141800,252
1606142700,805
1606143600,402
1606144500,240
1606145400,325
1606146300,840
1606147200,1276
1606148100,1147
1606149000,909
1606149900,413
1606150800,335
1606151700,470
1606152600,402
1606153500,443
1606154400,523
1606155300,1091
1606156200,1290
1606157100,990
1606158000,1150
1606158900,1292
1606159800,838
1606160700,479
1606161600,447
1606162500,382
1606163400,371
1606164300,386
1606165200,294
1606166100,278
1606167000,297
1606167900,201
1606168800,190
1606169700,163
1606170600,116
1606171500,107
1606172400,126
1606173300,131
1606174200,146
1606175100,118
1606176000,112
1606176900,109
1606177800,115
1606178700,145
1606179600,102
1606180500,121
1606181400,119
1606182300,118
1606183200,132
1606184100,121
1606185000,133
1606185900,120
1606186800,156
1606187700,147
1606188600,146
1606189500,328
1606190400,120
1606191300,100
1606192200,134
1606193100,112
1606194000,329
1606194900,924
1606195800,645
1606196700,700
1606197600,458
1606198500,190
1606199400,234
1606200300,201
1606201200,207
1606202100,195
1606203000,193
1606203900,221
1606204800,168
1606205700,152
1606206600,218
1606207500,189
1606208400,167
1606209300,383
1606210200,643
1606211100,433
1606212000,398
1606212900,1108
1606213800,1281
1606214700,710
1606215600,650
1606216500,473
1606217400,548
1606218300,757
1606219200,1009
1606220100,1177
1606221000,678
1606221900,674
1606222800,647
1606223700,535
1606224600,216
1606225500,171
1606226400,180
1606227300,211
1606228200,201
1606229100,194
1606230000,226
1606230900,195
1606231800,291
1606232700,726
1606233600,422
1606234500,574
1606235400,469
1606236300,836
1606237200,314
1606238100,306
1606239000,316
1606239900,333
1606240800,369
1606241700,368
1606242600,336
1606243500,394
1606244400,342
1606245300,392
1606246200,429
1606247100,521
1606248000,610
1606248900,312
1606249800,270
1606250700,213
1606251600,214
1606252500,265
1606253400,276
1606254300,266
1606255200,201
1606256100,118
1606257000,117
1606257900,156
1606258800,116
1606259700,111
1606260600,142
1606261500,133
1606262400,138
1606263300,130
1606264200,112
1606265100,119
1606266000,112
1606266900,145
1606267800,132
1606268700,112
1606269600,159
1606270500,109
1606271400,124
1606272300,157
1606273200,105
1606274100,119
1606275000,138
1606275900,162
1606276800,140
1606277700,126
1606278600,123
1606279500,169
1606280400,258
1606281300,914
1606282200,636
1606283100,271
1606284000,231
1606284900,194
1606285800,262
1606286700,230
1606287600,180
1606288500,187
1606289400,208
1606290300,186
1606291200,177
1606292100,180
1606293000,150
1606293900,154
1606294800,177
1606295700,191
1606296600,217
1606297500,182
1606298400,205
1606299300,149
1606300200,180
1606301100,183
1606302000,161
1606302900,677
1606303800,598
1606304700,652
1606305600,683
1606306500,653
1606307400,616
1606308300,231
1606309200,182
1606310100,201
1606311000,161
1606311900,167
1606312800,171
1606313700,184
1606314600,213
1606315500,190
1606316400,226
1606317300,464
1606318200,407
1606319100,364
1606320000,357
1606320900,342
1606321800,366
1606322700,351
1606323600,400
1606324500,379
1606325400,420
1606326300,1295
1606327200,1095
1606328100,892
1606329000,680
1606329900,460
1606330800,469
1606331700,358
1606332600,425
1606333500,367
1606334400,349
1606335300,354
1606336200,205
1606337100,197
1606338000,249
1606338900,207
1606339800,181
1606340700,263
1606341600,668
1606342500,311
1606343400,242
1606344300,208
1606345200,696
1606346100,277
1606347000,175
1606347900,165
1606348800,134
1606349700,157
1606350600,131
1606351500,144
1606352400,189
1606353300,139
1606354200,141
1606355100,158
1606356000,129
1606356900,163
1606357800,142
1606358700,147
1606359600,129
1606360500,128
1606361400,194
1606362300,325
1606363200,189
1606364100,182
1606365000,153
1606365900,197
1606366800,464
1606367700,380
1606368600,193
1606369500,189
1606370400,213
1606371300,185
1606372200,188
1606373100,114
1606374000,105
1606374900,122
1606375800,171
1606376700,116
1606377600,96
1606378500,108
1606379400,178
1606380300,123
1606381200,137
1606382100,112
1606383000,114
1606383900,122
1606384800,145
1606385700,184
1606386600,186
1606387500,135
1606388400,134
1606389300,153
1606390200,731
1606391100,957
1606392000,247
1606392900,286
1606393800,254
1606394700,725
1606395600,484
1606396500,881
1606397400,1183
1606398300,1229
1606399200,710
1606400100,713
1606401000,654
1606401900,537
1606402800,580
1606403700,545
1606404600,616
1606405500,401
1606406400,410
1606407300,324
1606408200,394
1606409100,372
1606410000,347
1606410900,331
1606411800,333
1606412700,330
1606413600,328
1606414500,396
1606415400,441
1606416300,443
1606417200,413
1606418100,398
1606419000,393
1606419900,424
1606420800,372
1606421700,370
1606422600,289
1606423500,294
1606424400,361
1606425300,223
1606426200,134
1606427100,132
1606428000,99
1606428900,108
1606429800,119
1606430700,102
1606431600,100
1606432500,98
1606433400,110
1606434300,132
1606435200,108
1606436100,134
1606437000,107
1606437900,100
1606438800,109
1606439700,131
1606440600,98
1606441500,94
1606442400,105
1606443300,104
1606444200,137
1606445100,107
1606446000,93
1606446900,94
1606447800,111
1606448700,257
1606449600,256
1606450500,116
1606451400,144
1606452300,178
1606453200,204
1606454100,678
1606455000,230
1606455900,200
1606456800,198
1606457700,165
1606458600,200
1606459500,182
1606460400,129
1606461300,101
1606462200,109
1606463100,121
1606464000,174
1606464900,305
1606465800,648
1606466700,311
1606467600,220
1606468500,249
1606469400,673
1606470300,431
1606471200,481
1606472100,360
1606473000,605
1606473900,794
1606474800,588
1606475700,210
1606476600,218
1606477500,186
1606478400,685
1606479300,336
1606480200,316
1606481100,356
1606482000,704
1606482900,172
1606483800,191
1606484700,192
1606485600,347
1606486500,200
1606487400,199
1606488300,273
1606489200,267
1606490100,328
1606491000,416
1606491900,327
1606492800,375
1606493700,341
1606494600,334
1606495500,300
1606496400,353
1606497300,316
1606498200,459
1606499100,306
1606500000,292
1606500900,415
1606501800,463
1606502700,587
1606503600,518
1606504500,485
1606505400,507
1606506300,463
1606507200,474
1606508100,543
1606509000,507
1606509900,415
1606510800,384
1606511700,355
1606512600,332
1606513500,287
1606514400,355
1606515300,243
1606516200,102
1606517100,109
1606518000,140
1606518900,101
1606519800,107
1606520700,125
1606521600,109
1606522500,111
1606523400,144
1606524300,99
1606525200,99
1606526100,112
1606527000,102
1606527900,134
1606528800,129
1606529700,113
1606530600,106
1606531500,94
1606532400,138
1606533300,116
1606534200,101
1606535100,122
1606536000,105
1606536900,112
1606537800,151
1606538700,127
1606539600,126
1606540500,110
1606541400,180
1606542300,221
1606543200,450
1606544100,239
1606545000,281
1606545900,220
1606546800,235
1606547700,358
1606548600,728
1606549500,465
1606550400,301
1606551300,473
1606552200,834
1606553100,350
1606554000,298
1606554900,285
1606555800,324
1606556700,303
1606557600,601
1606558500,538
1606559400,475
1606560300,519
1606561200,280
1606562100,327
1606563000,291
1606563900,270
1606564800,289
1606565700,299
1606566600,295
1606567500,303
1606568400,224
1606569300,228
1606570200,239
1606571100,303
1606572000,241
1606572900,251
1606573800,334
1606574700,299
1606575600,304
1606576500,392
1606577400,545
1606578300,700
1606579200,690
1606580100,339
1606581000,665
1606581900,641
1606582800,358
1606583700,316
1606584600,313
1606585500,305
1606586400,293
1606587300,295
1606588200,483
1606589100,708
1606590000,757
1606590900,407
1606591800,347
1606592700,332
1606593600,323
1606594500,260
1606595400,297
1606596300,353
1606597200,293
1606598100,298
1606599000,230
1606599900,121
1606600800,107
1606601700,148
1606602600,135
1606603500,117
1606604400,111
1606605300,127
1606606200,106
1606607100,120
1606608000,152
1606608900,109
1606609800,114
1606610700,127
1606611600,107
1606612500,108
1606613400,142
1606614300,120
1606615200,102
1606616100,105
1606617000,129
1606617900,113
1606618800,130
1606619700,159
1606620600,104
1606621500,104
1606622400,121
1606623300,102
1606624200,106
1606625100,142
1606626000,238
1606626900,613
1606627800,226
1606628700,196
1606629600,181
1606630500,181
1606631400,284
1606632300,275
1606633200,223
1606634100,651
1606635000,716
1606635900,732
1606636800,788
1606637700,707
1606638600,674
1606639500,627
1606640400,1216
1606641300,1600
1606642200,620
1606643100,479
1606644000,341
1606644900,834
1606645800,525
1606646700,377
1606647600,427
1606648500,374
1606649400,216
1606650300,338
1606651200,242
1606652100,264
1606653000,238
1606653900,241
1606654800,285
1606655700,252
1606656600,248
1606657500,242
1606658400,207
1606659300,456
1606660200,674
1606661100,499
1606662000,286
1606662900,711
1606663800,561
1606664700,312
1606665600,500
1606666500,1114
1606667400,1128
1606668300,839
1606669200,366
1606670100,345
1606671000,307
1606671900,329
1606672800,374
1606673700,356
1606674600,359
1606675500,373
1606676400,402
1606677300,392
1606678200,384
1606679100,408
1606680000,343
1606680900,332
1606681800,328
1606682700,313
1606683600,213
1606684500,224
1606685400,264
1606686300,255
1606687200,269
1606688100,196
1606689000,116
1606689900,147
1606690800,150
1606691700,160
1606692600,128
1606693500,104
1606694400,112
1606695300,107
1606696200,118
1606697100,121
1606698000,137
1606698900,148
1606699800,103
1606700700,94
1606701600,116
1606702500,96
1606703400,113
1606704300,141
1606705200,102
1606706100,102
1606707000,114
1606707900,138
1606708800,64
1606709700,92
1606710600,97
1606711500,78
1606712400,671
1606713300,409
1606714200,296
1606715100,284
1606716000,200
1606716900,175
1606717800,235
1606718700,168
1606719600,120
1606720500,135
1606721400,120
1606722300,166
1606723200,110
1606724100,119
1606725000,460
1606725900,599
1606726800,338
1606727700,190
1606728600,388
1606729500,647
1606730400,146
1606731300,181
1606732200,155
1606733100,139
1606734000,185
1606734900,168
1606735800,488
1606736700,666
1606737600,193
1606738500,508
1606739400,188
1606740300,155
1606741200,145
1606742100,229
1606743000,658
1606743900,1107
1606744800,848
1606745700,706
1606746600,703
1606747500,599
1606748400,579
1606749300,335
1606750200,421
1606751100,354
1606752000,354
1606752900,401
1606753800,586
1606754700,944
1606755600,1233
1606756500,905
1606757400,521
1606758300,405
1606759200,377
1606760100,388
1606761000,435
1606761900,404
1606762800,409
1606763700,362
1606764600,347
1606765500,344
1606766400,421
1606767300,399
1606768200,269
1606769100,245
1606770000,233
1606770900,191
1606771800,205
1606772700,287
1606773600,232
1606774500,224
1606775400,247
1606776300,251
1606777200,227
1606778100,198
1606779000,160
1606779900,118
1606780800,120
1606781700,108
1606782600,111
1606783500,152
1606784400,124
1606785300,103
1606786200,119
1606787100,121
1606788000,117
1606788900,144
1606789800,140
1606790700,116
1606791600,101
1606792500,131
1606793400,165
1606794300,295
1606795200,147
1606796100,126
1606797000,113
1606797900,147
1606798800,417
1606799700,390
1606800600,232
1606801500,190
1606802400,181
1606803300,149
1606804200,182
1606805100,133
1606806000,141
1606806900,144
1606807800,123
1606808700,138
1606809600,121
1606810500,147
1606811400,166
1606812300,183
1606813200,238
1606814100,647
1606815000,383
1606815900,461
1606816800,311
1606817700,788
1606818600,370
1606819500,237
1606820400,196
1606821300,201
1606822200,232
1606823100,202
1606824000,394
1606824900,247
1606825800,262
1606826700,230
1606827600,268
1606828500,263
1606829400,244
1606830300,272
1606831200,269
1606832100,254
1606833000,260
1606833900,372
1606834800,788
1606835700,329
1606836600,287
1606837500,332
1606838400,276
1606839300,324
1606840200,319
1606841100,303
1606842000,320
1606842900,355
1606843800,627
1606844700,290
1606845600,345
1606846500,446
1606847400,497
1606848300,467
1606849200,486
1606850100,398
1606851000,420
1606851900,366
1606852800,352
1606853700,390
1606854600,437
1606855500,344
1606856400,303
1606857300,270
1606858200,164
1606859100,204
1606860000,154
1606860900,127
1606861800,124
1606862700,141
1606863600,141
1606864500,122
1606865400,161
1606866300,128
1606867200,124
1606868100,120
1606869000,129
1606869900,108
1606870800,153
1606871700,135
1606872600,122
1606873500,119
1606874400,132
1606875300,124
1606876200,141
1606877100,119
1606878000,141
1606878900,105
1606879800,124
1606880700,280
1606881600,201
1606882500,144
1606883400,191
1606884300,232
1606885200,568
1606886100,1098
1606887000,1137
1606887900,791
1606888800,345
1606889700,223
1606890600,210
1606891500,213
1606892400,375
1606893300,739
1606894200,399
1606895100,287
1606896000,341
1606896900,727
1606897800,312
1606898700,225
1606899600,225
1606900500,242
1606901400,224
1606902300,743
1606903200,514
1606904100,528
1606905000,494
1606905900,588
1606906800,599
1606907700,697
1606908600,504
1606909500,502
1606910400,288
1606911300,358
1606912200,237
1606913100,220
1606914000,261
1606914900,283
1606915800,269
1606916700,320
1606917600,291
1606918500,303
1606919400,273
1606920300,345
1606921200,311
1606922100,231
1606923000,297
1606923900,291
1606924800,318
1606925700,406
1606926600,375
1606927500,415
1606928400,407
1606929300,357
1606930200,332
1606931100,387
1606932000,438
1606932900,746
1606933800,1644
1606934700,1556
1606935600,920
1606936500,1150
1606937400,885
1606938300,435
1606939200,418
1606940100,428
1606941000,463
1606941900,505
1606942800,618
1606943700,711
1606944600,535
1606945500,407
1606946400,232
1606947300,139
1606948200,232
1606949100,148
1606950000,139
1606950900,152
1606951800,153
1606952700,128
1606953600,144
1606954500,144
1606955400,117
1606956300,127
1606957200,139
1606958100,124
1606959000,141
1606959900,182
1606960800,125
1606961700,120
1606962600,142
1606963500,118
1606964400,126
1606965300,226
1606966200,363
1606967100,178
1606968000,152
1606968900,123
1606969800,127
1606970700,253
1606971600,1142
1606972500,655
1606973400,720
1606974300,677
1606975200,560
1606976100,493
1606977000,266
1606977900,411
1606978800,654
1606979700,512
1606980600,1161
1606981500,1268
1606982400,1551
1606983300,1058
1606984200,875
1606985100,868
1606986000,800
1606986900,698
1606987800,610
1606988700,545
1606989600,185
1606990500,453
1606991400,988
1606992300,865
1606993200,705
1606994100,1223
1606995000,779
1606995900,519
1606996800,234
1606997700,197
1606998600,163
1606999500,185
1607000400,129
1607001300,136
1607002200,303
1607003100,594
1607004000,395
1607004900,224
1607005800,549
1607006700,500
1607007600,338
1607008500,904
1607009400,1270
1607010300,1010
1607011200,840
1607012100,753
1607013000,559
1607013900,420
1607014800,387
1607015700,361
1607016600,339
1607017500,362
1607018400,729
1607019300,827
1607020200,379
1607021100,376
1607022000,366
1607022900,373
1607023800,339
1607024700,354
1607025600,406
1607026500,400
1607027400,348
1607028300,293
1607029200,268
1607030100,156
1607031000,153
1607031900,134
1607032800,103
1607033700,117
1607034600,123
1607035500,126
1607036400,150
1607037300,131
1607038200,117
1607039100,100
1607040000,118
1607040900,95
1607041800,121
1607042700,128
1607043600,104
1607044500,108
1607045400,124
1607046300,104
1607047200,124
1607048100,116
1607049000,129
1607049900,97
1607050800,103
1607051700,122
1607052600,131
1607053500,153
1607054400,115
1607055300,116
1607056200,106
1607057100,181
1607058000,1047
1607058900,1144
1607059800,683
1607060700,785
1607061600,554
1607062500,195
1607063400,246
1607064300,767
1607065200,350
1607066100,282
1607067000,213
1607067900,676
1607068800,288
1607069700,185
1607070600,358
1607071500,655
1607072400,701
1607073300,863
1607074200,736
1607075100,802
1607076000,758
1607076900,529
1607077800,320
1607078700,369
1607079600,284
1607080500,423
1607081400,551
1607082300,200
1607083200,230
1607084100,642
1607085000,648
1607085900,302
1607086800,221
1607087700,187
1607088600,124
1607089500,174
1607090400,153
1607091300,167
1607092200,302
1607093100,229
1607094000,227
1607094900,196
1607095800,237
1607096700,264
1607097600,272
1607098500,264
1607099400,399
1607100300,370
1607101200,431
1607102100,365
1607103000,393
1607103900,381
1607104800,383
1607105700,366
1607106600,435
1607107500,402
1607108400,401
1607109300,373
1607110200,431
1607111100,562
1607112000,709
1607112900,497
1607113800,493
1607114700,504
1607115600,420
1607116500,387
1607117400,342
1607118300,291
1607119200,300
1607120100,307
1607121000,476
1607121900,411
1607122800,249
1607123700,148
1607124600,156
1607125500,147
1607126400,166
1607127300,133
1607128200,109
1607129100,115
1607130000,132
1607130900,146
1607131800,124
1607132700,116
1607133600,151
1607134500,119
1607135400,118
1607136300,167
1607137200,116
1607138100,122
1607139000,114
1607139900,121
1607140800,102
1607141700,128
1607142600,154
1607143500,171
1607144400,170
1607145300,200
1607146200,182
1607147100,304
1607148000,396
1607148900,264
1607149800,260
1607150700,291
1607151600,446
1607152500,882
1607153400,554
1607154300,321
1607155200,493
1607156100,778
1607157000,284
1607157900,367
1607158800,331
1607159700,451
1607160600,727
1607161500,495
1607162400,473
1607163300,483
1607164200,486
1607165100,532
1607166000,474
1607166900,455
1607167800,457
1607168700,488
1607169600,619
1607170500,711
1607171400,713
1607172300,480
1607173200,292
1607174100,312
1607175000,608
1607175900,591
1607176800,814
1607177700,636
1607178600,593
1607179500,740
1607180400,646
1607181300,358
1607182200,404
1607183100,631
1607184000,428
1607184900,448
1607185800,452
1607186700,738
1607187600,642
1607188500,557
1607189400,372
1607190300,751
1607191200,691
1607192100,374
1607193000,337
1607193900,359
1607194800,381
1607195700,316
1607196600,420
1607197500,338
1607198400,306
1607199300,309
1607200200,468
1607201100,316
1607202000,268
1607202900,245
1607203800,178
1607204700,134
1607205600,104
1607206500,120
1607207400,105
1607208300,111
1607209200,157
1607210100,107
1607211000,110
1607211900,106
1607212800,121
1607213700,101
1607214600,124
1607215500,138
1607216400,109
1607217300,105
1607218200,122
1607219100,120
1607220000,99
1607220900,126
1607221800,123
1607222700,99
1607223600,99
1607224500,115
1607225400,114
1607226300,112
1607227200,135
1607228100,114
1607229000,101
1607229900,104
1607230800,179
1607231700,302
1607232600,937
1607233500,639
1607234400,271
1607235300,229
1607236200,237
1607237100,236
1607238000,251
1607238900,484
1607239800,653
1607240700,530
1607241600,548
1607242500,340
1607243400,846
1607244300,863
1607245200,674
1607246100,765
1607247000,769
1607247900,1228
1607248800,1208
1607249700,1085
1607250600,822
1607251500,687
1607252400,542
1607253300,334
1607254200,355
1607255100,301
1607256000,302
1607256900,774
1607257800,590
1607258700,586
1607259600,323
1607260500,340
1607261400,376
1607262300,980
1607263200,897
1607264100,362
1607265000,350
1607265900,377
1607266800,343
1607267700,334
1607268600,295
1607269500,374
1607270400,366
1607271300,317
1607272200,342
1607273100,362
1607274000,336
1607274900,407
1607275800,899
1607276700,1360
1607277600,1055
1607278500,851
1607279400,866
1607280300,862
1607281200,871
1607282100,345
1607283000,324
1607283900,285
1607284800,291
1607285700,267
1607286600,266
1607287500,299
1607288400,239
1607289300,226
1607290200,152
1607291100,145
1607292000,115
1607292900,125
1607293800,163
1607294700,121
1607295600,104
1607296500,135
1607297400,126
1607298300,116
1607299200,138
1607300100,138
1607301000,120
1607301900,104
1607302800,124
1607303700,106
1607304600,110
1607305500,156
1607306400,117
1607307300,105
1607308200,119
1607309100,109
1607310000,108
1607310900,113
1607311800,177
1607312700,115
1607313600,112
1607314500,122
1607315400,110
1607316300,110
1607317200,867
1607318100,596
1607319000,247
1607319900,295
1607320800,252
1607321700,683
1607322600,674
1607323500,627
1607324400,317
1607325300,354
1607326200,338
1607327100,365
1607328000,731
1607328900,1013
1607329800,445
1607330700,372
1607331600,375
1607332500,331
1607333400,361
1607334300,346
1607335200,359
1607336100,380
1607337000,325
1607337900,578
1607338800,476
1607339700,349
1607340600,369
1607341500,365
1607342400,447
1607343300,271
1607344200,252
1607345100,666
1607346000,424
1607346900,507
1607347800,341
1607348700,759
1607349600,555
1607350500,323
1607351400,312
1607352300,353
1607353200,411
1607354100,340
1607355000,359
1607355900,502
1607356800,721
1607357700,722
1607358600,947
1607359500,430
1607360400,363
1607361300,396
1607362200,439
1607363100,402
1607364000,436
1607364900,564
1607365800,556
1607366700,487
1607367600,489
1607368500,405
1607369400,355
1607370300,382
1607371200,376
1607372100,404
1607373000,358
1607373900,343
1607374800,281
1607375700,292
1607376600,328
1607377500,297
1607378400,187
1607379300,177
1607380200,179
1607381100,176
1607382000,171
1607382900,207
1607383800,172
1607384700,168
1607385600,189
1607386500,172
1607387400,156
1607388300,190
1607389200,191
1607390100,167
1607391000,159
1607391900,180
1607392800,174
1607393700,163
1607394600,216
1607395500,183
1607396400,160
1607397300,158
1607398200,193
1607399100,192
1607400000,169
1607400900,205
1607401800,166
1607402700,174
1607403600,555
1607404500,343
1607405400,219
1607406300,272
1607407200,268
1607408100,225
1607409000,228
1607409900,252
1607410800,275
1607411700,777
1607412600,533
1607413500,478
1607414400,440
1607415300,862
1607416200,290
1607417100,200
1607418000,185
1607418900,200
1607419800,161
1607420700,173
1607421600,198
1607422500,174
1607423400,183
1607424300,420
1607425200,699
1607426100,912
1607427000,446
1607427900,356
1607428800,306
1607429700,246
1607430600,296
1607431500,212
1607432400,468
1607433300,614
1607434200,469
1607435100,251
1607436000,570
1607436900,682
1607437800,245
1607438700,412
1607439600,990
1607440500,1136
1607441400,814
1607442300,834
1607443200,824
1607444100,799
1607445000,402
1607445900,364
1607446800,359
1607447700,379
1607448600,372
1607449500,328
1607450400,394
1607451300,483
1607452200,718
1607453100,380
1607454000,443
1607454900,327
1607455800,339
1607456700,365
1607457600,290
1607458500,248
1607459400,287
1607460300,268
1607461200,223
1607462100,250
1607463000,247
1607463900,164
1607464800,116
1607465700,159
1607466600,176
1607467500,109
1607468400,122
1607469300,111
1607470200,98
1607471100,148
1607472000,193
1607472900,121
1607473800,126
1607474700,118
1607475600,115
1607476500,108
1607477400,149
1607478300,125
1607479200,111
1607480100,125
1607481000,111
1607481900,110
1607482800,107
1607483700,130
1607484600,104
1607485500,125
1607486400,104
1607487300,102
1607488200,96
1607489100,146
1607490000,614
1607490900,298
1607491800,184
1607492700,209
1607493600,288
1607494500,283
1607495400,244
1607496300,279
1607497200,293
1607498100,561
1607499000,1036
1607499900,1150
1607500800,887
1607501700,849
1607502600,801
1607503500,803
1607504400,805
1607505300,444
1607506200,304
1607507100,305
1607508000,309
1607508900,333
1607509800,834
1607510700,1068
1607511600,1153
1607512500,1525
1607513400,863
1607514300,582
1607515200,668
1607516100,755
1607517000,315
1607517900,309
1607518800,356
1607519700,304
1607520600,283
1607521500,260
1607522400,254
1607523300,239
1607524200,340
1607525100,332
1607526000,288
1607526900,372
1607527800,512
1607528700,695
1607529600,615
1607530500,405
1607531400,593
1607532300,1349
1607533200,976
1607534100,922
1607535000,893
1607535900,947
1607536800,945
1607537700,795
1607538600,504
1607539500,305
1607540400,302
1607541300,376
1607542200,501
1607543100,313
1607544000,300
1607544900,337
1607545800,351
1607546700,251
1607547600,161
1607548500,162
1607549400,167
1607550300,154
1607551200,130
1607552100,185
1607553000,164
1607553900,149
1607554800,159
1607555700,133
1607556600,164
1607557500,129
1607558400,140
1607559300,140
1607560200,145
1607561100,156
1607562000,135
1607562900,140
1607563800,122
1607564700,135
1607565600,152
1607566500,155
1607567400,129
1607568300,144
1607569200,120
1607570100,363
1607571000,169
1607571900,171
1607572800,140
1607573700,137
1607574600,131
1607575500,143
1607576400,304
1607577300,580
1607578200,227
1607579100,278
1607580000,224
1607580900,415
1607581800,598
1607582700,532
1607583600,313
1607584500,666
1607585400,710
1607586300,389
1607587200,452
1607588100,389
1607589000,312
1607589900,322
1607590800,483
1607591700,350
1607592600,353
1607593500,403
1607594400,941
1607595300,705
1607596200,736
1607597100,389
1607598000,686
1607598900,549
1607599800,727
1607600700,725
1607601600,996
1607602500,737
1607603400,312
1607604300,309
1607605200,336
1607606100,358
1607607000,349
1607607900,328
1607608800,342
1607609700,343
1607610600,340
1607611500,500
1607612400,1391
1607613300,1047
1607614200,680
1607615100,492
1607616000,1005
1607616900,445
1607617800,404
1607618700,708
1607619600,1192
1607620500,706
1607621400,427
1607622300,562
1607623200,897
1607624100,521
1607625000,385
1607625900,731
1607626800,449
1607627700,341
1607628600,316
1607629500,326
1607630400,351
1607631300,362
1607632200,306
1607633100,296
1607634000,360
1607634900,191
1607635800,123
1607636700,133
1607637600,136
1607638500,114
1607639400,117
1607640300,107
1607641200,93
1607642100,121
1607643000,133
1607643900,105
1607644800,116
1607645700,102
1607646600,96
1607647500,97
1607648400,127
1607649300,108
1607650200,93
1607651100,110
1607652000,96
1607652900,89
1607653800,103
1607654700,128
1607655600,106
1607656500,109
1607657400,132
1607658300,134
1607659200,96
1607660100,125
1607661000,120
1607661900,131
1607662800,617
1607663700,230
1607664600,192
1607665500,241
1607666400,235
1607667300,182
1607668200,216
1607669100,226
1607670000,231
1607670900,193
1607671800,199
1607672700,190
1607673600,199
1607674500,227
1607675400,276
1607676300,244
1607677200,207
1607678100,206
1607679000,212
1607679900,225
1607680800,236
1607681700,247
1607682600,237
1607683500,389
1607684400,806
1607685300,800
1607686200,395
1607687100,416
1607688000,823
1607688900,366
1607689800,313
1607690700,309
1607691600,290
1607692500,288
1607693400,326
1607694300,276
1607695200,307
1607696100,408
1607697000,400
1607697900,449
1607698800,389
1607699700,681
1607700600,1205
1607701500,1213
1607702400,954
1607703300,883
1607704200,966
1607705100,762
1607706000,443
1607706900,485
1607707800,560
1607708700,493
1607709600,646
1607710500,1052
1607711400,774
1607712300,652
1607713200,741
1607714100,967
1607715000,460
1607715900,505
1607716800,468
1607717700,477
1607718600,450
1607719500,479
1607720400,391
1607721300,378
1607722200,526
1607723100,371
1607724000,380
1607724900,404
1607725800,384
1607726700,147
1607727600,115
1607728500,136
1607729400,120
1607730300,104
1607731200,170
1607732100,141
1607733000,126
1607733900,127
1607734800,132
1607735700,131
1607736600,124
1607737500,170
1607738400,122
1607739300,105
1607740200,132
1607741100,108
1607742000,104
1607742900,124
1607743800,153
1607744700,136
1607745600,110
1607746500,132
1607747400,119
1607748300,141
1607749200,144
1607750100,155
1607751000,109
1607751900,152
1607752800,247
1607753700,311
1607754600,248
1607755500,526
1607756400,1099
1607757300,803
1607758200,714
1607759100,765
1607760000,678
1607760900,607
1607761800,661
1607762700,363
1607763600,251
1607764500,409
1607765400,362
1607766300,320
1607767200,950
1607768100,1522
1607769000,1550
1607769900,1572
1607770800,1243
1607771700,990
1607772600,464
1607773500,992
1607774400,1075
1607775300,692
1607776200,685
1607777100,700
1607778000,472
1607778900,211
1607779800,187
1607780700,169
1607781600,174
1607782500,195
1607783400,184
1607784300,436
1607785200,1321
1607786100,1487
1607787000,1103
1607787900,823
1607788800,1412
1607789700,553
1607790600,397
1607791500,399
1607792400,357
1607793300,309
1607794200,434
1607795100,409
1607796000,569
1607796900,837
1607797800,659
1607798700,446
1607799600,594
1607800500,1368
1607801400,864
1607802300,895
1607803200,650
1607804100,427
1607805000,368
1607805900,360
1607806800,308
1607807700,262
1607808600,307
1607809500,268
1607810400,281
1607811300,251
1607812200,183
1607813100,157
1607814000,132
1607814900,169
1607815800,147
1607816700,157
1607817600,139
1607818500,108
1607819400,127
1607820300,126
1607821200,125
1607822100,142
1607823000,137
1607823900,108
1607824800,117
1607825700,145
1607826600,150
1607827500,110
1607828400,130
1607829300,134
1607830200,132
1607831100,112
1607832000,151
1607832900,151
1607833800,125
1607834700,152
1607835600,311
1607836500,512
1607837400,247
1607838300,283
1607839200,244
1607840100,312
1607841000,446
1607841900,335
1607842800,365
1607843700,380
1607844600,384
1607845500,362
1607846400,394
1607847300,462
1607848200,479
1607849100,394
1607850000,465
1607850900,374
1607851800,335
1607852700,342
1607853600,308
1607854500,340
1607855400,1232
1607856300,899
1607857200,806
1607858100,1098
1607859000,756
1607859900,333
1607860800,776
1607861700,690
1607862600,348
1607863500,316
1607864400,330
1607865300,166
1607866200,161
1607867100,170
1607868000,140
1607868900,147
1607869800,127
1607870700,140
1607871600,144
1607872500,116
1607873400,156
1607874300,135
1607875200,135
1607876100,415
1607877000,479
1607877900,506
1607878800,492
1607879700,480
1607880600,471
1607881500,399
1607882400,401
1607883300,691
1607884200,1211
1607885100,1127
1607886000,851
1607886900,762
1607887800,542
1607888700,324
1607889600,552
1607890500,760
1607891400,290
1607892300,240
1607893200,226
1607894100,193
1607895000,201
1607895900,146
1607896800,176
1607897700,146
1607898600,134
1607899500,137
1607900400,115
1607901300,117
1607902200,140
1607903100,136
1607904000,115
1607904900,122
1607905800,131
1607906700,109
1607907600,116
1607908500,157
1607909400,144
1607910300,129
1607911200,119
1607912100,124
1607913000,101
1607913900,121
1607914800,159
1607915700,119
1607916600,133
1607917500,142
1607918400,109
1607919300,126
1607920200,144
1607921100,196
1607922000,813
1607922900,1017
1607923800,1072
1607924700,761
1607925600,683
1607926500,776
1607927400,479
1607928300,287
1607929200,243
1607930100,232
1607931000,187
1607931900,152
1607932800,178
1607933700,161
1607934600,134
1607935500,120
1607936400,181
1607937300,231
1607938200,238
1607939100,244
1607940000,244
1607940900,230
1607941800,235
1607942700,239
1607943600,531
1607944500,866
1607945400,1128
1607946300,640
1607947200,494
1607948100,345
1607949000,292
1607949900,266
1607950800,358
1607951700,859
1607952600,559
1607953500,474
1607954400,521
1607955300,872
1607956200,752
1607957100,1241
1607958000,969
1607958900,849
1607959800,835
1607960700,786
1607961600,894
1607962500,490
1607963400,443
1607964300,928
1607965200,1232
1607966100,892
1607967000,872
1607967900,454
1607968800,429
1607969700,709
1607970600,1172
1607971500,897
1607972400,890
1607973300,567
1607974200,445
1607975100,364
1607976000,347
1607976900,339
1607977800,303
1607978700,288
1607979600,308
1607980500,347
1607981400,304
1607982300,227
1607983200,170
1607984100,150
1607985000,133
1607985900,153
1607986800,168
1607987700,133
1607988600,136
1607989500,155
1607990400,150
1607991300,136
1607992200,165
1607993100,160
1607994000,144
1607994900,155
1607995800,167
1607996700,129
1607997600,144
1607998500,168
1607999400,156
1608000300,148
1608001200,132
1608002100,151
1608003000,139
1608003900,176
1608004800,159
1608005700,141
1608006600,158
1608007500,505
1608008400,475
1608009300,237
1608010200,258
1608011100,273
1608012000,626
1608012900,500
1608013800,477
1608014700,244
1608015600,595
1608016500,650
1608017400,262
1608018300,248
1608019200,258
1608020100,246
1608021000,241
1608021900,228
1608022800,246
1608023700,225
1608024600,235
1608025500,247
1608026400,270
1608027300,327
1608028200,278
1608029100,308
1608030000,254
1608030900,283
1608031800,716
1608032700,212
1608033600,262
1608034500,272
1608035400,275
1608036300,264
1608037200,252
1608038100,240
1608039000,265
1608039900,292
1608040800,277
1608041700,686
1608042600,403
1608043500,350
1608044400,383
1608045300,983
1608046200,496
1608047100,243
1608048000,274
1608048900,366
1608049800,361
1608050700,292
1608051600,310
1608052500,297
1608053400,266
1608054300,726
1608055200,1293
1608056100,1082
1608057000,742
1608057900,642
1608058800,606
1608059700,326
1608060600,370
1608061500,326
1608062400,302
1608063300,273
1608064200,268
1608065100,284
1608066000,264
1608066900,250
1608067800,183
1608068700,132
1608069600,140
1608070500,136
1608071400,164
1608072300,139
1608073200,127
1608074100,141
1608075000,130
1608075900,120
1608076800,128
1608077700,167
1608078600,139
1608079500,131
1608080400,148
1608081300,128
1608082200,124
1608083100,119
1608084000,196
1608084900,148
1608085800,143
1608086700,146
1608087600,128
1608088500,120
1608089400,144
1608090300,176
1608091200,142
1608092100,117
1608093000,137
1608093900,138
1608094800,563
1608095700,416
1608096600,225
1608097500,256
1608098400,254
1608099300,222
1608100200,243
1608101100,169
1608102000,180
1608102900,186
1608103800,205
1608104700,180
1608105600,226
1608106500,221
1608107400,601
1608108300,1137
1608109200,1008
1608110100,852
1608111000,1037
1608111900,787
1608112800,686
1608113700,624
1608114600,704
1608115500,634
1608116400,1769
1608117300,1959
1608118200,1540
1608119100,1413
1608120000,822
1608120900,423
1608121800,454
1608122700,692
1608123600,747
1608124500,654
1608125400,290
1608126300,434
1608127200,984
1608128100,1094
1608129000,841
1608129900,942
1608130800,410
1608131700,373
1608132600,562
1608133500,998
1608134400,898
1608135300,988
1608136200,841
1608137100,511
1608138000,716
1608138900,870
1608139800,870
1608140700,945
1608141600,630
1608142500,696
1608143400,923
1608144300,924
1608145200,942
1608146100,1099
1608147000,595
1608147900,580
1608148800,433
1608149700,899
1608150600,448
1608151500,342
1608152400,286
1608153300,272
1608154200,275
1608155100,168
1608156000,132
1608156900,148
1608157800,170
1608158700,128
1608159600,123
1608160500,137
1608161400,124
1608162300,106
1608163200,112
1608164100,158
1608165000,122
1608165900,113
1608166800,113
1608167700,121
1608168600,104
1608169500,112
1608170400,137
1608171300,133
1608172200,104
1608173100,110
1608174000,120
1608174900,120
1608175800,483
1608176700,173
1608177600,130
1608178500,132
1608179400,127
1608180300,170
1608181200,362
1608182100,174
1608183000,545
1608183900,223
1608184800,231
1608185700,563
1608186600,425
1608187500,415
1608188400,203
1608189300,964
1608190200,948
1608191100,298
1608192000,289
1608192900,312
1608193800,261
1608194700,280
1608195600,613
1608196500,333
1608197400,231
1608198300,288
1608199200,295
1608200100,261
1608201000,270
1608201900,256
1608202800,258
1608203700,247
1608204600,901
1608205500,746
1608206400,376
1608207300,226
1608208200,222
1608209100,236
1608210000,228
1608210900,235
1608211800,217
1608212700,229
1608213600,199
1608214500,198
1608215400,229
1608216300,268
1608217200,303
1608218100,829
1608219000,796
1608219900,821
1608220800,853
1608221700,780
1608222600,534
1608223500,364
1608224400,377
1608225300,997
1608226200,1345
1608227100,1600
1608228000,719
1608228900,756
1608229800,826
1608230700,395
1608231600,373
1608232500,360
1608233400,373
1608234300,341
1608235200,299
1608236100,279
1608237000,264
1608237900,222
1608238800,243
1608239700,122
1608240600,105
1608241500,116
1608242400,125
1608243300,152
1608244200,109
1608245100,145
1608246000,103
1608246900,117
1608247800,116
1608248700,130
1608249600,129
1608250500,146
1608251400,134
1608252300,135
1608253200,103
1608254100,109
1608255000,117
1608255900,114
1608256800,152
1608257700,154
1608258600,141
1608259500,127
1608260400,124
1608261300,152
1608262200,123
1608263100,139
1608264000,136
1608264900,156
1608265800,104
1608266700,119
1608267600,772
1608268500,663
1608269400,639
1608270300,688
1608271200,583
1608272100,180
1608273000,160
1608273900,158
1608274800,128
1608275700,136
1608276600,150
1608277500,206
1608278400,178
1608279300,190
1608280200,166
1608281100,181
1608282000,170
1608282900,172
1608283800,196
1608284700,229
1608285600,256
1608286500,975
1608287400,488
1608288300,485
1608289200,581
1608290100,967
1608291000,482
1608291900,206
1608292800,241
1608293700,277
1608294600,322
1608295500,280
1608296400,259
1608297300,592
1608298200,543
1608299100,581
1608300000,607
1608300900,737
1608301800,1075
1608302700,858
1608303600,547
1608304500,735
1608305400,743
1608306300,331
1608307200,395
1608308100,392
1608309000,266
1608309900,280
1608310800,316
1608311700,335
1608312600,352
1608313500,304
1608314400,315
1608315300,299
1608316200,288
1608317100,269
1608318000,282
1608318900,315
1608319800,289
1608320700,273
1608321600,301
1608322500,250
1608323400,282
1608324300,277
1608325200,237
1608326100,221
1608327000,173
1608327900,185
1608328800,261
1608329700,196
1608330600,223
1608331500,197
1608332400,248
1608333300,220
1608334200,133
1608335100,151
1608336000,123
1608336900,123
1608337800,133
1608338700,115
1608339600,143
1608340500,139
1608341400,137
1608342300,107
1608343200,118
1608344100,104
1608345000,117
1608345900,116
1608346800,136
1608347700,130
1608348600,129
1608349500,115
1608350400,128
1608351300,115
1608352200,123
1608353100,123
1608354000,147
1608354900,201
1608355800,571
1608356700,796
1608357600,437
1608358500,411
1608359400,415
1608360300,452
1608361200,486
1608362100,444
1608363000,865
1608363900,541
1608364800,348
1608365700,562
1608366600,874
1608367500,368
1608368400,335
1608369300,367
1608370200,365
1608371100,536
1608372000,367
1608372900,343
1608373800,397
1608374700,406
1608375600,766
1608376500,543
1608377400,361
1608378300,371
1608379200,293
1608380100,299
1608381000,328
1608381900,297
1608382800,321
1608383700,348
1608384600,318
1608385500,338
1608386400,327
1608387300,308
1608388200,339
1608389100,315
1608390000,368
1608390900,386
1608391800,354
1608392700,317
1608393600,311
1608394500,341
1608395400,448
1608396300,963
1608397200,631
1608398100,380
1608399000,340
1608399900,319
1608400800,329
1608401700,395
1608402600,329
1608403500,812
1608404400,864
1608405300,1311
1608406200,505
1608407100,363
1608408000,515
1608408900,847
1608409800,295
1608410700,286
1608411600,300
1608412500,237
1608413400,237
1608414300,219
1608415200,182
1608416100,159
1608417000,149
1608417900,123
1608418800,167
1608419700,170
1608420600,125
1608421500,134
1608422400,162
1608423300,189
1608424200,177
1608425100,159
1608426000,179
1608426900,182
1608427800,127
1608428700,151
1608429600,132
1608430500,165
1608431400,123
1608432300,145
1608433200,190
1608434100,131
1608435000,154
1608435900,150
1608436800,155
1608437700,160
1608438600,132
1608439500,176
1608440400,254
1608441300,648
1608442200,216
1608443100,269
1608444000,243
1608444900,506
1608445800,995
1608446700,1464
1608447600,1423
1608448500,1210
1608449400,852
1608450300,1042
1608451200,1360
1608452100,817
1608453000,848
1608453900,397
1608454800,407
1608455700,763
1608456600,765
1608457500,650
1608458400,855
1608459300,878
1608460200,985
1608461100,787
1608462000,924
1608462900,877
1608463800,856
1608464700,780
1608465600,869
1608466500,631
1608467400,560
1608468300,348
1608469200,771
1608470100,557
1608471000,339
1608471900,342
1608472800,309
1608473700,328
1608474600,351
1608475500,326
1608476400,742
1608477300,830
1608478200,844
1608479100,867
1608480000,604
1608480900,417
1608481800,411
1608482700,386
1608483600,359
1608484500,466
1608485400,471
1608486300,367
1608487200,365
1608488100,398
1608489000,445
1608489900,382
1608490800,398
1608491700,372
1608492600,387
1608493500,334
1608494400,361
1608495300,335
1608496200,358
1608497100,288
1608498000,222
1608498900,248
1608499800,247
1608500700,249
1608501600,248
1608502500,248
1608503400,267
1608504300,294
1608505200,234
1608506100,165
1608507000,111
1608507900,124
1608508800,102
1608509700,127
1608510600,121
1608511500,137
1608512400,103
1608513300,108
1608514200,101
1608515100,120
1608516000,104
1608516900,142
1608517800,121
1608518700,130
1608519600,97
1608520500,104
1608521400,112
1608522300,131
1608523200,105
1608524100,183
1608525000,125
1608525900,197
1608526800,599
1608527700,243
1608528600,207
1608529500,289
1608530400,715
1608531300,411
1608532200,325
1608533100,268
1608534000,743
1608534900,362
1608535800,332
1608536700,630
1608537600,207
1608538500,166
1608539400,138
1608540300,145
1608541200,139
1608542100,154
1608543000,139
1608543900,118
1608544800,123
1608545700,95
1608546600,92
1608547500,135
1608548400,198
1608549300,826
1608550200,236
1608551100,238
1608552000,542
1608552900,480
1608553800,416
1608554700,284
1608555600,774
1608556500,419
1608557400,265
1608558300,309
1608559200,278
1608560100,267
1608561000,266
1608561900,254
1608562800,252
1608563700,253
1608564600,269
1608565500,282
1608566400,260
1608567300,279
1608568200,311
1608569100,312
1608570000,271
1608570900,278
1608571800,330
1608572700,325
1608573600,532
1608574500,1062
1608575400,1310
1608576300,1026
1608577200,815
1608578100,684
1608579000,375
1608579900,356
1608580800,309
1608581700,321
1608582600,294
1608583500,293
1608584400,277
1608585300,230
1608586200,173
1608587100,119
1608588000,132
1608588900,129
1608589800,142
1608590700,128
1608591600,123
1608592500,132
1608593400,151
1608594300,110
1608595200,110
1608596100,115
1608597000,123
1608597900,107
1608598800,107
1608599700,130
1608600600,143
1608601500,114
1608602400,105
1608603300,107
1608604200,120
1608605100,105
1608606000,110
1608606900,211
1608607800,457
1608608700,240
1608609600,220
1608610500,227
1608611400,247
1608612300,294
1608613200,441
1608614100,344
1608615000,336
1608615900,321
1608616800,317
1608617700,348
1608618600,410
1608619500,775
1608620400,466
1608621300,364
1608622200,364
1608623100,865
1608624000,461
1608624900,349
1608625800,359
1608626700,338
1608627600,389
1608628500,338
1608629400,352
1608630300,375
1608631200,910
1608632100,502
1608633000,408
1608633900,373
1608634800,490
1608635700,715
1608636600,728
1608637500,638
1608638400,556
1608639300,414
1608640200,415
1608641100,352
1608642000,321
1608642900,320
1608643800,322
1608644700,345
1608645600,347
1608646500,357
1608647400,602
1608648300,851
1608649200,612
1608650100,740
1608651000,825
1608651900,1279
1608652800,758
1608653700,839
1608654600,910
1608655500,769
1608656400,709
1608657300,470
1608658200,303
1608659100,497
1608660000,1210
1608660900,722
1608661800,397
1608662700,355
1608663600,355
1608664500,372
1608665400,402
1608666300,361
1608667200,346
1608668100,331
1608669000,281
1608669900,254
1608670800,269
1608671700,372
1608672600,297
1608673500,272
1608674400,295
1608675300,315
1608676200,244
1608677100,181
1608678000,140
1608678900,118
1608679800,123
1608680700,117
1608681600,168
1608682500,130
1608683400,128
1608684300,136
1608685200,138
1608686100,127
1608687000,120
1608687900,134
1608688800,159
1608689700,115
1608690600,122
1608691500,131
1608692400,121
1608693300,123
1608694200,136
1608695100,177
1608696000,126
1608696900,113
1608697800,123
1608698700,169
1608699600,785
1608700500,937
1608701400,849
1608702300,751
1608703200,700
1608704100,699
1608705000,506
1608705900,255
1608706800,225
1608707700,196
1608708600,442
1608709500,285
1608710400,279
1608711300,273
1608712200,276
1608713100,247
1608714000,266
1608714900,255
1608715800,313
1608716700,263
1608717600,287
1608718500,264
1608719400,295
1608720300,326
1608721200,419
1608722100,289
1608723000,324
1608723900,674
1608724800,761
1608725700,627
1608726600,379
1608727500,604
1608728400,884
1608729300,335
1608730200,335
1608731100,320
1608732000,395
1608732900,331
1608733800,285
1608734700,291
1608735600,560
1608736500,412
1608737400,326
1608738300,293
1608739200,304
1608740100,410
1608741000,417
1608741900,396
1608742800,819
1608743700,972
1608744600,1576
1608745500,642
1608746400,1055
1608747300,586
1608748200,778
1608749100,653
1608750000,382
1608750900,385
1608751800,382
1608752700,386
1608753600,374
1608754500,404
1608755400,405
1608756300,339
1608757200,261
1608758100,235
1608759000,237
1608759900,233
1608760800,122
1608761700,130
1608762600,127
1608763500,102
1608764400,116
1608765300,109
1608766200,133
1608767100,102
1608768000,120
1608768900,137
1608769800,114
1608770700,103
1608771600,101
1608772500,116
1608773400,109
1608774300,100
1608775200,146
1608776100,135
1608777000,116
1608777900,109
1608778800,108
1608779700,128
1608780600,125
1608781500,138
1608782400,129
1608783300,129
1608784200,134
1608785100,156
1608786000,213
1608786900,229
1608787800,217
1608788700,320
1608789600,473
1608790500,248
1608791400,232
1608792300,402
1608793200,275
1608794100,750
1608795000,710
1608795900,559
1608796800,355
1608797700,727
1608798600,708
1608799500,372
1608800400,284
1608801300,279
1608802200,307
1608803100,285
1608804000,288
1608804900,279
1608805800,412
1608806700,837
1608807600,602
1608808500,1026
1608809400,676
1608810300,761
1608811200,361
1608812100,337
1608813000,341
1608813900,290
1608814800,319
1608815700,307
1608816600,290
1608817500,292
1608818400,263
1608819300,253
1608820200,201
1608821100,332
1608822000,279
1608822900,287
1608823800,286
1608824700,284
1608825600,258
1608826500,194
1608827400,184
1608828300,239
1608829200,247
1608830100,249
1608831000,242
1608831900,270
1608832800,334
1608833700,349
1608834600,362
1608835500,349
1608836400,337
1608837300,313
1608838200,308
1608839100,280
1608840000,394
1608840900,394
1608841800,942
1608842700,530
1608843600,615
1608844500,450
1608845400,943
1608846300,644
1608847200,349
1608848100,314
1608849000,263
1608849900,252
1608850800,242
1608851700,237
1608852600,262
1608853500,289
1608854400,259
1608855300,274
1608856200,291
1608857100,267
1608858000,263
1608858900,261
1608859800,277
1608860700,228
1608861600,189
1608862500,158
1608863400,108
1608864300,103
1608865200,107
1608866100,126
1608867000,118
1608867900,152
1608868800,133
1608869700,130
1608870600,113
1608871500,103
1608872400,153
1608873300,563
1608874200,205
1608875100,246
1608876000,226
1608876900,185
1608877800,219
1608878700,285
1608879600,672
1608880500,489
1608881400,1064
1608882300,815
1608883200,716
1608884100,723
1608885000,1138
1608885900,592
1608886800,577
1608887700,854
1608888600,589
1608889500,1005
1608890400,1063
1608891300,928
1608892200,716
1608893100,680
1608894000,782
1608894900,391
1608895800,449
1608896700,766
1608897600,394
1608898500,309
1608899400,453
1608900300,366
1608901200,344
1608902100,342
1608903000,309
1608903900,318
1608904800,297
1608905700,349
1608906600,315
1608907500,357
1608908400,371
1608909300,318
1608910200,296
1608911100,379
1608912000,603
1608912900,1118
1608913800,924
1608914700,817
1608915600,561
1608916500,1040
1608917400,631
1608918300,520
1608919200,555
1608920100,548
1608921000,558
1608921900,543
1608922800,533
1608923700,420
1608924600,396
1608925500,382
1608926400,350
1608927300,314
1608928200,319
1608929100,308
1608930000,310
1608930900,369
1608931800,265
1608932700,215
1608933600,230
1608934500,165
1608935400,124
1608936300,98
1608937200,119
1608938100,134
1608939000,113
1608939900,127
1608940800,136
1608941700,119
1608942600,117
1608943500,125
1608944400,143
1608945300,130
1608946200,151
1608947100,145
1608948000,133
1608948900,103
1608949800,107
1608950700,102
1608951600,124
1608952500,109
1608953400,140
1608954300,114
1608955200,122
1608956100,113
1608957000,124
1608957900,136
1608958800,413
1608959700,1077
1608960600,920
1608961500,738
1608962400,688
1608963300,660
1608964200,271
1608965100,242
1608966000,316
1608966900,239
1608967800,272
1608968700,711
1608969600,957
1608970500,765
1608971400,1207
1608972300,1553
1608973200,1326
1608974100,1880
1608975000,1531
1608975900,1151
1608976800,1073
1608977700,1659
1608978600,1445
1608979500,803
1608980400,740
1608981300,614
1608982200,460
1608983100,407
1608984000,426
1608984900,360
1608985800,439
1608986700,352
1608987600,347
1608988500,353
1608989400,375
1608990300,408
1608991200,391
1608992100,528
1608993000,986
1608993900,578
1608994800,417
1608995700,422
1608996600,457
1608997500,499
1608998400,504
1608999300,704
1609000200,769
1609001100,681
1609002000,480
1609002900,770
1609003800,932
1609004700,492
1609005600,504
1609006500,447
1609007400,420
1609008300,811
1609009200,776
1609010100,513
1609011000,385
1609011900,381
1609012800,388
1609013700,358
1609014600,354
1609015500,404
1609016400,408
1609017300,300
1609018200,328
1609019100,284
1609020000,275
1609020900,285
1609021800,181
1609022700,133
1609023600,93
1609024500,133
1609025400,127
1609026300,92
1609027200,102
1609028100,105
1609029000,129
1609029900,102
1609030800,121
1609031700,150
1609032600,110
1609033500,97
1609034400,116
1609035300,108
1609036200,123
1609037100,95
1609038000,130
1609038900,143
1609039800,115
1609040700,106
1609041600,99
1609042500,149
1609043400,124
1609044300,130
1609045200,467
1609046100,798
1609047000,619
1609047900,740
1609048800,796
1609049700,780
1609050600,372
1609051500,208
1609052400,223
1609053300,182
1609054200,219
1609055100,236
1609056000,250
1609056900,306
1609057800,347
1609058700,771
1609059600,622
1609060500,702
1609061400,954
1609062300,770
1609063200,373
1609064100,665
1609065000,1042
1609065900,1008
1609066800,763
1609067700,501
1609068600,379
1609069500,489
1609070400,305
1609071300,337
1609072200,815
1609073100,649
1609074000,559
1609074900,329
1609075800,672
1609076700,721
1609077600,339
1609078500,366
1609079400,564
1609080300,392
1609081200,316
1609082100,294
1609083000,296
1609083900,323
1609084800,984
1609085700,1075
1609086600,890
1609087500,872
1609088400,897
1609089300,943
1609090200,918
1609091100,945
1609092000,855
1609092900,685
1609093800,412
1609094700,417
1609095600,384
1609096500,351
1609097400,370
1609098300,340
1609099200,310
1609100100,341
1609101000,318
1609101900,317
1609102800,271
1609103700,319
1609104600,270
1609105500,233
1609106400,232
1609107300,251
1609108200,232
1609109100,222
1609110000,248
1609110900,278
1609111800,151
1609112700,123
1609113600,157
1609114500,123
1609115400,137
1609116300,158
1609117200,178
1609118100,158
1609119000,150
1609119900,157
1609120800,133
1609121700,124
1609122600,136
1609123500,162
1609124400,144
1609125300,122
1609126200,142
1609127100,163
1609128000,132
1609128900,131
1609129800,156
1609130700,285
1609131600,182
1609132500,144
1609133400,233
1609134300,214
1609135200,224
1609136100,254
1609137000,282
1609137900,268
1609138800,258
1609139700,323
1609140600,293
1609141500,293
1609142400,333
1609143300,323
1609144200,294
1609145100,345
1609146000,374
1609146900,507
1609147800,1050
1609148700,1128
1609149600,1350
1609150500,932
1609151400,501
1609152300,936
1609153200,776
1609154100,395
1609155000,285
1609155900,345
1609156800,383
1609157700,345
1609158600,329
1609159500,339
1609160400,330
1609161300,324
1609162200,343
1609163100,352
1609164000,301
1609164900,305
1609165800,392
1609166700,310
1609167600,319
1609168500,652
1609169400,1213
1609170300,861
1609171200,846
1609172100,989
1609173000,766
1609173900,711
1609174800,588
1609175700,418
1609176600,658
1609177500,1160
1609178400,1426
1609179300,1210
1609180200,877
1609181100,417
1609182000,847
1609182900,754
1609183800,413
1609184700,880
1609185600,362
1609186500,300
1609187400,294
1609188300,283
1609189200,288
1609190100,143
1609191000,131
1609191900,140
1609192800,128
1609193700,123
1609194600,128
1609195500,174
1609196400,132
1609197300,121
1609198200,127
1609199100,139
1609200000,119
1609200900,118
1609201800,160
1609202700,159
1609203600,127
1609204500,135
1609205400,137
1609206300,122
1609207200,130
1609208100,141
1609209000,173
1609209900,156
1609210800,149
1609211700,158
1609212600,160
1609213500,166
1609214400,141
1609215300,168
1609216200,127
1609217100,123
1609218000,126
1609218900,354
1609219800,406
1609220700,207
1609221600,243
1609222500,241
1609223400,237
1609224300,239
1609225200,249
1609226100,212
1609227000,241
1609227900,293
1609228800,316
1609229700,278
1609230600,269
1609231500,321
1609232400,266
1609233300,255
1609234200,861
1609235100,1176
1609236000,853
1609236900,810
1609237800,734
1609238700,1087
1609239600,1168
1609240500,676
1609241400,517
1609242300,634
1609243200,822
1609244100,552
1609245000,1041
1609245900,816
1609246800,827
1609247700,786
1609248600,750
1609249500,647
1609250400,364
1609251300,342
1609252200,318
1609253100,329
1609254000,294
1609254900,336
1609255800,337
1609256700,309
1609257600,354
1609258500,706
1609259400,800
1609260300,683
1609261200,495
1609262100,828
1609263000,865
1609263900,454
1609264800,448
1609265700,522
1609266600,445
1609267500,490
1609268400,515
1609269300,484
1609270200,474
1609271100,335
1609272000,328
1609272900,309
1609273800,257
1609274700,327
1609275600,329
1609276500,249
1609277400,222
1609278300,240
1609279200,208
1609280100,150
1609281000,139
1609281900,138
1609282800,104
1609283700,108
1609284600,105
1609285500,139
1609286400,104
1609287300,119
1609288200,120
1609289100,122
1609290000,98
1609290900,103
1609291800,111
1609292700,135
1609293600,137
1609294500,161
1609295400,136
1609296300,133
1609297200,114
1609298100,108
1609299000,134
1609299900,111
1609300800,126
1609301700,115
1609302600,115
1609303500,115
1609304400,103
1609305300,128
1609306200,338
1609307100,365
1609308000,316
1609308900,199
1609309800,155
1609310700,158
1609311600,193
1609312500,218
1609313400,190
1609314300,204
1609315200,193
1609316100,267
1609317000,266
1609317900,310
1609318800,328
1609319700,346
1609320600,379
1609321500,1308
1609322400,676
1609323300,928
1609324200,814
1609325100,873
1609326000,672
1609326900,362
1609327800,380
1609328700,913
1609329600,541
1609330500,540
1609331400,299
1609332300,763
1609333200,524
1609334100,285
1609335000,290
1609335900,266
1609336800,269
1609337700,273
1609338600,504
1609339500,448
1609340400,407
1609341300,389
1609342200,355
1609343100,359
1609344000,343
1609344900,358
1609345800,355
1609346700,797
1609347600,457
1609348500,399
1609349400,462
1609350300,467
1609351200,530
1609352100,555
1609353000,551
1609353900,550
1609354800,468
1609355700,374
1609356600,338
1609357500,338
1609358400,344
1609359300,333
1609360200,301
1609361100,296
1609362000,329
1609362900,356
1609363800,358
1609364700,446
1609365600,378
1609366500,343
1609367400,135
1609368300,108
1609369200,94
1609370100,98
1609371000,110
1609371900,129
1609372800,110
1609373700,96
1609374600,127
1609375500,104
1609376400,95
1609377300,90
1609378200,125
1609379100,126
1609380000,90
1609380900,116
1609381800,89
1609382700,101
1609383600,103
1609384500,117
1609385400,131
1609386300,137
1609387200,121
1609388100,130
1609389000,106
1609389900,114
1609390800,129
1609391700,147
1609392600,111
1609393500,249
1609394400,280
1609395300,244
1609396200,231
1609397100,249
1609398000,260
1609398900,215
1609399800,483
1609400700,619
1609401600,435
1609402500,188
1609403400,453
1609404300,697
1609405200,184
1609406100,177
1609407000,186
1609407900,187
1609408800,168
1609409700,179
1609410600,260
1609411500,225
1609412400,185
1609413300,217
1609414200,437
1609415100,221
1609416000,206
1609416900,203
1609417800,196
1609418700,167
1609419600,164
1609420500,192
1609421400,182
1609422300,196
1609423200,194
1609424100,221
1609425000,183
1609425900,518
1609426800,786
1609427700,540
1609428600,362
1609429500,677
1609430400,741
1609431300,359
1609432200,400
1609433100,677
1609434000,821
1609434900,741
1609435800,673
1609436700,408
1609437600,349
1609438500,367
1609439400,376
1609440300,924
1609441200,506
1609442100,528
1609443000,368
1609443900,850
1609444800,485
1609445700,253
1609446600,256
1609447500,306
1609448400,355
1609449300,321
1609450200,298
1609451100,322
1609452000,294
1609452900,287
1609453800,330
1609454700,336
1609455600,403
1609456500,550
1609457400,316
1609458300,276
1609459200,265
1609460100,188
1609461000,215
1609461900,223
1609462800,193
1609463700,155
1609464600,112
1609465500,124
1609466400,115
1609467300,121
1609468200,119
1609469100,93
1609470000,108
1609470900,93
1609471800,98
1609472700,148
1609473600,114
1609474500,137
1609475400,96
1609476300,113
1609477200,94
1609478100,89
1609479000,142
1609479900,173
1609480800,349
1609481700,118
1609482600,139
1609483500,132
1609484400,131
1609485300,353
1609486200,225
1609487100,236
1609488000,200
1609488900,218
1609489800,223
1609490700,282
1609491600,475
1609492500,281
1609493400,750
1609494300,539
1609495200,422
1609496100,722
1609497000,1497
1609497900,659
1609498800,937
1609499700,363
1609500600,278
1609501500,341
1609502400,663
1609503300,475
1609504200,425
1609505100,454
1609506000,836
1609506900,368
1609507800,296
1609508700,500
1609509600,325
1609510500,324
1609511400,297
1609512300,325
1609513200,363
1609514100,385
1609515000,362
1609515900,383
1609516800,570
1609517700,824
1609518600,377
1609519500,362
1609520400,399
1609521300,372
1609522200,338
1609523100,363
1609524000,345
1609524900,708
1609525800,556
1609526700,352
1609527600,378
1609528500,858
1609529400,581
1609530300,381
1609531200,633
1609532100,784
1609533000,351
1609533900,317
1609534800,300
1609535700,294
1609536600,215
1609537500,202
1609538400,190
1609539300,159
1609540200,100
1609541100,153
1609542000,109
1609542900,150
1609543800,97
1609544700,109
1609545600,145
1609546500,144
1609547400,106
1609548300,120
1609549200,136
1609550100,142
1609551000,120
1609551900,138
1609552800,156
1609553700,120
1609554600,98
1609555500,134
1609556400,123
1609557300,111
1609558200,123
1609559100,149
1609560000,96
1609560900,110
1609561800,134
1609562700,119
1609563600,96
1609564500,147
1609565400,164
1609566300,204
1609567200,141
1609568100,209
1609569000,632
1609569900,579
1609570800,1544
1609571700,719
1609572600,285
1609573500,297
1609574400,227
1609575300,193
1609576200,261
1609577100,325
1609578000,272
1609578900,714
1609579800,1160
1609580700,626
1609581600,608
1609582500,479
1609583400,444
1609584300,862
1609585200,422
1609586100,335
1609587000,436
1609587900,740
1609588800,494
1609589700,281
1609590600,957
1609591500,1637
1609592400,796
1609593300,857
1609594200,731
1609595100,360
1609596000,271
1609596900,289
1609597800,279
1609598700,277
1609599600,283
1609600500,319
1609601400,342
1609602300,345
1609603200,488
1609604100,372
1609605000,352
1609605900,331
1609606800,359
1609607700,345
1609608600,662
1609609500,1200
1609610400,903
1609611300,682
1609612200,853
1609613100,879
1609614000,856
1609614900,1275
1609615800,634
1609616700,383
1609617600,340
1609618500,336
1609619400,340
1609620300,338
1609621200,321
1609622100,287
1609623000,133
1609623900,104
1609624800,107
1609625700,106
1609626600,102
1609627500,132
1609628400,132
1609629300,113
1609630200,104
1609631100,93
1609632000,95
1609632900,129
1609633800,115
1609634700,124
1609635600,93
1609636500,138
1609637400,128
1609638300,124
1609639200,146
1609640100,132
1609641000,129
1609641900,97
1609642800,117
1609643700,100
1609644600,95
1609645500,117
1609646400,122
1609647300,138
1609648200,107
1609649100,108
1609650000,108
1609650900,383
1609651800,808
1609652700,447
1609653600,424
1609654500,195
1609655400,739
1609656300,350
1609657200,183
1609658100,193
1609659000,241
1609659900,206
1609660800,186
1609661700,238
1609662600,256
1609663500,249
1609664400,248
1609665300,276
1609666200,243
1609667100,221
1609668000,267
1609668900,1292
1609669800,615
1609670700,935
1609671600,1374
1609672500,1300
1609673400,657
1609674300,774
1609675200,545
1609676100,277
1609677000,285
1609677900,280
1609678800,307
1609679700,287
1609680600,293
1609681500,337
1609682400,317
1609683300,292
1609684200,305
1609685100,367
1609686000,399
1609686900,413
1609687800,390
1609688700,390
1609689600,349
1609690500,536
1609691400,514
1609692300,348
1609693200,369
1609694100,380
1609695000,448
1609695900,437
1609696800,425
1609697700,439
1609698600,452
1609699500,507
1609700400,538
1609701300,525
1609702200,608
1609703100,493
1609704000,409
1609704900,380
1609705800,365
1609706700,362
1609707600,375
1609708500,370
1609709400,296
1609710300,287
1609711200,303
1609712100,310
1609713000,404
1609713900,181
1609714800,133
1609715700,93
1609716600,102
1609717500,109
1609718400,117
1609719300,130
1609720200,106
1609721100,114
1609722000,100
1609722900,96
1609723800,101
1609724700,128
1609725600,123
1609726500,96
1609727400,122
1609728300,114
1609729200,109
1609730100,101
1609731000,144
1609731900,142
1609732800,124
1609733700,115
1609734600,137
1609735500,121
1609736400,107
1609737300,128
1609738200,280
1609739100,190
1609740000,154
1609740900,179
1609741800,194
1609742700,184
1609743600,218
1609744500,210
1609745400,188
1609746300,543
1609747200,583
1609748100,547
1609749000,794
1609749900,1624
1609750800,1523
1609751700,898
1609752600,802
1609753500,828
1609754400,767
1609755300,644
1609756200,385
1609757100,364
1609758000,671
1609758900,1332
1609759800,788
1609760700,302
1609761600,385
1609762500,345
1609763400,642
1609764300,489
1609765200,509
1609766100,582
1609767000,920
1609767900,648
1609768800,324
1609769700,346
1609770600,342
1609771500,376
1609772400,358
1609773300,377
1609774200,344
1609775100,354
1609776000,367
1609776900,414
1609777800,416
1609778700,785
1609779600,1146
1609780500,765
1609781400,441
1609782300,851
1609783200,809
1609784100,813
1609785000,837
1609785900,369
1609786800,317
1609787700,335
1609788600,321
1609789500,298
1609790400,352
1609791300,348
1609792200,324
1609793100,243
1609794000,313
1609794900,183
1609795800,144
1609796700,169
1609797600,178
1609798500,142
1609799400,163
1609800300,138
1609801200,160
1609802100,135
1609803000,184
1609803900,184
1609804800,167
1609805700,151
1609806600,154
1609807500,140
1609808400,137
1609809300,157
1609810200,144
1609811100,173
1609812000,127
1609812900,124
1609813800,129
1609814700,164
1609815600,165
1609816500,122
1609817400,151
1609818300,155
1609819200,136
1609820100,165
1609821000,180
1609821900,131
1609822800,126
1609823700,465
1609824600,281
1609825500,227
1609826400,255
1609827300,223
1609828200,199
1609829100,176
1609830000,426
1609830900,367
1609831800,188
1609832700,294
1609833600,233
1609834500,302
1609835400,610
1609836300,1130
1609837200,972
1609838100,731
1609839000,648
1609839900,286
1609840800,271
1609841700,243
1609842600,268
1609843500,751
1609844400,906
1609845300,444
1609846200,272
1609847100,257
1609848000,248
1609848900,226
1609849800,256
1609850700,240
1609851600,233
1609852500,253
1609853400,244
1609854300,272
1609855200,425
1609856100,760
1609857000,498
1609857900,263
1609858800,586
1609859700,785
1609860600,319
1609861500,324
1609862400,421
1609863300,941
1609864200,389
1609865100,316
1609866000,310
1609866900,298
1609867800,386
1609868700,329
1609869600,315
1609870500,398
1609871400,829
1609872300,786
1609873200,830
1609874100,731
1609875000,376
1609875900,404
1609876800,410
1609877700,364
1609878600,355
1609879500,356
1609880400,320
1609881300,310
1609882200,228
1609883100,181
1609884000,116
1609884900,123
1609885800,111
1609886700,104
1609887600,121
1609888500,145
1609889400,116
1609890300,109
1609891200,125
1609892100,133
1609893000,109
1609893900,111
1609894800,144
1609895700,109
1609896600,111
1609897500,105
1609898400,139
1609899300,113
1609900200,154
1609901100,145
1609902000,155
1609902900,131
1609903800,131
1609904700,124
1609905600,132
1609906500,131
1609907400,104
1609908300,116
1609909200,281
1609910100,478
1609911000,231
1609911900,288
1609912800,332
1609913700,323
1609914600,353
1609915500,393
1609916400,366
1609917300,343
1609918200,416
1609919100,421
1609920000,629
1609920900,940
1609921800,580
1609922700,526
1609923600,503
1609924500,644
1609925400,1536
1609926300,1061
1609927200,1093
1609928100,1021
1609929000,1746
1609929900,864
1609930800,559
1609931700,541
1609932600,340
1609933500,307
1609934400,325
1609935300,322
1609936200,345
1609937100,327
1609938000,447
1609938900,453
1609939800,322
1609940700,329
1609941600,340
1609942500,338
1609943400,357
1609944300,490
1609945200,332
1609946100,337
1609947000,387
1609947900,312
1609948800,567
1609949700,864
1609950600,785
1609951500,875
1609952400,699
1609953300,408
1609954200,404
1609955100,427
1609956000,406
1609956900,381
1609957800,366
1609958700,387
1609959600,371
1609960500,413
1609961400,437
1609962300,388
1609963200,355
1609964100,387
1609965000,352
1609965900,262
1609966800,241
1609967700,227
1609968600,199
1609969500,190
1609970400,225
1609971300,274
1609972200,189
1609973100,418
1609974000,253
1609974900,135
1609975800,138
1609976700,152
1609977600,153
1609978500,128
1609979400,140
1609980300,150
1609981200,177
1609982100,179
1609983000,164
1609983900,144
1609984800,149
1609985700,127
1609986600,133
1609987500,150
1609988400,157
1609989300,126
1609990200,151
1609991100,157
1609992000,132
1609992900,135
1609993800,174
1609994700,141
1609995600,621
1609996500,234
1609997400,168
1609998300,192
1609999200,259
1610000100,309
1610001000,268
1610001900,235
1610002800,255
1610003700,244
1610004600,256
1610005500,262
1610006400,295
1610007300,299
1610008200,352
1610009100,337
1610010000,340
1610010900,332
1610011800,350
1610012700,295
1610013600,307
1610014500,744
1610015400,1392
1610016300,1641
1610017200,1051
1610018100,1029
1610019000,897
1610019900,1501
1610020800,474
1610021700,322
1610022600,460
1610023500,355
1610024400,351
1610025300,370
1610026200,286
1610027100,223
1610028000,252
1610028900,279
1610029800,303
1610030700,281
1610031600,277
1610032500,236
1610033400,301
1610034300,288
1610035200,336
1610036100,369
1610037000,341
1610037900,343
1610038800,371
1610039700,324
1610040600,330
1610041500,362
1610042400,351
1610043300,345
1610044200,331
1610045100,360
1610046000,374
1610046900,370
1610047800,408
1610048700,367
1610049600,384
1610050500,348
1610051400,331
1610052300,335
1610053200,387
1610054100,769
1610055000,462
1610055900,444
1610056800,256
1610057700,723
1610058600,509
1610059500,205
1610060400,123
1610061300,109
1610062200,115
1610063100,127
1610064000,116
1610064900,155
1610065800,145
1610066700,151
1610067600,143
1610068500,128
1610069400,117
1610070300,155
1610071200,151
1610072100,130
1610073000,135
1610073900,138
1610074800,134
1610075700,127
1610076600,199
1610077500,160
1610078400,139
1610079300,125
1610080200,153
1610081100,128
1610082000,654
1610082900,191
1610083800,213
1610084700,193
1610085600,163
1610086500,177
1610087400,220
1610088300,224
1610089200,232
1610090100,202
1610091000,199
1610091900,214
1610092800,207
1610093700,355
1610094600,353
1610095500,635
1610096400,262
1610097300,218
1610098200,345
1610099100,730
1610100000,320
1610100900,261
1610101800,245
1610102700,253
1610103600,302
1610104500,656
1610105400,297
1610106300,328
1610107200,282
1610108100,295
1610109000,285
1610109900,283
1610110800,551
1610111700,575
1610112600,355
1610113500,327
1610114400,608
1610115300,754
1610116200,273
1610117100,350
1610118000,396
1610118900,368
1610119800,351
1610120700,566
1610121600,557
1610122500,989
1610123400,667
1610124300,525
1610125200,716
1610126100,845
1610127000,349
1610127900,393
1610128800,363
1610129700,367
1610130600,360
1610131500,325
1610132400,316
1610133300,292
1610134200,329
1610135100,291
1610136000,320
1610136900,355
1610137800,386
1610138700,377
1610139600,351
1610140500,340
1610141400,329
1610142300,244
1610143200,192
1610144100,198
1610145000,164
1610145900,155
1610146800,147
1610147700,129
1610148600,134
1610149500,111
1610150400,139
1610151300,125
1610152200,124
1610153100,107
1610154000,136
1610154900,116
1610155800,116
1610156700,108
1610157600,107
1610158500,125
1610159400,135
1610160300,133
1610161200,105
1610162100,119
1610163000,106
1610163900,107
1610164800,106
1610165700,136
1610166600,138
1610167500,154
1610168400,159
1610169300,157
1610170200,138
1610171100,132
1610172000,198
1610172900,584
1610173800,200
1610174700,171
1610175600,298
1610176500,524
1610177400,359
1610178300,229
1610179200,326
1610180100,671
1610181000,1120
1610181900,827
1610182800,636
1610183700,563
1610184600,304
1610185500,309
1610186400,336
1610187300,323
1610188200,900
1610189100,1183
1610190000,541
1610190900,273
1610191800,258
1610192700,331
1610193600,765
1610194500,485
1610195400,495
1610196300,289
1610197200,789
1610198100,490
1610199000,245
1610199900,293
1610200800,290
1610201700,301
1610202600,278
1610203500,285
1610204400,282
1610205300,265
1610206200,271
1610207100,278
1610208000,315
1610208900,292
1610209800,445
1610210700,327
1610211600,345
1610212500,342
1610213400,341
1610214300,353
1610215200,372
1610216100,354
1610217000,408
1610217900,760
1610218800,1349
1610219700,1604
1610220600,1063
1610221500,797
1610222400,1036
1610223300,1013
1610224200,452
1610225100,367
1610226000,342
1610226900,306
1610227800,248
1610228700,286
1610229600,239
1610230500,244
1610231400,263
1610232300,173
1610233200,133
1610234100,114
1610235000,114
1610235900,115
1610236800,115
1610237700,152
1610238600,130
1610239500,142
1610240400,128
1610241300,110
1610242200,104
1610243100,128
1610244000,138
1610244900,116
1610245800,114
1610246700,129
1610247600,104
1610248500,110
1610249400,111
1610250300,159
1610251200,121
1610252100,115
1610253000,111
1610253900,144
1610254800,201
1610255700,741
1610256600,354
1610257500,369
1610258400,313
1610259300,297
1610260200,302
1610261100,386
1610262000,366
1610262900,340
1610263800,358
1610264700,346
1610265600,847
1610266500,748
1610267400,799
1610268300,773
1610269200,777
1610270100,742
1610271000,788
1610271900,1200
1610272800,1332
1610273700,1221
1610274600,1152
1610275500,1512
1610276400,647
1610277300,517
1610278200,746
1610279100,845
1610280000,671
1610280900,1144
1610281800,1358
1610282700,953
1610283600,753
1610284500,273
1610285400,254
1610286300,267
1610287200,232
1610288100,256
1610289000,239
1610289900,200
1610290800,216
1610291700,236
1610292600,225
1610293500,201
1610294400,272
1610295300,438
1610296200,639
1610297100,788
1610298000,637
1610298900,422
1610299800,807
1610300700,793
1610301600,532
1610302500,545
1610303400,914
1610304300,783
1610305200,300
1610306100,349
1610307000,326
1610307900,327
1610308800,357
1610309700,494
1610310600,325
1610311500,267
1610312400,254
1610313300,349
1610314200,259
1610315100,266
1610316000,255
1610316900,235
1610317800,207
1610318700,150
1610319600,121
1610320500,143
1610321400,143
1610322300,141
1610323200,116
1610324100,148
1610325000,129
1610325900,132
1610326800,168
1610327700,157
1610328600,119
1610329500,144
1610330400,123
1610331300,147
1610332200,120
1610333100,154
1610334000,147
1610334900,137
1610335800,142
1610336700,134
1610337600,124
1610338500,162
1610339400,131
1610340300,375
1610341200,643
1610342100,176
1610343000,278
1610343900,333
1610344800,357
1610345700,279
1610346600,273
1610347500,322
1610348400,304
1610349300,275
1610350200,298
1610351100,305
1610352000,303
1610352900,300
1610353800,280
1610354700,310
1610355600,279
1610356500,328
1610357400,300
1610358300,307
1610359200,308
1610360100,279
1610361000,307
1610361900,291
1610362800,243
1610363700,767
1610364600,544
1610365500,173
1610366400,160
1610367300,148
1610368200,278
1610369100,721
1610370000,363
1610370900,299
1610371800,256
1610372700,697
1610373600,264
1610374500,233
1610375400,190
1610376300,145
1610377200,167
1610378100,179
1610379000,184
1610379900,437
1610380800,512
1610381700,310
1610382600,609
1610383500,1092
1610384400,1037
1610385300,802
1610386200,1439
1610387100,966
1610388000,730
1610388900,479
1610389800,344
1610390700,347
1610391600,325
1610392500,320
1610393400,392
1610394300,342
1610395200,305
1610396100,372
1610397000,307
1610397900,268
1610398800,208
1610399700,260
1610400600,276
1610401500,211
1610402400,219
1610403300,222
1610404200,227
1610405100,232
1610406000,206
1610406900,189
1610407800,106
1610408700,115
1610409600,127
1610410500,138
1610411400,109
1610412300,107
1610413200,107
1610414100,140
1610415000,109
1610415900,152
1610416800,120
1610417700,132
1610418600,108
1610419500,116
1610420400,118
1610421300,128
1610422200,142
1610423100,119
1610424000,118
1610424900,152
1610425800,112
1610426700,176
1610427600,1080
1610428500,660
1610429400,652
1610430300,665
1610431200,755
1610432100,639
1610433000,387
1610433900,469
1610434800,957
1610435700,1366
1610436600,935
1610437500,902
1610438400,1019
1610439300,251
1610440200,247
1610441100,248
1610442000,261
1610442900,203
1610443800,198
1610444700,212
1610445600,238
1610446500,208
1610447400,206
1610448300,214
1610449200,322
1610450100,471
1610451000,705
1610451900,1183
1610452800,528
1610453700,445
1610454600,424
1610455500,503
1610456400,612
1610457300,460
1610458200,536
1610459100,1443
1610460000,1422
1610460900,718
1610461800,517
1610462700,264
1610463600,261
1610464500,256
1610465400,287
1610466300,317
1610467200,327
1610468100,328
1610469000,413
1610469900,496
1610470800,1046
1610471700,1196
1610472600,884
1610473500,809
1610474400,577
1610475300,517
1610476200,366
1610477100,371
1610478000,332
1610478900,373
1610479800,342
1610480700,357
1610481600,310
1610482500,303
1610483400,313
1610484300,283
1610485200,250
1610486100,246
1610487000,223
1610487900,226
1610488800,245
1610489700,239
1610490600,226
1610491500,220
1610492400,229
1610493300,154
1610494200,97
1610495100,104
1610496000,118
1610496900,141
1610497800,98
1610498700,102
1610499600,111
1610500500,103
1610501400,97
1610502300,106
1610503200,149
1610504100,136
1610505000,98
1610505900,104
1610506800,113
1610507700,107
1610508600,109
1610509500,121
1610510400,138
1610511300,125
1610512200,95
1610513100,117
1610514000,556
1610514900,220
1610515800,149
1610516700,172
1610517600,258
1610518500,466
1610519400,620
1610520300,650
1610521200,704
1610522100,716
1610523000,1122
1610523900,1219
1610524800,842
1610525700,818
1610526600,786
1610527500,471
1610528400,394
1610529300,386
1610530200,305
1610531100,280
1610532000,240
1610532900,247
1610533800,236
1610534700,263
1610535600,235
1610536500,243
1610537400,518
1610538300,1468
1610539200,1147
1610540100,581
1610541000,522
1610541900,360
1610542800,783
1610543700,1150
1610544600,678
1610545500,674
1610546400,592
1610547300,518
1610548200,875
1610549100,381
1610550000,203
1610550900,280
1610551800,263
1610552700,831
1610553600,775
1610554500,921
1610555400,1019
1610556300,1391
1610557200,1412
1610558100,1044
1610559000,681
1610559900,403
1610560800,356
1610561700,348
1610562600,375
1610563500,834
1610564400,482
1610565300,479
1610566200,386
1610567100,830
1610568000,393
1610568900,299
1610569800,310
1610570700,240
1610571600,224
1610572500,217
1610573400,255
1610574300,220
1610575200,252
1610576100,254
1610577000,263
1610577900,223
1610578800,147
1610579700,144
1610580600,143
1610581500,133
1610582400,155
1610583300,156
1610584200,139
1610585100,132
1610586000,126
1610586900,142
1610587800,139
1610588700,151
1610589600,151
1610590500,143
1610591400,125
1610592300,130
1610593200,127
1610594100,138
1610595000,166
1610595900,167
1610596800,127
1610597700,137
1610598600,142
1610599500,147
1610600400,735
1610601300,915
1610602200,1125
1610603100,777
1610604000,729
1610604900,792
1610605800,718
1610606700,640
1610607600,322
1610608500,385
1610609400,299
1610610300,870
1610611200,828
1610612100,603
1610613000,353
1610613900,338
1610614800,317
1610615700,325
1610616600,436
1610617500,1002
1610618400,911
1610619300,846
1610620200,730
1610621100,458
1610622000,805
1610622900,726
1610623800,716
1610624700,1182
1610625600,1247
1610626500,690
1610627400,854
1610628300,748
1610629200,1035
1610630100,553
1610631000,310
1610631900,337
1610632800,418
1610633700,315
1610634600,267
1610635500,202
1610636400,634
1610637300,713
1610638200,739
1610639100,607
1610640000,752
1610640900,590
1610641800,750
1610642700,758
1610643600,758
1610644500,679
1610645400,621
1610646300,403
1610647200,365
1610648100,583
1610649000,624
1610649900,356
1610650800,301
1610651700,315
1610652600,329
1610653500,359
1610654400,450
1610655300,279
1610656200,290
1610657100,319
1610658000,222
1610658900,237
1610659800,222
1610660700,232
1610661600,237
1610662500,250
1610663400,263
1610664300,225
1610665200,130
1610666100,108
1610667000,136
1610667900,103
1610668800,129
1610669700,112
1610670600,126
1610671500,110
1610672400,110
1610673300,111
1610674200,132
1610675100,122
1610676000,102
1610676900,106
1610677800,108
1610678700,103
1610679600,97
1610680500,138
1610681400,115
1610682300,108
1610683200,108
1610684100,126
1610685000,103
1610685900,134
1610686800,640
1610687700,309
1610688600,127
1610689500,177
1610690400,167
1610691300,160
1610692200,350
1610693100,696
1610694000,342
1610694900,234
1610695800,424
1610696700,849
1610697600,196
1610698500,191
1610699400,156
1610700300,136
1610701200,153
1610702100,191
1610703000,142
1610703900,186
1610704800,205
1610705700,735
1610706600,630
1610707500,211
1610708400,268
1610709300,276
1610710200,221
1610711100,367
1610712000,402
1610712900,436
1610713800,353
1610714700,747
1610715600,727
1610716500,736
1610717400,722
1610718300,675
1610719200,434
1610720100,679
1610721000,590
1610721900,341
1610722800,544
1610723700,1164
1610724600,739
1610725500,749
1610726400,763
1610727300,332
1610728200,310
1610729100,271
1610730000,256
1610730900,274
1610731800,276
1610732700,348
1610733600,405
1610734500,417
1610735400,481
1610736300,435
1610737200,406
1610738100,405
1610739000,481
1610739900,428
1610740800,408
1610741700,425
1610742600,454
1610743500,427
1610744400,416
1610745300,468
1610746200,485
1610747100,412
1610748000,349
1610748900,349
1610749800,357
1610750700,187
1610751600,137
1610752500,149
1610753400,209
1610754300,129
1610755200,137
1610756100,150
1610757000,172
1610757900,128
1610758800,136
1610759700,130
1610760600,141
1610761500,125
1610762400,157
1610763300,145
1610764200,129
1610765100,128
1610766000,155
1610766900,136
1610767800,151
1610768700,146
1610769600,151
1610770500,131
1610771400,137
1610772300,141
1610773200,236
1610774100,494
1610775000,546
1610775900,353
1610776800,520
1610777700,388
1610778600,439
1610779500,444
1610780400,406
1610781300,364
1610782200,415
1610783100,491
1610784000,919
1610784900,542
1610785800,390
1610786700,394
1610787600,392
1610788500,356
1610789400,467
1610790300,926
1610791200,865
1610792100,1238
1610793000,971
1610793900,459
1610794800,314
1610795700,441
1610796600,919
1610797500,555
1610798400,469
1610799300,550
1610800200,876
1610801100,404
1610802000,528
1610802900,393
1610803800,380
1610804700,385
1610805600,369
1610806500,351
1610807400,334
1610808300,352
1610809200,360
1610810100,341
1610811000,360
1610811900,382
1610812800,339
1610813700,367
1610814600,383
1610815500,335
1610816400,327
1610817300,352
1610818200,377
1610819100,415
1610820000,480
1610820900,632
1610821800,802
1610822700,575
1610823600,347
1610824500,368
1610825400,367
1610826300,368
1610827200,420
1610828100,349
1610829000,352
1610829900,335
1610830800,322
1610831700,313
1610832600,262
1610833500,219
1610834400,231
1610835300,235
1610836200,229
1610837100,251
1610838000,290
1610838900,258
1610839800,262
1610840700,271
1610841600,288
1610842500,280
1610843400,287
1610844300,279
1610845200,276
1610846100,254
1610847000,252
1610847900,249
1610848800,276
1610849700,294
1610850600,277
1610851500,253
1610852400,283
1610853300,262
1610854200,219
1610855100,218
1610856000,245
1610856900,209
1610857800,215
1610858700,220
1610859600,403
1610860500,640
1610861400,386
1610862300,360
1610863200,365
1610864100,187
1610865000,174
1610865900,197
1610866800,206
1610867700,217
1610868600,178
1610869500,184
1610870400,703
1610871300,873
1610872200,944
1610873100,845
1610874000,636
1610874900,911
1610875800,1162
1610876700,669
1610877600,967
1610878500,966
1610879400,745
1610880300,318
1610881200,370
1610882100,279
1610883000,236
1610883900,309
1610884800,336
1610885700,331
1610886600,330
1610887500,304
1610888400,294
1610889300,316
1610890200,477
1610891100,752
1610892000,486
1610892900,520
1610893800,350
1610894700,818
1610895600,467
1610896500,326
1610897400,319
1610898300,763
1610899200,1367
1610900100,1235
1610901000,1151
1610901900,947
1610902800,650
1610903700,450
1610904600,740
1610905500,921
1610906400,445
1610907300,789
1610908200,435
1610909100,362
1610910000,364
1610910900,343
1610911800,353
1610912700,372
1610913600,408
1610914500,319
1610915400,311
1610916300,333
1610917200,277
1610918100,257
1610919000,280
1610919900,231
1610920800,231
1610921700,212
1610922600,218
1610923500,143
1610924400,128
1610925300,128
1610926200,120
1610927100,122
1610928000,112
1610928900,105
1610929800,117
1610930700,151
1610931600,123
1610932500,119
1610933400,122
1610934300,113
1610935200,113
1610936100,145
1610937000,140
1610937900,105
1610938800,114
1610939700,118
1610940600,155
1610941500,159
1610942400,120
1610943300,117
1610944200,119
1610945100,105
1610946000,538
1610946900,358
1610947800,235
1610948700,197
1610949600,206
1610950500,179
1610951400,106
1610952300,92
1610953200,146
1610954100,117
1610955000,101
1610955900,89
1610956800,108
1610957700,105
1610958600,116
1610959500,102
1610960400,112
1610961300,99
1610962200,96
1610963100,87
1610964000,120
1610964900,115
1610965800,134
1610966700,142
1610967600,146
1610968500,126
1610969400,1015
1610970300,417
1610971200,150
1610972100,165
1610973000,227
1610973900,237
1610974800,211
1610975700,222
1610976600,219
1610977500,223
1610978400,197
1610979300,173
1610980200,205
1610981100,219
1610982000,744
1610982900,387
1610983800,353
1610984700,701
1610985600,1247
1610986500,1014
1610987400,516
1610988300,564
1610989200,828
1610990100,798
1610991000,887
1610991900,862
1610992800,827
1610993700,580
1610994600,366
1610995500,325
1610996400,332
1610997300,337
1610998200,375
1610999100,379
1611000000,373
1611000900,367
1611001800,331
1611002700,293
1611003600,325
1611004500,286
1611005400,275
1611006300,267
1611007200,280
1611008100,281
1611009000,290
1611009900,205
1611010800,177
1611011700,137
1611012600,138
1611013500,141
1611014400,158
1611015300,157
1611016200,142
1611017100,145
1611018000,143
1611018900,140
1611019800,143
1611020700,189
1611021600,141
1611022500,132
1611023400,144
1611024300,147
1611025200,136
1611026100,155
1611027000,171
1611027900,152
1611028800,148
1611029700,140
1611030600,151
1611031500,169
1611032400,672
1611033300,172
1611034200,138
1611035100,177
1611036000,164
1611036900,175
1611037800,201
1611038700,147
1611039600,153
1611040500,153
1611041400,163
1611042300,178
1611043200,229
1611044100,304
1611045000,245
1611045900,301
1611046800,182
1611047700,153
1611048600,201
1611049500,589
1611050400,455
1611051300,418
1611052200,182
1611053100,557
1611054000,617
1611054900,204
1611055800,200
1611056700,526
1611057600,909
1611058500,843
1611059400,342
1611060300,374
1611061200,205
1611062100,210
1611063000,215
1611063900,185
1611064800,230
1611065700,205
1611066600,227
1611067500,232
1611068400,220
1611069300,209
1611070200,241
1611071100,600
1611072000,325
1611072900,280
1611073800,651
1611074700,1380
1611075600,1428
1611076500,1265
1611077400,1281
1611078300,1175
1611079200,1152
1611080100,1054
1611081000,998
1611081900,551
1611082800,360
1611083700,320
1611084600,319
1611085500,340
1611086400,348
1611087300,338
1611088200,292
1611089100,288
1611090000,281
1611090900,195
1611091800,125
1611092700,128
1611093600,148
1611094500,118
1611095400,119
1611096300,134
1611097200,112
1611098100,107
1611099000,135
1611099900,132
1611100800,114
1611101700,108
1611102600,129
1611103500,120
1611104400,123
1611105300,138
1611106200,136
1611107100,107
1611108000,117
1611108900,115
1611109800,123
1611110700,113
1611111600,140
1611112500,128
1611113400,134
1611114300,121
1611115200,112
1611116100,134
1611117000,131
1611117900,128
1611118800,1007
1611119700,293
1611120600,144
1611121500,211
1611122400,297
1611123300,509
1611124200,881
1611125100,961
1611126000,709
1611126900,673
1611127800,673
1611128700,630
1611129600,634
1611130500,579
1611131400,266
1611132300,162
1611133200,374
1611134100,876
1611135000,783
1611135900,378
1611136800,548
1611137700,823
1611138600,275
1611139500,289
1611140400,228
1611141300,195
1611142200,186
1611143100,170
1611144000,180
1611144900,329
1611145800,442
1611146700,199
1611147600,206
1611148500,192
1611149400,207
1611150300,243
1611151200,346
1611152100,239
1611153000,296
1611153900,270
1611154800,586
1611155700,784
1611156600,722
1611157500,476
1611158400,274
1611159300,328
1611160200,402
1611161100,553
1611162000,410
1611162900,732
1611163800,461
1611164700,389
1611165600,419
1611166500,335
1611167400,321
1611168300,336
1611169200,336
1611170100,307
1611171000,368
1611171900,317
1611172800,322
1611173700,307
1611174600,309
1611175500,270
1611176400,237
1611177300,153
1611178200,119
1611179100,142
1611180000,121
1611180900,119
1611181800,158
1611182700,179
1611183600,146
1611184500,127
1611185400,144
1611186300,131
1611187200,122
1611188100,119
1611189000,186
1611189900,133
1611190800,123
1611191700,122
1611192600,144
1611193500,143
1611194400,135
1611195300,166
1611196200,133
1611197100,120
1611198000,137
1611198900,135
1611199800,133
1611200700,164
1611201600,147
1611202500,138
1611203400,122
1611204300,177
1611205200,695
1611206100,150
1611207000,179
1611207900,224
1611208800,312
1611209700,732
1611210600,447
1611211500,347
1611212400,432
1611213300,821
1611214200,395
1611215100,383
1611216000,366
1611216900,332
1611217800,323
1611218700,335
1611219600,612
1611220500,1039
1611221400,1157
1611222300,824
1611223200,492
1611224100,350
1611225000,725
1611225900,845
1611226800,1389
1611227700,1195
1611228600,1209
1611229500,335
1611230400,541
1611231300,305
1611232200,613
1611233100,717
1611234000,506
1611234900,294
1611235800,620
1611236700,724
1611237600,275
1611238500,320
1611239400,442
1611240300,367
1611241200,329
1611242100,339
1611243000,306
1611243900,290
1611244800,355
1611245700,333
1611246600,472
1611247500,794
1611248400,800
1611249300,922
1611250200,848
1611251100,702
1611252000,400
1611252900,521
1611253800,367
1611254700,407
1611255600,371
1611256500,387
1611257400,398
1611258300,409
1611259200,425
1611260100,360
1611261000,327
1611261900,348
1611262800,273
1611263700,264
1611264600,268
1611265500,262
1611266400,321
1611267300,260
1611268200,209
1611269100,177
1611270000,144
1611270900,153
1611271800,139
1611272700,195
1611273600,136
1611274500,159
1611275400,153
1611276300,165
1611277200,168
1611278100,159
1611279000,190
1611279900,170
1611280800,146
1611281700,151
1611282600,178
1611283500,156
1611284400,196
1611285300,171
1611286200,183
1611287100,175
1611288000,149
1611288900,176
1611289800,147
1611290700,179
1611291600,631
1611292500,323
1611293400,209
1611294300,221
1611295200,196
1611296100,224
1611297000,217
1611297900,191
1611298800,222
1611299700,221
1611300600,221
1611301500,225
1611302400,282
1611303300,263
1611304200,527
1611305100,632
1611306000,484
1611306900,246
1611307800,908
1611308700,1083
1611309600,491
1611310500,412
1611311400,430
1611312300,462
1611313200,572
1611314100,552
1611315000,525
1611315900,326
1611316800,275
1611317700,256
1611318600,303
1611319500,267
1611320400,281
1611321300,331
1611322200,322
1611323100,320
1611324000,819
1611324900,626
1611325800,525
1611326700,360
1611327600,882
1611328500,775
1611329400,358
1611330300,347
1611331200,337
1611332100,333
1611333000,485
1611333900,366
1611334800,333
1611335700,332
1611336600,314
1611337500,354
1611338400,361
1611339300,380
1611340200,382
1611341100,328
1611342000,333
1611342900,322
1611343800,331
1611344700,424
1611345600,460
1611346500,366
1611347400,364
1611348300,386
1611349200,376
1611350100,243
1611351000,219
1611351900,274
1611352800,194
1611353700,164
1611354600,179
1611355500,213
1611356400,171
1611357300,184
1611358200,196
1611359100,208
1611360000,185
1611360900,158
1611361800,200
1611362700,169
1611363600,179
1611364500,191
1611365400,160
1611366300,151
1611367200,154
1611368100,156
1611369000,167
1611369900,164
1611370800,175
1611371700,146
1611372600,180
1611373500,156
1611374400,145
1611375300,148
1611376200,201
1611377100,196
1611378000,203
1611378900,213
1611379800,216
1611380700,229
1611381600,229
1611382500,278
1611383400,257
1611384300,226
1611385200,717
1611386100,923
1611387000,1141
1611387900,890
1611388800,409
1611389700,309
1611390600,313
1611391500,295
1611392400,312
1611393300,320
1611394200,358
1611395100,301
1611396000,685
1611396900,1412
1611397800,1522
1611398700,1850
1611399600,1191
1611400500,1056
1611401400,374
1611402300,483
1611403200,479
1611404100,322
1611405000,337
1611405900,602
1611406800,748
1611407700,770
1611408600,680
1611409500,385
1611410400,789
1611411300,524
1611412200,566
1611413100,319
1611414000,744
1611414900,638
1611415800,345
1611416700,363
1611417600,352
1611418500,383
1611419400,351
1611420300,458
1611421200,534
1611422100,458
1611423000,488
1611423900,438
1611424800,443
1611425700,425
1611426600,452
1611427500,395
1611428400,384
1611429300,388
1611430200,340
1611431100,343
1611432000,395
1611432900,351
1611433800,394
1611434700,483
1611435600,513
1611436500,415
1611437400,272
1611438300,290
1611439200,277
1611440100,255
1611441000,261
1611441900,283
1611442800,242
1611443700,135
1611444600,119
1611445500,113
1611446400,133
1611447300,121
1611448200,137
1611449100,118
1611450000,128
1611450900,113
1611451800,118
1611452700,127
1611453600,133
1611454500,133
1611455400,113
1611456300,135
1611457200,112
1611458100,113
1611459000,114
1611459900,147
1611460800,130
1611461700,119
1611462600,126
1611463500,129
1611464400,274
1611465300,650
1611466200,267
1611467100,242
1611468000,174
1611468900,174
1611469800,187
1611470700,171
1611471600,187
1611472500,204
1611473400,225
1611474300,216
1611475200,219
1611476100,238
1611477000,280
1611477900,257
1611478800,292
1611479700,281
1611480600,288
1611481500,272
1611482400,265
1611483300,1499
1611484200,1036
1611485100,1112
1611486000,585
1611486900,821
1611487800,587
1611488700,866
1611489600,346
1611490500,255
1611491400,289
1611492300,274
1611493200,276
1611494100,276
1611495000,273
1611495900,327
1611496800,318
1611497700,409
1611498600,481
1611499500,341
1611500400,309
1611501300,333
1611502200,301
1611503100,283
1611504000,324
1611504900,302
1611505800,307
1611506700,293
1611507600,432
1611508500,390
1611509400,383
1611510300,523
1611511200,717
1611512100,898
1611513000,389
1611513900,365
1611514800,395
1611515700,360
1611516600,414
1611517500,373
1611518400,384
1611519300,344
1611520200,295
1611521100,241
1611522000,240
1611522900,290
1611523800,266
1611524700,279
1611525600,252
1611526500,255
1611527400,152
1611528300,142
1611529200,151
1611530100,123
1611531000,124
1611531900,132
1611532800,132
1611533700,121
1611534600,148
1611535500,148
1611536400,120
1611537300,117
1611538200,132
1611539100,127
1611540000,108
1611540900,126
1611541800,156
1611542700,128
1611543600,129
1611544500,131
1611545400,123
1611546300,120
1611547200,104
1611548100,158
1611549000,141
1611549900,167
1611550800,820
1611551700,985
1611552600,1455
1611553500,1072
1611554400,567
1611555300,363
1611556200,663
1611557100,766
1611558000,368
1611558900,382
1611559800,337
1611560700,382
1611561600,405
1611562500,227
1611563400,169
1611564300,155
1611565200,180
1611566100,163
1611567000,195
1611567900,167
1611568800,178
1611569700,190
1611570600,175
1611571500,704
1611572400,1095
1611573300,995
1611574200,764
1611575100,825
1611576000,1432
1611576900,1754
1611577800,1458
1611578700,820
1611579600,365
1611580500,800
1611581400,1000
1611582300,787
1611583200,539
1611584100,323
1611585000,343
1611585900,318
1611586800,453
1611587700,347
1611588600,434
1611589500,347
1611590400,341
1611591300,369
1611592200,356
1611593100,493
1611594000,547
1611594900,570
1611595800,605
1611596700,581
1611597600,597
1611598500,588
1611599400,612
1611600300,574
1611601200,538
1611602100,552
1611603000,526
1611603900,544
1611604800,539
1611605700,588
1611606600,399
1611607500,684
1611608400,612
1611609300,549
1611610200,353
1611611100,739
1611612000,618
1611612900,324
1611613800,240
1611614700,109
1611615600,117
1611616500,128
1611617400,165
1611618300,107
1611619200,110
1611620100,136
1611621000,96
1611621900,117
1611622800,120
1611623700,139
1611624600,96
1611625500,103
1611626400,112
1611627300,130
1611628200,121
1611629100,121
1611630000,146
1611630900,121
1611631800,119
1611632700,149
1611633600,127
1611634500,128
1611635400,127
1611636300,189
1611637200,622
1611638100,313
1611639000,285
1611639900,325
1611640800,160
1611641700,172
1611642600,236
1611643500,320
1611644400,261
1611645300,231
1611646200,260
1611647100,244
1611648000,257
1611648900,288
1611649800,255
1611650700,259
1611651600,243
1611652500,239
1611653400,245
1611654300,287
1611655200,299
1611656100,279
1611657000,331
1611657900,390
1611658800,340
1611659700,400
1611660600,383
1611661500,343
1611662400,293
1611663300,279
1611664200,282
1611665100,268
1611666000,222
1611666900,292
1611667800,769
1611668700,396
1611669600,287
1611670500,393
1611671400,812
1611672300,232
1611673200,270
1611674100,257
1611675000,304
1611675900,253
1611676800,258
1611677700,271
1611678600,406
1611679500,336
1611680400,386
1611681300,385
1611682200,387
1611683100,373
1611684000,448
1611684900,409
1611685800,396
1611686700,383
1611687600,394
1611688500,403
1611689400,363
1611690300,373
1611691200,373
1611692100,348
1611693000,323
1611693900,339
1611694800,336
1611695700,293
1611696600,270
1611697500,279
1611698400,265
1611699300,272
1611700200,259
1611701100,260
1611702000,227
1611702900,258
1611703800,159
1611704700,110
1611705600,119
1611706500,155
1611707400,123
1611708300,111
1611709200,129
1611710100,113
1611711000,111
1611711900,105
1611712800,147
1611713700,142
1611714600,127
1611715500,108
1611716400,123
1611717300,152
1611718200,127
1611719100,100
1611720000,158
1611720900,166
1611721800,107
1611722700,124
1611723600,271
1611724500,521
1611725400,172
1611726300,170
1611727200,263
1611728100,195
1611729000,208
1611729900,193
1611730800,204
1611731700,275
1611732600,248
1611733500,253
1611734400,239
1611735300,232
1611736200,226
1611737100,510
1611738000,653
1611738900,655
1611739800,489
1611740700,369
1611741600,1195
1611742500,1298
1611743400,805
1611744300,454
1611745200,972
1611746100,742
1611747000,385
1611747900,813
1611748800,1571
1611749700,947
1611750600,883
1611751500,795
1611752400,1213
1611753300,888
1611754200,318
1611755100,303
1611756000,269
1611756900,300
1611757800,251
1611758700,307
1611759600,330
1611760500,327
1611761400,1178
1611762300,877
1611763200,857
1611764100,917
1611765000,933
1611765900,609
1611766800,454
1611767700,503
1611768600,507
1611769500,522
1611770400,527
1611771300,444
1611772200,893
1611773100,1114
1611774000,510
1611774900,332
1611775800,772
1611776700,591
1611777600,335
1611778500,279
1611779400,269
1611780300,230
1611781200,239
1611782100,252
1611783000,237
1611783900,227
1611784800,168
1611785700,178
1611786600,151
1611787500,130
1611788400,128
1611789300,135
1611790200,145
1611791100,140
1611792000,163
1611792900,140
1611793800,164
1611794700,145
1611795600,167
1611796500,275
1611797400,362
1611798300,397
1611799200,399
1611800100,333
1611801000,362
1611801900,366
1611802800,360
1611803700,392
1611804600,402
1611805500,398
1611806400,397
1611807300,413
1611808200,503
1611809100,704
1611810000,391
1611810900,452
1611811800,435
1611812700,372
1611813600,358
1611814500,383
1611815400,379
1611816300,387
1611817200,743
1611818100,866
1611819000,710
1611819900,449
1611820800,685
1611821700,770
1611822600,402
1611823500,634
1611824400,599
1611825300,385
1611826200,335
1611827100,918
1611828000,906
1611828900,844
1611829800,852
1611830700,832
1611831600,899
1611832500,861
1611833400,1089
1611834300,490
1611835200,271
1611836100,264
1611837000,306
1611837900,410
1611838800,742
1611839700,490
1611840600,303
1611841500,594
1611842400,644
1611843300,292
1611844200,282
1611845100,276
1611846000,266
1611846900,281
1611847800,713
1611848700,670
1611849600,986
1611850500,374
1611851400,570
1611852300,786
1611853200,783
1611854100,950
1611855000,896
1611855900,1103
1611856800,1123
1611857700,1217
1611858600,1163
1611859500,713
1611860400,728
1611861300,465
1611862200,323
1611863100,312
1611864000,318
1611864900,383
1611865800,294
1611866700,258
1611867600,249
1611868500,256
1611869400,252
1611870300,246
1611871200,235
1611872100,274
1611873000,285
1611873900,218
1611874800,173
1611875700,149
1611876600,142
1611877500,138
1611878400,139
1611879300,167
1611880200,164
1611881100,137
1611882000,131
1611882900,148
1611883800,128
1611884700,135
1611885600,128
1611886500,187
1611887400,146
1611888300,146
1611889200,134
1611890100,153
1611891000,134
1611891900,136
1611892800,138
1611893700,175
1611894600,136
1611895500,464
1611896400,511
1611897300,416
1611898200,315
1611899100,317
1611900000,278
1611900900,249
1611901800,321
1611902700,758
1611903600,623
1611904500,618
1611905400,390
1611906300,787
1611907200,754
1611908100,368
1611909000,373
1611909900,390
1611910800,362
1611911700,378
1611912600,375
1611913500,397
1611914400,354
1611915300,577
1611916200,460
1611917100,337
1611918000,350
1611918900,349
1611919800,365
1611920700,330
1611921600,1047
1611922500,1032
1611923400,285
1611924300,315
1611925200,478
1611926100,363
1611927000,356
1611927900,543
1611928800,532
1611929700,341
1611930600,379
1611931500,370
1611932400,326
1611933300,445
1611934200,908
1611935100,695
1611936000,428
1611936900,413
1611937800,449
1611938700,409
1611939600,418
1611940500,393
1611941400,355
1611942300,421
1611943200,386
1611944100,428
1611945000,343
1611945900,340
1611946800,327
1611947700,316
1611948600,343
1611949500,353
1611950400,310
1611951300,345
1611952200,324
1611953100,345
1611954000,357
1611954900,371
1611955800,268
1611956700,232
1611957600,249
1611958500,235
1611959400,229
1611960300,255
1611961200,262
1611962100,227
1611963000,220
1611963900,146
1611964800,144
1611965700,128
1611966600,147
1611967500,179
1611968400,130
1611969300,138
1611970200,141
1611971100,162
1611972000,144
1611972900,144
1611973800,163
1611974700,146
1611975600,136
1611976500,131
1611977400,147
1611978300,138
1611979200,163
1611980100,150
1611981000,163
1611981900,162
1611982800,193
1611983700,221
1611984600,232
1611985500,247
1611986400,235
1611987300,198
1611988200,278
1611989100,291
1611990000,331
1611990900,896
1611991800,1292
1611992700,916
1611993600,829
1611994500,379
1611995400,603
1611996300,785
1611997200,834
1611998100,906
1611999000,825
1611999900,552
1612000800,285
1612001700,629
1612002600,1174
1612003500,1329
1612004400,1448
1612005300,1041
1612006200,924
1612007100,740
1612008000,934
1612008900,468
1612009800,384
1612010700,351
1612011600,324
1612012500,367
1612013400,381
1612014300,393
1612015200,455
1612016100,639
1612017000,1139
1612017900,1198
1612018800,901
1612019700,511
1612020600,407
1612021500,418
1612022400,478
1612023300,435
1612024200,415
1612025100,448
1612026000,693
1612026900,1237
1612027800,976
1612028700,1030
1612029600,1546
1612030500,1636
1612031400,973
1612032300,662
1612033200,388
1612034100,385
1612035000,360
1612035900,350
1612036800,294
1612037700,316
1612038600,311
1612039500,337
1612040400,293
1612041300,286
1612042200,267
1612043100,243
1612044000,227
1612044900,228
1612045800,276
1612046700,231
1612047600,226
1612048500,209
1612049400,240
1612050300,213
1612051200,189
1612052100,195
1612053000,173
1612053900,160
1612054800,148
1612055700,151
1612056600,164
1612057500,179
1612058400,173
1612059300,180
1612060200,173
1612061100,159
1612062000,147
1612062900,164
1612063800,185
1612064700,157
1612065600,165
1612066500,174
1612067400,160
1612068300,202
1612069200,1008
1612070100,960
1612071000,816
1612071900,814
1612072800,529
1612073700,768
1612074600,691
1612075500,412
1612076400,738
1612077300,1053
1612078200,740
1612079100,790
1612080000,729
1612080900,705
1612081800,699
1612082700,723
1612083600,714
1612084500,725
1612085400,673
1612086300,1106
1612087200,1409
1612088100,1389
1612089000,1077
1612089900,538
1612090800,882
1612091700,777
1612092600,265
1612093500,274
1612094400,306
1612095300,325
1612096200,297
1612097100,268
1612098000,288
1612098900,318
1612099800,814
1612100700,450
1612101600,617
1612102500,373
1612103400,933
1612104300,506
1612105200,328
1612106100,303
1612107000,320
1612107900,289
1612108800,291
1612109700,317
1612110600,315
1612111500,340
1612112400,709
1612113300,1276
1612114200,1106
1612115100,851
1612116000,790
1612116900,795
1612117800,517
1612118700,420
1612119600,351
1612120500,315
1612121400,369
1612122300,503
1612123200,318
1612124100,332
1612125000,368
1612125900,311
1612126800,266
1612127700,302
1612128600,298
1612129500,270
1612130400,277
1612131300,275
1612132200,210
1612133100,149
1612134000,139
1612134900,148
1612135800,170
1612136700,158
1612137600,163
1612138500,157
1612139400,141
1612140300,147
1612141200,135
1612142100,161
1612143000,161
1612143900,139
1612144800,145
1612145700,161
1612146600,135
1612147500,138
1612148400,146
1612149300,176
1612150200,141
1612151100,144
1612152000,140
1612152900,142
1612153800,140
1612154700,351
1612155600,855
1612156500,686
1612157400,615
1612158300,625
1612159200,540
1612160100,318
1612161000,370
1612161900,839
1612162800,1107
1612163700,788
1612164600,797
1612165500,437
1612166400,313
1612167300,282
1612168200,267
1612169100,245
1612170000,202
1612170900,211
1612171800,562
1612172700,579
1612173600,460
1612174500,192
1612175400,619
1612176300,519
1612177200,172
1612178100,192
1612179000,260
1612179900,418
1612180800,938
1612181700,1259
1612182600,871
1612183500,721
1612184400,487
1612185300,279
1612186200,679
1612187100,723
1612188000,751
1612188900,731
1612189800,712
1612190700,620
1612191600,316
1612192500,264
1612193400,296
1612194300,338
1612195200,385
1612196100,542
1612197000,399
1612197900,352
1612198800,385
1612199700,335
1612200600,340
1612201500,787
1612202400,1614
1612203300,1243
1612204200,844
1612205100,806
1612206000,728
1612206900,394
1612207800,370
1612208700,322
1612209600,348
1612210500,320
1612211400,309
1612212300,266
1612213200,265
1612214100,259
1612215000,246
1612215900,265
1612216800,276
1612217700,252
1612218600,280
1612219500,236
1612220400,259
1612221300,196
1612222200,162
1612223100,145
1612224000,148
1612224900,131
1612225800,140
1612226700,141
1612227600,175
1612228500,189
1612229400,166
1612230300,143
1612231200,168
1612232100,143
1612233000,147
1612233900,147
1612234800,197
1612235700,171
1612236600,171
1612237500,160
1612238400,173
1612239300,140
1612240200,151
1612241100,225
1612242000,854
1612242900,280
1612243800,296
1612244700,467
1612245600,563
1612246500,599
1612247400,207
1612248300,327
1612249200,742
1612250100,412
1612251000,324
1612251900,303
1612252800,712
1612253700,376
1612254600,187
1612255500,168
1612256400,156
1612257300,149
1612258200,164
1612259100,157
1612260000,166
1612260900,161
1612261800,176
1612262700,207
1612263600,239
1612264500,266
1612265400,988
1612266300,553
1612267200,437
1612268100,208
1612269000,679
1612269900,434
1612270800,148
1612271700,167
1612272600,195
1612273500,303
1612274400,205
1612275300,184
1612276200,174
1612277100,163
1612278000,183
1612278900,682
1612279800,210
1612280700,247
1612281600,283
1612282500,1049
1612283400,545
1612284300,339
1612285200,370
1612286100,351
1612287000,331
1612287900,354
1612288800,417
1612289700,367
1612290600,335
1612291500,351
1612292400,605
1612293300,405
1612294200,316
1612295100,316
1612296000,359
1612296900,321
1612297800,327
1612298700,267
1612299600,259
1612300500,242
1612301400,253
1612302300,261
1612303200,227
1612304100,267
1612305000,297
1612305900,280
1612306800,257
1612307700,272
1612308600,155
1612309500,160
1612310400,159
1612311300,143
1612312200,133
1612313100,167
1612314000,135
1612314900,138
1612315800,138
1612316700,200
1612317600,144
1612318500,147
1612319400,141
1612320300,140
1612321200,134
1612322100,137
1612323000,190
1612323900,162
1612324800,128
1612325700,137
1612326600,146
1612327500,164
1612328400,1007
1612329300,774
1612330200,361
1612331100,227
1612332000,214
1612332900,179
1612333800,211
1612334700,198
1612335600,253
1612336500,271
1612337400,385
1612338300,272
1612339200,240
1612340100,261
1612341000,237
1612341900,278
1612342800,496
1612343700,656
1612344600,463
1612345500,404
1612346400,562
1612347300,704
1612348200,239
1612349100,220
1612350000,628
1612350900,792
1612351800,792
1612352700,206
1612353600,483
1612354500,340
1612355400,181
1612356300,187
1612357200,253
1612358100,184
1612359000,210
1612359900,239
1612360800,160
1612361700,164
1612362600,161
1612363500,188
1612364400,175
1612365300,308
1612366200,239
1612367100,308
1612368000,305
1612368900,299
1612369800,335
1612370700,607
1612371600,864
1612372500,1189
1612373400,952
1612374300,1273
1612375200,655
1612376100,618
1612377000,920
1612377900,919
1612378800,344
1612379700,318
1612380600,355
1612381500,333
1612382400,369
1612383300,375
1612384200,305
1612385100,275
1612386000,256
1612386900,265
1612387800,251
1612388700,212
1612389600,207
1612390500,157
1612391400,154
1612392300,154
1612393200,142
1612394100,150
1612395000,146
1612395900,168
1612396800,163
1612397700,128
1612398600,129
1612399500,150
1612400400,142
1612401300,162
1612402200,151
1612403100,163
1612404000,134
1612404900,146
1612405800,135
1612406700,159
1612407600,151
1612408500,155
1612409400,145
1612410300,186
1612411200,137
1612412100,162
1612413000,128
1612413900,202
1612414800,678
1612415700,896
1612416600,673
1612417500,393
1612418400,217
1612419300,204
1612420200,170
1612421100,198
1612422000,141
1612422900,177
1612423800,142
1612424700,132
1612425600,133
1612426500,160
1612427400,172
1612428300,154
1612429200,195
1612430100,184
1612431000,236
1612431900,233
1612432800,245
1612433700,250
1612434600,210
1612435500,219
1612436400,1229
1612437300,1120
1612438200,800
1612439100,766
1612440000,606
1612440900,402
1612441800,613
1612442700,1069
1612443600,533
1612444500,483
1612445400,316
1612446300,284
1612447200,408
1612448100,488
1612449000,372
1612449900,294
1612450800,328
1612451700,268
1612452600,337
1612453500,848
1612454400,543
1612455300,707
1612456200,441
1612457100,900
1612458000,456
1612458900,329
1612459800,501
1612460700,496
1612461600,366
1612462500,333
1612463400,380
1612464300,330
1612465200,302
1612466100,307
1612467000,333
1612467900,312
1612468800,319
1612469700,402
1612470600,427
1612471500,254
1612472400,243
1612473300,266
1612474200,247
1612475100,229
1612476000,241
1612476900,195
1612477800,156
1612478700,151
1612479600,150
1612480500,180
1612481400,170
1612482300,187
1612483200,165
1612484100,159
1612485000,156
1612485900,158
1612486800,174
1612487700,177
1612488600,176
1612489500,160
1612490400,178
1612491300,157
1612492200,166
1612493100,166
1612494000,203
1612494900,179
1612495800,163
1612496700,186
1612497600,156
1612498500,156
1612499400,153
1612500300,233
1612501200,853
1612502100,947
1612503000,1235
1612503900,818
1612504800,755
1612505700,652
1612506600,1006
1612507500,943
1612508400,1038
1612509300,700
1612510200,330
1612511100,514
1612512000,743
1612512900,273
1612513800,262
1612514700,240
1612515600,465
1612516500,275
1612517400,242
1612518300,264
1612519200,232
1612520100,241
1612521000,266
1612521900,286
1612522800,278
1612523700,276
1612524600,309
1612525500,294
1612526400,247
1612527300,249
1612528200,269
1612529100,267
1612530000,266
1612530900,333
1612531800,294
1612532700,222
1612533600,247
1612534500,266
1612535400,224
1612536300,299
1612537200,310
1612538100,330
1612539000,316
1612539900,331
1612540800,332
1612541700,344
1612542600,391
1612543500,353
1612544400,340
1612545300,324
1612546200,331
1612547100,693
1612548000,1236
1612548900,1370
1612549800,880
1612550700,432
1612551600,397
1612552500,383
1612553400,336
1612554300,387
1612555200,308
1612556100,333
1612557000,322
1612557900,317
1612558800,280
1612559700,270
1612560600,276
1612561500,449
1612562400,657
1612563300,476
1612564200,196
1612565100,475
1612566000,699
1612566900,199
1612567800,162
1612568700,142
1612569600,143
1612570500,127
1612571400,148
1612572300,170
1612573200,153
1612574100,138
1612575000,152
1612575900,123
1612576800,138
1612577700,129
1612578600,180
1612579500,138
1612580400,135
1612581300,145
1612582200,148
1612583100,142
1612584000,149
1612584900,186
1612585800,147
1612586700,146
1612587600,148
1612588500,165
1612589400,163
1612590300,193
1612591200,306
1612592100,698
1612593000,713
1612593900,809
1612594800,475
1612595700,247
1612596600,258
1612597500,306
1612598400,315
1612599300,271
1612600200,269
1612601100,298
1612602000,302
1612602900,336
1612603800,317
1612604700,319
1612605600,284
1612606500,265
1612607400,262
1612608300,318
1612609200,275
1612610100,1222
1612611000,686
1612611900,308
1612612800,317
1612613700,313
1612614600,298
1612615500,296
1612616400,284
1612617300,279
1612618200,260
1612619100,337
1612620000,550
1612620900,801
1612621800,912
1612622700,599
1612623600,972
1612624500,971
1612625400,259
1612626300,282
1612627200,529
1612628100,544
1612629000,376
1612629900,310
1612630800,356
1612631700,368
1612632600,349
1612633500,501
1612634400,777
1612635300,676
1612636200,486
1612637100,558
1612638000,776
1612638900,382
1612639800,330
1612640700,293
1612641600,297
1612642500,297
1612643400,287
1612644300,304
1612645200,297
1612646100,283
1612647000,244
1612647900,283
1612648800,217
1612649700,211
1612650600,240
1612651500,173
1612652400,144
1612653300,163
1612654200,135
1612655100,144
1612656000,126
1612656900,186
1612657800,156
1612658700,134
1612659600,135
1612660500,155
1612661400,139
1612662300,133
1612663200,149
1612664100,171
1612665000,127
1612665900,136
1612666800,128
1612667700,149
1612668600,130
1612669500,158
1612670400,152
1612671300,147
1612672200,137
1612673100,163
1612674000,190
1612674900,221
1612675800,379
1612676700,279
1612677600,398
1612678500,230
1612679400,241
1612680300,270
1612681200,191
1612682100,201
1612683000,202
1612683900,191
1612684800,128
1612685700,110
1612686600,93
1612687500,122
1612688400,172
1612689300,98
1612690200,95
1612691100,126
1612692000,112
1612692900,111
1612693800,103
1612694700,151
1612695600,138
1612696500,106
1612697400,137
1612698300,79
1612699200,123
1612700100,159
1612701000,124
1612701900,132
1612702800,87
1612703700,110
1612704600,129
1612705500,104
1612706400,135
1612707300,125
1612708200,140
1612709100,95
1612710000,86
1612710900,84
1612711800,104
1612712700,130
1612713600,119
1612714500,155
1612715400,437
1612716300,251
1612717200,389
1612718100,962
1612719000,1284
1612719900,1047
1612720800,821
1612721700,750
1612722600,413
1612723500,503
1612724400,435
1612725300,363
1612726200,301
1612727100,314
1612728000,383
1612728900,367
1612729800,330
1612730700,199
1612731600,213
1612732500,238
1612733400,207
1612734300,194
1612735200,188
1612736100,185
1612737000,178
1612737900,199
1612738800,204
1612739700,151
1612740600,144
1612741500,143
1612742400,146
1612743300,134
1612744200,157
1612745100,153
1612746000,155
1612746900,130
1612747800,138
1612748700,134
1612749600,160
1612750500,160
1612751400,157
1612752300,143
1612753200,170
1612754100,132
1612755000,148
1612755900,142
1612756800,168
1612757700,162
1612758600,140
1612759500,150
1612760400,678
1612761300,664
1612762200,177
1612763100,215
1612764000,257
1612764900,173
1612765800,191
1612766700,207
1612767600,209
1612768500,591
1612769400,1106
1612770300,1180
1612771200,1045
1612772100,944
1612773000,496
1612773900,262
1612774800,515
1612775700,676
1612776600,212
1612777500,195
1612778400,151
1612779300,160
1612780200,398
1612781100,892
1612782000,495
1612782900,212
1612783800,314
1612784700,542
1612785600,581
1612786500,664
1612787400,230
1612788300,402
1612789200,1281
1612790100,1327
1612791000,976
1612791900,732
1612792800,1121
1612793700,991
1612794600,619
1612795500,401
1612796400,300
1612797300,252
1612798200,281
1612799100,623
1612800000,723
1612800900,836
1612801800,751
1612802700,577
1612803600,714
1612804500,858
1612805400,841
1612806300,839
1612807200,1057
1612808100,844
1612809000,604
1612809900,426
1612810800,414
1612811700,342
1612812600,373
1612813500,376
1612814400,355
1612815300,297
1612816200,310
1612817100,319
1612818000,264
1612818900,263
1612819800,264
1612820700,242
1612821600,190
1612822500,152
1612823400,169
1612824300,160
1612825200,131
1612826100,138
1612827000,167
1612827900,147
1612828800,143
1612829700,148
1612830600,184
1612831500,146
1612832400,136
1612833300,141
1612834200,155
1612835100,141
1612836000,144
1612836900,169
1612837800,153
1612838700,150
1612839600,147
1612840500,158
1612841400,147
1612842300,141
1612843200,177
1612844100,147
1612845000,138
1612845900,158
1612846800,979
1612847700,751
1612848600,604
1612849500,676
1612850400,641
1612851300,222
1612852200,194
1612853100,842
1612854000,877
1612854900,521
1612855800,283
1612856700,766
1612857600,408
1612858500,201
1612859400,199
1612860300,215
1612861200,211
1612862100,229
1612863000,188
1612863900,167
1612864800,197
1612865700,188
1612866600,172
1612867500,226
1612868400,246
1612869300,909
1612870200,635
1612871100,242
1612872000,302
1612872900,311
1612873800,230
1612874700,220
1612875600,223
1612876500,156
1612877400,186
1612878300,231
1612879200,179
1612880100,179
1612881000,166
1612881900,210
1612882800,214
1612883700,263
1612884600,238
1612885500,220
1612886400,287
1612887300,250
1612888200,296
1612889100,543
1612890000,1045
1612890900,860
1612891800,816
1612892700,960
1612893600,1275
1612894500,1201
1612895400,857
1612896300,816
1612897200,898
1612898100,727
1612899000,388
1612899900,365
1612900800,346
1612901700,339
1612902600,308
1612903500,386
1612904400,260
1612905300,261
1612906200,145
1612907100,141
1612908000,192
1612908900,144
1612909800,140
1612910700,140
1612911600,158
1612912500,156
1612913400,129
1612914300,143
1612915200,170
1612916100,124
1612917000,148
1612917900,145
1612918800,143
1612919700,160
1612920600,143
1612921500,190
1612922400,158
1612923300,128
1612924200,138
1612925100,142
1612926000,136
1612926900,131
1612927800,166
1612928700,173
1612929600,138
1612930500,148
1612931400,160
1612932300,144
1612933200,655
1612934100,246
1612935000,243
1612935900,272
1612936800,233
1612937700,200
1612938600,218
1612939500,210
1612940400,197
1612941300,251
1612942200,208
1612943100,221
1612944000,216
1612944900,288
1612945800,242
1612946700,246
1612947600,247
1612948500,244
1612949400,186
1612950300,194
1612951200,180
1612952100,216
1612953000,569
1612953900,578
1612954800,675
1612955700,309
1612956600,816
1612957500,432
1612958400,442
1612959300,318
1612960200,774
1612961100,326
1612962000,260
1612962900,313
1612963800,256
1612964700,263
1612965600,267
1612966500,299
1612967400,333
1612968300,242
1612969200,254
1612970100,257
1612971000,577
1612971900,721
1612972800,745
1612973700,484
1612974600,270
1612975500,331
1612976400,380
1612977300,530
1612978200,770
1612979100,835
1612980000,619
1612980900,371
1612981800,352
1612982700,383
1612983600,430
1612984500,481
1612985400,513
1612986300,433
1612987200,421
1612988100,405
1612989000,455
1612989900,443
1612990800,416
1612991700,428
1612992600,414
1612993500,507
1612994400,844
1612995300,474
1612996200,297
1612997100,343
1612998000,698
1612998900,219
1612999800,151
1613000700,146
1613001600,136
1613002500,139
1613003400,155
1613004300,150
1613005200,162
1613006100,151
1613007000,154
1613007900,150
1613008800,144
1613009700,190
1613010600,160
1613011500,164
1613012400,149
1613013300,169
1613014200,162
1613015100,163
1613016000,127
1613016900,147
1613017800,264
1613018700,996
1613019600,1148
1613020500,506
1613021400,357
1613022300,271
1613023200,196
1613024100,237
1613025000,237
1613025900,223
1613026800,244
1613027700,551
1613028600,504
1613029500,686
1613030400,689
1613031300,411
1613032200,539
1613033100,828
1613034000,535
1613034900,484
1613035800,385
1613036700,809
1613037600,323
1613038500,257
1613039400,374
1613040300,253
1613041200,301
1613042100,341
1613043000,308
1613043900,343
1613044800,257
1613045700,273
1613046600,239
1613047500,272
1613048400,248
1613049300,188
1613050200,177
1613051100,190
1613052000,180
1613052900,189
1613053800,183
1613054700,173
1613055600,194
1613056500,447
1613057400,223
1613058300,424
1613059200,737
1613060100,637
1613061000,484
1613061900,352
1613062800,338
1613063700,314
1613064600,352
1613065500,392
1613066400,933
1613067300,820
1613068200,931
1613069100,590
1613070000,1046
1613070900,909
1613071800,401
1613072700,403
1613073600,348
1613074500,305
1613075400,330
1613076300,257
1613077200,233
1613078100,156
1613079000,124
1613079900,159
1613080800,136
1613081700,140
1613082600,126
1613083500,114
1613084400,135
1613085300,99
1613086200,100
1613087100,137
1613088000,125
1613088900,113
1613089800,168
1613090700,145
1613091600,128
1613092500,134
1613093400,113
1613094300,192
1613095200,116
1613096100,114
1613097000,119
1613097900,149
1613098800,128
1613099700,128
1613100600,193
1613101500,171
1613102400,118
1613103300,170
1613104200,159
1613105100,166
1613106000,1082
1613106900,1090
1613107800,1022
1613108700,619
1613109600,429
1613110500,203
1613111400,195
1613112300,172
1613113200,253
1613114100,579
1613115000,384
1613115900,236
1613116800,569
1613117700,1161
1613118600,879
1613119500,281
1613120400,248
1613121300,392
1613122200,711
1613123100,540
1613124000,267
1613124900,458
1613125800,721
1613126700,243
1613127600,212
1613128500,232
1613129400,209
1613130300,269
1613131200,244
1613132100,668
1613133000,1117
1613133900,1024
1613134800,744
1613135700,786
1613136600,753
1613137500,627
1613138400,514
1613139300,277
1613140200,418
1613141100,749
1613142000,995
1613142900,971
1613143800,562
1613144700,326
1613145600,836
1613146500,778
1613147400,347
1613148300,296
1613149200,279
1613150100,298
1613151000,332
1613151900,405
1613152800,482
1613153700,378
1613154600,390
1613155500,347
1613156400,342
1613157300,354
1613158200,351
1613159100,337
1613160000,334
1613160900,374
1613161800,355
1613162700,333
1613163600,297
1613164500,306
1613165400,278
1613166300,322
1613167200,283
1613168100,271
1613169000,266
1613169900,138
1613170800,172
1613171700,136
1613172600,148
1613173500,139
1613174400,128
1613175300,139
1613176200,142
1613177100,158
1613178000,144
1613178900,147
1613179800,148
1613180700,132
1613181600,136
1613182500,138
1613183400,186
1613184300,131
1613185200,134
1613186100,130
1613187000,146
1613187900,129
1613188800,148
1613189700,170
1613190600,185
1613191500,152
1613192400,144
1613193300,156
1613194200,186
1613195100,247
1613196000,449
1613196900,213
1613197800,250
1613198700,237
1613199600,281
1613200500,287
1613201400,309
1613202300,298
1613203200,289
1613204100,259
1613205000,302
1613205900,319
1613206800,274
1613207700,293
1613208600,343
1613209500,269
1613210400,286
1613211300,280
1613212200,273
1613213100,486
1613214000,471
1613214900,292
1613215800,275
1613216700,694
1613217600,541
1613218500,502
1613219400,258
1613220300,655
1613221200,643
1613222100,311
1613223000,234
1613223900,253
1613224800,251
1613225700,261
1613226600,372
1613227500,915
1613228400,999
1613229300,893
1613230200,598
1613231100,423
1613232000,732
1613232900,1344
1613233800,1095
1613234700,952
1613235600,1141
1613236500,1472
1613237400,777
1613238300,497
1613239200,483
1613240100,495
1613241000,803
1613241900,1201
1613242800,1340
1613243700,1211
1613244600,828
1613245500,655
1613246400,367
1613247300,334
1613248200,342
1613249100,293
1613250000,228
1613250900,170
1613251800,173
1613252700,135
1613253600,124
1613254500,119
1613255400,125
1613256300,124
1613257200,106
1613258100,141
1613259000,135
1613259900,146
1613260800,128
1613261700,127
1613262600,112
1613263500,118
1613264400,127
1613265300,118
1613266200,130
1613267100,151
1613268000,118
1613268900,118
1613269800,122
1613270700,165
1613271600,131
1613272500,128
1613273400,131
1613274300,137
1613275200,119
1613276100,123
1613277000,139
1613277900,164
1613278800,156
1613279700,887
1613280600,1300
1613281500,1083
1613282400,739
1613283300,672
1613284200,573
1613285100,421
1613286000,359
1613286900,309
1613287800,681
1613288700,1076
1613289600,783
1613290500,743
1613291400,744
1613292300,398
1613293200,262
1613294100,308
1613295000,766
1613295900,641
1613296800,466
1613297700,610
1613298600,751
1613299500,684
1613300400,460
1613301300,866
1613302200,478
1613303100,522
1613304000,389
1613304900,844
1613305800,478
1613306700,289
1613307600,285
1613308500,296
1613309400,265
1613310300,221
1613311200,253
1613312100,251
1613313000,239
1613313900,238
1613314800,316
1613315700,555
1613316600,644
1613317500,509
1613318400,323
1613319300,748
1613320200,632
1613321100,294
1613322000,265
1613322900,269
1613323800,267
1613324700,253
1613325600,284
1613326500,313
1613327400,404
1613328300,320
1613329200,331
1613330100,314
1613331000,313
1613331900,288
1613332800,399
1613333700,345
1613334600,302
1613335500,272
1613336400,139
1613337300,113
1613338200,118
1613339100,153
1613340000,132
1613340900,116
1613341800,121
1613342700,114
1613343600,128
1613344500,103
1613345400,136
1613346300,108
1613347200,123
1613348100,105
1613349000,119
1613349900,105
1613350800,139
1613351700,140
1613352600,120
1613353500,114
1613354400,140
1613355300,104
1613356200,110
1613357100,111
1613358000,166
1613358900,107
1613359800,124
1613360700,116
1613361600,131
1613362500,115
1613363400,116
1613364300,136
1613365200,150
1613366100,138
1613367000,164
1613367900,576
1613368800,274
1613369700,186
1613370600,233
1613371500,212
1613372400,260
1613373300,296
1613374200,338
1613375100,399
1613376000,367
1613376900,358
1613377800,545
1613378700,706
1613379600,344
1613380500,513
1613381400,992
1613382300,798
1613383200,717
1613384100,380
1613385000,1132
1613385900,1932
1613386800,1721
1613387700,1331
1613388600,973
1613389500,371
1613390400,434
1613391300,775
1613392200,366
1613393100,277
1613394000,276
1613394900,496
1613395800,283
1613396700,258
1613397600,266
1613398500,321
1613399400,271
1613400300,363
1613401200,576
1613402100,593
1613403000,517
1613403900,531
1613404800,330
1613405700,1471
1613406600,560
1613407500,304
1613408400,274
1613409300,278
1613410200,272
1613411100,279
1613412000,384
1613412900,345
1613413800,332
1613414700,296
1613415600,324
1613416500,611
1613417400,501
1613418300,446
1613419200,458
1613420100,475
1613421000,372
1613421900,219
1613422800,147
1613423700,155
1613424600,137
1613425500,149
1613426400,166
1613427300,188
1613428200,140
1613429100,152
1613430000,136
1613430900,157
1613431800,153
1613432700,153
1613433600,144
1613434500,147
1613435400,140
1613436300,141
1613437200,129
1613438100,151
1613439000,162
1613439900,136
1613440800,166
1613441700,131
1613442600,134
1613443500,130
1613444400,161
1613445300,152
1613446200,145
1613447100,133
1613448000,144
1613448900,148
1613449800,132
1613450700,147
1613451600,172
1613452500,176
1613453400,180
1613454300,176
1613455200,241
1613456100,314
1613457000,545
1613457900,259
1613458800,208
1613459700,239
1613460600,249
1613461500,352
1613462400,709
1613463300,592
1613464200,533
1613465100,284
1613466000,664
1613466900,658
1613467800,334
1613468700,373
1613469600,860
1613470500,694
1613471400,1124
1613472300,367
1613473200,321
1613474100,250
1613475000,244
1613475900,273
1613476800,280
1613477700,263
1613478600,234
1613479500,628
1613480400,1166
1613481300,1084
1613482200,886
1613483100,855
1613484000,490
1613484900,314
1613485800,497
1613486700,718
1613487600,250
1613488500,267
1613489400,249
1613490300,245
1613491200,315
1613492100,759
1613493000,788
1613493900,763
1613494800,297
1613495700,321
1613496600,311
1613497500,290
1613498400,342
1613499300,368
1613500200,373
1613501100,362
1613502000,321
1613502900,340
1613503800,320
1613504700,321
1613505600,292
1613506500,281
1613507400,307
1613508300,291
1613509200,243
1613510100,274
1613511000,246
1613511900,280
1613512800,202
1613513700,220
1613514600,142
1613515500,135
1613516400,135
1613517300,168
1613518200,155
1613519100,132
1613520000,146
1613520900,162
1613521800,127
1613522700,136
1613523600,149
1613524500,136
1613525400,154
1613526300,142
1613527200,161
1613528100,142
1613529000,135
1613529900,145
1613530800,148
1613531700,142
1613532600,137
1613533500,188
1613534400,143
1613535300,144
1613536200,124
1613537100,134
1613538000,143
1613538900,126
1613539800,209
1613540700,226
1613541600,437
1613542500,666
1613543400,610
1613544300,600
1613545200,413
1613546100,684
1613547000,740
1613547900,315
1613548800,316
1613549700,434
1613550600,276
1613551500,313
1613552400,292
1613553300,308
1613554200,301
1613555100,886
1613556000,1781
1613556900,1384
1613557800,901
1613558700,1105
1613559600,303
1613560500,235
1613561400,242
1613562300,284
1613563200,284
1613564100,256
1613565000,245
1613565900,460
1613566800,379
1613567700,393
1613568600,868
1613569500,1225
1613570400,865
1613571300,680
1613572200,496
1613573100,314
1613574000,310
1613574900,329
1613575800,300
1613576700,291
1613577600,295
1613578500,322
1613579400,327
1613580300,286
1613581200,522
1613582100,1184
1613583000,1328
1613583900,1474
1613584800,852
1613585700,529
1613586600,444
1613587500,947
1613588400,468
1613589300,335
1613590200,347
1613591100,321
1613592000,273
1613592900,246
1613593800,285
1613594700,256
1613595600,258
1613596500,319
1613597400,255
1613598300,253
1613599200,220
1613600100,227
1613601000,264
1613601900,208
1613602800,167
1613603700,162
1613604600,168
1613605500,147
1613606400,140
1613607300,150
1613608200,141
1613609100,125
1613610000,145
1613610900,134
1613611800,154
1613612700,127
1613613600,133
1613614500,127
1613615400,154
1613616300,154
1613617200,158
1613618100,138
1613619000,158
1613619900,148
1613620800,132
1613621700,127
1613622600,153
1613623500,182
1613624400,141
1613625300,165
1613626200,183
1613627100,202
1613628000,213
1613628900,208
1613629800,457
1613630700,353
1613631600,192
1613632500,273
1613633400,261
1613634300,243
1613635200,240
1613636100,259
1613637000,262
1613637900,272
1613638800,260
1613639700,249
1613640600,248
1613641500,276
1613642400,280
1613643300,648
1613644200,2186
1613645100,1219
1613646000,516
1613646900,574
1613647800,963
1613648700,446
1613649600,406
1613650500,399
1613651400,605
1613652300,724
1613653200,748
1613654100,793
1613655000,752
1613655900,777
1613656800,650
1613657700,258
1613658600,283
1613659500,261
1613660400,403
1613661300,541
1613662200,364
1613663100,295
1613664000,272
1613664900,1104
1613665800,1357
1613666700,661
1613667600,642
1613668500,517
1613669400,1020
1613670300,667
1613671200,532
1613672100,430
1613673000,377
1613673900,303
1613674800,315
1613675700,327
1613676600,316
1613677500,304
1613678400,339
1613679300,307
1613680200,244
1613681100,251
1613682000,241
1613682900,281
1613683800,251
1613684700,245
1613685600,251
1613686500,253
1613687400,235
1613688300,223
1613689200,205
1613690100,143
1613691000,171
1613691900,146
1613692800,152
1613693700,153
1613694600,143
1613695500,154
1613696400,149
1613697300,187
1613698200,141
1613699100,127
1613700000,132
1613700900,149
1613701800,125
1613702700,135
1613703600,164
1613704500,145
1613705400,140
1613706300,142
1613707200,154
1613708100,155
1613709000,159
1613709900,189
1613710800,185
1613711700,173
1613712600,226
1613713500,227
1613714400,354
1613715300,545
1613716200,253
1613717100,218
1613718000,304
1613718900,318
1613719800,274
1613720700,265
1613721600,259
1613722500,281
1613723400,251
1613724300,505
1613725200,732
1613726100,543
1613727000,313
1613727900,618
1613728800,783
1613729700,308
1613730600,458
1613731500,1352
1613732400,1259
1613733300,861
1613734200,497
1613735100,341
1613736000,305
1613736900,318
1613737800,298
1613738700,336
1613739600,266
1613740500,320
1613741400,285
1613742300,277
1613743200,705
1613744100,740
1613745000,780
1613745900,807
1613746800,393
1613747700,373
1613748600,308
1613749500,320
1613750400,915
1613751300,1062
1613752200,515
1613753100,401
1613754000,368
1613754900,318
1613755800,359
1613756700,531
1613757600,809
1613758500,671
1613759400,437
1613760300,595
1613761200,860
1613762100,338
1613763000,382
1613763900,352
1613764800,418
1613765700,361
1613766600,316
1613767500,246
1613768400,259
1613769300,342
1613770200,296
1613771100,261
1613772000,264
1613772900,286
1613773800,250
1613774700,186
1613775600,142
1613776500,153
1613777400,148
1613778300,158
1613779200,167
1613780100,156
1613781000,142
1613781900,150
1613782800,141
1613783700,160
1613784600,158
1613785500,135
1613786400,132
1613787300,147
1613788200,135
1613789100,132
1613790000,145
1613790900,184
1613791800,139
1613792700,133
1613793600,153
1613794500,154
1613795400,153
1613796300,157
1613797200,178
1613798100,154
1613799000,157
1613799900,189
1613800800,248
1613801700,757
1613802600,1128
1613803500,1214
1613804400,803
1613805300,750
1613806200,651
1613807100,318
1613808000,292
1613808900,288
1613809800,262
1613810700,210
1613811600,221
1613812500,250
1613813400,248
1613814300,282
1613815200,265
1613816100,292
1613817000,256
1613817900,262
1613818800,278
1613819700,277
1613820600,585
1613821500,318
1613822400,330
1613823300,305
1613824200,283
1613825100,338
1613826000,365
1613826900,278
1613827800,417
1613828700,1149
1613829600,1142
1613830500,775
1613831400,677
1613832300,645
1613833200,334
1613834100,338
1613835000,354
1613835900,282
1613836800,313
1613837700,678
1613838600,654
1613839500,656
1613840400,1237
1613841300,1206
1613842200,1229
1613843100,759
1613844000,1021
1613844900,798
1613845800,555
1613846700,633
1613847600,435
1613848500,338
1613849400,314
1613850300,315
1613851200,300
1613852100,271
1613853000,273
1613853900,287
1613854800,282
1613855700,273
1613856600,320
1613857500,271
1613858400,260
1613859300,224
1613860200,206
1613861100,229
1613862000,216
1613862900,200
1613863800,243
1613864700,177
1613865600,161
1613866500,128
1613867400,145
1613868300,149
1613869200,154
1613870100,140
1613871000,121
1613871900,156
1613872800,150
1613873700,118
1613874600,123
1613875500,132
1613876400,140
1613877300,134
1613878200,133
1613879100,150
1613880000,169
1613880900,141
1613881800,123
1613882700,134
1613883600,154
1613884500,150
1613885400,257
1613886300,387
1613887200,240
1613888100,267
1613889000,469
1613889900,440
1613890800,715
1613891700,549
1613892600,499
1613893500,318
1613894400,666
1613895300,1071
1613896200,655
1613897100,722
1613898000,678
1613898900,622
1613899800,620
1613900700,687
1613901600,1031
1613902500,1532
1613903400,596
1613904300,433
1613905200,312
1613906100,318
1613907000,352
1613907900,335
1613908800,237
1613909700,242
1613910600,248
1613911500,253
1613912400,270
1613913300,251
1613914200,250
1613915100,257
1613916000,234
1613916900,234
1613917800,233
1613918700,293
1613919600,323
1613920500,339
1613921400,320
1613922300,317
1613923200,374
1613924100,399
1613925000,322
1613925900,369
1613926800,342
1613927700,941
1613928600,1337
1613929500,1109
1613930400,812
1613931300,801
1613932200,649
1613933100,382
1613934000,306
1613934900,321
1613935800,369
1613936700,388
1613937600,291
1613938500,370
1613939400,286
1613940300,251
1613941200,246
1613942100,243
1613943000,263
1613943900,258
1613944800,211
1613945700,152
1613946600,154
1613947500,136
1613948400,136
1613949300,135
1613950200,175
1613951100,137
1613952000,164
1613952900,158
1613953800,154
1613954700,142
1613955600,126
1613956500,149
1613957400,144
1613958300,128
1613959200,124
1613960100,163
1613961000,172
1613961900,137
1613962800,125
1613963700,135
1613964600,144
1613965500,154
1613966400,120
1613967300,125
1613968200,179
1613969100,178
1613970000,727
1613970900,482
1613971800,194
1613972700,250
1613973600,234
1613974500,207
1613975400,197
1613976300,235
1613977200,263
1613978100,245
1613979000,222
1613979900,547
1613980800,984
1613981700,862
1613982600,281
1613983500,226
1613984400,224
1613985300,274
1613986200,247
1613987100,589
1613988000,448
1613988900,637
1613989800,1810
1613990700,2591
1613991600,1340
1613992500,559
1613993400,350
1613994300,268
1613995200,254
1613996100,239
1613997000,195
1613997900,231
1613998800,227
1613999700,238
1614000600,230
1614001500,202
1614002400,188
1614003300,190
1614004200,173
1614005100,159
1614006000,167
1614006900,223
1614007800,257
1614008700,261
1614009600,274
1614010500,272
1614011400,310
1614012300,271
1614013200,270
1614014100,294
1614015000,345
1614015900,384
1614016800,382
1614017700,434
1614018600,558
1614019500,745
1614020400,880
1614021300,625
1614022200,419
1614023100,862
1614024000,668
1614024900,356
1614025800,359
1614026700,314
1614027600,195
1614028500,131
1614029400,125
1614030300,127
1614031200,171
1614032100,191
1614033000,155
1614033900,142
1614034800,138
1614035700,149
1614036600,145
1614037500,140
1614038400,143
1614039300,181
1614040200,167
1614041100,150
1614042000,143
1614042900,162
1614043800,149
1614044700,125
1614045600,142
1614046500,170
1614047400,176
1614048300,144
1614049200,125
1614050100,156
1614051000,149
1614051900,156
1614052800,144
1614053700,145
1614054600,172
1614055500,186
1614056400,562
1614057300,471
1614058200,194
1614059100,261
1614060000,189
1614060900,201
1614061800,211
1614062700,242
1614063600,221
1614064500,265
1614065400,197
1614066300,108
1614067200,103
1614068100,128
1614069000,102
1614069900,137
1614070800,132
1614071700,133
1614072600,110
1614073500,115
1614074400,114
1614075300,156
1614076200,144
1614077100,144
1614078000,190
1614078900,489
1614079800,478
1614080700,376
1614081600,322
1614082500,711
1614083400,585
1614084300,159
1614085200,165
1614086100,183
1614087000,155
1614087900,153
1614088800,222
1614089700,148
1614090600,165
1614091500,277
1614092400,204
1614093300,202
1614094200,237
1614095100,255
1614096000,301
1614096900,670
1614097800,492
1614098700,618
1614099600,299
1614100500,268
1614101400,318
1614102300,300
1614103200,310
1614104100,335
1614105000,379
1614105900,300
1614106800,307
1614107700,302
1614108600,362
1614109500,373
1614110400,331
1614111300,305
1614112200,278
1614113100,267
1614114000,335
1614114900,199
1614115800,146
1614116700,159
1614117600,179
1614118500,147
1614119400,138
1614120300,147
1614121200,161
1614122100,137
1614123000,136
1614123900,148
1614124800,185
1614125700,138
1614126600,142
1614127500,145
1614128400,153
1614129300,135
1614130200,134
1614131100,157
1614132000,184
1614132900,173
1614133800,154
1614134700,183
1614135600,154
1614136500,147
1614137400,163
1614138300,181
1614139200,163
1614140100,197
1614141000,178
1614141900,168
1614142800,201
1614143700,681
1614144600,287
1614145500,207
1614146400,225
1614147300,205
1614148200,219
1614149100,180
1614150000,208
1614150900,215
1614151800,304
1614152700,273
1614153600,439
1614154500,338
1614155400,375
1614156300,329
1614157200,422
1614158100,922
1614159000,1316
1614159900,1007
1614160800,836
1614161700,571
1614162600,529
1614163500,623
1614164400,853
1614165300,815
1614166200,608
1614167100,448
1614168000,383
1614168900,844
1614169800,483
1614170700,863
1614171600,888
1614172500,1324
1614173400,789
1614174300,622
1614175200,305
1614176100,326
1614177000,349
1614177900,335
1614178800,338
1614179700,375
1614180600,814
1614181500,465
1614182400,596
1614183300,661
1614184200,927
1614185100,672
1614186000,436
1614186900,452
1614187800,436
1614188700,429
1614189600,411
1614190500,513
1614191400,523
1614192300,425
1614193200,414
1614194100,337
1614195000,358
1614195900,362
1614196800,432
1614197700,931
1614198600,566
1614199500,347
1614200400,610
1614201300,751
1614202200,206
1614203100,144
1614204000,147
1614204900,155
1614205800,154
1614206700,147
1614207600,155
1614208500,169
1614209400,167
1614210300,164
1614211200,150
1614212100,145
1614213000,161
1614213900,141
1614214800,132
1614215700,164
1614216600,183
1614217500,133
1614218400,140
1614219300,148
1614220200,151
1614221100,142
1614222000,144
1614222900,169
1614223800,171
1614224700,165
1614225600,128
1614226500,145
1614227400,127
1614228300,147
1614229200,384
1614230100,827
1614231000,1137
1614231900,1121
1614232800,734
1614233700,471
1614234600,211
1614235500,663
1614236400,633
1614237300,718
1614238200,622
1614239100,248
1614240000,180
1614240900,183
1614241800,165
1614242700,195
1614243600,119
1614244500,129
1614245400,162
1614246300,199
1614247200,165
1614248100,115
1614249000,276
1614249900,192
1614250800,1115
1614251700,500
1614252600,424
1614253500,300
1614254400,159
1614255300,144
1614256200,150
1614257100,186
1614258000,162
1614258900,178
1614259800,171
1614260700,272
1614261600,214
1614262500,202
1614263400,212
1614264300,240
1614265200,231
1614266100,226
1614267000,411
1614267900,863
1614268800,516
1614269700,392
1614270600,508
1614271500,906
1614272400,481
1614273300,864
1614274200,968
1614275100,1034
1614276000,975
1614276900,963
1614277800,935
1614278700,654
1614279600,378
1614280500,368
1614281400,390
1614282300,363
1614283200,366
1614284100,334
1614285000,228
1614285900,220
1614286800,238
1614287700,177
1614288600,168
1614289500,158
1614290400,161
1614291300,150
1614292200,136
1614293100,148
1614294000,160
1614294900,147
1614295800,153
1614296700,194
1614297600,144
1614298500,126
1614299400,138
1614300300,157
1614301200,127
1614302100,145
1614303000,147
1614303900,172
1614304800,135
1614305700,142
1614306600,163
1614307500,137
1614308400,127
1614309300,143
1614310200,136
1614311100,191
1614312000,123
1614312900,138
1614313800,127
1614314700,137
1614315600,680
1614316500,866
1614317400,515
1614318300,242
1614319200,253
1614320100,247
1614321000,192
1614321900,467
1614322800,745
1614323700,478
1614324600,247
1614325500,618
1614326400,701
1614327300,900
1614328200,1253
1614329100,1099
1614330000,714
1614330900,625
1614331800,259
1614332700,287
1614333600,233
1614334500,240
1614335400,246
1614336300,527
1614337200,727
1614338100,377
1614339000,245
1614339900,251
1614340800,224
1614341700,241
1614342600,228
1614343500,259
1614344400,227
1614345300,241
1614346200,196
1614347100,308
1614348000,230
1614348900,278
1614349800,362
1614350700,303
1614351600,293
1614352500,322
1614353400,440
1614354300,406
1614355200,321
1614356100,325
1614357000,482
1614357900,425
1614358800,673
1614359700,879
1614360600,832
1614361500,396
1614362400,389
1614363300,327
1614364200,341
1614365100,360
1614366000,359
1614366900,343
1614367800,340
1614368700,355
1614369600,355
1614370500,347
1614371400,329
1614372300,318
1614373200,283
1614374100,277
1614375000,312
1614375900,316
1614376800,296
1614377700,232
1614378600,217
1614379500,231
1614380400,185
1614381300,185
1614382200,146
1614383100,187
1614384000,144
1614384900,134
1614385800,141
1614386700,152
1614387600,119
1614388500,126
1614389400,158
1614390300,160
1614391200,143
1614392100,141
1614393000,139
1614393900,130
1614394800,117
1614395700,142
1614396600,122
1614397500,163
1614398400,128
1614399300,129
1614400200,136
1614401100,129
1614402000,143
1614402900,193
1614403800,215
1614404700,223
1614405600,246
1614406500,418
1614407400,838
1614408300,1229
1614409200,842
1614410100,714
1614411000,711
1614411900,773
1614412800,609
1614413700,782
1614414600,759
1614415500,534
1614416400,271
1614417300,615
1614418200,708
1614419100,262
1614420000,282
1614420900,307
1614421800,340
1614422700,313
1614423600,357
1614424500,403
1614425400,225
1614426300,220
1614427200,197
1614428100,190
1614429000,191
1614429900,198
1614430800,235
1614431700,162
1614432600,137
1614433500,131
1614434400,107
1614435300,138
1614436200,138
1614437100,172
1614438000,147
1614438900,133
1614439800,153
1614440700,128
1614441600,135
1614442500,145
1614443400,155
1614444300,139
1614445200,153
1614446100,144
1614447000,138
1614447900,134
1614448800,121
1614449700,134
1614450600,131
1614451500,132
1614452400,260
1614453300,452
1614454200,346
1614455100,323
1614456000,341
1614456900,308
1614457800,265
1614458700,243
1614459600,292
1614460500,263
1614461400,223
1614462300,284
1614463200,262
1614464100,252
1614465000,253
1614465900,194
1614466800,162
1614467700,123
1614468600,130
1614469500,120
1614470400,126
1614471300,123
1614472200,129
1614473100,134
1614474000,152
1614474900,155
1614475800,136
1614476700,123
1614477600,119
1614478500,146
1614479400,132
1614480300,135
1614481200,149
1614482100,155
1614483000,117
1614483900,131
1614484800,130
1614485700,126
1614486600,123
1614487500,142
1614488400,201
1614489300,247
1614490200,471
1614491100,297
1614492000,236
1614492900,220
1614493800,352
1614494700,367
1614495600,292
1614496500,249
1614497400,262
1614498300,261
1614499200,264
1614500100,272
1614501000,316
1614501900,448
1614502800,787
1614503700,685
1614504600,784
1614505500,719
1614506400,1196
1614507300,930
1614508200,1406
1614509100,1179
1614510000,975
1614510900,887
1614511800,822
1614512700,766
1614513600,667
1614514500,247
1614515400,254
1614516300,272
1614517200,297
1614518100,241
1614519000,343
1614519900,262
1614520800,416
1614521700,252
1614522600,238
1614523500,301
1614524400,275
1614525300,262
1614526200,227
1614527100,218
1614528000,218
1614528900,322
1614529800,769
1614530700,1198
1614531600,1141
1614532500,1405
1614533400,1088
1614534300,924
1614535200,906
1614536100,1169
1614537000,359
1614537900,298
1614538800,302
1614539700,297
1614540600,350
1614541500,349
1614542400,390
1614543300,380
1614544200,382
1614545100,400
1614546000,274
1614546900,235
1614547800,187
1614548700,145
1614549600,142
1614550500,137
1614551400,185
1614552300,166
1614553200,160
1614554100,136
1614555000,145
1614555900,146
1614556800,125
1614557700,166
1614558600,151
1614559500,153
1614560400,129
1614561300,140
1614562200,141
1614563100,139
1614564000,156
1614564900,131
1614565800,149
1614566700,168
1614567600,128
1614568500,128
1614569400,144
1614570300,183
1614571200,125
1614572100,119
1614573000,154
1614573900,196
1614574800,268
1614575700,694
1614576600,208
1614577500,237
1614578400,223
1614579300,234
1614580200,284
1614581100,232
1614582000,279
1614582900,734
1614583800,527
1614584700,306
1614585600,290
1614586500,325
1614587400,241
1614588300,236
1614589200,235
1614590100,205
1614591000,339
1614591900,877
1614592800,1148
1614593700,789
1614594600,764
1614595500,988
1614596400,1178
1614597300,735
1614598200,1117
1614599100,913
1614600000,865
1614600900,981
1614601800,655
1614602700,567
1614603600,498
1614604500,671
1614605400,348
1614606300,389
1614607200,226
1614608100,702
1614609000,478
1614609900,193
1614610800,206
1614611700,221
1614612600,238
1614613500,267
1614614400,280
1614615300,391
1614616200,346
1614617100,364
1614618000,782
1614618900,782
1614619800,814
1614620700,762
1614621600,704
1614622500,542
1614623400,372
1614624300,352
1614625200,351
1614626100,397
1614627000,337
1614627900,320
1614628800,352
1614629700,329
1614630600,287
1614631500,271
1614632400,268
1614633300,315
1614634200,284
1614635100,207
1614636000,200
1614636900,233
1614637800,202
1614638700,177
1614639600,151
1614640500,158
1614641400,156
1614642300,162
1614643200,152
1614644100,179
1614645000,205
1614645900,141
1614646800,170
1614647700,170
1614648600,161
1614649500,156
1614650400,144
1614651300,205
1614652200,167
1614653100,138
1614654000,143
1614654900,125
1614655800,138
1614656700,164
1614657600,158
1614658500,191
1614659400,166
1614660300,189
1614661200,498
1614662100,1044
1614663000,1185
1614663900,862
1614664800,545
1614665700,248
1614666600,246
1614667500,684
1614668400,621
1614669300,969
1614670200,739
1614671100,1241
1614672000,643
1614672900,210
1614673800,193
1614674700,172
1614675600,192
1614676500,190
1614677400,165
1614678300,347
1614679200,874
1614680100,1026
1614681000,756
1614681900,651
1614682800,505
1614683700,553
1614684600,660
1614685500,698
1614686400,902
1614687300,1039
1614688200,743
1614689100,644
1614690000,593
1614690900,183
1614691800,193
1614692700,170
1614693600,162
1614694500,308
1614695400,173
1614696300,127
1614697200,126
1614698100,148
1614699000,135
1614699900,363
1614700800,229
1614701700,298
1614702600,579
1614703500,1049
1614704400,1019
1614705300,581
1614706200,696
1614707100,710
1614708000,435
1614708900,788
1614709800,829
1614710700,360
1614711600,315
1614712500,311
1614713400,378
1614714300,325
1614715200,360
1614716100,360
1614717000,329
1614717900,290
1614718800,244
1614719700,228
1614720600,192
1614721500,187
1614722400,161
1614723300,176
1614724200,136
1614725100,140
1614726000,152
1614726900,135
1614727800,157
1614728700,158
1614729600,201
1614730500,156
1614731400,132
1614732300,166
1614733200,128
1614734100,130
1614735000,142
1614735900,138
1614736800,158
1614737700,152
1614738600,153
1614739500,127
1614740400,136
1614741300,154
1614742200,169
1614743100,166
1614744000,150
1614744900,183
1614745800,157
1614746700,149
1614747600,276
1614748500,750
1614749400,209
1614750300,200
1614751200,226
1614752100,229
1614753000,307
1614753900,277
1614754800,798
1614755700,411
1614756600,357
1614757500,546
1614758400,908
1614759300,380
1614760200,204
1614761100,186
1614762000,277
1614762900,192
1614763800,207
1614764700,248
1614765600,620
1614766500,1126
1614767400,744
1614768300,531
1614769200,747
1614770100,307
1614771000,205
1614771900,484
1614772800,184
1614773700,160
1614774600,147
1614775500,125
1614776400,130
1614777300,157
1614778200,151
1614779100,167
1614780000,195
1614780900,228
1614781800,200
1614782700,180
1614783600,206
1614784500,181
1614785400,370
1614786300,309
1614787200,251
1614788100,248
1614789000,301
1614789900,295
1614790800,358
1614791700,422
1614792600,359
1614793500,369
1614794400,299
1614795300,274
1614796200,320
1614797100,428
1614798000,359
1614798900,335
1614799800,368
1614800700,344
1614801600,391
1614802500,324
1614803400,315
1614804300,336
1614805200,346
1614806100,294
1614807000,215
1614807900,146
1614808800,169
1614809700,134
1614810600,135
1614811500,196
1614812400,164
1614813300,154
1614814200,161
1614815100,145
1614816000,141
1614816900,147
1614817800,159
1614818700,132
1614819600,166
1614820500,126
1614821400,125
1614822300,114
1614823200,154
1614824100,139
1614825000,128
1614825900,136
1614826800,149
1614827700,164
1614828600,156
1614829500,132
1614830400,156
1614831300,137
1614832200,156
1614833100,180
1614834000,598
1614834900,459
1614835800,192
1614836700,308
1614837600,183
1614838500,141
1614839400,128
1614840300,153
1614841200,112
1614842100,143
1614843000,264
1614843900,340
1614844800,651
1614845700,445
1614846600,252
1614847500,390
1614848400,750
1614849300,293
1614850200,252
1614851100,198
1614852000,194
1614852900,219
1614853800,201
1614854700,747
1614855600,915
1614856500,637
1614857400,492
1614858300,275
1614859200,272
1614860100,197
1614861000,163
1614861900,247
1614862800,193
1614863700,173
1614864600,205
1614865500,276
1614866400,230
1614867300,228
1614868200,243
1614869100,468
1614870000,266
1614870900,218
1614871800,263
1614872700,300
1614873600,391
1614874500,794
1614875400,824
1614876300,954
1614877200,899
1614878100,887
1614879000,467
1614879900,409
1614880800,807
1614881700,666
1614882600,593
1614883500,355
1614884400,857
1614885300,558
1614886200,391
1614887100,527
1614888000,511
1614888900,388
1614889800,371
1614890700,347
1614891600,280
1614892500,273
1614893400,243
1614894300,211
1614895200,143
1614896100,137
1614897000,140
1614897900,138
1614898800,97
1614899700,111
1614900600,114
1614901500,113
1614902400,106
1614903300,112
1614904200,172
1614905100,131
1614906000,134
1614906900,134
1614907800,148
1614908700,115
1614909600,114
1614910500,127
1614911400,162
1614912300,160
1614913200,128
1614914100,154
1614915000,154
1614915900,143
1614916800,130
1614917700,143
1614918600,134
1614919500,148
1614920400,269
1614921300,569
1614922200,141
1614923100,200
1614924000,188
1614924900,135
1614925800,90
1614926700,82
1614927600,115
1614928500,107
1614929400,92
1614930300,104
1614931200,86
1614932100,74
1614933000,80
1614933900,95
1614934800,67
1614935700,105
1614936600,169
1614937500,145
1614938400,110
1614939300,104
1614940200,178
1614941100,160
1614942000,217
1614942900,355
1614943800,1081
1614944700,1182
1614945600,903
1614946500,539
1614947400,499
1614948300,717
1614949200,209
1614950100,139
1614951000,161
1614951900,452
1614952800,422
1614953700,172
1614954600,184
1614955500,196
1614956400,600
1614957300,403
1614958200,370
1614959100,390
1614960000,823
1614960900,363
1614961800,425
1614962700,308
1614963600,362
1614964500,887
1614965400,399
1614966300,388
1614967200,293
1614968100,870
1614969000,1221
1614969900,942
1614970800,1028
1614971700,759
1614972600,514
1614973500,477
1614974400,389
1614975300,435
1614976200,372
1614977100,528
1614978000,521
1614978900,462
1614979800,489
1614980700,475
1614981600,348
1614982500,207
1614983400,199
1614984300,129
1614985200,175
1614986100,149
1614987000,155
1614987900,144
1614988800,152
1614989700,204
1614990600,146
1614991500,147
1614992400,143
1614993300,164
1614994200,155
1614995100,146
1614996000,139
1614996900,148
1614997800,157
1614998700,132
1614999600,147
1615000500,122
1615001400,127
1615002300,128
1615003200,141
1615004100,134
1615005000,149
1615005900,211
1615006800,195
1615007700,274
1615008600,374
1615009500,360
1615010400,306
1615011300,276
1615012200,284
1615013100,291
1615014000,279
1615014900,334
1615015800,329
1615016700,308
1615017600,274
1615018500,261
1615019400,402
1615020300,276
1615021200,469
1615022100,746
1615023000,598
1615023900,312
1615024800,534
1615025700,805
1615026600,263
1615027500,1277
1615028400,1049
1615029300,303
1615030200,334
1615031100,323
1615032000,257
1615032900,219
1615033800,228
1615034700,328
1615035600,899
1615036500,979
1615037400,745
1615038300,670
1615039200,370
1615040100,250
1615041000,375
1615041900,810
1615042800,451
1615043700,261
1615044600,481
1615045500,767
1615046400,253
1615047300,362
1615048200,312
1615049100,282
1615050000,257
1615050900,295
1615051800,304
1615052700,734
1615053600,1162
1615054500,868
1615055400,850
1615056300,790
1615057200,526
1615058100,354
1615059000,367
1615059900,315
1615060800,336
1615061700,307
1615062600,313
1615063500,339
1615064400,349
1615065300,310
1615066200,268
1615067100,272
1615068000,256
1615068900,248
1615069800,222
1615070700,271
1615071600,252
1615072500,286
1615073400,246
1615074300,182
1615075200,157
1615076100,156
1615077000,163
1615077900,140
1615078800,138
1615079700,149
1615080600,199
1615081500,168
1615082400,139
1615083300,142
1615084200,173
1615085100,144
1615086000,130
1615086900,148
1615087800,165
1615088700,151
1615089600,206
1615090500,153
1615091400,159
1615092300,154
1615093200,174
1615094100,583
1615095000,413
1615095900,383
1615096800,315
1615097700,302
1615098600,286
1615099500,271
1615100400,325
1615101300,1115
1615102200,858
1615103100,721
1615104000,314
1615104900,362
1615105800,291
1615106700,305
1615107600,303
1615108500,302
1615109400,707
1615110300,928
1615111200,838
1615112100,979
1615113000,1282
1615113900,911
1615114800,486
1615115700,382
1615116600,362
1615117500,256
1615118400,203
1615119300,221
1615120200,162
1615121100,197
1615122000,201
1615122900,201
1615123800,251
1615124700,267
1615125600,243
1615126500,218
1615127400,236
1615128300,252
1615129200,220
1615130100,250
1615131000,299
1615131900,296
1615132800,569
1615133700,1929
1615134600,1662
1615135500,1336
1615136400,1054
1615137300,1397
1615138200,1067
1615139100,864
1615140000,810
1615140900,730
1615141800,531
1615142700,808
1615143600,606
1615144500,384
1615145400,346
1615146300,559
1615147200,751
1615148100,508
1615149000,268
1615149900,551
1615150800,724
1615151700,212
1615152600,215
1615153500,247
1615154400,150
1615155300,145
1615156200,137
1615157100,137
1615158000,144
1615158900,155
1615159800,168
1615160700,151
1615161600,133
1615162500,139
1615163400,216
1615164300,140
1615165200,131
1615166100,160
1615167000,144
1615167900,132
1615168800,155
1615169700,139
1615170600,147
1615171500,185
1615172400,168
1615173300,133
1615174200,156
1615175100,143
1615176000,155
1615176900,167
1615177800,156
1615178700,161
1615179600,558
1615180500,482
1615181400,217
1615182300,312
1615183200,202
1615184100,184
1615185000,174
1615185900,207
1615186800,178
1615187700,208
1615188600,150
1615189500,132
1615190400,130
1615191300,125
1615192200,124
1615193100,136
1615194000,124
1615194900,132
1615195800,133
1615196700,202
1615197600,162
1615198500,162
1615199400,175
1615200300,179
1615201200,164
1615202100,886
1615203000,984
1615203900,1193
1615204800,518
1615205700,727
1615206600,380
1615207500,237
1615208400,377
1615209300,680
1615210200,179
1615211100,182
1615212000,296
1615212900,176
1615213800,174
1615214700,175
1615215600,176
1615216500,331
1615217400,592
1615218300,683
1615219200,646
1615220100,727
1615221000,823
1615221900,267
1615222800,271
1615223700,278
1615224600,248
1615225500,259
1615226400,331
1615227300,310
1615228200,295
1615229100,316
1615230000,383
1615230900,312
1615231800,302
1615232700,314
1615233600,345
1615234500,370
1615235400,303
1615236300,328
1615237200,282
1615238100,273
1615239000,275
1615239900,236
1615240800,145
1615241700,140
1615242600,148
1615243500,171
1615244400,143
1615245300,146
1615246200,181
1615247100,152
1615248000,141
1615248900,154
1615249800,153
1615250700,149
1615251600,140
1615252500,148
1615253400,135
1615254300,176
1615255200,149
1615256100,156
1615257000,136
1615257900,137
1615258800,132
1615259700,151
1615260600,146
1615261500,158
1615262400,153
1615263300,198
1615264200,139
1615265100,142
1615266000,602
1615266900,903
1615267800,736
1615268700,714
1615269600,400
1615270500,233
1615271400,274
1615272300,650
1615273200,569
1615274100,498
1615275000,230
1615275900,720
1615276800,525
1615277700,250
1615278600,242
1615279500,266
1615280400,261
1615281300,256
1615282200,186
1615283100,212
1615284000,185
1615284900,190
1615285800,198
1615286700,196
1615287600,178
1615288500,212
1615289400,474
1615290300,809
1615291200,677
1615292100,634
1615293000,331
1615293900,197
1615294800,177
1615295700,204
1615296600,188
1615297500,271
1615298400,152
1615299300,122
1615300200,112
1615301100,118
1615302000,121
1615302900,131
1615303800,110
1615304700,151
1615305600,199
1615306500,253
1615307400,375
1615308300,703
1615309200,411
1615310100,385
1615311000,660
1615311900,641
1615312800,348
1615313700,422
1615314600,825
1615315500,1742
1615316400,1529
1615317300,576
1615318200,399
1615319100,631
1615320000,1170
1615320900,305
1615321800,291
1615322700,290
1615323600,274
1615324500,239
1615325400,233
1615326300,265
1615327200,254
1615328100,201
1615329000,156
1615329900,173
1615330800,181
1615331700,164
1615332600,166
1615333500,187
1615334400,159
1615335300,154
1615336200,152
1615337100,180
1615338000,169
1615338900,186
1615339800,203
1615340700,193
1615341600,164
1615342500,167
1615343400,169
1615344300,174
1615345200,168
1615346100,184
1615347000,201
1615347900,175
1615348800,197
1615349700,181
1615350600,160
1615351500,188
1615352400,368
1615353300,725
1615354200,340
1615355100,324
1615356000,267
1615356900,316
1615357800,279
1615358700,305
1615359600,303
1615360500,493
1615361400,676
1615362300,878
1615363200,1155
1615364100,1226
1615365000,977
1615365900,554
1615366800,277
1615367700,245
1615368600,230
1615369500,270
1615370400,255
1615371300,272
1615372200,742
1615373100,731
1615374000,674
1615374900,1309
1615375800,362
1615376700,252
1615377600,306
1615378500,250
1615379400,241
1615380300,253
1615381200,262
1615382100,281
1615383000,268
1615383900,276
1615384800,238
1615385700,286
1615386600,252
1615387500,275
1615388400,249
1615389300,319
1615390200,224
1615391100,280
1615392000,295
1615392900,334
1615393800,618
1615394700,1207
1615395600,1151
1615396500,953
1615397400,845
1615398300,868
1615399200,495
1615400100,439
1615401000,406
1615401900,350
1615402800,372
1615403700,324
1615404600,323
1615405500,325
1615406400,308
1615407300,329
1615408200,336
1615409100,242
1615410000,290
1615410900,280
1615411800,247
1615412700,240
1615413600,260
1615414500,241
1615415400,258
1615416300,260
1615417200,282
1615418100,155
1615419000,165
1615419900,158
1615420800,156
1615421700,148
1615422600,136
1615423500,148
1615424400,155
1615425300,134
1615426200,136
1615427100,153
1615428000,166
1615428900,134
1615429800,128
1615430700,145
1615431600,133
1615432500,129
1615433400,125
1615434300,161
1615435200,118
1615436100,145
1615437000,166
1615437900,179
1615438800,606
1615439700,361
1615440600,183
1615441500,236
1615442400,205
1615443300,202
1615444200,233
1615445100,421
1615446000,1000
1615446900,1162
1615447800,1358
1615448700,844
1615449600,1281
1615450500,976
1615451400,639
1615452300,509
1615453200,255
1615454100,304
1615455000,639
1615455900,1182
1615456800,1040
1615457700,738
1615458600,776
1615459500,367
1615460400,270
1615461300,717
1615462200,448
1615463100,413
1615464000,527
1615464900,212
1615465800,209
1615466700,239
1615467600,215
1615468500,258
1615469400,204
1615470300,198
1615471200,237
1615472100,308
1615473000,776
1615473900,363
1615474800,338
1615475700,280
1615476600,733
1615477500,327
1615478400,210
1615479300,366
1615480200,520
1615481100,564
1615482000,616
1615482900,854
1615483800,342
1615484700,748
1615485600,1339
1615486500,1272
1615487400,1210
1615488300,1061
1615489200,903
1615490100,592
1615491000,600
1615491900,389
1615492800,746
1615493700,716
1615494600,291
1615495500,280
1615496400,270
1615497300,261
1615498200,180
1615499100,166
1615500000,131
1615500900,131
1615501800,144
1615502700,149
1615503600,144
1615504500,167
1615505400,161
1615506300,144
1615507200,125
1615508100,134
1615509000,153
1615509900,128
1615510800,140
1615511700,123
1615512600,176
1615513500,170
1615514400,144
1615515300,146
1615516200,125
1615517100,123
1615518000,117
1615518900,135
1615519800,133
1615520700,153
1615521600,150
1615522500,190
1615523400,156
1615524300,171
1615525200,522
1615526100,1478
1615527000,733
1615527900,725
1615528800,615
1615529700,485
1615530600,244
1615531500,236
1615532400,226
1615533300,214
1615534200,541
1615535100,714
1615536000,1137
1615536900,1169
1615537800,904
1615538700,546
1615539600,250
1615540500,192
1615541400,200
1615542300,210
1615543200,212
1615544100,172
1615545000,208
1615545900,209
1615546800,211
1615547700,220
1615548600,202
1615549500,232
1615550400,188
1615551300,182
1615552200,187
1615553100,588
1615554000,439
1615554900,267
1615555800,244
1615556700,266
1615557600,234
1615558500,181
1615559400,206
1615560300,193
1615561200,252
1615562100,226
1615563000,252
1615563900,252
1615564800,233
1615565700,255
1615566600,256
1615567500,268
1615568400,242
1615569300,290
1615570200,251
1615571100,273
1615572000,308
1615572900,313
1615573800,342
1615574700,286
1615575600,280
1615576500,285
1615577400,284
1615578300,333
1615579200,270
1615580100,286
1615581000,282
1615581900,288
1615582800,318
1615583700,267
1615584600,214
1615585500,218
1615586400,244
1615587300,221
1615588200,232
1615589100,267
1615590000,227
1615590900,173
1615591800,125
1615592700,148
1615593600,130
1615594500,116
1615595400,115
1615596300,149
1615597200,150
1615598100,136
1615599000,118
1615599900,141
1615600800,117
1615601700,134
1615602600,136
1615603500,136
1615604400,121
1615605300,154
1615606200,171
1615607100,124
1615608000,118
1615608900,131
1615609800,135
1615610700,138
1615611600,119
1615612500,180
1615613400,213
1615614300,210
1615615200,175
1615616100,330
1615617000,173
1615617900,249
1615618800,284
1615619700,392
1615620600,207
1615621500,386
1615622400,822
1615623300,1335
1615624200,1541
1615625100,995
1615626000,901
1615626900,847
1615627800,1294
1615628700,489
1615629600,341
1615630500,303
1615631400,285
1615632300,343
1615633200,371
1615634100,235
1615635000,263
1615635900,298
1615636800,291
1615637700,319
1615638600,274
1615639500,273
1615640400,233
1615641300,223
1615642200,273
1615643100,268
1615644000,241
1615644900,238
1615645800,281
1615646700,260
1615647600,273
1615648500,275
1615649400,284
1615650300,266
1615651200,286
1615652100,268
1615653000,278
1615653900,289
1615654800,300
1615655700,315
1615656600,306
1615657500,319
1615658400,312
1615659300,519
1615660200,477
1615661100,975
1615662000,883
1615662900,629
1615663800,384
1615664700,368
1615665600,390
1615666500,356
1615667400,340
1615668300,357
1615669200,374
1615670100,360
1615671000,308
1615671900,296
1615672800,195
1615673700,141
1615674600,119
1615675500,141
1615676400,138
1615677300,163
1615678200,128
1615679100,150
1615680000,119
1615680900,124
1615681800,126
1615682700,128
1615683600,129
1615684500,145
1615685400,150
1615686300,130
1615687200,115
1615688100,126
1615689000,148
1615689900,137
1615690800,129
1615691700,131
1615692600,151
1615693500,149
1615694400,116
1615695300,151
1615696200,133
1615697100,136
1615698000,173
1615698900,691
1615699800,224
1615700700,272
1615701600,391
1615702500,745
1615703400,547
1615704300,543
1615705200,1089
1615706100,1694
1615707000,1204
1615707900,392
1615708800,324
1615709700,315
1615710600,629
1615711500,566
1615712400,584
1615713300,607
1615714200,687
1615715100,734
1615716000,653
1615716900,498
1615717800,645
1615718700,1317
1615719600,610
1615720500,449
1615721400,338
1615722300,323
1615723200,513
1615724100,794
1615725000,604
1615725900,584
1615726800,356
1615727700,824
1615728600,606
1615729500,824
1615730400,1410
1615731300,1044
1615732200,826
1615733100,830
1615734000,623
1615734900,347
1615735800,305
1615736700,328
1615737600,281
1615738500,281
1615739400,334
1615740300,360
1615741200,549
1615742100,501
1615743000,422
1615743900,441
1615744800,437
1615745700,432
1615746600,354
1615747500,349
1615748400,345
1615749300,375
1615750200,365
1615751100,466
1615752000,416
1615752900,372
1615753800,356
1615754700,327
1615755600,267
1615756500,280
1615757400,322
1615758300,201
1615759200,161
1615760100,186
1615761000,149
1615761900,147
1615762800,144
1615763700,167
1615764600,166
1615765500,177
1615766400,167
1615767300,161
1615768200,155
1615769100,155
1615770000,158
1615770900,152
1615771800,145
1615772700,185
1615773600,176
1615774500,154
1615775400,161
1615776300,165
1615777200,153
1615778100,159
1615779000,181
1615779900,172
1615780800,158
1615781700,188
1615782600,176
1615783500,191
1615784400,359
1615785300,503
1615786200,213
1615787100,295
1615788000,233
1615788900,224
1615789800,249
1615790700,208
1615791600,203
1615792500,265
1615793400,274
1615794300,245
1615795200,234
1615796100,224
1615797000,167
1615797900,174
1615798800,169
1615799700,167
1615800600,151
1615801500,183
1615802400,230
1615803300,197
1615804200,205
1615805100,269
1615806000,237
1615806900,185
1615807800,769
1615808700,875
1615809600,664
1615810500,187
1615811400,633
1615812300,483
1615813200,197
1615814100,181
1615815000,139
1615815900,110
1615816800,149
1615817700,158
1615818600,185
1615819500,221
1615820400,397
1615821300,427
1615822200,263
1615823100,210
1615824000,224
1615824900,267
1615825800,422
1615826700,280
1615827600,310
1615828500,317
1615829400,320
1615830300,621
1615831200,1038
1615832100,1472
1615833000,1337
1615833900,1034
1615834800,767
1615835700,335
1615836600,351
1615837500,319
1615838400,329
1615839300,284
1615840200,309
1615841100,252
1615842000,192
1615842900,167
1615843800,163
1615844700,170
1615845600,158
1615846500,145
1615847400,146
1615848300,148
1615849200,135
1615850100,135
1615851000,165
1615851900,161
1615852800,155
1615853700,144
1615854600,148
1615855500,150
1615856400,128
1615857300,156
1615858200,130
1615859100,152
1615860000,165
1615860900,140
1615861800,141
1615862700,125
1615863600,151
1615864500,151
1615865400,147
1615866300,168
1615867200,172
1615868100,147
1615869000,123
1615869900,152
1615870800,810
1615871700,1295
1615872600,1157
1615873500,762
1615874400,704
1615875300,710
1615876200,700
1615877100,709
1615878000,1068
1615878900,410
1615879800,394
1615880700,206
1615881600,696
1615882500,454
1615883400,226
1615884300,151
1615885200,119
1615886100,127
1615887000,113
1615887900,509
1615888800,526
1615889700,350
1615890600,300
1615891500,207
1615892400,189
1615893300,182
1615894200,169
1615895100,166
1615896000,390
1615896900,180
1615897800,172
1615898700,126
1615899600,148
1615900500,123
1615901400,109
1615902300,111
1615903200,107
1615904100,117
1615905000,134
1615905900,586
1615906800,1067
1615907700,1087
1615908600,961
1615909500,885
1615910400,523
1615911300,334
1615912200,729
1615913100,625
1615914000,492
1615914900,357
1615915800,363
1615916700,337
1615917600,385
1615918500,425
1615919400,456
1615920300,1070
1615921200,1219
1615922100,1209
1615923000,921
1615923900,893
1615924800,792
1615925700,677
1615926600,531
1615927500,331
1615928400,249
1615929300,244
1615930200,264
1615931100,253
1615932000,231
1615932900,213
1615933800,247
1615934700,215
1615935600,233
1615936500,251
1615937400,214
1615938300,159
1615939200,147
1615940100,141
1615941000,172
1615941900,127
1615942800,153
1615943700,147
1615944600,130
1615945500,133
1615946400,180
1615947300,155
1615948200,132
1615949100,146
1615950000,125
1615950900,125
1615951800,139
1615952700,168
1615953600,128
1615954500,153
1615955400,158
1615956300,138
1615957200,284
1615958100,699
1615959000,366
1615959900,225
1615960800,168
1615961700,188
1615962600,222
1615963500,211
1615964400,187
1615965300,202
1615966200,188
1615967100,195
1615968000,203
1615968900,185
1615969800,197
1615970700,307
1615971600,295
1615972500,188
1615973400,173
1615974300,260
1615975200,904
1615976100,375
1615977000,301
1615977900,213
1615978800,1324
1615979700,2428
1615980600,1244
1615981500,823
1615982400,573
1615983300,218
1615984200,223
1615985100,288
1615986000,611
1615986900,617
1615987800,252
1615988700,163
1615989600,150
1615990500,181
1615991400,150
1615992300,183
1615993200,199
1615994100,194
1615995000,210
1615995900,202
1615996800,224
1615997700,213
1615998600,205
1615999500,218
1616000400,268
1616001300,357
1616002200,351
1616003100,383
1616004000,426
1616004900,601
1616005800,1211
1616006700,1124
1616007600,464
1616008500,939
1616009400,887
1616010300,297
1616011200,290
1616012100,273
1616013000,268
1616013900,255
1616014800,282
1616015700,319
1616016600,258
1616017500,217
1616018400,159
1616019300,160
1616020200,139
1616021100,145
1616022000,182
1616022900,167
1616023800,142
1616024700,139
1616025600,150
1616026500,145
1616027400,128
1616028300,154
1616029200,152
1616030100,149
1616031000,172
1616031900,157
1616032800,155
1616033700,137
1616034600,133
1616035500,130
1616036400,121
1616037300,119
1616038200,186
1616039100,188
1616040000,135
1616040900,154
1616041800,166
1616042700,179
1616043600,286
1616044500,747
1616045400,295
1616046300,271
1616047200,219
1616048100,181
1616049000,137
1616049900,144
1616050800,151
1616051700,143
1616052600,146
1616053500,160
1616054400,189
1616055300,130
1616056200,134
1616057100,138
1616058000,168
1616058900,152
1616059800,145
1616060700,158
1616061600,183
1616062500,167
1616063400,195
1616064300,184
1616065200,670
1616066100,884
1616067000,989
1616067900,833
1616068800,579
1616069700,776
1616070600,359
1616071500,195
1616072400,170
1616073300,181
1616074200,121
1616075100,128
1616076000,137
1616076900,158
1616077800,113
1616078700,152
1616079600,195
1616080500,149
1616081400,142
1616082300,238
1616083200,257
1616084100,244
1616085000,244
1616085900,235
1616086800,236
1616087700,250
1616088600,308
1616089500,358
1616090400,326
1616091300,381
1616092200,826
1616093100,816
1616094000,333
1616094900,322
1616095800,797
1616096700,603
1616097600,418
1616098500,294
1616099400,292
1616100300,264
1616101200,302
1616102100,235
1616103000,222
1616103900,203
1616104800,213
1616105700,175
1616106600,142
1616107500,154
1616108400,143
1616109300,128
1616110200,143
1616111100,177
1616112000,134
1616112900,126
1616113800,148
1616114700,130
1616115600,127
1616116500,130
1616117400,161
1616118300,159
1616119200,165
1616120100,145
1616121000,130
1616121900,130
1616122800,124
1616123700,152
1616124600,127
1616125500,197
1616126400,170
1616127300,367
1616128200,334
1616129100,424
1616130000,558
1616130900,358
1616131800,278
1616132700,323
1616133600,324
1616134500,305
1616135400,324
1616136300,628
1616137200,560
1616138100,357
1616139000,150
1616139900,452
1616140800,531
1616141700,120
1616142600,120
1616143500,105
1616144400,107
1616145300,126
1616146200,87
1616147100,255
1616148000,147
1616148900,159
1616149800,178
1616150700,132
1616151600,436
1616152500,947
1616153400,268
1616154300,183
1616155200,206
1616156100,193
1616157000,156
1616157900,212
1616158800,167
1616159700,166
1616160600,187
1616161500,150
1616162400,151
1616163300,162
1616164200,175
1616165100,183
1616166000,185
1616166900,207
1616167800,210
1616168700,230
1616169600,843
1616170500,1229
1616171400,1042
1616172300,913
1616173200,781
1616174100,526
1616175000,317
1616175900,293
1616176800,385
1616177700,501
1616178600,874
1616179500,369
1616180400,315
1616181300,421
1616182200,312
1616183100,304
1616184000,313
1616184900,379
1616185800,332
1616186700,313
1616187600,252
1616188500,146
1616189400,156
1616190300,127
1616191200,131
1616192100,179
1616193000,140
1616193900,136
1616194800,140
1616195700,132
1616196600,132
1616197500,135
1616198400,167
1616199300,142
1616200200,148
1616201100,132
1616202000,121
1616202900,117
1616203800,128
1616204700,133
1616205600,127
1616206500,125
1616207400,184
1616208300,138
1616209200,135
1616210100,124
1616211000,141
1616211900,121
1616212800,123
1616213700,139
1616214600,159
1616215500,153
1616216400,227
1616217300,221
1616218200,232
1616219100,273
1616220000,332
1616220900,955
1616221800,1655
1616222700,1051
1616223600,460
1616224500,215
1616225400,751
1616226300,1160
1616227200,713
1616228100,752
1616229000,456
1616229900,283
1616230800,426
1616231700,746
1616232600,801
1616233500,1343
1616234400,754
1616235300,701
1616236200,653
1616237100,988
1616238000,676
1616238900,479
1616239800,632
1616240700,609
1616241600,229
1616242500,206
1616243400,165
1616244300,163
1616245200,173
1616246100,166
1616247000,151
1616247900,194
1616248800,187
1616249700,379
1616250600,752
1616251500,478
1616252400,594
1616253300,373
1616254200,341
1616255100,304
1616256000,343
1616256900,398
1616257800,337
1616258700,357
1616259600,355
1616260500,403
1616261400,371
1616262300,335
1616263200,384
1616264100,427
1616265000,361
1616265900,375
1616266800,337
1616267700,327
1616268600,344
1616269500,334
1616270400,303
1616271300,325
1616272200,320
1616273100,295
1616274000,242
1616274900,200
1616275800,134
1616276700,138
1616277600,166
1616278500,160
1616279400,149
1616280300,149
1616281200,168
1616282100,139
1616283000,142
1616283900,160
1616284800,167
1616285700,147
1616286600,149
1616287500,163
1616288400,138
1616289300,140
1616290200,144
1616291100,143
1616292000,163
1616292900,151
1616293800,150
1616294700,123
1616295600,150
1616296500,155
1616297400,139
1616298300,141
1616299200,175
1616300100,144
1616301000,122
1616301900,124
1616302800,232
1616303700,613
1616304600,447
1616305500,249
1616306400,238
1616307300,262
1616308200,304
1616309100,241
1616310000,227
1616310900,266
1616311800,646
1616312700,693
1616313600,679
1616314500,826
1616315400,762
1616316300,745
1616317200,705
1616318100,771
1616319000,798
1616319900,764
1616320800,512
1616321700,995
1616322600,1077
1616323500,676
1616324400,660
1616325300,464
1616326200,921
1616327100,571
1616328000,328
1616328900,313
1616329800,367
1616330700,282
1616331600,287
1616332500,331
1616333400,323
1616334300,320
1616335200,299
1616336100,236
1616337000,237
1616337900,234
1616338800,263
1616339700,238
1616340600,225
1616341500,269
1616342400,256
1616343300,243
1616344200,247
1616345100,269
1616346000,289
1616346900,339
1616347800,512
1616348700,867
1616349600,852
1616350500,944
1616351400,626
1616352300,385
1616353200,332
1616354100,317
1616355000,298
1616355900,315
1616356800,320
1616357700,251
1616358600,273
1616359500,254
1616360400,245
1616361300,267
1616362200,221
1616363100,143
1616364000,176
1616364900,134
1616365800,136
1616366700,120
1616367600,166
1616368500,157
1616369400,129
1616370300,133
1616371200,167
1616372100,130
1616373000,118
1616373900,230
1616374800,124
1616375700,140
1616376600,125
1616377500,145
1616378400,155
1616379300,145
1616380200,177
1616381100,113
1616382000,111
1616382900,130
1616383800,129
1616384700,170
1616385600,208
1616386500,151
1616387400,118
1616388300,119
1616389200,558
1616390100,525
1616391000,498
1616391900,214
1616392800,209
1616393700,222
1616394600,336
1616395500,352
1616396400,332
1616397300,282
1616398200,296
1616399100,280
1616400000,317
1616400900,480
1616401800,308
1616402700,276
1616403600,317
1616404500,342
1616405400,355
1616406300,362
1616407200,343
1616408100,525
1616409000,747
1616409900,577
1616410800,821
1616411700,942
1616412600,846
1616413500,1021
1616414400,945
1616415300,379
1616416200,311
1616417100,332
1616418000,323
1616418900,346
1616419800,317
1616420700,350
1616421600,344
1616422500,338
1616423400,325
1616424300,345
1616425200,309
1616426100,227
1616427000,243
1616427900,293
1616428800,290
1616429700,250
1616430600,268
1616431500,257
1616432400,250
1616433300,249
1616434200,798
1616435100,430
1616436000,603
1616436900,898
1616437800,1428
1616438700,1062
1616439600,890
1616440500,480
1616441400,420
1616442300,465
1616443200,462
1616444100,283
1616445000,330
1616445900,253
1616446800,222
1616447700,276
1616448600,260
1616449500,188
1616450400,144
1616451300,139
1616452200,127
1616453100,121
1616454000,125
1616454900,135
1616455800,118
1616456700,147
1616457600,162
1616458500,135
1616459400,127
1616460300,136
1616461200,121
1616462100,114
1616463000,123
1616463900,184
1616464800,162
1616465700,132
1616466600,149
1616467500,134
1616468400,155
1616469300,171
1616470200,162
1616471100,196
1616472000,178
1616472900,161
1616473800,149
1616474700,165
1616475600,557
1616476500,995
1616477400,1073
1616478300,794
1616479200,261
1616480100,218
1616481000,201
1616481900,147
1616482800,164
1616483700,138
1616484600,127
1616485500,119
1616486400,141
1616487300,118
1616488200,116
1616489100,102
1616490000,102
1616490900,169
1616491800,164
1616492700,161
1616493600,219
1616494500,157
1616495400,155
1616496300,163
1616497200,443
1616498100,454
1616499000,156
1616499900,173
1616500800,193
1616501700,172
1616502600,191
1616503500,763
1616504400,1148
1616505300,806
1616506200,465
1616507100,221
1616508000,242
1616508900,201
1616509800,202
1616510700,192
1616511600,178
1616512500,147
1616513400,165
1616514300,267
1616515200,243
1616516100,240
1616517000,565
1616517900,1158
1616518800,1502
1616519700,1265
1616520600,1247
1616521500,801
1616522400,412
1616523300,387
1616524200,374
1616525100,336
1616526000,353
1616526900,321
1616527800,338
1616528700,357
1616529600,352
1616530500,298
1616531400,308
1616532300,250
1616533200,248
1616534100,277
1616535000,290
1616535900,296
1616536800,312
1616537700,292
1616538600,273
1616539500,321
1616540400,275
1616541300,275
1616542200,219
1616543100,159
1616544000,177
1616544900,138
1616545800,145
1616546700,159
1616547600,141
1616548500,134
1616549400,147
1616550300,147
1616551200,161
1616552100,143
1616553000,146
1616553900,126
1616554800,129
1616555700,164
1616556600,135
1616557500,196
1616558400,168
1616559300,140
1616560200,129
1616561100,151
1616562000,335
1616562900,529
1616563800,159
1616564700,256
1616565600,211
1616566500,129
1616567400,125
1616568300,108
1616569200,138
1616570100,159
1616571000,137
1616571900,152
1616572800,188
1616573700,189
1616574600,163
1616575500,164
1616576400,178
1616577300,167
1616578200,166
1616579100,168
1616580000,213
1616580900,162
1616581800,148
1616582700,182
1616583600,181
1616584500,161
1616585400,166
1616586300,151
1616587200,187
1616588100,255
1616589000,161
1616589900,138
1616590800,169
1616591700,185
1616592600,162
1616593500,153
1616594400,218
1616595300,183
1616596200,172
1616597100,177
1616598000,179
1616598900,176
1616599800,227
1616600700,263
1616601600,263
1616602500,217
1616603400,208
1616604300,184
1616605200,185
1616606100,355
1616607000,772
1616607900,1045
1616608800,1255
1616609700,1045
1616610600,889
1616611500,312
1616612400,815
1616613300,515
1616614200,636
1616615100,352
1616616000,359
1616616900,470
1616617800,292
1616618700,425
1616619600,399
1616620500,251
1616621400,247
1616622300,165
1616623200,118
1616624100,167
1616625000,150
1616625900,149
1616626800,152
1616627700,140
1616628600,145
1616629500,178
1616630400,147
1616631300,119
1616632200,153
1616633100,137
1616634000,159
1616634900,144
1616635800,173
1616636700,175
1616637600,135
1616638500,154
1616639400,129
1616640300,120
1616641200,129
1616642100,145
1616643000,155
1616643900,186
1616644800,159
1616645700,156
1616646600,130
1616647500,203
1616648400,558
1616649300,866
1616650200,629
1616651100,780
1616652000,1470
1616652900,824
1616653800,342
1616654700,263
1616655600,224
1616656500,242
1616657400,531
1616658300,279
1616659200,218
1616660100,174
1616661000,180
1616661900,224
1616662800,208
1616663700,431
1616664600,343
1616665500,240
1616666400,191
1616667300,446
1616668200,530
1616669100,405
1616670000,510
1616670900,858
1616671800,797
1616672700,419
1616673600,287
1616674500,167
1616675400,156
1616676300,135
1616677200,171
1616678100,440
1616679000,149
1616679900,175
1616680800,142
1616681700,152
1616682600,160
1616683500,206
1616684400,556
1616685300,286
1616686200,334
1616687100,556
1616688000,365
1616688900,349
1616689800,605
1616690700,342
1616691600,423
1616692500,385
1616693400,688
1616694300,904
1616695200,776
1616696100,1065
1616697000,874
1616697900,1355
1616698800,1188
1616699700,1330
1616700600,745
1616701500,453
1616702400,316
1616703300,646
1616704200,350
1616705100,233
1616706000,507
1616706900,395
1616707800,394
1616708700,224
1616709600,747
1616710500,333
1616711400,222
1616712300,216
1616713200,181
1616714100,94
1616715000,128
1616715900,93
1616716800,100
1616717700,129
1616718600,128
1616719500,128
1616720400,123
1616721300,96
1616722200,103
1616723100,99
1616724000,115
1616724900,115
1616725800,117
1616726700,127
1616727600,105
1616728500,103
1616729400,133
1616730300,119
1616731200,95
1616732100,123
1616733000,137
1616733900,119
1616734800,237
1616735700,643
1616736600,136
1616737500,172
1616738400,134
1616739300,136
1616740200,153
1616741100,195
1616742000,569
1616742900,276
1616743800,383
1616744700,177
1616745600,693
1616746500,379
1616747400,170
1616748300,148
1616749200,156
1616750100,192
1616751000,136
1616751900,129
1616752800,151
1616753700,256
1616754600,687
1616755500,634
1616756400,637
1616757300,148
1616758200,150
1616759100,152
1616760000,164
1616760900,286
1616761800,914
1616762700,1064
1616763600,732
1616764500,1039
1616765400,537
1616766300,204
1616767200,503
1616768100,543
1616769000,216
1616769900,206
1616770800,212
1616771700,223
1616772600,206
1616773500,194
1616774400,216
1616775300,236
1616776200,241
1616777100,621
1616778000,1224
1616778900,1013
1616779800,874
1616780700,868
1616781600,849
1616782500,761
1616783400,713
1616784300,568
1616785200,375
1616786100,322
1616787000,283
1616787900,302
1616788800,291
1616789700,267
1616790600,276
1616791500,264
1616792400,301
1616793300,311
1616794200,233
1616795100,202
1616796000,227
1616796900,224
1616797800,207
1616798700,259
1616799600,222
1616800500,239
1616801400,207
1616802300,198
1616803200,180
1616804100,160
1616805000,206
1616805900,172
1616806800,184
1616807700,180
1616808600,147
1616809500,160
1616810400,174
1616811300,157
1616812200,171
1616813100,194
1616814000,166
1616814900,139
1616815800,159
1616816700,145
1616817600,136
1616818500,165
1616819400,182
1616820300,181
1616821200,192
1616822100,206
1616823000,231
1616823900,250
1616824800,260
1616825700,255
1616826600,279
1616827500,322
1616828400,706
1616829300,677
1616830200,382
1616831100,237
1616832000,257
1616832900,366
1616833800,386
1616834700,701
1616835600,556
1616836500,509
1616837400,319
1616838300,698
1616839200,685
1616840100,336
1616841000,306
1616841900,315
1616842800,299
1616843700,891
1616844600,864
1616845500,486
1616846400,346
1616847300,331
1616848200,292
1616849100,404
1616850000,926
1616850900,1249
1616851800,957
1616852700,769
1616853600,719
1616854500,458
1616855400,330
1616856300,313
1616857200,318
1616858100,257
1616859000,231
1616859900,328
1616860800,1021
1616861700,748
1616862600,716
1616863500,529
1616864400,926
1616865300,389
1616866200,268
1616867100,264
1616868000,282
1616868900,280
1616869800,258
1616870700,327
1616871600,331
1616872500,678
1616873400,763
1616874300,770
1616875200,291
1616876100,298
1616877000,274
1616877900,267
1616878800,298
1616879700,289
1616880600,264
1616881500,239
1616882400,182
1616883300,107
1616884200,153
1616885100,117
1616886000,117
1616886900,166
1616887800,179
1616888700,111
1616889600,130
1616890500,132
1616891400,119
1616892300,127
1616893200,196
1616894100,168
1616895000,119
1616895900,140
1616896800,120
1616897700,126
1616898600,134
1616899500,174
1616900400,152
1616901300,139
1616902200,130
1616903100,129
1616904000,153
1616904900,355
1616905800,564
1616906700,285
1616907600,283
1616908500,239
1616909400,231
1616910300,195
1616911200,773
1616912100,1293
1616913000,820
1616913900,768
1616914800,804
1616915700,1547
1616916600,784
1616917500,1289
1616918400,1372
1616919300,1147
1616920200,1099
1616921100,1020
1616922000,1010
1616922900,965
1616923800,636
1616924700,381
1616925600,345
1616926500,293
1616927400,280
1616928300,194
1616929200,406
1616930100,415
1616931000,256
1616931900,257
1616932800,261
1616933700,403
1616934600,744
1616935500,371
1616936400,190
1616937300,198
1616938200,201
1616939100,365
1616940000,200
1616940900,277
1616941800,204
1616942700,181
1616943600,233
1616944500,414
1616945400,757
1616946300,1302
1616947200,995
1616948100,905
1616949000,790
1616949900,860
1616950800,358
1616951700,370
1616952600,827
1616953500,781
1616954400,863
1616955300,833
1616956200,648
1616957100,343
1616958000,335
1616958900,306
1616959800,321
1616960700,295
1616961600,293
1616962500,248
1616963400,323
1616964300,268
1616965200,181
1616966100,145
1616967000,141
1616967900,160
1616968800,135
1616969700,157
1616970600,116
1616971500,129
1616972400,141
1616973300,118
1616974200,135
1616975100,173
1616976000,125
1616976900,131
1616977800,151
1616978700,129
1616979600,109
1616980500,148
1616981400,149
1616982300,145
1616983200,122
1616984100,135
1616985000,121
1616985900,128
1616986800,126
1616987700,149
1616988600,164
1616989500,173
1616990400,152
1616991300,541
1616992200,290
1616993100,213
1616994000,239
1616994900,257
1616995800,214
1616996700,224
1616997600,251
1616998500,200
1616999400,212
1617000300,276
1617001200,282
1617002100,360
1617003000,527
1617003900,569
1617004800,387
1617005700,400
1617006600,390
1617007500,347
1617008400,403
1617009300,402
1617010200,356
1617011100,410
1617012000,1662
1617012900,1176
1617013800,706
1617014700,419
1617015600,348
1617016500,759
1617017400,356
1617018300,218
1617019200,184
1617020100,232
1617021000,224
1617021900,205
1617022800,247
1617023700,823
1617024600,1185
1617025500,882
1617026400,718
1617027300,281
1617028200,264
1617029100,257
1617030000,239
1617030900,240
1617031800,365
1617032700,331
1617033600,241
1617034500,268
1617035400,481
1617036300,746
1617037200,1093
1617038100,1259
1617039000,1260
1617039900,744
1617040800,436
1617041700,643
1617042600,783
1617043500,414
1617044400,874
1617045300,486
1617046200,293
1617047100,309
1617048000,326
1617048900,318
1617049800,283
1617050700,217
1617051600,250
1617052500,290
1617053400,232
1617054300,276
1617055200,292
1617056100,145
1617057000,119
1617057900,162
1617058800,157
1617059700,127
1617060600,146
1617061500,154
1617062400,146
1617063300,127
1617064200,203
1617065100,133
1617066000,134
1617066900,149
1617067800,134
1617068700,151
1617069600,166
1617070500,170
1617071400,126
1617072300,136
1617073200,131
1617074100,121
1617075000,158
1617075900,245
1617076800,232
1617077700,621
1617078600,307
1617079500,235
1617080400,266
1617081300,257
1617082200,261
1617083100,241
1617084000,255
1617084900,249
1617085800,225
1617086700,242
1617087600,271
1617088500,251
1617089400,245
1617090300,211
1617091200,201
1617092100,210
1617093000,707
1617093900,919
1617094800,734
1617095700,470
1617096600,797
1617097500,986
1617098400,190
1617099300,185
1617100200,154
1617101100,150
1617102000,203
1617102900,164
1617103800,142
1617104700,202
1617105600,156
1617106500,179
1617107400,190
1617108300,203
1617109200,173
1617110100,187
1617111000,367
1617111900,598
1617112800,440
1617113700,238
1617114600,600
1617115500,624
1617116400,283
1617117300,277
1617118200,266
1617119100,373
1617120000,327
1617120900,310
1617121800,533
1617122700,408
1617123600,790
1617124500,1466
1617125400,1119
1617126300,814
1617127200,869
1617128100,771
1617129000,419
1617129900,398
1617130800,420
1617131700,294
1617132600,284
1617133500,300
1617134400,283
1617135300,330
1617136200,252
1617137100,173
1617138000,118
1617138900,148
1617139800,142
1617140700,134
1617141600,156
1617142500,169
1617143400,140
1617144300,125
1617145200,147
1617146100,136
1617147000,114
1617147900,147
1617148800,164
1617149700,130
1617150600,130
1617151500,150
1617152400,132
1617153300,129
1617154200,150
1617155100,167
1617156000,140
1617156900,157
1617157800,132
1617158700,141
1617159600,170
1617160500,126
1617161400,158
1617162300,194
1617163200,184
1617164100,712
1617165000,366
1617165900,749
1617166800,463
1617167700,508
1617168600,322
1617169500,719
1617170400,537
1617171300,228
1617172200,273
1617173100,483
1617174000,351
1617174900,176
1617175800,176
1617176700,176
1617177600,181
1617178500,189
1617179400,196
1617180300,162
1617181200,157
1617182100,180
1617183000,222
1617183900,216
1617184800,202
1617185700,222
1617186600,220
1617187500,190
1617188400,231
1617189300,216
1617190200,166
1617191100,232
1617192000,270
1617192900,167
1617193800,180
1617194700,209
1617195600,238
1617196500,214
1617197400,235
1617198300,201
1617199200,255
1617200100,247
1617201000,263
1617201900,291
1617202800,329
1617203700,290
1617204600,293
1617205500,282
1617206400,311
1617207300,281
1617208200,293
1617209100,361
1617210000,284
1617210900,283
1617211800,310
1617212700,302
1617213600,376
1617214500,333
1617215400,469
1617216300,481
1617217200,443
1617218100,423
1617219000,364
1617219900,383
1617220800,827
1617221700,498
1617222600,409
1617223500,503
1617224400,841
1617225300,280
1617226200,316
1617227100,216
1617228000,128
1617228900,167
1617229800,144
1617230700,131
1617231600,132
1617232500,134
1617233400,121
1617234300,138
1617235200,141
1617236100,158
1617237000,151
1617237900,155
1617238800,122
1617239700,128
1617240600,159
1617241500,147
1617242400,157
1617243300,175
1617244200,133
1617245100,131
1617246000,151
1617246900,143
1617247800,129
1617248700,189
1617249600,240
1617250500,692
1617251400,365
1617252300,260
1617253200,465
1617254100,623
1617255000,276
1617255900,231
1617256800,247
1617257700,224
1617258600,240
1617259500,558
1617260400,1016
1617261300,1150
1617262200,394
1617263100,229
1617264000,219
1617264900,186
1617265800,235
1617266700,281
1617267600,168
1617268500,164
1617269400,175
1617270300,494
1617271200,1192
1617272100,651
1617273000,124
1617273900,200
1617274800,149
1617275700,123
1617276600,157
1617277500,200
1617278400,533
1617279300,470
1617280200,778
1617281100,552
1617282000,921
1617282900,587
1617283800,224
1617284700,290
1617285600,184
1617286500,158
1617287400,333
1617288300,660
1617289200,493
1617290100,547
1617291000,660
1617291900,591
1617292800,262
1617293700,263
1617294600,314
1617295500,369
1617296400,286
1617297300,304
1617298200,410
1617299100,984
1617300000,1320
1617300900,1013
1617301800,835
1617302700,836
1617303600,778
1617304500,436
1617305400,349
1617306300,336
1617307200,245
1617308100,260
1617309000,251
1617309900,248
1617310800,255
1617311700,261
1617312600,248
1617313500,287
1617314400,298
1617315300,187
1617316200,98
1617317100,117
1617318000,171
1617318900,130
1617319800,117
1617320700,115
1617321600,103
1617322500,98
1617323400,137
1617324300,121
1617325200,138
1617326100,132
1617327000,124
1617327900,128
1617328800,110
1617329700,147
1617330600,134
1617331500,148
1617332400,144
1617333300,117
1617334200,131
1617335100,147
1617336000,126
1617336900,143
1617337800,152
1617338700,201
1617339600,484
1617340500,423
1617341400,929
1617342300,1194
1617343200,748
1617344100,677
1617345000,573
1617345900,182
1617346800,206
1617347700,230
1617348600,361
1617349500,936
1617350400,1208
1617351300,828
1617352200,779
1617353100,769
1617354000,1003
1617354900,1239
1617355800,1085
1617356700,808
1617357600,936
1617358500,267
1617359400,365
1617360300,295
1617361200,903
1617362100,527
1617363000,522
1617363900,361
1617364800,862
1617365700,456
1617366600,282
1617367500,312
1617368400,302
1617369300,277
1617370200,320
1617371100,262
1617372000,244
1617372900,293
1617373800,246
1617374700,251
1617375600,490
1617376500,410
1617377400,589
1617378300,794
1617379200,621
1617380100,365
1617381000,330
1617381900,834
1617382800,462
1617383700,414
1617384600,585
1617385500,1508
1617386400,1226
1617387300,872
1617388200,819
1617389100,438
1617390000,326
1617390900,313
1617391800,297
1617392700,252
1617393600,279
1617394500,300
1617395400,316
1617396300,274
1617397200,313
1617398100,229
1617399000,192
1617399900,159
1617400800,141
1617401700,145
1617402600,190
1617403500,171
1617404400,138
1617405300,157
1617406200,142
1617407100,128
1617408000,160
1617408900,161
1617409800,156
1617410700,150
1617411600,162
1617412500,156
1617413400,135
1617414300,181
1617415200,177
1617416100,131
1617417000,139
1617417900,122
1617418800,135
1617419700,141
1617420600,155
1617421500,163
1617422400,135
1617423300,158
1617424200,164
1617425100,207
1617426000,182
1617426900,364
1617427800,205
1617428700,447
1617429600,302
1617430500,233
1617431400,220
1617432300,260
1617433200,300
1617434100,666
1617435000,551
1617435900,562
1617436800,304
1617437700,736
1617438600,614
1617439500,327
1617440400,278
1617441300,293
1617442200,306
1617443100,304
1617444000,426
1617444900,779
1617445800,861
1617446700,881
1617447600,423
1617448500,330
1617449400,269
1617450300,274
1617451200,244
1617452100,228
1617453000,163
1617453900,213
1617454800,231
1617455700,253
1617456600,274
1617457500,615
1617458400,480
1617459300,754
1617460200,501
1617461100,390
1617462000,438
1617462900,775
1617463800,263
1617464700,264
1617465600,692
1617466500,644
1617467400,811
1617468300,828
1617469200,798
1617470100,479
1617471000,393
1617471900,659
1617472800,1011
1617473700,992
1617474600,872
1617475500,722
1617476400,457
1617477300,504
1617478200,469
1617479100,723
1617480000,829
1617480900,589
1617481800,339
1617482700,440
1617483600,389
1617484500,357
1617485400,330
1617486300,356
1617487200,329
1617488100,329
1617489000,345
1617489900,239
1617490800,161
1617491700,123
1617492600,106
1617493500,102
1617494400,121
1617495300,120
1617496200,115
1617497100,102
1617498000,120
1617498900,97
1617499800,92
1617500700,145
1617501600,106
1617502500,106
1617503400,136
1617504300,106
1617505200,104
1617506100,130
1617507000,111
1617507900,97
1617508800,131
1617509700,591
1617510600,292
1617511500,215
1617512400,242
1617513300,253
1617514200,213
1617515100,329
1617516000,1029
1617516900,680
1617517800,492
1617518700,598
1617519600,972
1617520500,670
1617521400,649
1617522300,595
1617523200,610
1617524100,663
1617525000,651
1617525900,634
1617526800,840
1617527700,819
1617528600,1331
1617529500,1141
1617530400,304
1617531300,311
1617532200,520
1617533100,343
1617534000,293
1617534900,260
1617535800,251
1617536700,271
1617537600,275
1617538500,466
1617539400,359
1617540300,235
1617541200,367
1617542100,730
1617543000,484
1617543900,667
1617544800,333
1617545700,770
1617546600,392
1617547500,312
1617548400,559
1617549300,973
1617550200,438
1617551100,310
1617552000,321
1617552900,301
1617553800,324
1617554700,832
1617555600,472
1617556500,348
1617557400,359
1617558300,372
1617559200,365
1617560100,663
1617561000,373
1617561900,325
1617562800,468
1617563700,783
1617564600,419
1617565500,476
1617566400,587
1617567300,776
1617568200,463
1617569100,270
1617570000,394
1617570900,477
1617571800,294
1617572700,303
1617573600,280
1617574500,202
1617575400,188
1617576300,124
1617577200,137
1617578100,146
1617579000,164
1617579900,149
1617580800,138
1617581700,139
1617582600,139
1617583500,154
1617584400,154
1617585300,163
1617586200,172
1617587100,150
1617588000,151
1617588900,155
1617589800,174
1617590700,143
1617591600,174
1617592500,169
1617593400,148
1617594300,189
1617595200,172
1617596100,540
1617597000,269
1617597900,252
1617598800,240
1617599700,221
1617600600,233
1617601500,238
1617602400,256
1617603300,297
1617604200,944
1617605100,950
1617606000,1153
1617606900,468
1617607800,257
1617608700,238
1617609600,285
1617610500,282
1617611400,245
1617612300,282
1617613200,254
1617614100,251
1617615000,252
1617615900,275
1617616800,302
1617617700,506
1617618600,801
1617619500,619
1617620400,260
1617621300,256
1617622200,234
1617623100,228
1617624000,276
1617624900,423
1617625800,302
1617626700,298
1617627600,283
1617628500,295
1617629400,280
1617630300,283
1617631200,291
1617632100,313
1617633000,315
1617633900,302
1617634800,288
1617635700,305
1617636600,412
1617637500,800
1617638400,558
1617639300,322
1617640200,580
1617641100,699
1617642000,272
1617642900,274
1617643800,338
1617644700,263
1617645600,258
1617646500,294
1617647400,273
1617648300,299
1617649200,297
1617650100,340
1617651000,298
1617651900,290
1617652800,254
1617653700,246
1617654600,293
1617655500,280
1617656400,261
1617657300,228
1617658200,266
1617659100,196
1617660000,221
1617660900,213
1617661800,184
1617662700,121
1617663600,106
1617664500,101
1617665400,100
1617666300,125
1617667200,165
1617668100,122
1617669000,131
1617669900,124
1617670800,115
1617671700,108
1617672600,145
1617673500,130
1617674400,124
1617675300,132
1617676200,113
1617677100,103
1617678000,120
1617678900,167
1617679800,120
1617680700,193
1617681600,122
1617682500,294
1617683400,156
1617684300,172
1617685200,218
1617686100,856
1617687000,1169
1617687900,1034
1617688800,960
1617689700,614
1617690600,612
1617691500,592
1617692400,920
1617693300,1221
1617694200,1061
1617695100,764
1617696000,787
1617696900,304
1617697800,275
1617698700,314
1617699600,295
1617700500,241
1617701400,741
1617702300,812
1617703200,501
1617704100,242
1617705000,205
1617705900,244
1617706800,604
1617707700,527
1617708600,492
1617709500,264
1617710400,618
1617711300,604
1617712200,288
1617713100,243
1617714000,204
1617714900,217
1617715800,213
1617716700,245
1617717600,299
1617718500,347
1617719400,178
1617720300,206
1617721200,198
1617722100,209
1617723000,218
1617723900,201
1617724800,561
1617725700,1401
1617726600,768
1617727500,282
1617728400,915
1617729300,1177
1617730200,737
1617731100,796
1617732000,800
1617732900,1049
1617733800,548
1617734700,580
1617735600,795
1617736500,736
1617737400,678
1617738300,304
1617739200,303
1617740100,287
1617741000,254
1617741900,258
1617742800,208
1617743700,144
1617744600,124
1617745500,171
1617746400,142
1617747300,99
1617748200,111
1617749100,130
1617750000,140
1617750900,121
1617751800,189
1617752700,100
1617753600,94
1617754500,123
1617755400,132
1617756300,100
1617757200,156
1617758100,131
1617759000,104
1617759900,125
1617760800,140
1617761700,142
1617762600,148
1617763500,119
1617764400,103
1617765300,133
1617766200,133
1617767100,139
1617768000,167
1617768900,133
1617769800,140
1617770700,150
1617771600,420
1617772500,157
1617773400,204
1617774300,596
1617775200,462
1617776100,225
1617777000,216
1617777900,196
1617778800,200
1617779700,214
1617780600,298
1617781500,184
1617782400,196
1617783300,221
1617784200,186
1617785100,195
1617786000,226
1617786900,182
1617787800,188
1617788700,197
1617789600,219
1617790500,190
1617791400,203
1617792300,185
1617793200,190
1617794100,199
1617795000,189
1617795900,230
1617796800,193
1617797700,124
1617798600,165
1617799500,213
1617800400,241
1617801300,313
1617802200,259
1617803100,240
1617804000,213
1617804900,218
1617805800,661
1617806700,447
1617807600,444
1617808500,250
1617809400,666
1617810300,535
1617811200,291
1617812100,729
1617813000,1154
1617813900,921
1617814800,806
1617815700,694
1617816600,582
1617817500,576
1617818400,342
1617819300,405
1617820200,335
1617821100,260
1617822000,276
1617822900,249
1617823800,303
1617824700,293
1617825600,292
1617826500,211
1617827400,204
1617828300,272
1617829200,246
1617830100,216
1617831000,232
1617831900,219
1617832800,131
1617833700,151
1617834600,148
1617835500,120
1617836400,140
1617837300,128
1617838200,136
1617839100,154
1617840000,155
1617840900,123
1617841800,135
1617842700,127
1617843600,113
1617844500,143
1617845400,158
1617846300,125
1617847200,135
1617848100,135
1617849000,136
1617849900,121
1617850800,156
1617851700,113
1617852600,114
1617853500,170
1617854400,115
1617855300,114
1617856200,178
1617857100,444
1617858000,642
1617858900,696
1617859800,654
1617860700,1076
1617861600,467
1617862500,864
1617863400,307
1617864300,778
1617865200,318
1617866100,227
1617867000,230
1617867900,275
1617868800,201
1617869700,210
1617870600,202
1617871500,198
1617872400,202
1617873300,708
1617874200,608
1617875100,695
1617876000,231
1617876900,175
1617877800,155
1617878700,191
1617879600,625
1617880500,602
1617881400,705
1617882300,330
1617883200,218
1617884100,254
1617885000,244
1617885900,204
1617886800,254
1617887700,212
1617888600,210
1617889500,224
1617890400,245
1617891300,235
1617892200,245
1617893100,212
1617894000,226
1617894900,265
1617895800,240
1617896700,583
1617897600,424
1617898500,232
1617899400,222
1617900300,575
1617901200,722
1617902100,712
1617903000,649
1617903900,458
1617904800,279
1617905700,323
1617906600,313
1617907500,321
1617908400,319
1617909300,299
1617910200,296
1617911100,339
1617912000,326
1617912900,339
1617913800,262
1617914700,163
1617915600,111
1617916500,165
1617917400,116
1617918300,117
1617919200,115
1617920100,107
1617921000,105
1617921900,132
1617922800,113
1617923700,109
1617924600,114
1617925500,130
1617926400,104
1617927300,145
1617928200,120
1617929100,114
1617930000,96
1617930900,137
1617931800,109
1617932700,128
1617933600,140
1617934500,110
1617935400,116
1617936300,128
1617937200,110
1617938100,126
1617939000,164
1617939900,159
1617940800,115
1617941700,193
1617942600,390
1617943500,287
1617944400,281
1617945300,207
1617946200,207
1617947100,590
1617948000,1034
1617948900,1122
1617949800,444
1617950700,498
1617951600,758
1617952500,257
1617953400,249
1617954300,274
1617955200,282
1617956100,231
1617957000,210
1617957900,245
1617958800,264
1617959700,268
1617960600,248
1617961500,223
1617962400,263
1617963300,245
1617964200,428
1617965100,845
1617966000,525
1617966900,349
1617967800,181
1617968700,187
1617969600,201
1617970500,166
1617971400,138
1617972300,130
1617973200,200
1617974100,199
1617975000,211
1617975900,196
1617976800,217
1617977700,465
1617978600,250
1617979500,241
1617980400,295
1617981300,459
1617982200,422
1617983100,460
1617984000,288
1617984900,291
1617985800,303
1617986700,401
1617987600,1030
1617988500,1161
1617989400,1154
1617990300,998
1617991200,658
1617992100,284
1617993000,275
1617993900,271
1617994800,215
1617995700,259
1617996600,294
1617997500,242
1617998400,235
1617999300,276
1618000200,222
1618001100,185
1618002000,233
1618002900,218
1618003800,182
1618004700,207
1618005600,198
1618006500,146
1618007400,148
1618008300,157
1618009200,120
1618010100,140
1618011000,125
1618011900,122
1618012800,152
1618013700,169
1618014600,145
1618015500,138
1618016400,168
1618017300,146
1618018200,155
1618019100,201
1618020000,140
1618020900,151
1618021800,151
1618022700,152
1618023600,154
1618024500,181
1618025400,145
1618026300,149
1618027200,137
1618028100,163
1618029000,168
1618029900,207
1618030800,160
1618031700,191
1618032600,335
1618033500,671
1618034400,777
1618035300,760
1618036200,599
1618037100,447
1618038000,723
1618038900,520
1618039800,291
1618040700,629
1618041600,623
1618042500,235
1618043400,199
1618044300,258
1618045200,290
1618046100,553
1618047000,842
1618047900,416
1618048800,268
1618049700,270
1618050600,280
1618051500,210
1618052400,177
1618053300,214
1618054200,202
1618055100,218
1618056000,287
1618056900,240
1618057800,161
1618058700,155
1618059600,169
1618060500,174
1618061400,177
1618062300,178
1618063200,142
1618064100,148
1618065000,170
1618065900,170
1618066800,157
1618067700,185
1618068600,138
1618069500,146
1618070400,142
1618071300,179
1618072200,250
1618073100,220
1618074000,222
1618074900,204
1618075800,217
1618076700,279
1618077600,276
1618078500,237
1618079400,261
1618080300,287
1618081200,291
1618082100,488
1618083000,367
1618083900,260
1618084800,301
1618085700,337
1618086600,265
1618087500,252
1618088400,210
1618089300,136
1618090200,116
1618091100,139
1618092000,112
1618092900,101
1618093800,138
1618094700,137
1618095600,101
1618096500,113
1618097400,114
1618098300,97
1618099200,123
1618100100,127
1618101000,102
1618101900,103
1618102800,119
1618103700,102
1618104600,93
1618105500,145
1618106400,100
1618107300,103
1618108200,116
1618109100,102
1618110000,100
1618110900,143
1618111800,119
1618112700,106
1618113600,111
1618114500,327
1618115400,445
1618116300,258
1618117200,252
1618118100,258
1618119000,196
1618119900,231
1618120800,231
1618121700,267
1618122600,496
1618123500,1524
1618124400,1498
1618125300,1242
1618126200,960
1618127100,708
1618128000,784
1618128900,746
1618129800,744
1618130700,755
1618131600,1072
1618132500,1511
1618133400,1309
1618134300,1536
1618135200,466
1618136100,986
1618137000,471
1618137900,330
1618138800,368
1618139700,345
1618140600,323
1618141500,347
1618142400,246
1618143300,194
1618144200,259
1618145100,203
1618146000,214
1618146900,215
1618147800,211
1618148700,211
1618149600,259
1618150500,226
1618151400,202
1618152300,206
1618153200,213
1618154100,201
1618155000,234
1618155900,240
1618156800,211
1618157700,259
1618158600,226
1618159500,269
1618160400,317
1618161300,693
1618162200,1184
1618163100,1088
1618164000,506
1618164900,293
1618165800,357
1618166700,285
1618167600,299
1618168500,320
1618169400,231
1618170300,221
1618171200,268
1618172100,255
1618173000,331
1618173900,304
1618174800,276
1618175700,204
1618176600,631
1618177500,320
1618178400,249
1618179300,324
1618180200,674
1618181100,136
1618182000,166
1618182900,136
1618183800,115
1618184700,140
1618185600,132
1618186500,100
1618187400,123
1618188300,111
1618189200,103
1618190100,144
1618191000,137
1618191900,143
1618192800,194
1618193700,105
1618194600,93
1618195500,108
1618196400,152
1618197300,153
1618198200,105
1618199100,164
1618200000,249
1618200900,607
1618201800,194
1618202700,208
1618203600,213
1618204500,659
1618205400,297
1618206300,145
1618207200,123
1618208100,125
1618209000,111
1618209900,149
1618210800,184
1618211700,82
1618212600,95
1618213500,118
1618214400,90
1618215300,109
1618216200,122
1618217100,97
1618218000,89
1618218900,93
1618219800,90
1618220700,97
1618221600,388
1618222500,254
1618223400,368
1618224300,165
1618225200,273
1618226100,996
1618227000,841
1618227900,790
1618228800,454
1618229700,587
1618230600,634
1618231500,172
1618232400,169
1618233300,197
1618234200,229
1618235100,233
1618236000,248
1618236900,190
1618237800,251
1618238700,255
1618239600,235
1618240500,585
1618241400,490
1618242300,373
1618243200,286
1618244100,704
1618245000,466
1618245900,775
1618246800,1019
1618247700,1421
1618248600,1749
1618249500,1137
1618250400,871
1618251300,878
1618252200,847
1618253100,897
1618254000,850
1618254900,653
1618255800,366
1618256700,332
1618257600,342
1618258500,329
1618259400,274
1618260300,196
1618261200,204
1618262100,123
1618263000,116
1618263900,164
1618264800,137
1618265700,152
1618266600,162
1618267500,128
1618268400,139
1618269300,161
1618270200,155
1618271100,130
1618272000,142
1618272900,142
1618273800,130
1618274700,138
1618275600,185
1618276500,139
1618277400,139
1618278300,145
1618279200,124
1618280100,133
1618281000,152
1618281900,163
1618282800,125
1618283700,147
1618284600,134
1618285500,169
1618286400,619
1618287300,284
1618288200,218
1618289100,206
1618290000,222
1618290900,528
1618291800,487
1618292700,449
1618293600,635
1618294500,658
1618295400,556
1618296300,191
1618297200,201
1618298100,193
1618299000,217
1618299900,190
1618300800,207
1618301700,220
1618302600,357
1618303500,220
1618304400,232
1618305300,681
1618306200,702
1618307100,347
1618308000,250
1618308900,207
1618309800,218
1618310700,431
1618311600,631
1618312500,629
1618313400,635
1618314300,342
1618315200,196
1618316100,231
1618317000,212
1618317900,193
1618318800,186
1618319700,247
1618320600,342
1618321500,627
1618322400,689
1618323300,734
1618324200,442
1618325100,522
1618326000,716
1618326900,883
1618327800,689
1618328700,314
1618329600,269
1618330500,266
1618331400,242
1618332300,259
1618333200,418
1618334100,258
1618335000,364
1618335900,254
1618336800,497
1618337700,751
1618338600,529
1618339500,302
1618340400,585
1618341300,619
1618342200,247
1618343100,248
1618344000,317
1618344900,291
1618345800,252
1618346700,277
1618347600,259
1618348500,254
1618349400,254
1618350300,348
1618351200,268
1618352100,214
1618353000,167
1618353900,117
1618354800,117
1618355700,143
1618356600,163
1618357500,120
1618358400,109
1618359300,127
1618360200,109
1618361100,110
1618362000,156
1618362900,140
1618363800,110
1618364700,129
1618365600,116
1618366500,122
1618367400,134
1618368300,160
1618369200,110
1618370100,115
1618371000,141
1618371900,165
1618372800,200
1618373700,713
1618374600,164
1618375500,182
1618376400,179
1618377300,197
1618378200,201
1618379100,228
1618380000,233
1618380900,157
1618381800,285
1618382700,295
1618383600,127
1618384500,340
1618385400,645
1618386300,402
1618387200,160
1618388100,372
1618389000,793
1618389900,149
1618390800,171
1618391700,161
1618392600,130
1618393500,178
1618394400,746
1618395300,1043
1618396200,429
1618397100,312
1618398000,241
1618398900,131
1618399800,105
1618400700,154
1618401600,158
1618402500,189
1618403400,223
1618404300,608
1618405200,578
1618406100,614
1618407000,415
1618407900,214
1618408800,234
1618409700,199
1618410600,235
1618411500,208
1618412400,219
1618413300,212
1618414200,194
1618415100,173
1618416000,269
1618416900,424
1618417800,253
1618418700,282
1618419600,252
1618420500,341
1618421400,397
1618422300,282
1618423200,440
1618424100,326
1618425000,298
1618425900,304
1618426800,299
1618427700,314
1618428600,226
1618429500,228
1618430400,214
1618431300,240
1618432200,158
1618433100,172
1618434000,117
1618434900,132
1618435800,137
1618436700,121
1618437600,134
1618438500,188
1618439400,154
1618440300,142
1618441200,150
1618442100,144
1618443000,138
1618443900,178
1618444800,143
1618445700,143
1618446600,159
1618447500,134
1618448400,145
1618449300,197
1618450200,154
1618451100,142
1618452000,143
1618452900,145
1618453800,136
1618454700,176
1618455600,147
1618456500,138
1618457400,156
1618458300,175
1618459200,215
1618460100,546
1618461000,296
1618461900,179
1618462800,173
1618463700,239
1618464600,190
1618465500,349
1618466400,242
1618467300,328
1618468200,740
1618469100,411
1618470000,204
1618470900,387
1618471800,666
1618472700,142
1618473600,160
1618474500,134
1618475400,116
1618476300,175
1618477200,349
1618478100,368
1618479000,521
1618479900,531
1618480800,207
1618481700,239
1618482600,220
1618483500,197
1618484400,207
1618485300,206
1618486200,203
1618487100,247
1618488000,218
1618488900,190
1618489800,231
1618490700,230
1618491600,208
1618492500,229
1618493400,246
1618494300,199
1618495200,180
1618496100,221
1618497000,303
1618497900,296
1618498800,289
1618499700,471
1618500600,878
1618501500,491
1618502400,826
1618503300,782
1618504200,959
1618505100,520
1618506000,403
1618506900,367
1618507800,393
1618508700,321
1618509600,303
1618510500,340
1618511400,376
1618512300,417
1618513200,393
1618514100,358
1618515000,352
1618515900,348
1618516800,270
1618517700,304
1618518600,244
1618519500,189
1618520400,149
1618521300,160
1618522200,147
1618523100,152
1618524000,162
1618524900,181
1618525800,155
1618526700,151
1618527600,174
1618528500,137
1618529400,167
1618530300,180
1618531200,146
1618532100,152
1618533000,154
1618533900,136
1618534800,149
1618535700,167
1618536600,138
1618537500,142
1618538400,154
1618539300,130
1618540200,160
1618541100,161
1618542000,131
1618542900,133
1618543800,146
1618544700,187
1618545600,224
1618546500,725
1618547400,177
1618548300,237
1618549200,170
1618550100,146
1618551000,160
1618551900,157
1618552800,604
1618553700,161
1618554600,149
1618555500,164
1618556400,670
1618557300,477
1618558200,143
1618559100,141
1618560000,205
1618560900,179
1618561800,172
1618562700,153
1618563600,184
1618564500,148
1618565400,489
1618566300,1092
1618567200,1339
1618568100,448
1618569000,230
1618569900,168
1618570800,182
1618571700,697
1618572600,348
1618573500,347
1618574400,225
1618575300,730
1618576200,345
1618577100,182
1618578000,198
1618578900,172
1618579800,179
1618580700,194
1618581600,300
1618582500,185
1618583400,194
1618584300,156
1618585200,202
1618586100,179
1618587000,158
1618587900,180
1618588800,204
1618589700,391
1618590600,429
1618591500,199
1618592400,202
1618593300,202
1618594200,188
1618595100,250
1618596000,306
1618596900,369
1618597800,778
1618598700,393
1618599600,305
1618600500,282
1618601400,291
1618602300,306
1618603200,303
1618604100,206
1618605000,198
1618605900,224
1618606800,150
1618607700,165
1618608600,175
1618609500,146
1618610400,166
1618611300,140
1618612200,143
1618613100,164
1618614000,185
1618614900,152
1618615800,177
1618616700,135
1618617600,143
1618618500,154
1618619400,167
1618620300,152
1618621200,145
1618622100,150
1618623000,135
1618623900,151
1618624800,177
1618625700,152
1618626600,164
1618627500,155
1618628400,138
1618629300,139
1618630200,162
1618631100,137
1618632000,133
1618632900,174
1618633800,190
1618634700,208
1618635600,205
1618636500,368
1618637400,221
1618638300,856
1618639200,1136
1618640100,829
1618641000,824
1618641900,1223
1618642800,692
1618643700,365
1618644600,510
1618645500,811
1618646400,412
1618647300,220
1618648200,258
1618649100,265
1618650000,250
1618650900,222
1618651800,237
1618652700,214
1618653600,235
1618654500,284
1618655400,309
1618656300,245
1618657200,244
1618658100,366
1618659000,193
1618659900,173
1618660800,175
1618661700,217
1618662600,301
1618663500,282
1618664400,193
1618665300,188
1618666200,241
1618667100,258
1618668000,257
1618668900,232
1618669800,345
1618670700,342
1618671600,646
1618672500,171
1618673400,222
1618674300,499
1618675200,513
1618676100,531
1618677000,475
1618677900,191
1618678800,209
1618679700,249
1618680600,216
1618681500,225
1618682400,245
1618683300,345
1618684200,420
1618685100,909
1618686000,1269
1618686900,935
1618687800,792
1618688700,376
1618689600,262
1618690500,340
1618691400,319
1618692300,278
1618693200,259
1618694100,259
1618695000,216
1618695900,144
1618696800,125
1618697700,154
1618698600,142
1618699500,118
1618700400,127
1618701300,132
1618702200,116
1618703100,127
1618704000,175
1618704900,127
1618705800,123
1618706700,137
1618707600,108
1618708500,119
1618709400,145
1618710300,140
1618711200,114
1618712100,135
1618713000,119
1618713900,111
1618714800,148
1618715700,145
1618716600,123
1618717500,117
1618718400,119
1618719300,482
1618720200,256
1618721100,193
1618722000,739
1618722900,1174
1618723800,806
1618724700,523
1618725600,262
1618726500,219
1618727400,311
1618728300,272
1618729200,214
1618730100,178
1618731000,214
1618731900,185
1618732800,515
1618733700,1055
1618734600,946
1618735500,843
1618736400,850
1618737300,1417
1618738200,1739
1618739100,1725
1618740000,850
1618740900,537
1618741800,614
1618742700,813
1618743600,243
1618744500,261
1618745400,255
1618746300,264
1618747200,260
1618748100,413
1618749000,764
1618749900,508
1618750800,285
1618751700,547
1618752600,730
1618753500,743
1618754400,810
1618755300,788
1618756200,811
1618757100,840
1618758000,789
1618758900,720
1618759800,716
1618760700,728
1618761600,383
1618762500,246
1618763400,280
1618764300,260
1618765200,216
1618766100,229
1618767000,235
1618767900,223
1618768800,290
1618769700,274
1618770600,287
1618771500,291
1618772400,272
1618773300,246
1618774200,233
1618775100,233
1618776000,205
1618776900,266
1618777800,228
1618778700,162
1618779600,111
1618780500,116
1618781400,100
1618782300,124
1618783200,80
1618784100,101
1618785000,117
1618785900,108
1618786800,131
1618787700,114
1618788600,93
1618789500,95
1618790400,107
1618791300,107
1618792200,99
1618793100,129
1618794000,86
1618794900,90
1618795800,121
1618796700,94
1618797600,110
1618798500,140
1618799400,91
1618800300,92
1618801200,113
1618802100,92
1618803000,92
1618803900,157
1618804800,271
1618805700,624
1618806600,161
1618807500,152
1618808400,122
1618809300,116
1618810200,320
1618811100,310
1618812000,157
1618812900,154
1618813800,135
1618814700,149
1618815600,158
1618816500,193
1618817400,190
1618818300,572
1618819200,366
1618820100,396
1618821000,165
1618821900,604
1618822800,411
1618823700,315
1618824600,690
1618825500,770
1618826400,697
1618827300,439
1618828200,261
1618829100,185
1618830000,403
1618830900,676
1618831800,637
1618832700,1227
1618833600,440
1618834500,200
1618835400,237
1618836300,261
1618837200,166
1618838100,175
1618839000,183
1618839900,144
1618840800,143
1618841700,186
1618842600,195
1618843500,234
1618844400,212
1618845300,178
1618846200,398
1618847100,354
1618848000,677
1618848900,428
1618849800,285
1618850700,649
1618851600,309
1618852500,239
1618853400,250
1618854300,255
1618855200,287
1618856100,299
1618857000,316
1618857900,277
1618858800,259
1618859700,304
1618860600,301
1618861500,287
1618862400,226
1618863300,218
1618864200,207
1618865100,251
1618866000,149
1618866900,135
1618867800,114
1618868700,115
1618869600,96
1618870500,86
1618871400,118
1618872300,110
1618873200,119
1618874100,111
1618875000,85
1618875900,101
1618876800,131
1618877700,97
1618878600,145
1618879500,111
1618880400,109
1618881300,93
1618882200,112
1618883100,77
1618884000,110
1618884900,117
1618885800,96
1618886700,95
1618887600,118
1618888500,98
1618889400,105
1618890300,163
1618891200,249
1618892100,797
1618893000,632
1618893900,414
1618894800,394
1618895700,148
1618896600,675
1618897500,361
1618898400,144
1618899300,115
1618900200,122
1618901100,102
1618902000,121
1618902900,145
1618903800,119
1618904700,110
1618905600,133
1618906500,118
1618907400,108
1618908300,143
1618909200,114
1618910100,138
1618911000,120
1618911900,102
1618912800,134
1618913700,175
1618914600,184
1618915500,635
1618916400,274
1618917300,155
1618918200,176
1618919100,547
1618920000,1057
1618920900,766
1618921800,155
1618922700,161
1618923600,176
1618924500,137
1618925400,154
1618926300,214
1618927200,230
1618928100,211
1618929000,209
1618929900,458
1618930800,1004
1618931700,1190
1618932600,828
1618933500,642
1618934400,708
1618935300,629
1618936200,235
1618937100,270
1618938000,329
1618938900,234
1618939800,195
1618940700,441
1618941600,591
1618942500,431
1618943400,220
1618944300,603
1618945200,664
1618946100,227
1618947000,198
1618947900,239
1618948800,329
1618949700,224
1618950600,195
1618951500,193
1618952400,176
1618953300,197
1618954200,145
1618955100,121
1618956000,99
1618956900,109
1618957800,104
1618958700,102
1618959600,130
1618960500,124
1618961400,110
1618962300,103
1618963200,94
1618964100,98
1618965000,106
1618965900,125
1618966800,116
1618967700,126
1618968600,84
1618969500,119
1618970400,112
1618971300,100
1618972200,171
1618973100,120
1618974000,85
1618974900,110
1618975800,87
1618976700,174
1618977600,660
1618978500,363
1618979400,178
1618980300,201
1618981200,178
1618982100,183
1618983000,203
1618983900,209
1618984800,223
1618985700,250
1618986600,178
1618987500,101
1618988400,114
1618989300,100
1618990200,125
1618991100,153
1618992000,102
1618992900,114
1618993800,122
1618994700,328
1618995600,330
1618996500,301
1618997400,200
1618998300,174
1618999200,269
1619000100,634
1619001000,409
1619001900,209
1619002800,472
1619003700,576
1619004600,169
1619005500,161
1619006400,187
1619007300,163
1619008200,158
1619009100,137
1619010000,158
1619010900,307
1619011800,242
1619012700,386
1619013600,296
1619014500,177
1619015400,143
1619016300,218
1619017200,229
1619018100,277
1619019000,286
1619019900,260
1619020800,229
1619021700,457
1619022600,1082
1619023500,1130
1619024400,802
1619025300,787
1619026200,352
1619027100,405
1619028000,327
1619028900,323
1619029800,298
1619030700,303
1619031600,450
1619032500,811
1619033400,514
1619034300,308
1619035200,450
1619036100,825
1619037000,208
1619037900,175
1619038800,131
1619039700,122
1619040600,111
1619041500,105
1619042400,111
1619043300,113
1619044200,143
1619045100,150
1619046000,101
1619046900,126
1619047800,119
1619048700,103
1619049600,124
1619050500,127
1619051400,142
1619052300,120
1619053200,103
1619054100,102
1619055000,117
1619055900,94
1619056800,112
1619057700,140
1619058600,100
1619059500,93
1619060400,116
1619061300,90
1619062200,127
1619063100,182
1619064000,236
1619064900,1049
1619065800,610
1619066700,670
1619067600,642
1619068500,633
1619069400,643
1619070300,697
1619071200,396
1619072100,203
1619073000,187
1619073900,126
1619074800,131
1619075700,177
1619076600,517
1619077500,535
1619078400,400
1619079300,193
1619080200,719
1619081100,981
1619082000,323
1619082900,237
1619083800,1092
1619084700,830
1619085600,1070
1619086500,1189
1619087400,435
1619088300,350
1619089200,248
1619090100,220
1619091000,406
1619091900,954
1619092800,974
1619093700,773
1619094600,729
1619095500,702
1619096400,857
1619097300,733
1619098200,706
1619099100,688
1619100000,446
1619100900,578
1619101800,424
1619102700,439
1619103600,262
1619104500,716
1619105400,482
1619106300,246
1619107200,252
1619108100,202
1619109000,232
1619109900,224
1619110800,228
1619111700,263
1619112600,250
1619113500,592
1619114400,796
1619115300,796
1619116200,826
1619117100,802
1619118000,703
1619118900,389
1619119800,391
1619120700,290
1619121600,327
1619122500,246
1619123400,220
1619124300,220
1619125200,254
1619126100,206
1619127000,156
1619127900,141
1619128800,108
1619129700,131
1619130600,116
1619131500,126
1619132400,150
1619133300,113
1619134200,120
1619135100,118
1619136000,119
1619136900,118
1619137800,151
1619138700,155
1619139600,101
1619140500,119
1619141400,102
1619142300,98
1619143200,115
1619144100,121
1619145000,127
1619145900,125
1619146800,110
1619147700,112
1619148600,138
1619149500,154
1619150400,792
1619151300,617
1619152200,163
1619153100,208
1619154000,183
1619154900,121
1619155800,133
1619156700,189
1619157600,329
1619158500,635
1619159400,433
1619160300,187
1619161200,530
1619162100,526
1619163000,123
1619163900,156
1619164800,181
1619165700,181
1619166600,202
1619167500,191
1619168400,186
1619169300,682
1619170200,379
1619171100,594
1619172000,1431
1619172900,674
1619173800,316
1619174700,385
1619175600,320
1619176500,253
1619177400,248
1619178300,190
1619179200,177
1619180100,219
1619181000,200
1619181900,203
1619182800,246
1619183700,429
1619184600,584
1619185500,485
1619186400,254
1619187300,546
1619188200,729
1619189100,332
1619190000,260
1619190900,218
1619191800,659
1619192700,543
1619193600,787
1619194500,757
1619195400,373
1619196300,375
1619197200,477
1619198100,660
1619199000,759
1619199900,744
1619200800,754
1619201700,729
1619202600,706
1619203500,455
1619204400,286
1619205300,310
1619206200,321
1619207100,313
1619208000,291
1619208900,233
1619209800,236
1619210700,264
1619211600,202
1619212500,154
1619213400,110
1619214300,164
1619215200,92
1619216100,125
1619217000,107
1619217900,110
1619218800,146
1619219700,86
1619220600,108
1619221500,102
1619222400,96
1619223300,112
1619224200,143
1619225100,178
1619226000,115
1619226900,98
1619227800,85
1619228700,102
1619229600,85
1619230500,104
1619231400,134
1619232300,96
1619233200,87
1619234100,118
1619235000,97
1619235900,114
1619236800,142
1619237700,193
1619238600,146
1619239500,167
1619240400,98
1619241300,207
1619242200,765
1619243100,695
1619244000,1288
1619244900,751
1619245800,248
1619246700,445
1619247600,689
1619248500,203
1619249400,241
1619250300,285
1619251200,274
1619252100,236
1619253000,462
1619253900,548
1619254800,584
1619255700,457
1619256600,469
1619257500,464
1619258400,614
1619259300,907
1619260200,305
1619261100,213
1619262000,193
1619262900,587
1619263800,1128
1619264700,923
1619265600,276
1619266500,325
1619267400,356
1619268300,310
1619269200,325
1619270100,389
1619271000,282
1619271900,263
1619272800,251
1619273700,265
1619274600,253
1619275500,279
1619276400,323
1619277300,321
1619278200,288
1619279100,273
1619280000,301
1619280900,279
1619281800,394
1619282700,386
1619283600,353
1619284500,305
1619285400,368
1619286300,322
1619287200,422
1619288100,743
1619289000,468
1619289900,283
1619290800,549
1619291700,630
1619292600,276
1619293500,257
1619294400,230
1619295300,297
1619296200,260
1619297100,243
1619298000,242
1619298900,214
1619299800,221
1619300700,196
1619301600,153
1619302500,120
1619303400,87
1619304300,99
1619305200,146
1619306100,85
1619307000,81
1619307900,164
1619308800,119
1619309700,103
1619310600,132
1619311500,102
1619312400,96
1619313300,135
1619314200,126
1619315100,116
1619316000,103
1619316900,103
1619317800,101
1619318700,109
1619319600,125
1619320500,139
1619321400,106
1619322300,95
1619323200,132
1619324100,485
1619325000,193
1619325900,217
1619326800,171
1619327700,162
1619328600,196
1619329500,145
1619330400,150
1619331300,192
1619332200,197
1619333100,205
1619334000,237
1619334900,797
1619335800,568
1619336700,610
1619337600,559
1619338500,634
1619339400,440
1619340300,492
1619341200,597
1619342100,1052
1619343000,1283
1619343900,1722
1619344800,1275
1619345700,604
1619346600,533
1619347500,442
1619348400,952
1619349300,482
1619350200,415
1619351100,363
1619352000,286
1619352900,253
1619353800,634
1619354700,253
1619355600,204
1619356500,225
1619357400,188
1619358300,204
1619359200,206
1619360100,156
1619361000,168
1619361900,170
1619362800,163
1619363700,161
1619364600,151
1619365500,149
1619366400,600
1619367300,1153
1619368200,1051
1619369100,774
1619370000,681
1619370900,261
1619371800,718
1619372700,703
1619373600,784
1619374500,706
1619375400,757
1619376300,693
1619377200,539
1619378100,217
1619379000,219
1619379900,229
1619380800,253
1619381700,225
1619382600,206
1619383500,243
1619384400,211
1619385300,252
1619386200,237
1619387100,106
1619388000,85
1619388900,94
1619389800,78
1619390700,98
1619391600,90
1619392500,112
1619393400,106
1619394300,92
1619395200,87
1619396100,103
1619397000,87
1619397900,103
1619398800,154
1619399700,100
1619400600,99
1619401500,115
1619402400,91
1619403300,121
1619404200,116
1619405100,124
1619406000,117
1619406900,105
1619407800,116
1619408700,154
1619409600,249
1619410500,563
1619411400,111
1619412300,121
1619413200,90
1619414100,127
1619415000,126
1619415900,522
1619416800,210
1619417700,168
1619418600,162
1619419500,214
1619420400,722
1619421300,388
1619422200,345
1619423100,347
1619424000,716
1619424900,253
1619425800,213
1619426700,206
1619427600,194
1619428500,280
1619429400,207
1619430300,171
1619431200,183
1619432100,174
1619433000,974
1619433900,616
1619434800,580
1619435700,227
1619436600,200
1619437500,229
1619438400,237
1619439300,256
1619440200,227
1619441100,218
1619442000,438
1619442900,623
1619443800,473
1619444700,254
1619445600,511
1619446500,642
1619447400,239
1619448300,716
1619449200,742
1619450100,764
1619451000,810
1619451900,866
1619452800,863
1619453700,327
1619454600,895
1619455500,1288
1619456400,863
1619457300,827
1619458200,1158
1619459100,1114
1619460000,1151
1619460900,765
1619461800,284
1619462700,700
1619463600,529
1619464500,265
1619465400,277
1619466300,264
1619467200,210
1619468100,156
1619469000,118
1619469900,148
1619470800,114
1619471700,126
1619472600,128
1619473500,101
1619474400,86
1619475300,103
1619476200,82
1619477100,110
1619478000,152
1619478900,117
1619479800,125
1619480700,109
1619481600,108
1619482500,111
1619483400,140
1619484300,112
1619485200,128
1619486100,101
1619487000,113
1619487900,120
1619488800,128
1619489700,129
1619490600,164
1619491500,120
1619492400,128
1619493300,144
1619494200,121
1619495100,197
1619496000,633
1619496900,496
1619497800,298
1619498700,142
1619499600,118
1619500500,118
1619501400,85
1619502300,70
1619503200,76
1619504100,88
1619505000,80
1619505900,79
1619506800,92
1619507700,89
1619508600,99
1619509500,71
1619510400,80
1619511300,72
1619512200,80
1619513100,110
1619514000,65
1619514900,61
1619515800,115
1619516700,60
1619517600,76
1619518500,148
1619519400,139
1619520300,141
1619521200,491
1619522100,640
1619523000,461
1619523900,172
1619524800,565
1619525700,504
1619526600,165
1619527500,198
1619528400,187
1619529300,162
1619530200,195
1619531100,173
1619532000,228
1619532900,197
1619533800,193
1619534700,565
1619535600,585
1619536500,1098
1619537400,929
1619538300,541
1619539200,484
1619540100,561
1619541000,932
1619541900,534
1619542800,587
1619543700,739
1619544600,951
1619545500,755
1619546400,1206
1619547300,781
1619548200,244
1619549100,247
1619550000,234
1619550900,225
1619551800,227
1619552700,241
1619553600,203
1619554500,213
1619555400,270
1619556300,215
1619557200,224
1619558100,229
1619559000,202
1619559900,122
1619560800,106
1619561700,122
1619562600,129
1619563500,117
1619564400,155
1619565300,114
1619566200,114
1619567100,114
1619568000,107
1619568900,117
1619569800,140
1619570700,122
1619571600,125
1619572500,108
1619573400,113
1619574300,139
1619575200,110
1619576100,143
1619577000,132
1619577900,99
1619578800,128
1619579700,110
1619580600,104
1619581500,147
1619582400,184
1619583300,592
1619584200,149
1619585100,142
1619586000,174
1619586900,181
1619587800,516
1619588700,482
1619589600,413
1619590500,194
1619591400,553
1619592300,440
1619593200,95
1619594100,132
1619595000,103
1619595900,92
1619596800,111
1619597700,83
1619598600,90
1619599500,134
1619600400,222
1619601300,175
1619602200,215
1619603100,177
1619604000,202
1619604900,171
1619605800,184
1619606700,176
1619607600,417
1619608500,307
1619609400,192
1619610300,496
1619611200,587
1619612100,265
1619613000,215
1619613900,162
1619614800,209
1619615700,705
1619616600,390
1619617500,285
1619618400,548
1619619300,799
1619620200,269
1619621100,298
1619622000,333
1619622900,386
1619623800,354
1619624700,291
1619625600,295
1619626500,1108
1619627400,418
1619628300,315
1619629200,327
1619630100,253
1619631000,389
1619631900,326
1619632800,453
1619633700,313
1619634600,316
1619635500,324
1619636400,291
1619637300,339
1619638200,305
1619639100,329
1619640000,286
1619640900,241
1619641800,226
1619642700,202
1619643600,199
1619644500,230
1619645400,328
1619646300,613
1619647200,296
1619648100,152
1619649000,236
1619649900,663
1619650800,133
1619651700,111
1619652600,112
1619653500,93
1619654400,91
1619655300,164
1619656200,124
1619657100,109
1619658000,107
1619658900,84
1619659800,110
1619660700,100
1619661600,109
1619662500,141
1619663400,87
1619664300,155
1619665200,115
1619666100,94
1619667000,120
1619667900,200
1619668800,493
1619669700,271
1619670600,120
1619671500,176
1619672400,162
1619673300,165
1619674200,125
1619675100,133
1619676000,132
1619676900,123
1619677800,130
1619678700,184
1619679600,250
1619680500,185
1619681400,164
1619682300,166
1619683200,150
1619684100,163
1619685000,210
1619685900,172
1619686800,169
1619687700,143
1619688600,161
1619689500,467
1619690400,316
1619691300,496
1619692200,202
1619693100,235
1619694000,321
1619694900,283
1619695800,631
1619696700,1171
1619697600,1399
1619698500,840
1619699400,480
1619700300,311
1619701200,747
1619702100,405
1619703000,229
1619703900,212
1619704800,379
1619705700,254
1619706600,241
1619707500,283
1619708400,265
1619709300,276
1619710200,352
1619711100,263
1619712000,290
1619712900,281
1619713800,284
1619714700,302
1619715600,272
1619716500,266
1619717400,303
1619718300,340
1619719200,541
1619720100,576
1619721000,290
1619721900,312
1619722800,335
1619723700,332
1619724600,353
1619725500,293
1619726400,264
1619727300,283
1619728200,259
1619729100,251
1619730000,244
1619730900,138
1619731800,95
1619732700,90
1619733600,75
1619734500,122
1619735400,114
1619736300,87
1619737200,112
1619738100,84
1619739000,93
1619739900,115
1619740800,89
1619741700,104
1619742600,91
1619743500,78
1619744400,120
1619745300,99
1619746200,94
1619747100,90
1619748000,95
1619748900,94
1619749800,125
1619750700,88
1619751600,111
1619752500,96
1619753400,94
1619754300,166
1619755200,460
1619756100,1212
1619757000,1000
1619757900,672
1619758800,641
1619759700,633
1619760600,612
1619761500,864
1619762400,598
1619763300,408
1619764200,180
1619765100,524
1619766000,529
1619766900,143
1619767800,152
1619768700,175
1619769600,174
1619770500,139
1619771400,117
1619772300,90
1619773200,135
1619774100,117
1619775000,102
1619775900,558
1619776800,634
1619777700,584
1619778600,474
1619779500,200
1619780400,153
1619781300,138
1619782200,134
1619783100,299
1619784000,175
1619784900,181
1619785800,192
1619786700,170
1619787600,185
1619788500,172
1619789400,186
1619790300,206
1619791200,196
1619792100,207
1619793000,209
1619793900,177
1619794800,236
1619795700,384
1619796600,203
1619797500,242
1619798400,682
1619799300,552
1619800200,455
1619801100,236
1619802000,922
1619802900,1210
1619803800,1147
1619804700,881
1619805600,778
1619806500,777
1619807400,779
1619808300,711
1619809200,779
1619810100,534
1619811000,297
1619811900,309
1619812800,277
1619813700,247
1619814600,230
1619815500,197
1619816400,202
1619817300,188
1619818200,178
1619819100,140
1619820000,117
1619820900,128
1619821800,158
1619822700,135
1619823600,105
1619824500,117
1619825400,122
1619826300,105
1619827200,125
1619828100,134
1619829000,111
1619829900,108
1619830800,96
1619831700,129
1619832600,130
1619833500,118
1619834400,144
1619835300,118
1619836200,114
1619837100,125
1619838000,113
1619838900,129
1619839800,142
1619840700,160
1619841600,160
1619842500,118
1619843400,133
1619844300,147
1619845200,164
1619846100,460
1619847000,267
1619847900,433
1619848800,595
1619849700,657
1619850600,678
1619851500,503
1619852400,248
1619853300,284
1619854200,330
1619855100,773
1619856000,422
1619856900,623
1619857800,544
1619858700,521
1619859600,330
1619860500,739
1619861400,824
1619862300,961
1619863200,1454
1619864100,992
1619865000,830
1619865900,760
1619866800,905
1619867700,486
1619868600,471
1619869500,559
1619870400,1041
1619871300,705
1619872200,677
1619873100,690
1619874000,669
1619874900,291
1619875800,167
1619876700,192
1619877600,427
1619878500,197
1619879400,162
1619880300,205
1619881200,207
1619882100,204
1619883000,474
1619883900,327
1619884800,212
1619885700,211
1619886600,203
1619887500,220
1619888400,210
1619889300,239
1619890200,244
1619891100,211
1619892000,306
1619892900,363
1619893800,502
1619894700,397
1619895600,388
1619896500,354
1619897400,378
1619898300,346
1619899200,339
1619900100,362
1619901000,328
1619901900,305
1619902800,296
1619903700,261
1619904600,313
1619905500,238
1619906400,114
1619907300,117
1619908200,141
1619909100,128
1619910000,112
1619910900,109
1619911800,119
1619912700,123
1619913600,102
1619914500,155
1619915400,137
1619916300,102
1619917200,115
1619918100,121
1619919000,119
1619919900,121
1619920800,128
1619921700,140
1619922600,112
1619923500,103
1619924400,125
1619925300,109
1619926200,98
1619927100,142
1619928000,165
1619928900,125
1619929800,136
1619930700,105
1619931600,144
1619932500,231
1619933400,769
1619934300,268
1619935200,174
1619936100,175
1619937000,218
1619937900,215
1619938800,214
1619939700,205
1619940600,223
1619941500,191
1619942400,193
1619943300,182
1619944200,194
1619945100,211
1619946000,239
1619946900,235
1619947800,310
1619948700,925
1619949600,933
1619950500,382
1619951400,234
1619952300,246
1619953200,257
1619954100,423
1619955000,227
1619955900,230
1619956800,239
1619957700,249
1619958600,196
1619959500,179
1619960400,189
1619961300,210
1619962200,251
1619963100,231
1619964000,224
1619964900,267
1619965800,268
1619966700,261
1619967600,292
1619968500,288
1619969400,303
1619970300,348
1619971200,284
1619972100,339
1619973000,296
1619973900,287
1619974800,441
1619975700,502
1619976600,437
1619977500,468
1619978400,444
1619979300,476
1619980200,747
1619981100,732
1619982000,438
1619982900,376
1619983800,401
1619984700,399
1619985600,325
1619986500,393
1619987400,334
1619988300,275
1619989200,178
1619990100,148
1619991000,129
1619991900,136
1619992800,154
1619993700,161
1619994600,136
1619995500,136
1619996400,146
1619997300,134
1619998200,124
1619999100,154
1620000000,128
1620000900,122
1620001800,154
1620002700,153
1620003600,145
1620004500,131
1620005400,166
1620006300,148
1620007200,138
1620008100,146
1620009000,137
1620009900,146
1620010800,159
1620011700,157
1620012600,160
1620013500,156
1620014400,165
1620015300,564
1620016200,286
1620017100,611
1620018000,372
1620018900,371
1620019800,190
1620020700,678
1620021600,476
1620022500,225
1620023400,572
1620024300,673
1620025200,669
1620026100,588
1620027000,611
1620027900,597
1620028800,586
1620029700,583
1620030600,1025
1620031500,968
1620032400,894
1620033300,1112
1620034200,305
1620035100,754
1620036000,927
1620036900,1491
1620037800,1117
1620038700,1240
1620039600,272
1620040500,265
1620041400,270
1620042300,299
1620043200,342
1620044100,146
1620045000,166
1620045900,156
1620046800,121
1620047700,128
1620048600,165
1620049500,158
1620050400,162
1620051300,248
1620052200,617
1620053100,462
1620054000,469
1620054900,315
1620055800,304
1620056700,287
1620057600,280
1620058500,309
1620059400,267
1620060300,273
1620061200,289
1620062100,348
1620063000,314
1620063900,316
1620064800,358
1620065700,331
1620066600,422
1620067500,418
1620068400,372
1620069300,374
1620070200,625
1620071100,864
1620072000,516
1620072900,273
1620073800,277
1620074700,249
1620075600,279
1620076500,337
1620077400,205
1620078300,117
1620079200,117
1620080100,148
1620081000,130
1620081900,101
1620082800,116
1620083700,112
1620084600,102
1620085500,129
1620086400,143
1620087300,122
1620088200,111
1620089100,100
1620090000,117
1620090900,119
1620091800,110
1620092700,141
1620093600,124
1620094500,109
1620095400,110
1620096300,92
1620097200,108
1620098100,106
1620099000,130
1620099900,195
1620100800,699
1620101700,902
1620102600,1136
1620103500,970
1620104400,803
1620105300,825
1620106200,979
1620107100,1189
1620108000,888
1620108900,367
1620109800,604
1620110700,965
1620111600,768
1620112500,815
1620113400,799
1620114300,804
1620115200,716
1620116100,665
1620117000,234
1620117900,180
1620118800,234
1620119700,209
1620120600,188
1620121500,289
1620122400,549
1620123300,217
1620124200,275
1620125100,249
1620126000,222
1620126900,306
1620127800,273
1620128700,177
1620129600,172
1620130500,175
1620131400,187
1620132300,169
1620133200,171
1620134100,156
1620135000,170
1620135900,724
1620136800,375
1620137700,233
1620138600,231
1620139500,598
1620140400,1097
1620141300,924
1620142200,370
1620143100,220
1620144000,520
1620144900,613
1620145800,313
1620146700,507
1620147600,1202
1620148500,786
1620149400,1181
1620150300,1131
1620151200,1289
1620152100,824
1620153000,789
1620153900,417
1620154800,397
1620155700,362
1620156600,359
1620157500,375
1620158400,250
1620159300,204
1620160200,205
1620161100,263
1620162000,268
1620162900,256
1620163800,289
1620164700,259
1620165600,231
1620166500,155
1620167400,125
1620168300,110
1620169200,99
1620170100,123
1620171000,114
1620171900,105
1620172800,119
1620173700,122
1620174600,123
1620175500,117
1620176400,150
1620177300,123
1620178200,125
1620179100,107
1620180000,122
1620180900,111
1620181800,118
1620182700,202
1620183600,200
1620184500,124
1620185400,136
1620186300,142
1620187200,330
1620188100,251
1620189000,136
1620189900,204
1620190800,127
1620191700,107
1620192600,110
1620193500,113
1620194400,290
1620195300,572
1620196200,564
1620197100,458
1620198000,129
1620198900,122
1620199800,151
1620200700,128
1620201600,162
1620202500,176
1620203400,292
1620204300,197
1620205200,143
1620206100,164
1620207000,213
1620207900,230
1620208800,240
1620209700,240
1620210600,224
1620211500,212
1620212400,194
1620213300,439
1620214200,162
1620215100,174
1620216000,447
1620216900,172
1620217800,161
1620218700,147
1620219600,148
1620220500,192
1620221400,176
1620222300,206
1620223200,174
1620224100,151
1620225000,157
1620225900,187
1620226800,221
1620227700,240
1620228600,610
1620229500,511
1620230400,796
1620231300,623
1620232200,787
1620233100,417
1620234000,271
1620234900,347
1620235800,338
1620236700,492
1620237600,373
1620238500,387
1620239400,385
1620240300,408
1620241200,359
1620242100,342
1620243000,313
1620243900,306
1620244800,250
1620245700,168
1620246600,154
1620247500,125
1620248400,172
1620249300,146
1620250200,111
1620251100,123
1620252000,117
1620252900,129
1620253800,122
1620254700,140
1620255600,145
1620256500,116
1620257400,114
1620258300,127
1620259200,119
1620260100,129
1620261000,137
1620261900,141
1620262800,125
1620263700,119
1620264600,117
1620265500,123
1620266400,107
1620267300,123
1620268200,132
1620269100,144
1620270000,142
1620270900,243
1620271800,154
1620272700,143
1620273600,442
1620274500,847
1620275400,1186
1620276300,891
1620277200,767
1620278100,654
1620279000,671
1620279900,566
1620280800,326
1620281700,360
1620282600,277
1620283500,280
1620284400,266
1620285300,251
1620286200,276
1620287100,271
1620288000,319
1620288900,305
1620289800,356
1620290700,257
1620291600,255
1620292500,254
1620293400,266
1620294300,300
1620295200,316
1620296100,278
1620297000,264
1620297900,281
1620298800,477
1620299700,280
1620300600,339
1620301500,286
1620302400,257
1620303300,286
1620304200,712
1620305100,458
1620306000,474
1620306900,305
1620307800,806
1620308700,480
1620309600,272
1620310500,270
1620311400,298
1620312300,564
1620313200,1242
1620314100,935
1620315000,592
1620315900,425
1620316800,306
1620317700,308
1620318600,342
1620319500,384
1620320400,417
1620321300,773
1620322200,1232
1620323100,938
1620324000,945
1620324900,1142
1620325800,951
1620326700,558
1620327600,426
1620328500,366
1620329400,303
1620330300,315
1620331200,309
1620332100,251
1620333000,197
1620333900,242
1620334800,214
1620335700,151
1620336600,109
1620337500,116
1620338400,116
1620339300,101
1620340200,131
1620341100,119
1620342000,102
1620342900,116
1620343800,119
1620344700,119
1620345600,117
1620346500,125
1620347400,156
1620348300,113
1620349200,110
1620350100,127
1620351000,119
1620351900,116
1620352800,125
1620353700,133
1620354600,130
1620355500,107
1620356400,114
1620357300,255
1620358200,127
1620359100,152
1620360000,286
1620360900,598
1620361800,208
1620362700,240
1620363600,217
1620364500,693
1620365400,454
1620366300,293
1620367200,339
1620368100,671
1620369000,164
1620369900,146
1620370800,158
1620371700,266
1620372600,182
1620373500,215
1620374400,183
1620375300,191
1620376200,197
1620377100,514
1620378000,1096
1620378900,360
1620379800,461
1620380700,252
1620381600,205
1620382500,203
1620383400,207
1620384300,201
1620385200,184
1620386100,208
1620387000,220
1620387900,230
1620388800,171
1620389700,228
1620390600,182
1620391500,170
1620392400,218
1620393300,211
1620394200,177
1620395100,196
1620396000,255
1620396900,194
1620397800,238
1620398700,269
1620399600,303
1620400500,424
1620401400,730
1620402300,775
1620403200,694
1620404100,693
1620405000,719
1620405900,749
1620406800,545
1620407700,477
1620408600,282
1620409500,250
1620410400,238
1620411300,264
1620412200,314
1620413100,296
1620414000,267
1620414900,234
1620415800,246
1620416700,247
1620417600,263
1620418500,310
1620419400,349
1620420300,309
1620421200,313
1620422100,300
1620423000,211
1620423900,117
1620424800,112
1620425700,156
1620426600,126
1620427500,110
1620428400,116
1620429300,112
1620430200,131
1620431100,116
1620432000,133
1620432900,146
1620433800,115
1620434700,112
1620435600,118
1620436500,107
1620437400,116
1620438300,127
1620439200,126
1620440100,104
1620441000,114
1620441900,156
1620442800,120
1620443700,114
1620444600,129
1620445500,169
1620446400,653
1620447300,527
1620448200,498
1620449100,337
1620450000,118
1620450900,464
1620451800,512
1620452700,115
1620453600,127
1620454500,118
1620455400,93
1620456300,142
1620457200,104
1620458100,126
1620459000,130
1620459900,95
1620460800,116
1620461700,104
1620462600,84
1620463500,92
1620464400,100
1620465300,182
1620466200,182
1620467100,174
1620468000,215
1620468900,322
1620469800,603
1620470700,526
1620471600,487
1620472500,228
1620473400,178
1620474300,171
1620475200,177
1620476100,143
1620477000,161
1620477900,448
1620478800,508
1620479700,464
1620480600,225
1620481500,682
1620482400,411
1620483300,201
1620484200,247
1620485100,271
1620486000,678
1620486900,429
1620487800,210
1620488700,211
1620489600,230
1620490500,261
1620491400,267
1620492300,241
1620493200,233
1620494100,223
1620495000,211
1620495900,222
1620496800,248
1620497700,298
1620498600,275
1620499500,289
1620500400,524
1620501300,330
1620502200,338
1620503100,352
1620504000,359
1620504900,285
1620505800,291
1620506700,271
1620507600,247
1620508500,230
1620509400,119
1620510300,130
1620511200,98
1620512100,77
1620513000,100
1620513900,122
1620514800,121
1620515700,135
1620516600,147
1620517500,134
1620518400,118
1620519300,110
1620520200,121
1620521100,111
1620522000,113
1620522900,154
1620523800,133
1620524700,127
1620525600,117
1620526500,113
1620527400,115
1620528300,108
1620529200,140
1620530100,145
1620531000,105
1620531900,168
1620532800,162
1620533700,115
1620534600,108
1620535500,124
1620536400,159
1620537300,163
1620538200,247
1620539100,216
1620540000,181
1620540900,162
1620541800,208
1620542700,365
1620543600,212
1620544500,223
1620545400,183
1620546300,195
1620547200,254
1620548100,287
1620549000,299
1620549900,279
1620550800,257
1620551700,258
1620552600,246
1620553500,391
1620554400,924
1620555300,786
1620556200,386
1620557100,220
1620558000,232
1620558900,210
1620559800,264
1620560700,748
1620561600,388
1620562500,281
1620563400,263
1620564300,257
1620565200,243
1620566100,360
1620567000,838
1620567900,466
1620568800,323
1620569700,357
1620570600,792
1620571500,313
1620572400,256
1620573300,263
1620574200,226
1620575100,249
1620576000,222
1620576900,211
1620577800,211
1620578700,218
1620579600,233
1620580500,228
1620581400,281
1620582300,339
1620583200,303
1620584100,315
1620585000,335
1620585900,340
1620586800,306
1620587700,342
1620588600,343
1620589500,321
1620590400,289
1620591300,272
1620592200,261
1620593100,219
1620594000,220
1620594900,165
1620595800,115
1620596700,114
1620597600,115
1620598500,133
1620599400,105
1620600300,91
1620601200,105
1620602100,99
1620603000,102
1620603900,133
1620604800,131
1620605700,110
1620606600,93
1620607500,113
1620608400,104
1620609300,96
1620610200,123
1620611100,123
1620612000,144
1620612900,127
1620613800,126
1620614700,118
1620615600,114
1620616500,137
1620617400,136
1620618300,141
1620619200,184
1620620100,299
1620621000,155
1620621900,143
1620622800,346
1620623700,164
1620624600,150
1620625500,358
1620626400,585
1620627300,461
1620628200,475
1620629100,989
1620630000,980
1620630900,847
1620631800,786
1620632700,559
1620633600,604
1620634500,535
1620635400,515
1620636300,511
1620637200,471
1620638100,475
1620639000,546
1620639900,1159
1620640800,496
1620641700,267
1620642600,264
1620643500,206
1620644400,432
1620645300,451
1620646200,464
1620647100,614
1620648000,921
1620648900,1049
1620649800,636
1620650700,635
1620651600,621
1620652500,152
1620653400,150
1620654300,154
1620655200,166
1620656100,153
1620657000,119
1620657900,126
1620658800,200
1620659700,208
1620660600,223
1620661500,248
1620662400,193
1620663300,663
1620664200,1164
1620665100,879
1620666000,719
1620666900,924
1620667800,740
1620668700,454
1620669600,282
1620670500,295
1620671400,266
1620672300,260
1620673200,281
1620674100,338
1620675000,322
1620675900,311
1620676800,265
1620677700,235
1620678600,191
1620679500,179
1620680400,130
1620681300,92
1620682200,104
1620683100,98
1620684000,101
1620684900,140
1620685800,149
1620686700,139
1620687600,111
1620688500,120
1620689400,117
1620690300,105
1620691200,124
1620692100,134
1620693000,149
1620693900,124
1620694800,114
1620695700,120
1620696600,106
1620697500,129
1620698400,148
1620699300,126
1620700200,120
1620701100,113
1620702000,130
1620702900,124
1620703800,107
1620704700,166
1620705600,748
1620706500,957
1620707400,1077
1620708300,769
1620709200,772
1620710100,734
1620711000,787
1620711900,752
1620712800,412
1620713700,240
1620714600,237
1620715500,268
1620716400,250
1620717300,317
1620718200,308
1620719100,261
1620720000,285
1620720900,283
1620721800,297
1620722700,301
1620723600,452
1620724500,478
1620725400,256
1620726300,189
1620727200,175
1620728100,160
1620729000,201
1620729900,188
1620730800,580
1620731700,466
1620732600,319
1620733500,289
1620734400,716
1620735300,323
1620736200,198
1620737100,168
1620738000,168
1620738900,164
1620739800,161
1620740700,154
1620741600,261
1620742500,583
1620743400,383
1620744300,363
1620745200,483
1620746100,884
1620747000,277
1620747900,336
1620748800,334
1620749700,308
1620750600,288
1620751500,295
1620752400,263
1620753300,266
1620754200,534
1620755100,1205
1620756000,1192
1620756900,861
1620757800,909
1620758700,788
1620759600,480
1620760500,368
1620761400,578
1620762300,320
1620763200,354
1620764100,270
1620765000,193
1620765900,177
1620766800,189
1620767700,142
1620768600,115
1620769500,120
1620770400,106
1620771300,114
1620772200,109
1620773100,134
1620774000,134
1620774900,100
1620775800,121
1620776700,122
1620777600,119
1620778500,105
1620779400,117
1620780300,118
1620781200,92
1620782100,105
1620783000,124
1620783900,113
1620784800,126
1620785700,141
1620786600,128
1620787500,120
1620788400,134
1620789300,213
1620790200,120
1620791100,156
1620792000,407
1620792900,320
1620793800,249
1620794700,282
1620795600,276
1620796500,742
1620797400,476
1620798300,318
1620799200,537
1620800100,663
1620801000,270
1620801900,253
1620802800,290
1620803700,243
1620804600,242
1620805500,227
1620806400,762
1620807300,1043
1620808200,701
1620809100,678
1620810000,670
1620810900,801
1620811800,335
1620812700,378
1620813600,662
1620814500,271
1620815400,195
1620816300,197
1620817200,206
1620818100,205
1620819000,184
1620819900,190
1620820800,268
1620821700,158
1620822600,191
1620823500,238
1620824400,170
1620825300,195
1620826200,179
1620827100,199
1620828000,187
1620828900,357
1620829800,169
1620830700,194
1620831600,235
1620832500,299
1620833400,314
1620834300,320
1620835200,282
1620836100,283
1620837000,265
1620837900,419
1620838800,996
1620839700,1097
1620840600,496
1620841500,454
1620842400,301
1620843300,331
1620844200,343
1620845100,428
1620846000,845
1620846900,553
1620847800,560
1620848700,366
1620849600,783
1620850500,437
1620851400,255
1620852300,149
1620853200,85
1620854100,93
1620855000,135
1620855900,126
1620856800,130
1620857700,121
1620858600,114
1620859500,101
1620860400,100
1620861300,108
1620862200,100
1620863100,125
1620864000,126
1620864900,109
1620865800,104
1620866700,96
1620867600,104
1620868500,97
1620869400,112
1620870300,148
1620871200,106
1620872100,105
1620873000,101
1620873900,125
1620874800,117
1620875700,213
1620876600,141
1620877500,117
1620878400,217
1620879300,696
1620880200,284
1620881100,333
1620882000,279
1620882900,264
1620883800,286
1620884700,634
1620885600,434
1620886500,402
1620887400,359
1620888300,777
1620889200,270
1620890100,214
1620891000,155
1620891900,550
1620892800,1153
1620893700,979
1620894600,742
1620895500,670
1620896400,219
1620897300,411
1620898200,441
1620899100,320
1620900000,326
1620900900,159
1620901800,177
1620902700,158
1620903600,158
1620904500,683
1620905400,1041
1620906300,725
1620907200,704
1620908100,728
1620909000,651
1620909900,491
1620910800,220
1620911700,192
1620912600,183
1620913500,171
1620914400,209
1620915300,181
1620916200,227
1620917100,229
1620918000,227
1620918900,270
1620919800,282
1620920700,313
1620921600,268
1620922500,272
1620923400,1103
1620924300,1359
1620925200,725
1620926100,375
1620927000,873
1620927900,436
1620928800,976
1620929700,1155
1620930600,890
1620931500,574
1620932400,405
1620933300,371
1620934200,387
1620935100,351
1620936000,303
1620936900,280
1620937800,169
1620938700,169
1620939600,131
1620940500,105
1620941400,117
1620942300,112
1620943200,143
1620944100,156
1620945000,142
1620945900,135
1620946800,112
1620947700,116
1620948600,121
1620949500,94
1620950400,126
1620951300,120
1620952200,105
1620953100,135
1620954000,125
1620954900,121
1620955800,112
1620956700,149
1620957600,140
1620958500,106
1620959400,127
1620960300,122
1620961200,175
1620962100,244
1620963000,146
1620963900,149
1620964800,415
1620965700,842
1620966600,246
1620967500,182
1620968400,152
1620969300,193
1620970200,567
1620971100,287
1620972000,341
1620972900,158
1620973800,613
1620974700,199
1620975600,125
1620976500,117
1620977400,116
1620978300,99
1620979200,101
1620980100,99
1620981000,127
1620981900,129
1620982800,104
1620983700,110
1620984600,196
1620985500,862
1620986400,224
1620987300,310
1620988200,203
1620989100,175
1620990000,171
1620990900,202
1620991800,215
1620992700,235
1620993600,213
1620994500,229
1620995400,222
1620996300,187
1620997200,203
1620998100,174
1620999000,196
1620999900,187
1621000800,203
1621001700,272
1621002600,188
1621003500,250
1621004400,289
1621005300,247
1621006200,332
1621007100,466
1621008000,282
1621008900,461
1621009800,893
1621010700,936
1621011600,695
1621012500,939
1621013400,961
1621014300,434
1621015200,483
1621016100,458
1621017000,471
1621017900,485
1621018800,437
1621019700,411
1621020600,391
1621021500,347
1621022400,314
1621023300,309
1621024200,258
1621025100,123
1621026000,146
1621026900,123
1621027800,113
1621028700,119
1621029600,104
1621030500,120
1621031400,133
1621032300,152
1621033200,127
1621034100,104
1621035000,121
1621035900,108
1621036800,112
1621037700,120
1621038600,136
1621039500,140
1621040400,129
1621041300,133
1621042200,125
1621043100,110
1621044000,122
1621044900,135
1621045800,150
1621046700,282
1621047600,97
1621048500,109
1621049400,105
1621050300,154
1621051200,338
1621052100,299
1621053000,164
1621053900,190
1621054800,162
1621055700,158
1621056600,140
1621057500,180
1621058400,177
1621059300,244
1621060200,374
1621061100,506
1621062000,346
1621062900,146
1621063800,551
1621064700,413
1621065600,142
1621066500,160
1621067400,150
1621068300,162
1621069200,194
1621070100,204
1621071000,140
1621071900,96
1621072800,104
1621073700,109
1621074600,132
1621075500,189
1621076400,150
1621077300,144
1621078200,155
1621079100,295
1621080000,527
1621080900,426
1621081800,243
1621082700,351
1621083600,597
1621084500,116
1621085400,131
1621086300,163
1621087200,449
1621088100,609
1621089000,240
1621089900,239
1621090800,237
1621091700,676
1621092600,439
1621093500,503
1621094400,342
1621095300,797
1621096200,261
1621097100,237
1621098000,223
1621098900,297
1621099800,325
1621100700,393
1621101600,744
1621102500,720
1621103400,813
1621104300,806
1621105200,805
1621106100,636
1621107000,323
1621107900,302
1621108800,268
1621109700,217
1621110600,216
1621111500,194
1621112400,138
1621113300,121
1621114200,128
1621115100,111
1621116000,121
1621116900,132
1621117800,150
1621118700,144
1621119600,114
1621120500,103
1621121400,108
1621122300,94
1621123200,108
1621124100,161
1621125000,148
1621125900,123
1621126800,120
1621127700,122
1621128600,118
1621129500,107
1621130400,146
1621131300,144
1621132200,113
1621133100,128
1621134000,121
1621134900,117
1621135800,120
1621136700,154
1621137600,190
1621138500,118
1621139400,103
1621140300,113
1621141200,146
1621142100,348
1621143000,776
1621143900,690
1621144800,492
1621145700,458
1621146600,358
1621147500,326
1621148400,610
1621149300,595
1621150200,560
1621151100,326
1621152000,631
1621152900,663
1621153800,308
1621154700,321
1621155600,363
1621156500,367
1621157400,421
1621158300,589
1621159200,366
1621160100,367
1621161000,304
1621161900,447
1621162800,423
1621163700,181
1621164600,205
1621165500,519
1621166400,400
1621167300,433
1621168200,230
1621169100,699
1621170000,283
1621170900,192
1621171800,228
1621172700,330
1621173600,270
1621174500,256
1621175400,211
1621176300,243
1621177200,254
1621178100,215
1621179000,220
1621179900,210
1621180800,224
1621181700,247
1621182600,237
1621183500,251
1621184400,223
1621185300,248
1621186200,234
1621187100,225
1621188000,228
1621188900,268
1621189800,287
1621190700,839
1621191600,1728
1621192500,1336
1621193400,927
1621194300,851
1621195200,758
1621196100,721
1621197000,459
1621197900,261
1621198800,265
1621199700,224
1621200600,228
1621201500,197
1621202400,204
1621203300,217
1621204200,223
1621205100,207
1621206000,214
1621206900,240
1621207800,224
1621208700,243
1621209600,246
1621210500,238
1621211400,253
1621212300,246
1621213200,271
1621214100,260
1621215000,351
1621215900,461
1621216800,252
1621217700,164
1621218600,109
1621219500,122
1621220400,127
1621221300,127
1621222200,120
1621223100,147
1621224000,206
1621224900,272
1621225800,396
1621226700,566
1621227600,344
1621228500,380
1621229400,272
1621230300,620
1621231200,429
1621232100,257
1621233000,315
1621233900,252
1621234800,261
1621235700,252
1621236600,326
1621237500,293
1621238400,246
1621239300,295
1621240200,284
1621241100,306
1621242000,294
1621242900,590
1621243800,1236
1621244700,1594
1621245600,994
1621246500,810
1621247400,436
1621248300,411
1621249200,680
1621250100,474
1621251000,286
1621251900,285
1621252800,269
1621253700,255
1621254600,252
1621255500,238
1621256400,318
1621257300,342
1621258200,315
1621259100,385
1621260000,576
1621260900,441
1621261800,258
1621262700,448
1621263600,721
1621264500,265
1621265400,238
1621266300,222
1621267200,203
1621268100,220
1621269000,220
1621269900,247
1621270800,320
1621271700,239
1621272600,280
1621273500,233
1621274400,243
1621275300,248
1621276200,268
1621277100,307
1621278000,335
1621278900,358
1621279800,330
1621280700,309
1621281600,268
1621282500,263
1621283400,319
1621284300,286
1621285200,272
1621286100,221
1621287000,193
1621287900,129
1621288800,124
1621289700,162
1621290600,137
1621291500,98
1621292400,108
1621293300,94
1621294200,122
1621295100,130
1621296000,160
1621296900,154
1621297800,119
1621298700,124
1621299600,122
1621300500,116
1621301400,124
1621302300,137
1621303200,150
1621304100,113
1621305000,130
1621305900,128
1621306800,122
1621307700,136
1621308600,148
1621309500,181
1621310400,250
1621311300,550
1621312200,256
1621313100,677
1621314000,389
1621314900,394
1621315800,302
1621316700,694
1621317600,166
1621318500,185
1621319400,186
1621320300,192
1621321200,199
1621322100,176
1621323000,126
1621323900,109
1621324800,114
1621325700,110
1621326600,126
1621327500,142
1621328400,130
1621329300,109
1621330200,93
1621331100,114
1621332000,97
1621332900,120
1621333800,163
1621334700,193
1621335600,156
1621336500,173
1621337400,206
1621338300,450
1621339200,465
1621340100,442
1621341000,227
1621341900,492
1621342800,574
1621343700,211
1621344600,222
1621345500,201
1621346400,226
1621347300,529
1621348200,554
1621349100,325
1621350000,224
1621350900,221
1621351800,232
1621352700,241
1621353600,260
1621354500,252
1621355400,386
1621356300,277
1621357200,239
1621358100,240
1621359000,380
1621359900,380
1621360800,342
1621361700,344
1621362600,393
1621363500,330
1621364400,344
1621365300,376
1621366200,351
1621367100,352
1621368000,325
1621368900,297
1621369800,301
1621370700,586
1621371600,503
1621372500,397
1621373400,133
1621374300,657
1621375200,184
1621376100,111
1621377000,113
1621377900,140
1621378800,128
1621379700,92
1621380600,105
1621381500,105
1621382400,100
1621383300,117
1621384200,143
1621385100,153
1621386000,125
1621386900,107
1621387800,116
1621388700,96
1621389600,99
1621390500,133
1621391400,113
1621392300,143
1621393200,133
1621394100,119
1621395000,118
1621395900,129
1621396800,288
1621397700,996
1621398600,1081
1621399500,765
1621400400,664
1621401300,814
1621402200,683
1621403100,721
1621404000,419
1621404900,665
1621405800,321
1621406700,227
1621407600,317
1621408500,704
1621409400,196
1621410300,213
1621411200,141
1621412100,151
1621413000,137
1621413900,131
1621414800,147
1621415700,588
1621416600,629
1621417500,579
1621418400,793
1621419300,919
1621420200,499
1621421100,470
1621422000,762
1621422900,232
1621423800,182
1621424700,153
1621425600,149
1621426500,156
1621427400,307
1621428300,172
1621429200,167
1621430100,323
1621431000,226
1621431900,137
1621432800,292
1621433700,463
1621434600,178
1621435500,481
1621436400,382
1621437300,334
1621438200,309
1621439100,270
1621440000,228
1621440900,248
1621441800,437
1621442700,295
1621443600,244
1621444500,240
1621445400,231
1621446300,297
1621447200,477
1621448100,649
1621449000,559
1621449900,300
1621450800,706
1621451700,566
1621452600,321
1621453500,312
1621454400,231
1621455300,154
1621456200,107
1621457100,154
1621458000,108
1621458900,116
1621459800,134
1621460700,96
1621461600,98
1621462500,91
1621463400,108
1621464300,110
1621465200,137
1621466100,156
1621467000,110
1621467900,123
1621468800,121
1621469700,114
1621470600,132
1621471500,146
1621472400,140
1621473300,120
1621474200,109
1621475100,125
1621476000,115
1621476900,112
1621477800,164
1621478700,140
1621479600,117
1621480500,266
1621481400,117
1621482300,129
1621483200,383
1621484100,675
1621485000,610
1621485900,738
1621486800,643
1621487700,621
1621488600,1061
1621489500,282
1621490400,304
1621491300,206
1621492200,674
1621493100,210
1621494000,119
1621494900,124
1621495800,142
1621496700,225
1621497600,136
1621498500,142
1621499400,204
1621500300,170
1621501200,158
1621502100,170
1621503000,181
1621503900,165
1621504800,740
1621505700,463
1621506600,216
1621507500,185
1621508400,262
1621509300,219
1621510200,549
1621511100,209
1621512000,197
1621512900,217
1621513800,208
1621514700,235
1621515600,238
1621516500,190
1621517400,176
1621518300,164
1621519200,190
1621520100,188
1621521000,202
1621521900,260
1621522800,362
1621523700,222
1621524600,260
1621525500,229
1621526400,227
1621527300,287
1621528200,231
1621529100,187
1621530000,789
1621530900,862
1621531800,734
1621532700,746
1621533600,702
1621534500,632
1621535400,357
1621536300,278
1621537200,444
1621538100,718
1621539000,534
1621539900,358
1621540800,710
1621541700,558
1621542600,258
1621543500,136
1621544400,117
1621545300,117
1621546200,144
1621547100,134
1621548000,100
1621548900,112
1621549800,113
1621550700,106
1621551600,132
1621552500,142
1621553400,117
1621554300,113
1621555200,99
1621556100,110
1621557000,116
1621557900,133
1621558800,167
1621559700,115
1621560600,101
1621561500,113
1621562400,117
1621563300,131
1621564200,160
1621565100,160
1621566000,131
1621566900,128
1621567800,125
1621568700,142
1621569600,415
1621570500,1143
1621571400,1046
1621572300,728
1621573200,685
1621574100,683
1621575000,465
1621575900,187
1621576800,224
1621577700,175
1621578600,156
1621579500,162
1621580400,151
1621581300,321
1621582200,888
1621583100,1497
1621584000,1008
1621584900,782
1621585800,760
1621586700,659
1621587600,565
1621588500,590
1621589400,724
1621590300,413
1621591200,203
1621592100,240
1621593000,175
1621593900,200
1621594800,505
1621595700,523
1621596600,408
1621597500,191
1621598400,525
1621599300,533
1621600200,162
1621601100,361
1621602000,1038
1621602900,975
1621603800,736
1621604700,714
1621605600,662
1621606500,582
1621607400,296
1621608300,388
1621609200,428
1621610100,320
1621611000,640
1621611900,536
1621612800,311
1621613700,272
1621614600,245
1621615500,254
1621616400,375
1621617300,625
1621618200,449
1621619100,267
1621620000,671
1621620900,608
1621621800,317
1621622700,362
1621623600,282
1621624500,247
1621625400,299
1621626300,269
1621627200,191
1621628100,126
1621629000,121
1621629900,120
1621630800,113
1621631700,130
1621632600,121
1621633500,99
1621634400,92
1621635300,113
1621636200,123
1621637100,117
1621638000,143
1621638900,120
1621639800,114
1621640700,118
1621641600,110
1621642500,117
1621643400,127
1621644300,128
1621645200,122
1621646100,114
1621647000,107
1621647900,124
1621648800,111
1621649700,127
1621650600,143
1621651500,104
1621652400,112
1621653300,116
1621654200,105
1621655100,151
1621656000,287
1621656900,312
1621657800,174
1621658700,172
1621659600,222
1621660500,281
1621661400,282
1621662300,322
1621663200,313
1621664100,422
1621665000,320
1621665900,319
1621666800,313
1621667700,378
1621668600,339
1621669500,357
1621670400,367
1621671300,365
1621672200,378
1621673100,375
1621674000,381
1621674900,427
1621675800,627
1621676700,493
1621677600,943
1621678500,310
1621679400,294
1621680300,300
1621681200,290
1621682100,267
1621683000,204
1621683900,247
1621684800,344
1621685700,326
1621686600,332
1621687500,339
1621688400,371
1621689300,831
1621690200,473
1621691100,432
1621692000,442
1621692900,884
1621693800,375
1621694700,329
1621695600,447
1621696500,761
1621697400,343
1621698300,373
1621699200,393
1621700100,365
1621701000,420
1621701900,376
1621702800,448
1621703700,309
1621704600,372
1621705500,324
1621706400,311
1621707300,320
1621708200,336
1621709100,351
1621710000,348
1621710900,355
1621711800,368
1621712700,328
1621713600,325
1621714500,275
1621715400,265
1621716300,281
1621717200,334
1621718100,346
1621719000,270
1621719900,264
1621720800,245
1621721700,252
1621722600,258
1621723500,202
1621724400,146
1621725300,124
1621726200,128
1621727100,124
1621728000,111
1621728900,141
1621729800,135
1621730700,117
1621731600,116
1621732500,98
1621733400,126
1621734300,133
1621735200,130
1621736100,157
1621737000,130
1621737900,122
1621738800,126
1621739700,124
1621740600,117
1621741500,163
1621742400,170
1621743300,125
1621744200,148
1621745100,140
1621746000,154
1621746900,142
1621747800,164
1621748700,598
1621749600,1003
1621750500,790
1621751400,672
1621752300,654
1621753200,708
1621754100,819
1621755000,690
1621755900,439
1621756800,406
1621757700,329
1621758600,791
1621759500,284
1621760400,282
1621761300,242
1621762200,237
1621763100,237
1621764000,822
1621764900,242
1621765800,226
1621766700,256
1621767600,206
1621768500,230
1621769400,212
1621770300,249
1621771200,223
1621772100,199
1621773000,209
1621773900,213
1621774800,218
1621775700,459
1621776600,310
1621777500,260
1621778400,234
1621779300,219
1621780200,268
1621781100,646
1621782000,423
1621782900,492
1621783800,264
1621784700,699
1621785600,499
1621786500,247
1621787400,296
1621788300,271
1621789200,252
1621790100,240
1621791000,259
1621791900,255
1621792800,251
1621793700,297
1621794600,255
1621795500,284
1621796400,282
1621797300,296
1621798200,286
1621799100,296
1621800000,331
1621800900,257
1621801800,271
1621802700,247
1621803600,237
1621804500,174
1621805400,157
1621806300,177
1621807200,160
1621808100,158
1621809000,147
1621809900,144
1621810800,161
1621811700,181
1621812600,171
1621813500,142
1621814400,151
1621815300,153
1621816200,141
1621817100,181
1621818000,179
1621818900,153
1621819800,146
1621820700,146
1621821600,155
1621822500,142
1621823400,191
1621824300,163
1621825200,153
1621826100,148
1621827000,132
1621827900,151
1621828800,186
1621829700,449
1621830600,263
1621831500,153
1621832400,158
1621833300,224
1621834200,175
1621835100,190
1621836000,585
1621836900,466
1621837800,458
1621838700,462
1621839600,666
1621840500,897
1621841400,720
1621842300,473
1621843200,896
1621844100,764
1621845000,473
1621845900,465
1621846800,455
1621847700,1170
1621848600,1000
1621849500,592
1621850400,509
1621851300,448
1621852200,214
1621853100,218
1621854000,234
1621854900,197
1621855800,255
1621856700,553
1621857600,1131
1621858500,865
1621859400,835
1621860300,773
1621861200,440
1621862100,289
1621863000,234
1621863900,231
1621864800,218
1621865700,216
1621866600,212
1621867500,202
1621868400,309
1621869300,226
1621870200,207
1621871100,241
1621872000,241
1621872900,210
1621873800,219
1621874700,209
1621875600,208
1621876500,245
1621877400,653
1621878300,265
1621879200,520
1621880100,280
1621881000,818
1621881900,430
1621882800,486
1621883700,328
1621884600,798
1621885500,411
1621886400,216
1621887300,212
1621888200,215
1621889100,224
1621890000,224
1621890900,212
1621891800,123
1621892700,110
1621893600,99
1621894500,135
1621895400,131
1621896300,111
1621897200,121
1621898100,102
1621899000,109
1621899900,110
1621900800,119
1621901700,113
1621902600,93
1621903500,102
1621904400,123
1621905300,115
1621906200,128
1621907100,126
1621908000,121
1621908900,110
1621909800,108
1621910700,125
1621911600,115
1621912500,154
1621913400,128
1621914300,147
1621915200,591
1621916100,722
1621917000,531
1621917900,509
1621918800,574
1621919700,321
1621920600,133
1621921500,238
1621922400,118
1621923300,101
1621924200,131
1621925100,114
1621926000,156
1621926900,894
1621927800,1021
1621928700,735
1621929600,715
1621930500,669
1621931400,437
1621932300,208
1621933200,193
1621934100,170
1621935000,159
1621935900,173
1621936800,170
1621937700,138
1621938600,148
1621939500,163
1621940400,138
1621941300,177
1621942200,189
1621943100,178
1621944000,156
1621944900,163
1621945800,169
1621946700,164
1621947600,198
1621948500,154
1621949400,125
1621950300,107
1621951200,136
1621952100,173
1621953000,186
1621953900,255
1621954800,356
1621955700,213
1621956600,275
1621957500,262
1621958400,237
1621959300,209
1621960200,250
1621961100,229
1621962000,225
1621962900,497
1621963800,732
1621964700,763
1621965600,865
1621966500,1229
1621967400,927
1621968300,553
1621969200,701
1621970100,722
1621971000,324
1621971900,337
1621972800,280
1621973700,254
1621974600,310
1621975500,259
1621976400,220
1621977300,124
1621978200,130
1621979100,112
1621980000,120
1621980900,159
1621981800,129
1621982700,122
1621983600,113
1621984500,116
1621985400,118
1621986300,136
1621987200,162
1621988100,109
1621989000,117
1621989900,121
1621990800,113
1621991700,126
1621992600,146
1621993500,145
1621994400,112
1621995300,112
1621996200,129
1621997100,112
1621998000,131
1621998900,135
1621999800,104
1622000700,132
1622001600,527
1622002500,567
1622003400,1009
1622004300,829
1622005200,613
1622006100,484
1622007000,428
1622007900,377
1622008800,247
1622009700,134
1622010600,128
1622011500,188
1622012400,188
1622013300,220
1622014200,165
1622015100,132
1622016000,133
1622016900,151
1622017800,122
1622018700,289
1622019600,539
1622020500,540
1622021400,863
1622022300,473
1622023200,432
1622024100,387
1622025000,557
1622025900,223
1622026800,330
1622027700,158
1622028600,675
1622029500,409
1622030400,149
1622031300,149
1622032200,149
1622033100,165
1622034000,228
1622034900,220
1622035800,188
1622036700,199
1622037600,187
1622038500,214
1622039400,301
1622040300,285
1622041200,283
1622042100,296
1622043000,296
1622043900,620
1622044800,545
1622045700,294
1622046600,255
1622047500,231
1622048400,234
1622049300,200
1622050200,222
1622051100,246
1622052000,264
1622052900,394
1622053800,349
1622054700,310
1622055600,305
1622056500,346
1622057400,436
1622058300,410
1622059200,374
1622060100,334
1622061000,335
1622061900,391
1622062800,348
1622063700,328
1622064600,295
1622065500,216
1622066400,220
1622067300,197
1622068200,155
1622069100,155
1622070000,145
1622070900,142
1622071800,141
1622072700,163
1622073600,135
1622074500,143
1622075400,158
1622076300,154
1622077200,157
1622078100,167
1622079000,155
1622079900,148
1622080800,156
1622081700,136
1622082600,179
1622083500,177
1622084400,144
1622085300,155
1622086200,153
1622087100,169
1622088000,346
1622088900,593
1622089800,715
1622090700,410
1622091600,275
1622092500,449
1622093400,708
1622094300,258
1622095200,245
1622096100,239
1622097000,234
1622097900,222
1622098800,330
1622099700,200
1622100600,180
1622101500,590
1622102400,277
1622103300,289
1622104200,595
1622105100,665
1622106000,714
1622106900,699
1622107800,601
1622108700,184
1622109600,124
1622110500,184
1622111400,136
1622112300,135
1622113200,170
1622114100,150
1622115000,167
1622115900,190
1622116800,183
1622117700,160
1622118600,573
1622119500,1115
1622120400,798
1622121300,389
1622122200,173
1622123100,191
1622124000,372
1622124900,553
1622125800,463
1622126700,514
1622127600,279
1622128500,238
1622129400,229
1622130300,242
1622131200,226
1622132100,547
1622133000,254
1622133900,511
1622134800,236
1622135700,268
1622136600,255
1622137500,264
1622138400,300
1622139300,289
1622140200,422
1622141100,804
1622142000,846
1622142900,601
1622143800,362
1622144700,675
1622145600,559
1622146500,243
1622147400,280
1622148300,242
1622149200,199
1622150100,138
1622151000,123
1622151900,141
1622152800,141
1622153700,133
1622154600,130
1622155500,130
1622156400,124
1622157300,129
1622158200,155
1622159100,118
1622160000,136
1622160900,124
1622161800,121
1622162700,148
1622163600,132
1622164500,128
1622165400,135
1622166300,134
1622167200,133
1622168100,139
1622169000,124
1622169900,97
1622170800,109
1622171700,117
1622172600,122
1622173500,160
1622174400,444
1622175300,650
1622176200,985
1622177100,733
1622178000,640
1622178900,852
1622179800,989
1622180700,779
1622181600,341
1622182500,550
1622183400,338
1622184300,139
1622185200,102
1622186100,126
1622187000,125
1622187900,114
1622188800,138
1622189700,605
1622190600,1655
1622191500,1380
1622192400,1163
1622193300,1145
1622194200,1176
1622195100,487
1622196000,127
1622196900,162
1622197800,127
1622198700,112
1622199600,144
1622200500,112
1622201400,112
1622202300,111
1622203200,311
1622204100,143
1622205000,135
1622205900,124
1622206800,110
1622207700,110
1622208600,119
1622209500,161
1622210400,214
1622211300,154
1622212200,152
1622213100,180
1622214000,203
1622214900,219
1622215800,256
1622216700,709
1622217600,348
1622218500,454
1622219400,324
1622220300,721
1622221200,488
1622222100,286
1622223000,303
1622223900,301
1622224800,272
1622225700,343
1622226600,295
1622227500,332
1622228400,272
1622229300,260
1622230200,223
1622231100,219
1622232000,265
1622232900,270
1622233800,288
1622234700,280
1622235600,238
1622236500,196
1622237400,131
1622238300,136
1622239200,146
1622240100,114
1622241000,142
1622241900,134
1622242800,119
1622243700,109
1622244600,115
1622245500,138
1622246400,133
1622247300,160
1622248200,131
1622249100,125
1622250000,129
1622250900,128
1622251800,150
1622252700,151
1622253600,122
1622254500,133
1622255400,116
1622256300,282
1622257200,156
1622258100,187
1622259000,147
1622259900,149
1622260800,392
1622261700,115
1622262600,121
1622263500,127
1622264400,173
1622265300,149
1622266200,142
1622267100,611
1622268000,330
1622268900,165
1622269800,390
1622270700,532
1622271600,158
1622272500,137
1622273400,135
1622274300,117
1622275200,85
1622276100,107
1622277000,90
1622277900,92
1622278800,118
1622279700,102
1622280600,135
1622281500,172
1622282400,739
1622283300,187
1622284200,202
1622285100,198
1622286000,177
1622286900,181
1622287800,192
1622288700,173
1622289600,209
1622290500,180
1622291400,194
1622292300,579
1622293200,294
1622294100,382
1622295000,418
1622295900,762
1622296800,446
1622297700,229
1622298600,265
1622299500,281
1622300400,298
1622301300,286
1622302200,276
1622303100,285
1622304000,265
1622304900,409
1622305800,277
1622306700,266
1622307600,389
1622308500,538
1622309400,640
1622310300,922
1622311200,1340
1622312100,921
1622313000,831
1622313900,786
1622314800,671
1622315700,326
1622316600,336
1622317500,326
1622318400,320
1622319300,240
1622320200,224
1622321100,215
1622322000,207
1622322900,169
1622323800,125
1622324700,125
1622325600,123
1622326500,121
1622327400,159
1622328300,119
1622329200,134
1622330100,140
1622331000,123
1622331900,130
1622332800,145
1622333700,138
1622334600,119
1622335500,122
1622336400,135
1622337300,134
1622338200,159
1622339100,114
1622340000,111
1622340900,108
1622341800,103
1622342700,123
1622343600,167
1622344500,148
1622345400,127
1622346300,132
1622347200,161
1622348100,119
1622349000,152
1622349900,139
1622350800,143
1622351700,152
1622352600,204
1622353500,255
1622354400,161
1622355300,125
1622356200,174
1622357100,163
1622358000,172
1622358900,158
1622359800,294
1622360700,174
1622361600,221
1622362500,231
1622363400,502
1622364300,364
1622365200,592
1622366100,706
1622367000,515
1622367900,320
1622368800,263
1622369700,423
1622370600,625
1622371500,490
1622372400,226
1622373300,604
1622374200,500
1622375100,237
1622376000,240
1622376900,311
1622377800,599
1622378700,551
1622379600,417
1622380500,424
1622381400,461
1622382300,245
1622383200,258
1622384100,244
1622385000,221
1622385900,239
1622386800,330
1622387700,331
1622388600,261
1622389500,243
1622390400,253
1622391300,332
1622392200,361
1622393100,353
1622394000,335
1622394900,337
1622395800,355
1622396700,392
1622397600,723
1622398500,1280
1622399400,1178
1622400300,1196
1622401200,1064
1622402100,853
1622403000,654
1622403900,722
1622404800,343
1622405700,234
1622406600,152
1622407500,139
1622408400,130
1622409300,161
1622410200,166
1622411100,136
1622412000,129
1622412900,119
1622413800,118
1622414700,138
1622415600,140
1622416500,147
1622417400,154
1622418300,131
1622419200,148
1622420100,156
1622421000,140
1622421900,124
1622422800,139
1622423700,140
1622424600,157
1622425500,156
1622426400,129
1622427300,139
1622428200,122
1622429100,139
1622430000,155
1622430900,154
1622431800,133
1622432700,166
1622433600,180
1622434500,531
1622435400,198
1622436300,151
1622437200,128
1622438100,116
1622439000,156
1622439900,182
1622440800,260
1622441700,197
1622442600,177
1622443500,171
1622444400,607
1622445300,641
1622446200,990
1622447100,1487
1622448000,1480
1622448900,1094
1622449800,766
1622450700,971
1622451600,681
1622452500,858
1622453400,614
1622454300,388
1622455200,684
1622456100,564
1622457000,220
1622457900,232
1622458800,255
1622459700,202
1622460600,182
1622461500,151
1622462400,139
1622463300,119
1622464200,134
1622465100,145
1622466000,183
1622466900,151
1622467800,181
1622468700,227
1622469600,208
1622470500,227
1622471400,252
1622472300,250
1622473200,634
1622474100,470
1622475000,217
1622475900,229
1622476800,219
1622477700,643
1622478600,900
1622479500,761
1622480400,727
1622481300,681
1622482200,578
1622483100,290
1622484000,412
1622484900,862
1622485800,1025
1622486700,722
1622487600,930
1622488500,1238
1622489400,269
1622490300,319
1622491200,319
1622492100,274
1622493000,206
1622493900,193
1622494800,163
1622495700,133
1622496600,141
1622497500,143
1622498400,128
1622499300,126
1622500200,120
1622501100,126
1622502000,158
1622502900,114
1622503800,127
1622504700,119
1622505600,141
1622506500,130
1622507400,145
1622508300,112
1622509200,133
1622510100,103
1622511000,108
1622511900,139
1622512800,124
1622513700,131
1622514600,127
1622515500,128
1622516400,124
1622517300,156
1622518200,115
1622519100,149
1622520000,153
1622520900,135
1622521800,135
1622522700,300
1622523600,151
1622524500,139
1622525400,148
1622526300,144
1622527200,181
1622528100,177
1622529000,587
1622529900,612
1622530800,558
1622531700,421
1622532600,1119
1622533500,920
1622534400,1052
1622535300,538
1622536200,711
1622537100,1067
1622538000,647
1622538900,918
1622539800,1309
1622540700,1228
1622541600,1340
1622542500,346
1622543400,344
1622544300,955
1622545200,874
1622546100,831
1622547000,1010
1622547900,415
1622548800,827
1622549700,801
1622550600,1348
1622551500,370
1622552400,275
1622553300,845
1622554200,672
1622555100,512
1622556000,293
1622556900,274
1622557800,589
1622558700,687
1622559600,684
1622560500,539
1622561400,256
1622562300,240
1622563200,249
1622564100,252
1622565000,223
1622565900,250
1622566800,427
1622567700,764
1622568600,708
1622569500,695
1622570400,316
1622571300,293
1622572200,277
1622573100,304
1622574000,311
1622574900,285
1622575800,338
1622576700,422
1622577600,393
1622578500,242
1622579400,232
1622580300,202
1622581200,235
1622582100,232
1622583000,209
1622583900,148
1622584800,100
1622585700,118
1622586600,134
1622587500,151
1622588400,119
1622589300,135
1622590200,128
1622591100,135
1622592000,154
1622592900,122
1622593800,127
1622594700,117
1622595600,130
1622596500,130
1622597400,162
1622598300,124
1622599200,130
1622600100,116
1622601000,124
1622601900,151
1622602800,135
1622603700,124
1622604600,122
1622605500,159
1622606400,512
1622607300,260
1622608200,94
1622609100,174
1622610000,91
1622610900,115
1622611800,167
1622612700,191
1622613600,139
1622614500,101
1622615400,90
1622616300,73
1622617200,115
1622618100,95
1622619000,99
1622619900,74
1622620800,83
1622621700,85
1622622600,131
1622623500,110
1622624400,104
1622625300,125
1622626200,129
1622627100,124
1622628000,111
1622628900,109
1622629800,93
1622630700,92
1622631600,83
1622632500,100
1622633400,69
1622634300,62
1622635200,74
1622636100,85
1622637000,108
1622637900,101
1622638800,99
1622639700,108
1622640600,87
1622641500,70
1622642400,116
1622643300,300
1622644200,167
1622645100,208
1622646000,218
1622646900,292
1622647800,427
1622648700,398
1622649600,322
1622650500,235
1622651400,347
1622652300,336
1622653200,276
1622654100,287
1622655000,708
1622655900,445
1622656800,402
1622657700,413
1622658600,748
1622659500,232
1622660400,294
1622661300,357
1622662200,359
1622663100,324
1622664000,288
1622664900,264
1622665800,286
1622666700,298
1622667600,260
1622668500,255
1622669400,130
1622670300,142
1622671200,126
1622672100,171
1622673000,148
1622673900,143
1622674800,135
1622675700,132
1622676600,147
1622677500,161
1622678400,145
1622679300,134
1622680200,142
1622681100,111
1622682000,153
1622682900,142
1622683800,133
1622684700,161
1622685600,160
1622686500,165
1622687400,170
1622688300,158
1622689200,136
1622690100,151
1622691000,143
1622691900,171
1622692800,176
1622693700,532
1622694600,202
1622695500,179
1622696400,219
1622697300,202
1622698200,195
1622699100,188
1622700000,204
1622700900,184
1622701800,192
1622702700,334
1622703600,213
1622704500,170
1622705400,147
1622706300,160
1622707200,170
1622708100,218
1622709000,187
1622709900,178
1622710800,166
1622711700,184
1622712600,210
1622713500,163
1622714400,171
1622715300,161
1622716200,174
1622717100,178
1622718000,1243
1622718900,798
1622719800,199
1622720700,149
1622721600,398
1622722500,558
1622723400,380
1622724300,159
1622725200,418
1622726100,551
1622727000,143
1622727900,158
1622728800,117
1622729700,117
1622730600,114
1622731500,179
1622732400,213
1622733300,210
1622734200,203
1622735100,200
1622736000,230
1622736900,204
1622737800,668
1622738700,646
1622739600,250
1622740500,208
1622741400,222
1622742300,249
1622743200,224
1622744100,228
1622745000,238
1622745900,268
1622746800,263
1622747700,328
1622748600,320
1622749500,386
1622750400,298
1622751300,254
1622752200,207
1622753100,150
1622754000,120
1622754900,109
1622755800,113
1622756700,125
1622757600,156
1622758500,144
1622759400,116
1622760300,137
1622761200,117
1622762100,147
1622763000,161
1622763900,129
1622764800,129
1622765700,118
1622766600,132
1622767500,144
1622768400,146
1622769300,129
1622770200,141
1622771100,138
1622772000,135
1622772900,160
1622773800,129
1622774700,133
1622775600,127
1622776500,145
1622777400,148
1622778300,143
1622779200,109
1622780100,482
1622781000,156
1622781900,132
1622782800,192
1622783700,180
1622784600,210
1622785500,145
1622786400,156
1622787300,163
1622788200,188
1622789100,163
1622790000,148
1622790900,173
1622791800,326
1622792700,663
1622793600,278
1622794500,212
1622795400,178
1622796300,200
1622797200,481
1622798100,575
1622799000,636
1622799900,329
1622800800,191
1622801700,211
1622802600,192
1622803500,175
1622804400,147
1622805300,531
1622806200,1226
1622807100,820
1622808000,252
1622808900,242
1622809800,184
1622810700,196
1622811600,242
1622812500,238
1622813400,318
1622814300,567
1622815200,399
1622816100,389
1622817000,165
1622817900,752
1622818800,423
1622819700,236
1622820600,252
1622821500,235
1622822400,247
1622823300,248
1622824200,262
1622825100,250
1622826000,246
1622826900,235
1622827800,487
1622828700,1055
1622829600,803
1622830500,825
1622831400,851
1622832300,764
1622833200,678
1622834100,409
1622835000,291
1622835900,249
1622836800,241
1622837700,209
1622838600,224
1622839500,181
1622840400,132
1622841300,123
1622842200,128
1622843100,112
1622844000,153
1622844900,116
1622845800,127
1622846700,123
1622847600,128
1622848500,127
1622849400,150
1622850300,121
1622851200,114
1622852100,114
1622853000,107
1622853900,140
1622854800,121
1622855700,138
1622856600,116
1622857500,124
1622858400,110
1622859300,161
1622860200,136
1622861100,123
1622862000,121
1622862900,121
1622863800,133
1622864700,155
1622865600,290
1622866500,646
1622867400,1022
1622868300,801
1622869200,700
1622870100,302
1622871000,271
1622871900,270
1622872800,302
1622873700,291
1622874600,277
1622875500,341
1622876400,329
1622877300,286
1622878200,268
1622879100,296
1622880000,332
1622880900,317
1622881800,285
1622882700,298
1622883600,283
1622884500,586
1622885400,325
1622886300,231
1622887200,236
1622888100,218
1622889000,235
1622889900,250
1622890800,240
1622891700,215
1622892600,236
1622893500,214
1622894400,231
1622895300,249
1622896200,236
1622897100,230
1622898000,263
1622898900,223
1622899800,231
1622900700,284
1622901600,255
1622902500,264
1622903400,288
1622904300,332
1622905200,339
1622906100,514
1622907000,305
1622907900,332
1622908800,313
1622909700,331
1622910600,577
1622911500,774
1622912400,563
1622913300,331
1622914200,556
1622915100,782
1622916000,348
1622916900,292
1622917800,282
1622918700,237
1622919600,262
1622920500,289
1622921400,328
1622922300,320
1622923200,323
1622924100,306
1622925000,252
1622925900,277
1622926800,220
1622927700,215
1622928600,171
1622929500,160
1622930400,141
1622931300,163
1622932200,138
1622933100,126
1622934000,135
1622934900,125
1622935800,152
1622936700,156
1622937600,145
1622938500,126
1622939400,137
1622940300,120
1622941200,155
1622942100,153
1622943000,134
1622943900,134
1622944800,149
1622945700,147
1622946600,153
1622947500,149
1622948400,125
1622949300,122
1622950200,107
1622951100,155
1622952000,178
1622952900,182
1622953800,183
1622954700,175
1622955600,146
1622956500,169
1622957400,165
1622958300,452
1622959200,372
1622960100,134
1622961000,165
1622961900,210
1622962800,262
1622963700,229
1622964600,197
1622965500,223
1622966400,206
1622967300,203
1622968200,221
1622969100,184
1622970000,220
1622970900,847
1622971800,836
1622972700,223
1622973600,173
1622974500,160
1622975400,153
1622976300,162
1622977200,190
1622978100,233
1622979000,188
1622979900,245
1622980800,189
1622981700,204
1622982600,219
1622983500,261
1622984400,223
1622985300,428
1622986200,222
1622987100,234
1622988000,230
1622988900,236
1622989800,222
1622990700,219
1622991600,252
1622992500,217
1622993400,316
1622994300,842
1622995200,515
1622996100,463
1622997000,528
1622997900,836
1622998800,344
1622999700,291
1623000600,304
1623001500,361
1623002400,410
1623003300,413
1623004200,458
1623005100,814
1623006000,446
1623006900,358
1623007800,339
1623008700,364
1623009600,358
1623010500,356
1623011400,334
1623012300,258
1623013200,238
1623014100,321
1623015000,198
1623015900,162
1623016800,137
1623017700,145
1623018600,155
1623019500,141
1623020400,128
1623021300,122
1623022200,118
1623023100,100
1623024000,145
1623024900,129
1623025800,135
1623026700,130
1623027600,139
1623028500,128
1623029400,150
1623030300,141
1623031200,132
1623032100,141
1623033000,120
1623033900,131
1623034800,150
1623035700,137
1623036600,113
1623037500,147
1623038400,171
1623039300,566
1623040200,296
1623041100,220
1623042000,219
1623042900,218
1623043800,954
1623044700,2291
1623045600,1562
1623046500,1067
1623047400,839
1623048300,1298
1623049200,965
1623050100,781
1623051000,822
1623051900,836
1623052800,885
1623053700,916
1623054600,1433
1623055500,1578
1623056400,1707
1623057300,1240
1623058200,1057
1623059100,697
1623060000,968
1623060900,1030
1623061800,1070
1623062700,786
1623063600,769
1623064500,1091
1623065400,418
1623066300,367
1623067200,422
1623068100,712
1623069000,211
1623069900,209
1623070800,175
1623071700,351
1623072600,210
1623073500,195
1623074400,263
1623075300,235
1623076200,276
1623077100,376
1623078000,227
1623078900,167
1623079800,227
1623080700,253
1623081600,281
1623082500,285
1623083400,259
1623084300,262
1623085200,289
1623086100,295
1623087000,284
1623087900,343
1623088800,657
1623089700,462
1623090600,516
1623091500,354
1623092400,827
1623093300,581
1623094200,340
1623095100,303
1623096000,284
1623096900,275
1623097800,324
1623098700,305
1623099600,330
1623100500,306
1623101400,245
1623102300,137
1623103200,153
1623104100,134
1623105000,118
1623105900,126
1623106800,124
1623107700,146
1623108600,145
1623109500,130
1623110400,117
1623111300,129
1623112200,112
1623113100,138
1623114000,152
1623114900,130
1623115800,134
1623116700,120
1623117600,132
1623118500,132
1623119400,145
1623120300,99
1623121200,115
1623122100,97
1623123000,125
1623123900,180
1623124800,511
1623125700,111
1623126600,111
1623127500,154
1623128400,112
1623129300,219
1623130200,502
1623131100,1030
1623132000,680
1623132900,601
1623133800,594
1623134700,243
1623135600,135
1623136500,169
1623137400,200
1623138300,201
1623139200,172
1623140100,233
1623141000,224
1623141900,236
1623142800,315
1623143700,714
1623144600,489
1623145500,506
1623146400,842
1623147300,497
1623148200,149
1623149100,154
1623150000,155
1623150900,168
1623151800,154
1623152700,169
1623153600,150
1623154500,181
1623155400,239
1623156300,237
1623157200,230
1623158100,231
1623159000,214
1623159900,197
1623160800,241
1623161700,239
1623162600,249
1623163500,295
1623164400,539
1623165300,734
1623166200,727
1623167100,884
1623168000,956
1623168900,989
1623169800,238
1623170700,275
1623171600,270
1623172500,237
1623173400,265
1623174300,604
1623175200,1222
1623176100,926
1623177000,743
1623177900,591
1623178800,291
1623179700,312
1623180600,335
1623181500,315
1623182400,274
1623183300,212
1623184200,187
1623185100,93
1623186000,140
1623186900,120
1623187800,104
1623188700,93
1623189600,108
1623190500,93
1623191400,127
1623192300,114
1623193200,97
1623194100,88
1623195000,74
1623195900,98
1623196800,125
1623197700,114
1623198600,90
1623199500,119
1623200400,106
1623201300,133
1623202200,127
1623203100,114
1623204000,113
1623204900,105
1623205800,123
1623206700,140
1623207600,131
1623208500,100
1623209400,118
1623210300,124
1623211200,156
1623212100,639
1623213000,115
1623213900,104
1623214800,96
1623215700,115
1623216600,626
1623217500,343
1623218400,211
1623219300,295
1623220200,579
1623221100,115
1623222000,123
1623222900,114
1623223800,146
1623224700,83
1623225600,88
1623226500,74
1623227400,120
1623228300,89
1623229200,88
1623230100,95
1623231000,89
1623231900,93
1623232800,104
1623233700,100
1623234600,80
1623235500,89
1623236400,121
1623237300,110
1623238200,121
1623239100,96
1623240000,109
1623240900,145
1623241800,142
1623242700,150
1623243600,180
1623244500,185
1623245400,262
1623246300,261
1623247200,222
1623248100,283
1623249000,257
1623249900,275
1623250800,291
1623251700,266
1623252600,409
1623253500,312
1623254400,308
1623255300,283
1623256200,305
1623257100,296
1623258000,329
1623258900,280
1623259800,232
1623260700,227
1623261600,692
1623262500,1158
1623263400,844
1623264300,784
1623265200,720
1623266100,351
1623267000,291
1623267900,203
1623268800,186
1623269700,141
1623270600,150
1623271500,127
1623272400,144
1623273300,141
1623274200,178
1623275100,147
1623276000,147
1623276900,147
1623277800,140
1623278700,179
1623279600,156
1623280500,160
1623281400,142
1623282300,153
1623283200,142
1623284100,166
1623285000,163
1623285900,140
1623286800,151
1623287700,146
1623288600,165
1623289500,175
1623290400,139
1623291300,132
1623292200,124
1623293100,136
1623294000,147
1623294900,189
1623295800,160
1623296700,159
1623297600,157
1623298500,245
1623299400,465
1623300300,127
1623301200,176
1623302100,156
1623303000,168
1623303900,141
1623304800,160
1623305700,135
1623306600,129
1623307500,130
1623308400,127
1623309300,148
1623310200,144
1623311100,160
1623312000,130
1623312900,117
1623313800,118
1623314700,122
1623315600,125
1623316500,86
1623317400,104
1623318300,100
1623319200,130
1623320100,275
1623321000,151
1623321900,134
1623322800,110
1623323700,150
1623324600,104
1623325500,155
1623326400,165
1623327300,609
1623328200,191
1623329100,131
1623330000,154
1623330900,185
1623331800,177
1623332700,140
1623333600,140
1623334500,94
1623335400,119
1623336300,154
1623337200,217
1623338100,164
1623339000,134
1623339900,140
1623340800,155
1623341700,151
1623342600,177
1623343500,200
1623344400,382
1623345300,677
1623346200,493
1623347100,236
1623348000,429
1623348900,726
1623349800,201
1623350700,259
1623351600,222
1623352500,214
1623353400,261
1623354300,288
1623355200,265
1623356100,306
1623357000,323
1623357900,234
1623358800,157
1623359700,110
1623360600,128
1623361500,140
1623362400,128
1623363300,131
1623364200,106
1623365100,111
1623366000,117
1623366900,141
1623367800,131
1623368700,132
1623369600,135
1623370500,112
1623371400,150
1623372300,131
1623373200,125
1623374100,118
1623375000,130
1623375900,139
1623376800,140
1623377700,136
1623378600,117
1623379500,125
1623380400,121
1623381300,134
1623382200,167
1623383100,116
1623384000,172
1623384900,497
1623385800,192
1623386700,197
1623387600,210
1623388500,208
1623389400,218
1623390300,186
1623391200,177
1623392100,246
1623393000,265
1623393900,248
1623394800,237
1623395700,241
1623396600,236
1623397500,420
1623398400,984
1623399300,1145
1623400200,667
1623401100,579
1623402000,687
1623402900,873
1623403800,465
1623404700,644
1623405600,652
1623406500,738
1623407400,382
1623408300,168
1623409200,157
1623410100,441
1623411000,1008
1623411900,773
1623412800,712
1623413700,545
1623414600,205
1623415500,678
1623416400,247
1623417300,303
1623418200,258
1623419100,262
1623420000,246
1623420900,258
1623421800,263
1623422700,684
1623423600,557
1623424500,271
1623425400,652
1623426300,750
1623427200,828
1623428100,796
1623429000,771
1623429900,741
1623430800,751
1623431700,326
1623432600,296
1623433500,337
1623434400,628
1623435300,1186
1623436200,772
1623437100,353
1623438000,921
1623438900,601
1623439800,420
1623440700,559
1623441600,806
1623442500,198
1623443400,192
1623444300,164
1623445200,136
1623446100,153
1623447000,134
1623447900,145
1623448800,167
1623449700,143
1623450600,146
1623451500,140
1623452400,151
1623453300,140
1623454200,177
1623455100,129
1623456000,142
1623456900,135
1623457800,148
1623458700,168
1623459600,153
1623460500,144
1623461400,116
1623462300,130
1623463200,114
1623464100,153
1623465000,161
1623465900,168
1623466800,142
1623467700,138
1623468600,145
1623469500,173
1623470400,265
1623471300,281
1623472200,211
1623473100,175
1623474000,188
1623474900,273
1623475800,671
1623476700,530
1623477600,510
1623478500,299
1623479400,666
1623480300,640
1623481200,277
1623482100,290
1623483000,206
1623483900,186
1623484800,196
1623485700,208
1623486600,193
1623487500,168
1623488400,215
1623489300,203
1623490200,246
1623491100,221
1623492000,257
1623492900,386
1623493800,186
1623494700,233
1623495600,272
1623496500,235
1623497400,210
1623498300,226
1623499200,201
1623500100,403
1623501000,239
1623501900,241
1623502800,243
1623503700,332
1623504600,280
1623505500,355
1623506400,284
1623507300,234
1623508200,280
1623509100,305
1623510000,279
1623510900,278
1623511800,243
1623512700,221
1623513600,190
1623514500,247
1623515400,1091
1623516300,1233
1623517200,1057
1623518100,824
1623519000,1085
1623519900,1120
1623520800,387
1623521700,387
1623522600,741
1623523500,531
1623524400,544
1623525300,314
1623526200,338
1623527100,322
1623528000,331
1623528900,237
1623529800,270
1623530700,184
1623531600,185
1623532500,132
1623533400,133
1623534300,130
1623535200,132
1623536100,147
1623537000,138
1623537900,134
1623538800,108
1623539700,116
1623540600,110
1623541500,124
1623542400,145
1623543300,121
1623544200,122
1623545100,109
1623546000,119
1623546900,134
1623547800,132
1623548700,114
1623549600,116
1623550500,134
1623551400,152
1623552300,196
1623553200,151
1623554100,156
1623555000,138
1623555900,175
1623556800,174
1623557700,185
1623558600,162
1623559500,222
1623560400,201
1623561300,133
1623562200,146
1623563100,173
1623564000,138
1623564900,173
1623565800,195
1623566700,173
1623567600,274
1623568500,615
1623569400,491
1623570300,593
1623571200,1028
1623572100,960
1623573000,1285
1623573900,972
1623574800,1066
1623575700,364
1623576600,282
1623577500,282
1623578400,693
1623579300,220
1623580200,216
1623581100,201
1623582000,230
1623582900,200
1623583800,245
1623584700,191
1623585600,207
1623586500,208
1623587400,607
1623588300,544
1623589200,535
1623590100,512
1623591000,626
1623591900,474
1623592800,245
1623593700,257
1623594600,302
1623595500,1017
1623596400,949
1623597300,961
1623598200,775
1623599100,1251
1623600000,917
1623600900,295
1623601800,270
1623602700,248
1623603600,258
1623604500,302
1623605400,300
1623606300,334
1623607200,1256
1623608100,587
1623609000,491
1623609900,262
1623610800,684
1623611700,359
1623612600,199
1623613500,245
1623614400,304
1623615300,307
1623616200,275
1623617100,358
1623618000,250
1623618900,204
1623619800,199
1623620700,120
1623621600,119
1623622500,111
1623623400,120
1623624300,123
1623625200,140
1623626100,132
1623627000,103
1623627900,123
1623628800,101
1623629700,135
1623630600,130
1623631500,110
1623632400,121
1623633300,123
1623634200,115
1623635100,137
1623636000,120
1623636900,92
1623637800,107
1623638700,90
1623639600,119
1623640500,133
1623641400,124
1623642300,115
1623643200,152
1623644100,526
1623645000,153
1623645900,156
1623646800,121
1623647700,133
1623648600,201
1623649500,179
1623650400,172
1623651300,196
1623652200,172
1623653100,218
1623654000,185
1623654900,158
1623655800,227
1623656700,220
1623657600,342
1623658500,213
1623659400,751
1623660300,613
1623661200,480
1623662100,747
1623663000,1317
1623663900,498
1623664800,320
1623665700,330
1623666600,332
1623667500,287
1623668400,286
1623669300,269
1623670200,277
1623671100,793
1623672000,1100
1623672900,747
1623673800,690
1623674700,699
1623675600,721
1623676500,701
1623677400,720
1623678300,433
1623679200,172
1623680100,149
1623681000,161
1623681900,187
1623682800,140
1623683700,172
1623684600,183
1623685500,268
1623686400,1012
1623687300,582
1623688200,370
1623689100,218
1623690000,793
1623690900,370
1623691800,249
1623692700,219
1623693600,250
1623694500,262
1623695400,238
1623696300,252
1623697200,209
1623698100,251
1623699000,251
1623699900,269
1623700800,260
1623701700,278
1623702600,183
1623703500,97
1623704400,111
1623705300,95
1623706200,128
1623707100,111
1623708000,111
1623708900,100
1623709800,109
1623710700,110
1623711600,116
1623712500,117
1623713400,81
1623714300,112
1623715200,92
1623716100,118
1623717000,143
1623717900,88
1623718800,112
1623719700,84
1623720600,93
1623721500,100
1623722400,108
1623723300,86
1623724200,106
1623725100,96
1623726000,96
1623726900,124
1623727800,90
1623728700,122
1623729600,879
1623730500,983
1623731400,677
1623732300,699
1623733200,618
1623734100,1012
1623735000,743
1623735900,330
1623736800,337
1623737700,676
1623738600,155
1623739500,129
1623740400,150
1623741300,141
1623742200,203
1623743100,143
1623744000,146
1623744900,261
1623745800,140
1623746700,174
1623747600,149
1623748500,359
1623749400,918
1623750300,815
1623751200,696
1623752100,684
1623753000,674
1623753900,569
1623754800,196
1623755700,213
1623756600,190
1623757500,195
1623758400,156
1623759300,173
1623760200,176
1623761100,255
1623762000,246
1623762900,266
1623763800,240
1623764700,237
1623765600,221
1623766500,229
1623767400,256
1623768300,323
1623769200,890
1623770100,1128
1623771000,787
1623771900,424
1623772800,487
1623773700,386
1623774600,921
1623775500,563
1623776400,560
1623777300,879
1623778200,1900
1623779100,1034
1623780000,937
1623780900,1004
1623781800,885
1623782700,825
1623783600,635
1623784500,329
1623785400,286
1623786300,295
1623787200,306
1623788100,210
1623789000,121
1623789900,104
1623790800,148
1623791700,111
1623792600,125
1623793500,113
1623794400,121
1623795300,114
1623796200,147
1623797100,103
1623798000,116
1623798900,112
1623799800,124
1623800700,137
1623801600,134
1623802500,115
1623803400,106
1623804300,118
1623805200,105
1623806100,157
1623807000,118
1623807900,118
1623808800,103
1623809700,127
1623810600,124
1623811500,318
1623812400,131
1623813300,161
1623814200,153
1623815100,148
1623816000,217
1623816900,582
1623817800,217
1623818700,197
1623819600,273
1623820500,142
1623821400,145
1623822300,111
1623823200,116
1623824100,102
1623825000,120
1623825900,122
1623826800,166
1623827700,118
1623828600,89
1623829500,121
1623830400,104
1623831300,146
1623832200,127
1623833100,127
1623834000,132
1623834900,114
1623835800,233
1623836700,136
1623837600,131
1623838500,113
1623839400,181
1623840300,558
1623841200,343
1623842100,293
1623843000,320
1623843900,638
1623844800,157
1623845700,152
1623846600,162
1623847500,150
1623848400,127
1623849300,136
1623850200,142
1623851100,170
1623852000,181
1623852900,222
1623853800,190
1623854700,207
1623855600,261
1623856500,285
1623857400,296
1623858300,245
1623859200,274
1623860100,247
1623861000,315
1623861900,311
1623862800,290
1623863700,707
1623864600,757
1623865500,783
1623866400,903
1623867300,714
1623868200,951
1623869100,526
1623870000,369
1623870900,457
1623871800,777
1623872700,279
1623873600,156
1623874500,112
1623875400,118
1623876300,114
1623877200,150
1623878100,113
1623879000,161
1623879900,115
1623880800,116
1623881700,128
1623882600,127
1623883500,125
1623884400,92
1623885300,134
1623886200,107
1623887100,145
1623888000,122
1623888900,109
1623889800,118
1623890700,101
1623891600,114
1623892500,131
1623893400,119
1623894300,89
1623895200,112
1623896100,94
1623897000,126
1623897900,224
1623898800,162
1623899700,119
1623900600,115
1623901500,114
1623902400,426
1623903300,606
1623904200,556
1623905100,643
1623906000,630
1623906900,275
1623907800,159
1623908700,191
1623909600,120
1623910500,85
1623911400,108
1623912300,108
1623913200,138
1623914100,97
1623915000,98
1623915900,125
1623916800,103
1623917700,120
1623918600,120
1623919500,131
1623920400,117
1623921300,118
1623922200,100
1623923100,111
1623924000,111
1623924900,108
1623925800,130
1623926700,124
1623927600,165
1623928500,173
1623929400,207
1623930300,157
1623931200,165
1623932100,184
1623933000,184
1623933900,195
1623934800,164
1623935700,171
1623936600,173
1623937500,179
1623938400,205
1623939300,183
1623940200,186
1623941100,223
1623942000,248
1623942900,275
1623943800,296
1623944700,239
1623945600,476
1623946500,1048
1623947400,963
1623948300,764
1623949200,326
1623950100,279
1623951000,252
1623951900,312
1623952800,307
1623953700,303
1623954600,227
1623955500,246
1623956400,238
1623957300,286
1623958200,307
1623959100,377
1623960000,318
1623960900,218
1623961800,247
1623962700,209
1623963600,246
1623964500,204
1623965400,144
1623966300,147
1623967200,99
1623968100,142
1623969000,149
1623969900,125
1623970800,98
1623971700,116
1623972600,101
1623973500,140
1623974400,136
1623975300,126
1623976200,115
1623977100,108
1623978000,117
1623978900,132
1623979800,125
1623980700,110
1623981600,123
1623982500,111
1623983400,119
1623984300,230
1623985200,178
1623986100,130
1623987000,110
1623987900,133
1623988800,358
1623989700,138
1623990600,94
1623991500,159
1623992400,95
1623993300,149
1623994200,184
1623995100,111
1623996000,104
1623996900,91
1623997800,100
1623998700,103
1623999600,141
1624000500,102
1624001400,321
1624002300,616
1624003200,405
1624004100,380
1624005000,150
1624005900,603
1624006800,330
1624007700,108
1624008600,187
1624009500,572
1624010400,359
1624011300,489
1624012200,126
1624013100,120
1624014000,144
1624014900,132
1624015800,119
1624016700,106
1624017600,151
1624018500,122
1624019400,210
1624020300,441
1624021200,631
1624022100,657
1624023000,406
1624023900,204
1624024800,239
1624025700,471
1624026600,625
1624027500,718
1624028400,500
1624029300,318
1624030200,309
1624031100,223
1624032000,212
1624032900,225
1624033800,391
1624034700,765
1624035600,758
1624036500,763
1624037400,787
1624038300,583
1624039200,503
1624040100,856
1624041000,757
1624041900,783
1624042800,773
1624043700,576
1624044600,416
1624045500,766
1624046400,505
1624047300,267
1624048200,349
1624049100,737
1624050000,156
1624050900,152
1624051800,141
1624052700,158
1624053600,170
1624054500,169
1624055400,153
1624056300,143
1624057200,147
1624058100,136
1624059000,180
1624059900,160
1624060800,161
1624061700,137
1624062600,146
1624063500,160
1624064400,164
1624065300,161
1624066200,130
1624067100,170
1624068000,133
1624068900,160
1624069800,149
1624070700,289
1624071600,143
1624072500,144
1624073400,154
1624074300,204
1624075200,469
1624076100,188
1624077000,175
1624077900,174
1624078800,140
1624079700,137
1624080600,484
1624081500,91
1624082400,86
1624083300,109
1624084200,619
1624085100,176
1624086000,77
1624086900,71
1624087800,49
1624088700,84
1624089600,102
1624090500,101
1624091400,103
1624092300,483
1624093200,159
1624094100,168
1624095000,224
1624095900,668
1624096800,137
1624097700,145
1624098600,219
1624099500,286
1624100400,146
1624101300,132
1624102200,135
1624103100,152
1624104000,158
1624104900,155
1624105800,126
1624106700,154
1624107600,140
1624108500,145
1624109400,175
1624110300,206
1624111200,197
1624112100,218
1624113000,226
1624113900,504
1624114800,337
1624115700,733
1624116600,394
1624117500,364
1624118400,465
1624119300,758
1624120200,209
1624121100,181
1624122000,183
1624122900,178
1624123800,216
1624124700,209
1624125600,179
1624126500,211
1624127400,246
1624128300,283
1624129200,359
1624130100,332
1624131000,319
1624131900,282
1624132800,250
1624133700,284
1624134600,211
1624135500,73
1624136400,84
1624137300,71
1624138200,94
1624139100,94
1624140000,92
1624140900,69
1624141800,77
1624142700,86
1624143600,90
1624144500,104
1624145400,68
1624146300,78
1624147200,66
1624148100,86
1624149000,99
1624149900,92
1624150800,91
1624151700,81
1624152600,98
1624153500,105
1624154400,134
1624155300,78
1624156200,98
1624157100,77
1624158000,98
1624158900,108
1624159800,123
1624160700,102
1624161600,119
1624162500,91
1624163400,88
1624164300,173
1624165200,156
1624166100,172
1624167000,563
1624167900,537
1624168800,537
1624169700,363
1624170600,391
1624171500,181
1624172400,568
1624173300,422
1624174200,202
1624175100,141
1624176000,180
1624176900,186
1624177800,321
1624178700,268
1624179600,276
1624180500,289
1624181400,296
1624182300,306
1624183200,418
1624184100,388
1624185000,331
1624185900,392
1624186800,442
1624187700,437
1624188600,431
1624189500,472
1624190400,449
1624191300,450
1624192200,461
1624193100,423
1624194000,463
1624194900,475
1624195800,437
1624196700,483
1624197600,551
1624198500,417
1624199400,473
1624200300,397
1624201200,403
1624202100,418
1624203000,416
1624203900,478
1624204800,313
1624205700,260
1624206600,275
1624207500,249
1624208400,272
1624209300,269
1624210200,252
1624211100,247
1624212000,316
1624212900,471
1624213800,237
1624214700,245
1624215600,231
1624216500,237
1624217400,269
1624218300,251
1624219200,301
1624220100,290
1624221000,261
1624221900,156
1624222800,66
1624223700,85
1624224600,109
1624225500,144
1624226400,111
1624227300,90
1624228200,112
1624229100,98
1624230000,138
1624230900,93
1624231800,99
1624232700,112
1624233600,94
1624234500,128
1624235400,111
1624236300,92
1624237200,107
1624238100,85
1624239000,123
1624239900,118
1624240800,112
1624241700,101
1624242600,79
1624243500,114
1624244400,89
1624245300,138
1624246200,106
1624247100,104
1624248000,137
1624248900,912
1624249800,1059
1624250700,729
1624251600,627
1624252500,653
1624253400,612
1624254300,167
1624255200,234
1624256100,254
1624257000,521
1624257900,1170
1624258800,1168
1624259700,1272
1624260600,1242
1624261500,916
1624262400,611
1624263300,669
1624264200,581
1624265100,547
1624266000,781
1624266900,1070
1624267800,885
1624268700,435
1624269600,695
1624270500,1221
1624271400,790
1624272300,745
1624273200,687
1624274100,647
1624275000,250
1624275900,222
1624276800,250
1624277700,318
1624278600,364
1624279500,620
1624280400,578
1624281300,571
1624282200,176
1624283100,125
1624284000,126
1624284900,120
1624285800,139
1624286700,141
1624287600,120
1624288500,122
1624289400,110
1624290300,138
1624291200,141
1624292100,273
1624293000,410
1624293900,582
1624294800,957
1624295700,575
1624296600,994
1624297500,443
1624298400,772
1624299300,399
1624300200,820
1624301100,873
1624302000,979
1624302900,908
1624303800,920
1624304700,687
1624305600,326
1624306500,318
1624307400,322
1624308300,222
1624309200,102
1624310100,107
1624311000,116
1624311900,124
1624312800,134
1624313700,110
1624314600,113
1624315500,115
1624316400,101
1624317300,147
1624318200,110
1624319100,104
1624320000,119
1624320900,111
1624321800,131
1624322700,133
1624323600,105
1624324500,116
1624325400,96
1624326300,116
1624327200,137
1624328100,132
1624329000,125
1624329900,99
1624330800,115
1624331700,106
1624332600,128
1624333500,201
1624334400,448
1624335300,104
1624336200,93
1624337100,124
1624338000,196
1624338900,606
1624339800,356
1624340700,153
1624341600,400
1624342500,534
1624343400,141
1624344300,154
1624345200,123
1624346100,128
1624347000,148
1624347900,142
1624348800,148
1624349700,83
1624350600,71
1624351500,96
1624352400,77
1624353300,132
1624354200,154
1624355100,98
1624356000,137
1624356900,114
1624357800,118
1624358700,141
1624359600,117
1624360500,129
1624361400,110
1624362300,106
1624363200,139
1624364100,157
1624365000,178
1624365900,201
1624366800,238
1624367700,199
1624368600,255
1624369500,311
1624370400,258
1624371300,221
1624372200,214
1624373100,231
1624374000,280
1624374900,374
1624375800,313
1624376700,292
1624377600,281
1624378500,301
1624379400,322
1624380300,325
1624381200,282
1624382100,468
1624383000,721
1624383900,331
1624384800,333
1624385700,334
1624386600,319
1624387500,315
1624388400,354
1624389300,276
1624390200,281
1624391100,219
1624392000,175
1624392900,197
1624393800,227
1624394700,147
1624395600,152
1624396500,136
1624397400,124
1624398300,132
1624399200,127
1624400100,162
1624401000,142
1624401900,128
1624402800,126
1624403700,131
1624404600,130
1624405500,152
1624406400,148
1624407300,137
1624408200,136
1624409100,124
1624410000,137
1624410900,149
1624411800,147
1624412700,120
1624413600,138
1624414500,127
1624415400,163
1624416300,272
1624417200,185
1624418100,120
1624419000,143
1624419900,140
1624420800,468
1624421700,761
1624422600,711
1624423500,493
1624424400,175
1624425300,162
1624426200,1008
1624427100,1188
1624428000,936
1624428900,648
1624429800,705
1624430700,394
1624431600,252
1624432500,311
1624433400,215
1624434300,232
1624435200,232
1624436100,258
1624437000,251
1624437900,244
1624438800,243
1624439700,283
1624440600,271
1624441500,233
1624442400,281
1624443300,962
1624444200,1369
1624445100,1244
1624446000,905
1624446900,303
1624447800,515
1624448700,630
1624449600,256
1624450500,252
1624451400,272
1624452300,282
1624453200,298
1624454100,261
1624455000,281
1624455900,389
1624456800,321
1624457700,285
1624458600,337
1624459500,339
1624460400,357
1624461300,336
1624462200,354
1624463100,374
1624464000,449
1624464900,594
1624465800,470
1624466700,1006
1624467600,1186
1624468500,945
1624469400,936
1624470300,920
1624471200,501
1624472100,561
1624473000,423
1624473900,350
1624474800,338
1624475700,306
1624476600,334
1624477500,228
1624478400,223
1624479300,208
1624480200,184
1624481100,144
1624482000,136
1624482900,134
1624483800,149
1624484700,167
1624485600,143
1624486500,143
1624487400,135
1624488300,135
1624489200,151
1624490100,162
1624491000,177
1624491900,173
1624492800,148
1624493700,171
1624494600,159
1624495500,158
1624496400,133
1624497300,141
1624498200,160
1624499100,187
1624500000,166
1624500900,173
1624501800,139
1624502700,298
1624503600,487
1624504500,372
1624505400,404
1624506300,163
1624507200,860
1624508100,1097
1624509000,1088
1624509900,848
1624510800,716
1624511700,621
1624512600,191
1624513500,580
1624514400,673
1624515300,732
1624516200,762
1624517100,698
1624518000,507
1624518900,233
1624519800,256
1624520700,239
1624521600,257
1624522500,225
1624523400,236
1624524300,221
1624525200,242
1624526100,245
1624527000,272
1624527900,246
1624528800,264
1624529700,250
1624530600,255
1624531500,858
1624532400,876
1624533300,335
1624534200,272
1624535100,485
1624536000,1024
1624536900,916
1624537800,771
1624538700,733
1624539600,756
1624540500,714
1624541400,751
1624542300,710
1624543200,440
1624544100,236
1624545000,246
1624545900,383
1624546800,785
1624547700,615
1624548600,428
1624549500,689
1624550400,761
1624551300,522
1624552200,871
1624553100,902
1624554000,888
1624554900,814
1624555800,1643
1624556700,636
1624557600,506
1624558500,525
1624559400,525
1624560300,464
1624561200,397
1624562100,340
1624563000,391
1624563900,329
1624564800,222
1624565700,124
1624566600,96
1624567500,91
1624568400,112
1624569300,114
1624570200,85
1624571100,104
1624572000,109
1624572900,107
1624573800,117
1624574700,92
1624575600,102
1624576500,81
1624577400,175
1624578300,104
1624579200,147
1624580100,99
1624581000,109
1624581900,93
1624582800,102
1624583700,129
1624584600,132
1624585500,105
1624586400,93
1624587300,105
1624588200,93
1624589100,182
1624590000,152
1624590900,248
1624591800,124
1624592700,104
1624593600,375
1624594500,449
1624595400,251
1624596300,201
1624597200,239
1624598100,411
1624599000,495
1624599900,354
1624600800,139
1624601700,371
1624602600,515
1624603500,172
1624604400,160
1624605300,183
1624606200,199
1624607100,200
1624608000,257
1624608900,905
1624609800,931
1624610700,920
1624611600,843
1624612500,375
1624613400,373
1624614300,385
1624615200,436
1624616100,395
1624617000,393
1624617900,399
1624618800,390
1624619700,363
1624620600,390
1624621500,397
1624622400,381
1624623300,317
1624624200,291
1624625100,304
1624626000,321
1624626900,319
1624627800,295
1624628700,315
1624629600,326
1624630500,332
1624631400,358
1624632300,331
1624633200,347
1624634100,383
1624635000,367
1624635900,436
1624636800,440
1624637700,395
1624638600,378
1624639500,365
1624640400,391
1624641300,432
1624642200,433
1624643100,389
1624644000,398
1624644900,412
1624645800,393
1624646700,413
1624647600,391
1624648500,414
1624649400,336
1624650300,296
1624651200,272
1624652100,171
1624653000,145
1624653900,134
1624654800,147
1624655700,143
1624656600,151
1624657500,153
1624658400,127
1624659300,129
1624660200,139
1624661100,136
1624662000,179
1624662900,143
1624663800,186
1624664700,166
1624665600,142
1624666500,177
1624667400,167
1624668300,147
1624669200,159
1624670100,148
1624671000,193
1624671900,199
1624672800,173
1624673700,162
1624674600,137
1624675500,307
1624676400,162
1624677300,204
1624678200,179
1624679100,170
1624680000,438
1624680900,1025
1624681800,1054
1624682700,743
1624683600,694
1624684500,1078
1624685400,445
1624686300,474
1624687200,427
1624688100,826
1624689000,782
1624689900,814
1624690800,756
1624691700,501
1624692600,297
1624693500,512
1624694400,963
1624695300,742
1624696200,316
1624697100,291
1624698000,336
1624698900,509
1624699800,681
1624700700,295
1624701600,280
1624702500,379
1624703400,1021
1624704300,807
1624705200,836
1624706100,797
1624707000,666
1624707900,375
1624708800,306
1624709700,300
1624710600,272
1624711500,279
1624712400,273
1624713300,288
1624714200,274
1624715100,291
1624716000,267
1624716900,287
1624717800,480
1624718700,324
1624719600,332
1624720500,377
1624721400,310
1624722300,358
1624723200,622
1624724100,766
1624725000,783
1624725900,662
1624726800,425
1624727700,997
1624728600,1238
1624729500,1013
1624730400,804
1624731300,838
1624732200,576
1624733100,618
1624734000,573
1624734900,491
1624735800,280
1624736700,600
1624737600,637
1624738500,259
1624739400,198
1624740300,138
1624741200,91
1624742100,101
1624743000,105
1624743900,117
1624744800,102
1624745700,92
1624746600,93
1624747500,94
1624748400,120
1624749300,97
1624750200,86
1624751100,135
1624752000,140
1624752900,105
1624753800,108
1624754700,91
1624755600,89
1624756500,84
1624757400,97
1624758300,113
1624759200,116
1624760100,82
1624761000,81
1624761900,97
1624762800,77
1624763700,129
1624764600,93
1624765500,133
1624766400,133
1624767300,89
1624768200,102
1624769100,111
1624770000,110
1624770900,110
1624771800,113
1624772700,518
1624773600,336
1624774500,167
1624775400,168
1624776300,184
1624777200,229
1624778100,230
1624779000,275
1624779900,243
1624780800,220
1624781700,235
1624782600,420
1624783500,511
1624784400,445
1624785300,226
1624786200,642
1624787100,463
1624788000,222
1624788900,207
1624789800,220
1624790700,250
1624791600,195
1624792500,203
1624793400,187
1624794300,233
1624795200,205
1624796100,231
1624797000,219
1624797900,240
1624798800,468
1624799700,667
1624800600,550
1624801500,404
1624802400,561
1624803300,453
1624804200,445
1624805100,318
1624806000,453
1624806900,288
1624807800,261
1624808700,342
1624809600,250
1624810500,271
1624811400,295
1624812300,788
1624813200,333
1624814100,412
1624815000,251
1624815900,845
1624816800,368
1624817700,290
1624818600,259
1624819500,256
1624820400,717
1624821300,608
1624822200,591
1624823100,528
1624824000,459
1624824900,279
1624825800,246
1624826700,221
1624827600,155
1624828500,129
1624829400,92
1624830300,110
1624831200,99
1624832100,125
1624833000,140
1624833900,110
1624834800,104
1624835700,89
1624836600,102
1624837500,111
1624838400,130
1624839300,130
1624840200,90
1624841100,110
1624842000,89
1624842900,114
1624843800,116
1624844700,136
1624845600,109
1624846500,98
1624847400,104
1624848300,95
1624849200,110
1624850100,136
1624851000,123
1624851900,138
1624852800,135
1624853700,483
1624854600,235
1624855500,231
1624856400,250
1624857300,221
1624858200,206
1624859100,183
1624860000,208
1624860900,573
1624861800,324
1624862700,355
1624863600,297
1624864500,305
1624865400,279
1624866300,311
1624867200,292
1624868100,572
1624869000,1136
1624869900,756
1624870800,416
1624871700,486
1624872600,1027
1624873500,744
1624874400,285
1624875300,338
1624876200,320
1624877100,335
1624878000,305
1624878900,324
1624879800,320
1624880700,289
1624881600,236
1624882500,226
1624883400,242
1624884300,266
1624885200,275
1624886100,238
1624887000,227
1624887900,296
1624888800,597
1624889700,437
1624890600,487
1624891500,272
1624892400,645
1624893300,496
1624894200,241
1624895100,232
1624896000,252
1624896900,252
1624897800,243
1624898700,246
1624899600,290
1624900500,259
1624901400,256
1624902300,342
1624903200,260
1624904100,265
1624905000,252
1624905900,281
1624906800,265
1624907700,264
1624908600,260
1624909500,196
1624910400,163
1624911300,156
1624912200,163
1624913100,150
1624914000,170
1624914900,139
1624915800,123
1624916700,128
1624917600,116
1624918500,125
1624919400,119
1624920300,153
1624921200,110
1624922100,117
1624923000,123
1624923900,121
1624924800,122
1624925700,139
1624926600,133
1624927500,121
1624928400,105
1624929300,127
1624930200,112
1624931100,143
1624932000,137
1624932900,125
1624933800,118
1624934700,123
1624935600,130
1624936500,116
1624937400,162
1624938300,180
1624939200,419
1624940100,698
1624941000,1050
1624941900,614
1624942800,179
1624943700,217
1624944600,204
1624945500,584
1624946400,385
1624947300,713
1624948200,620
1624949100,1158
1624950000,691
1624950900,594
1624951800,385
1624952700,134
1624953600,109
1624954500,138
1624955400,140
1624956300,145
1624957200,127
1624958100,119
1624959000,120
1624959900,207
1624960800,146
1624961700,139
1624962600,109
1624963500,149
1624964400,105
1624965300,114
1624966200,103
1624967100,137
1624968000,292
1624968900,155
1624969800,233
1624970700,187
1624971600,177
1624972500,190
1624973400,192
1624974300,312
1624975200,352
1624976100,561
1624977000,1092
1624977900,788
1624978800,580
1624979700,350
1624980600,260
1624981500,1025
1624982400,1027
1624983300,1102
1624984200,1056
1624985100,1067
1624986000,996
1624986900,875
1624987800,541
1624988700,823
1624989600,1108
1624990500,813
1624991400,571
1624992300,258
1624993200,280
1624994100,272
1624995000,295
1624995900,308
1624996800,201
1624997700,110
1624998600,129
1624999500,96
1625000400,88
1625001300,122
1625002200,99
1625003100,92
1625004000,79
1625004900,88
1625005800,90
1625006700,97
1625007600,122
1625008500,87
1625009400,88
1625010300,85
1625011200,82
1625012100,89
1625013000,108
1625013900,125
1625014800,72
1625015700,94
1625016600,77
1625017500,87
1625018400,98
1625019300,110
1625020200,106
1625021100,222
1625022000,134
1625022900,94
1625023800,82
1625024700,152
1625025600,532
1625026500,998
1625027400,762
1625028300,695
1625029200,605
1625030100,638
1625031000,614
1625031900,623
1625032800,541
1625033700,355
1625034600,199
1625035500,179
1625036400,186
1625037300,570
1625038200,1015
1625039100,721
1625040000,648
1625040900,598
1625041800,516
1625042700,246
1625043600,227
1625044500,172
1625045400,182
1625046300,212
1625047200,421
1625048100,406
1625049000,951
1625049900,410
1625050800,446
1625051700,314
1625052600,173
1625053500,230
1625054400,206
1625055300,194
1625056200,191
1625057100,178
1625058000,185
1625058900,190
1625059800,424
1625060700,295
1625061600,228
1625062500,242
1625063400,230
1625064300,598
1625065200,439
1625066100,313
1625067000,582
1625067900,788
1625068800,846
1625069700,771
1625070600,802
1625071500,790
1625072400,635
1625073300,497
1625074200,309
1625075100,446
1625076000,323
1625076900,261
1625077800,227
1625078700,248
1625079600,246
1625080500,258
1625081400,262
1625082300,254
1625083200,196
1625084100,202
1625085000,248
1625085900,214
1625086800,262
1625087700,254
1625088600,221
1625089500,234
1625090400,166
1625091300,119
1625092200,126
1625093100,161
1625094000,110
1625094900,118
1625095800,114
1625096700,123
1625097600,110
1625098500,154
1625099400,147
1625100300,111
1625101200,117
1625102100,106
1625103000,118
1625103900,122
1625104800,142
1625105700,132
1625106600,115
1625107500,122
1625108400,107
1625109300,279
1625110200,133
1625111100,147
1625112000,255
1625112900,495
1625113800,1022
1625114700,319
1625115600,426
1625116500,225
1625117400,686
1625118300,519
1625119200,506
1625120100,356
1625121000,598
1625121900,580
1625122800,541
1625123700,455
1625124600,309
1625125500,198
1625126400,198
1625127300,279
1625128200,392
1625129100,330
1625130000,333
1625130900,327
1625131800,331
1625132700,340
1625133600,372
1625134500,726
1625135400,912
1625136300,548
1625137200,337
1625138100,160
1625139000,287
1625139900,248
1625140800,173
1625141700,191
1625142600,236
1625143500,616
1625144400,337
1625145300,361
1625146200,312
1625147100,685
1625148000,178
1625148900,182
1625149800,181
1625150700,216
1625151600,377
1625152500,1083
1625153400,972
1625154300,774
1625155200,714
1625156100,657
1625157000,611
1625157900,381
1625158800,327
1625159700,692
1625160600,664
1625161500,761
1625162400,625
1625163300,278
1625164200,285
1625165100,267
1625166000,431
1625166900,484
1625167800,667
1625168700,531
1625169600,261
1625170500,353
1625171400,508
1625172300,112
1625173200,106
1625174100,100
1625175000,96
1625175900,75
1625176800,87
1625177700,88
1625178600,115
1625179500,94
1625180400,89
1625181300,95
1625182200,73
1625183100,96
1625184000,108
1625184900,98
1625185800,87
1625186700,83
1625187600,98
1625188500,76
1625189400,137
1625190300,109
1625191200,88
1625192100,96
1625193000,96
1625193900,289
1625194800,135
1625195700,116
1625196600,101
1625197500,83
1625198400,437
1625199300,388
1625200200,132
1625201100,145
1625202000,93
1625202900,157
1625203800,180
1625204700,548
1625205600,612
1625206500,679
1625207400,570
1625208300,203
1625209200,198
1625210100,181
1625211000,191
1625211900,306
1625212800,646
1625213700,450
1625214600,190
1625215500,195
1625216400,382
1625217300,833
1625218200,863
1625219100,542
1625220000,795
1625220900,194
1625221800,173
1625222700,184
1625223600,198
1625224500,174
1625225400,208
1625226300,168
1625227200,163
1625228100,185
1625229000,233
1625229900,609
1625230800,655
1625231700,359
1625232600,384
1625233500,318
1625234400,767
1625235300,237
1625236200,244
1625237100,240
1625238000,241
1625238900,225
1625239800,239
1625240700,275
1625241600,264
1625242500,302
1625243400,305
1625244300,270
1625245200,438
1625246100,745
1625247000,595
1625247900,339
1625248800,316
1625249700,371
1625250600,356
1625251500,390
1625252400,360
1625253300,329
1625254200,334
1625255100,308
1625256000,200
1625256900,143
1625257800,134
1625258700,103
1625259600,109
1625260500,104
1625261400,91
1625262300,120
1625263200,125
1625264100,112
1625265000,98
1625265900,91
1625266800,102
1625267700,92
1625268600,135
1625269500,113
1625270400,101
1625271300,99
1625272200,88
1625273100,98
1625274000,121
1625274900,122
1625275800,112
1625276700,83
1625277600,103
1625278500,93
1625279400,118
1625280300,127
1625281200,109
1625282100,105
1625283000,101
1625283900,118
1625284800,729
1625285700,754
1625286600,779
1625287500,651
1625288400,606
1625289300,573
1625290200,723
1625291100,1393
1625292000,1442
1625292900,960
1625293800,773
1625294700,833
1625295600,1253
1625296500,383
1625297400,124
1625298300,90
1625299200,98
1625300100,143
1625301000,270
1625301900,234
1625302800,837
1625303700,481
1625304600,484
1625305500,321
1625306400,164
1625307300,150
1625308200,182
1625309100,234
1625310000,153
1625310900,157
1625311800,150
1625312700,158
1625313600,181
1625314500,170
1625315400,157
1625316300,146
1625317200,197
1625318100,197
1625319000,190
1625319900,273
1625320800,261
1625321700,261
1625322600,235
1625323500,278
1625324400,288
1625325300,249
1625326200,270
1625327100,229
1625328000,235
1625328900,220
1625329800,209
1625330700,237
1625331600,264
1625332500,252
1625333400,488
1625334300,689
1625335200,719
1625336100,1005
1625337000,645
1625337900,287
1625338800,299
1625339700,334
1625340600,534
1625341500,372
1625342400,347
1625343300,317
1625344200,308
1625345100,289
1625346000,310
1625346900,285
1625347800,304
1625348700,319
1625349600,301
1625350500,305
1625351400,301
1625352300,290
1625353200,298
1625354100,270
1625355000,130
1625355900,90
1625356800,107
1625357700,111
1625358600,89
1625359500,125
1625360400,121
1625361300,101
1625362200,101
1625363100,101
1625364000,117
1625364900,91
1625365800,132
1625366700,94
1625367600,105
1625368500,94
1625369400,98
1625370300,139
1625371200,156
1625372100,119
1625373000,100
1625373900,87
1625374800,129
1625375700,287
1625376600,217
1625377500,248
1625378400,143
1625379300,129
1625380200,200
1625381100,216
1625382000,255
1625382900,239
1625383800,223
1625384700,294
1625385600,1002
1625386500,1167
1625387400,1111
1625388300,997
1625389200,576
1625390100,248
1625391000,249
1625391900,443
1625392800,430
1625393700,580
1625394600,1158
1625395500,896
1625396400,1121
1625397300,1078
1625398200,764
1625399100,569
1625400000,895
1625400900,402
1625401800,581
1625402700,348
1625403600,659
1625404500,1188
1625405400,1202
1625406300,602
1625407200,767
1625408100,980
1625409000,751
1625409900,407
1625410800,445
1625411700,363
1625412600,517
1625413500,786
1625414400,802
1625415300,695
1625416200,1159
1625417100,879
1625418000,870
1625418900,873
1625419800,864
1625420700,792
1625421600,904
1625422500,400
1625423400,418
1625424300,575
1625425200,371
1625426100,343
1625427000,406
1625427900,426
1625428800,453
1625429700,724
1625430600,513
1625431500,280
1625432400,274
1625433300,641
1625434200,122
1625435100,101
1625436000,108
1625436900,96
1625437800,98
1625438700,113
1625439600,122
1625440500,96
1625441400,88
1625442300,110
1625443200,90
1625444100,95
1625445000,134
1625445900,101
1625446800,109
1625447700,103
1625448600,106
1625449500,89
1625450400,119
1625451300,122
1625452200,87
1625453100,106
1625454000,96
1625454900,99
1625455800,109
1625456700,141
1625457600,157
1625458500,162
1625459400,773
1625460300,1049
1625461200,690
1625462100,649
1625463000,638
1625463900,531
1625464800,450
1625465700,219
1625466600,235
1625467500,208
1625468400,220
1625469300,229
1625470200,189
1625471100,204
1625472000,191
1625472900,206
1625473800,215
1625474700,184
1625475600,198
1625476500,213
1625477400,766
1625478300,381
1625479200,222
1625480100,133
1625481000,120
1625481900,147
1625482800,124
1625483700,119
1625484600,150
1625485500,141
1625486400,118
1625487300,124
1625488200,118
1625489100,118
1625490000,138
1625490900,156
1625491800,113
1625492700,147
1625493600,113
1625494500,123
1625495400,117
1625496300,161
1625497200,129
1625498100,120
1625499000,408
1625499900,974
1625500800,933
1625501700,487
1625502600,284
1625503500,221
1625504400,238
1625505300,304
1625506200,702
1625507100,675
1625508000,765
1625508900,693
1625509800,689
1625510700,359
1625511600,267
1625512500,627
1625513400,525
1625514300,574
1625515200,281
1625516100,809
1625517000,364
1625517900,283
1625518800,348
1625519700,308
1625520600,317
1625521500,287
1625522400,285
1625523300,273
1625524200,280
1625525100,141
1625526000,104
1625526900,95
1625527800,86
1625528700,107
1625529600,107
1625530500,133
1625531400,113
1625532300,109
1625533200,117
1625534100,105
1625535000,120
1625535900,130
1625536800,116
1625537700,107
1625538600,109
1625539500,131
1625540400,94
1625541300,140
1625542200,109
1625543100,209
1625544000,512
1625544900,120
1625545800,104
1625546700,147
1625547600,242
1625548500,97
1625549400,117
1625550300,98
1625551200,98
1625552100,172
1625553000,154
1625553900,157
1625554800,160
1625555700,159
1625556600,196
1625557500,209
1625558400,227
1625559300,181
1625560200,173
1625561100,179
1625562000,165
1625562900,194
1625563800,207
1625564700,206
1625565600,639
1625566500,947
1625567400,375
1625568300,203
1625569200,222
1625570100,190
1625571000,153
1625571900,174
1625572800,156
1625573700,637
1625574600,283
1625575500,326
1625576400,193
1625577300,700
1625578200,636
1625579100,249
1625580000,210
1625580900,260
1625581800,198
1625582700,562
1625583600,782
1625584500,809
1625585400,772
1625586300,849
1625587200,668
1625588100,710
1625589000,631
1625589900,439
1625590800,220
1625591700,999
1625592600,982
1625593500,772
1625594400,716
1625595300,586
1625596200,362
1625597100,306
1625598000,377
1625598900,299
1625599800,354
1625600700,349
1625601600,286
1625602500,268
1625603400,213
1625604300,133
1625605200,96
1625606100,91
1625607000,89
1625607900,89
1625608800,121
1625609700,112
1625610600,102
1625611500,84
1625612400,90
1625613300,90
1625614200,121
1625615100,117
1625616000,86
1625616900,90
1625617800,77
1625618700,73
1625619600,105
1625620500,104
1625621400,93
1625622300,73
1625623200,83
1625624100,81
1625625000,87
1625625900,272
1625626800,126
1625627700,95
1625628600,88
1625629500,132
1625630400,553
1625631300,556
1625632200,209
1625633100,239
1625634000,112
1625634900,84
1625635800,84
1625636700,139
1625637600,89
1625638500,73
1625639400,84
1625640300,108
1625641200,166
1625642100,146
1625643000,178
1625643900,136
1625644800,146
1625645700,131
1625646600,168
1625647500,158
1625648400,219
1625649300,691
1625650200,293
1625651100,278
1625652000,231
1625652900,711
1625653800,399
1625654700,370
1625655600,485
1625656500,162
1625657400,404
1625658300,320
1625659200,173
1625660100,138
1625661000,156
1625661900,130
1625662800,126
1625663700,165
1625664600,168
1625665500,158
1625666400,171
1625667300,737
1625668200,404
1625669100,454
1625670000,891
1625670900,1070
1625671800,635
1625672700,572
1625673600,496
1625674500,431
1625675400,377
1625676300,266
1625677200,251
1625678100,244
1625679000,215
1625679900,232
1625680800,273
1625681700,270
1625682600,242
1625683500,290
1625684400,251
1625685300,270
1625686200,287
1625687100,283
1625688000,299
1625688900,196
1625689800,206
1625690700,194
1625691600,234
1625692500,255
1625693400,213
1625694300,205
1625695200,171
1625696100,370
1625697000,141
1625697900,143
1625698800,137
1625699700,101
1625700600,100
1625701500,82
1625702400,97
1625703300,115
1625704200,115
1625705100,106
1625706000,87
1625706900,80
1625707800,73
1625708700,89
1625709600,121
1625710500,83
1625711400,100
1625712300,95
1625713200,136
1625714100,206
1625715000,118
1625715900,124
1625716800,453
1625717700,684
1625718600,766
1625719500,662
1625720400,705
1625721300,602
1625722200,524
1625723100,163
1625724000,103
1625724900,94
1625725800,115
1625726700,115
1625727600,89
1625728500,90
1625729400,83
1625730300,99
1625731200,101
1625732100,125
1625733000,116
1625733900,92
1625734800,94
1625735700,263
1625736600,847
1625737500,853
1625738400,408
1625739300,505
1625740200,747
1625741100,193
1625742000,285
1625742900,164
1625743800,154
1625744700,154
1625745600,161
1625746500,166
1625747400,248
1625748300,220
1625749200,264
1625750100,601
1625751000,403
1625751900,213
1625752800,532
1625753700,534
1625754600,207
1625755500,236
1625756400,243
1625757300,430
1625758200,275
1625759100,274
1625760000,271
1625760900,295
1625761800,285
1625762700,292
1625763600,313
1625764500,719
1625765400,1287
1625766300,911
1625767200,832
1625768100,853
1625769000,727
1625769900,731
1625770800,293
1625771700,318
1625772600,333
1625773500,339
1625774400,345
1625775300,328
1625776200,317
1625777100,271
1625778000,280
1625778900,252
1625779800,589
1625780700,295
1625781600,234
1625782500,263
1625783400,700
1625784300,122
1625785200,135
1625786100,121
1625787000,133
1625787900,151
1625788800,155
1625789700,130
1625790600,120
1625791500,129
1625792400,128
1625793300,144
1625794200,163
1625795100,133
1625796000,138
1625796900,116
1625797800,135
1625798700,316
1625799600,143
1625800500,145
1625801400,203
1625802300,168
1625803200,354
1625804100,384
1625805000,291
1625805900,216
1625806800,287
1625807700,358
1625808600,350
1625809500,313
1625810400,284
1625811300,288
1625812200,265
1625813100,283
1625814000,300
1625814900,273
1625815800,261
1625816700,245
1625817600,450
1625818500,1203
1625819400,1075
1625820300,753
1625821200,1021
1625822100,978
1625823000,525
1625823900,340
1625824800,131
1625825700,108
1625826600,86
1625827500,80
1625828400,104
1625829300,96
1625830200,97
1625831100,131
1625832000,136
1625832900,131
1625833800,154
1625834700,190
1625835600,173
1625836500,179
1625837400,211
1625838300,245
1625839200,348
1625840100,202
1625841000,207
1625841900,199
1625842800,303
1625843700,218
1625844600,227
1625845500,151
1625846400,122
1625847300,139
1625848200,147
1625849100,216
1625850000,185
1625850900,135
1625851800,151
1625852700,145
1625853600,192
1625854500,230
1625855400,212
1625856300,202
1625857200,201
1625858100,271
1625859000,326
1625859900,384
1625860800,355
1625861700,324
1625862600,310
1625863500,241
1625864400,205
1625865300,372
1625866200,431
1625867100,343
1625868000,154
1625868900,398
1625869800,525
1625870700,138
1625871600,106
1625872500,117
1625873400,106
1625874300,122
1625875200,161
1625876100,126
1625877000,124
1625877900,106
1625878800,124
1625879700,126
1625880600,145
1625881500,121
1625882400,119
1625883300,132
1625884200,114
1625885100,252
1625886000,184
1625886900,118
1625887800,131
1625888700,138
1625889600,244
1625890500,573
1625891400,193
1625892300,172
1625893200,142
1625894100,149
1625895000,160
1625895900,170
1625896800,185
1625897700,224
1625898600,273
1625899500,416
1625900400,907
1625901300,803
1625902200,742
1625903100,603
1625904000,259
1625904900,260
1625905800,301
1625906700,243
1625907600,215
1625908500,305
1625909400,856
1625910300,678
1625911200,281
1625912100,210
1625913000,190
1625913900,208
1625914800,183
1625915700,205
1625916600,208
1625917500,187
1625918400,192
1625919300,318
1625920200,950
1625921100,968
1625922000,777
1625922900,1071
1625923800,1120
1625924700,453
1625925600,522
1625926500,433
1625927400,353
1625928300,258
1625929200,297
1625930100,524
1625931000,796
1625931900,804
1625932800,461
1625933700,314
1625934600,268
1625935500,274
1625936400,504
1625937300,765
1625938200,696
1625939100,684
1625940000,234
1625940900,234
1625941800,275
1625942700,254
1625943600,265
1625944500,266
1625945400,276
1625946300,257
1625947200,286
1625948100,200
1625949000,192
1625949900,196
1625950800,239
1625951700,196
1625952600,204
1625953500,180
1625954400,167
1625955300,179
1625956200,116
1625957100,133
1625958000,125
1625958900,112
1625959800,109
1625960700,96
1625961600,116
1625962500,122
1625963400,121
1625964300,93
1625965200,115
1625966100,98
1625967000,125
1625967900,143
1625968800,110
1625969700,108
1625970600,98
1625971500,108
1625972400,119
1625973300,131
1625974200,104
1625975100,124
1625976000,150
1625976900,145
1625977800,186
1625978700,144
1625979600,141
1625980500,121
1625981400,258
1625982300,500
1625983200,972
1625984100,708
1625985000,700
1625985900,661
1625986800,422
1625987700,477
1625988600,703
1625989500,502
1625990400,210
1625991300,200
1625992200,299
1625993100,284
1625994000,612
1625994900,639
1625995800,1012
1625996700,694
1625997600,594
1625998500,217
1625999400,787
1626000300,366
1626001200,274
1626002100,224
1626003000,224
1626003900,231
1626004800,225
1626005700,266
1626006600,260
1626007500,258
1626008400,199
1626009300,196
1626010200,193
1626011100,623
1626012000,1171
1626012900,871
1626013800,784
1626014700,770
1626015600,356
1626016500,279
1626017400,255
1626018300,253
1626019200,237
1626020100,234
1626021000,303
1626021900,239
1626022800,258
1626023700,316
1626024600,229
1626025500,238
1626026400,248
1626027300,358
1626028200,370
1626029100,717
1626030000,436
1626030900,257
1626031800,604
1626032700,557
1626033600,218
1626034500,190
1626035400,197
1626036300,222
1626037200,214
1626038100,173
1626039000,211
1626039900,196
1626040800,206
1626041700,168
1626042600,110
1626043500,169
1626044400,106
1626045300,122
1626046200,121
1626047100,155
1626048000,177
1626048900,120
1626049800,122
1626050700,108
1626051600,140
1626052500,176
1626053400,126
1626054300,116
1626055200,125
1626056100,124
1626057000,129
1626057900,157
1626058800,136
1626059700,129
1626060600,108
1626061500,133
1626062400,208
1626063300,432
1626064200,209
1626065100,127
1626066000,232
1626066900,200
1626067800,290
1626068700,235
1626069600,122
1626070500,515
1626071400,574
1626072300,585
1626073200,369
1626074100,375
1626075000,443
1626075900,465
1626076800,449
1626077700,374
1626078600,353
1626079500,375
1626080400,354
1626081300,1049
1626082200,1221
1626083100,595
1626084000,366
1626084900,292
1626085800,889
1626086700,230
1626087600,185
1626088500,205
1626089400,183
1626090300,192
1626091200,182
1626092100,187
1626093000,214
1626093900,198
1626094800,177
1626095700,204
1626096600,197
1626097500,189
1626098400,220
1626099300,193
1626100200,194
1626101100,191
1626102000,181
1626102900,213
1626103800,205
1626104700,205
1626105600,504
1626106500,386
1626107400,436
1626108300,226
1626109200,936
1626110100,1078
1626111000,979
1626111900,751
1626112800,760
1626113700,561
1626114600,253
1626115500,335
1626116400,354
1626117300,298
1626118200,324
1626119100,293
1626120000,248
1626120900,261
1626121800,204
1626122700,218
1626123600,241
1626124500,229
1626125400,209
1626126300,172
1626127200,123
1626128100,122
1626129000,129
1626129900,105
1626130800,101
1626131700,96
1626132600,89
1626133500,135
1626134400,109
1626135300,108
1626136200,95
1626137100,101
1626138000,112
1626138900,123
1626139800,115
1626140700,106
1626141600,102
1626142500,102
1626143400,108
1626144300,124
1626145200,88
1626146100,104
1626147000,102
1626147900,132
1626148800,517
1626149700,994
1626150600,867
1626151500,690
1626152400,681
1626153300,703
1626154200,622
1626155100,572
1626156000,352
1626156900,189
1626157800,218
1626158700,218
1626159600,222
1626160500,242
1626161400,219
1626162300,212
1626163200,191
1626164100,226
1626165000,191
1626165900,200
1626166800,196
1626167700,196
1626168600,194
1626169500,208
1626170400,193
1626171300,542
1626172200,558
1626173100,734
1626174000,665
1626174900,246
1626175800,424
1626176700,626
1626177600,188
1626178500,212
1626179400,220
1626180300,176
1626181200,177
1626182100,164
1626183000,259
1626183900,216
1626184800,210
1626185700,300
1626186600,286
1626187500,198
1626188400,150
1626189300,183
1626190200,164
1626191100,138
1626192000,215
1626192900,207
1626193800,218
1626194700,223
1626195600,187
1626196500,212
1626197400,273
1626198300,255
1626199200,280
1626200100,452
1626201000,701
1626201900,283
1626202800,376
1626203700,395
1626204600,783
1626205500,496
1626206400,535
1626207300,393
1626208200,788
1626209100,263
1626210000,228
1626210900,137
1626211800,141
1626212700,127
1626213600,147
1626214500,175
1626215400,124
1626216300,142
1626217200,115
1626218100,137
1626219000,154
1626219900,143
1626220800,151
1626221700,111
1626222600,134
1626223500,124
1626224400,151
1626225300,132
1626226200,108
1626227100,129
1626228000,106
1626228900,137
1626229800,127
1626230700,217
1626231600,157
1626232500,92
1626233400,114
1626234300,173
1626235200,189
1626236100,532
1626237000,261
1626237900,254
1626238800,250
1626239700,234
1626240600,220
1626241500,286
1626242400,234
1626243300,245
1626244200,306
1626245100,273
1626246000,267
1626246900,308
1626247800,249
1626248700,632
1626249600,1139
1626250500,974
1626251400,560
1626252300,355
1626253200,343
1626254100,354
1626255000,351
1626255900,576
1626256800,320
1626257700,354
1626258600,340
1626259500,453
1626260400,321
1626261300,262
1626262200,274
1626263100,260
1626264000,303
1626264900,268
1626265800,266
1626266700,302
1626267600,410
1626268500,762
1626269400,400
1626270300,350
1626271200,425
1626272100,376
1626273000,408
1626273900,411
1626274800,403
1626275700,399
1626276600,806
1626277500,738
1626278400,1027
1626279300,831
1626280200,1160
1626281100,749
1626282000,837
1626282900,907
1626283800,1091
1626284700,858
1626285600,858
1626286500,882
1626287400,902
1626288300,922
1626289200,900
1626290100,813
1626291000,485
1626291900,450
1626292800,460
1626293700,229
1626294600,193
1626295500,183
1626296400,184
1626297300,172
1626298200,95
1626299100,93
1626300000,97
1626300900,84
1626301800,110
1626302700,96
1626303600,95
1626304500,77
1626305400,94
1626306300,96
1626307200,110
1626308100,99
1626309000,80
1626309900,87
1626310800,88
1626311700,94
1626312600,127
1626313500,80
1626314400,93
1626315300,81
1626316200,86
1626317100,283
1626318000,117
1626318900,100
1626319800,98
1626320700,112
1626321600,144
1626322500,686
1626323400,1037
1626324300,826
1626325200,392
1626326100,196
1626327000,278
1626327900,327
1626328800,240
1626329700,726
1626330600,411
1626331500,349
1626332400,450
1626333300,756
1626334200,1048
1626335100,682
1626336000,743
1626336900,464
1626337800,230
1626338700,210
1626339600,188
1626340500,196
1626341400,359
1626342300,974
1626343200,1415
1626344100,824
1626345000,683
1626345900,303
1626346800,318
1626347700,307
1626348600,403
1626349500,876
1626350400,822
1626351300,722
1626352200,685
1626353100,620
1626354000,574
1626354900,233
1626355800,194
1626356700,206
1626357600,163
1626358500,174
1626359400,286
1626360300,189
1626361200,237
1626362100,195
1626363000,232
1626363900,543
1626364800,426
1626365700,241
1626366600,241
1626367500,223
1626368400,247
1626369300,287
1626370200,288
1626371100,311
1626372000,780
1626372900,352
1626373800,407
1626374700,233
1626375600,754
1626376500,388
1626377400,258
1626378300,278
1626379200,239
1626380100,155
1626381000,151
1626381900,95
1626382800,85
1626383700,91
1626384600,93
1626385500,113
1626386400,113
1626387300,87
1626388200,96
1626389100,78
1626390000,99
1626390900,116
1626391800,114
1626392700,91
1626393600,87
1626394500,94
1626395400,100
1626396300,114
1626397200,89
1626398100,100
1626399000,108
1626399900,82
1626400800,126
1626401700,91
1626402600,89
1626403500,229
1626404400,111
1626405300,130
1626406200,131
1626407100,96
1626408000,132
1626408900,123
1626409800,182
1626410700,144
1626411600,88
1626412500,103
1626413400,99
1626414300,68
1626415200,88
1626416100,85
1626417000,72
1626417900,63
1626418800,81
1626419700,70
1626420600,89
1626421500,71
1626422400,58
1626423300,100
1626424200,109
1626425100,149
1626426000,348
1626426900,343
1626427800,549
1626428700,916
1626429600,399
1626430500,151
1626431400,99
1626432300,94
1626433200,97
1626434100,218
1626435000,531
1626435900,331
1626436800,117
1626437700,450
1626438600,455
1626439500,156
1626440400,154
1626441300,147
1626442200,144
1626443100,129
1626444000,143
1626444900,154
1626445800,157
1626446700,153
1626447600,153
1626448500,141
1626449400,189
1626450300,185
1626451200,223
1626452100,585
1626453000,234
1626453900,414
1626454800,369
1626455700,656
1626456600,305
1626457500,159
1626458400,184
1626459300,230
1626460200,216
1626461100,193
1626462000,198
1626462900,194
1626463800,272
1626464700,275
1626465600,258
1626466500,212
1626467400,210
1626468300,249
1626469200,226
1626470100,229
1626471000,141
1626471900,85
1626472800,96
1626473700,92
1626474600,122
1626475500,94
1626476400,94
1626477300,100
1626478200,85
1626479100,119
1626480000,100
1626480900,81
1626481800,96
1626482700,79
1626483600,121
1626484500,107
1626485400,91
1626486300,89
1626487200,82
1626488100,99
1626489000,109
1626489900,237
1626490800,142
1626491700,102
1626492600,101
1626493500,135
1626494400,149
1626495300,142
1626496200,196
1626497100,130
1626498000,89
1626498900,126
1626499800,122
1626500700,104
1626501600,134
1626502500,125
1626503400,172
1626504300,137
1626505200,93
1626506100,116
1626507000,88
1626507900,143
1626508800,144
1626509700,126
1626510600,132
1626511500,155
1626512400,503
1626513300,328
1626514200,480
1626515100,1397
1626516000,1429
1626516900,287
1626517800,218
1626518700,219
1626519600,252
1626520500,178
1626521400,190
1626522300,201
1626523200,224
1626524100,191
1626525000,223
1626525900,234
1626526800,233
1626527700,263
1626528600,172
1626529500,148
1626530400,124
1626531300,139
1626532200,138
1626533100,205
1626534000,141
1626534900,120
1626535800,139
1626536700,118
1626537600,173
1626538500,134
1626539400,134
1626540300,121
1626541200,115
1626542100,144
1626543000,149
1626543900,147
1626544800,142
1626545700,162
1626546600,150
1626547500,172
1626548400,184
1626549300,147
1626550200,178
1626551100,229
1626552000,228
1626552900,177
1626553800,174
1626554700,165
1626555600,188
1626556500,193
1626557400,239
1626558300,233
1626559200,225
1626560100,126
1626561000,88
1626561900,135
1626562800,76
1626563700,104
1626564600,95
1626565500,86
1626566400,106
1626567300,86
1626568200,80
1626569100,83
1626570000,105
1626570900,110
1626571800,131
1626572700,98
1626573600,83
1626574500,108
1626575400,85
1626576300,122
1626577200,103
1626578100,104
1626579000,104
1626579900,108
1626580800,138
1626581700,111
1626582600,85
1626583500,95
1626584400,232
1626585300,144
1626586200,147
1626587100,127
1626588000,94
1626588900,95
1626589800,100
1626590700,113
1626591600,137
1626592500,129
1626593400,155
1626594300,162
1626595200,200
1626596100,372
1626597000,602
1626597900,469
1626598800,257
1626599700,444
1626600600,735
1626601500,234
1626602400,654
1626603300,692
1626604200,493
1626605100,199
1626606000,220
1626606900,244
1626607800,208
1626608700,202
1626609600,199
1626610500,218
1626611400,232
1626612300,192
1626613200,212
1626614100,190
1626615000,351
1626615900,239
1626616800,197
1626617700,210
1626618600,215
1626619500,222
1626620400,272
1626621300,226
1626622200,258
1626623100,668
1626624000,344
1626624900,350
1626625800,414
1626626700,842
1626627600,689
1626628500,337
1626629400,309
1626630300,339
1626631200,324
1626632100,305
1626633000,632
1626633900,682
1626634800,497
1626635700,478
1626636600,390
1626637500,341
1626638400,296
1626639300,329
1626640200,319
1626641100,327
1626642000,308
1626642900,204
1626643800,160
1626644700,165
1626645600,136
1626646500,135
1626647400,114
1626648300,132
1626649200,161
1626650100,147
1626651000,141
1626651900,115
1626652800,137
1626653700,138
1626654600,153
1626655500,135
1626656400,111
1626657300,123
1626658200,112
1626659100,153
1626660000,155
1626660900,121
1626661800,130
1626662700,113
1626663600,132
1626664500,168
1626665400,139
1626666300,268
1626667200,266
1626668100,255
1626669000,138
1626669900,153
1626670800,138
1626671700,112
1626672600,128
1626673500,124
1626674400,163
1626675300,145
1626676200,127
1626677100,133
1626678000,133
1626678900,170
1626679800,202
1626680700,204
1626681600,221
1626682500,199
1626683400,587
1626684300,1112
1626685200,802
1626686100,1354
1626687000,1412
1626687900,817
1626688800,460
1626689700,374
1626690600,166
1626691500,177
1626692400,474
1626693300,577
1626694200,475
1626695100,237
1626696000,444
1626696900,596
1626697800,187
1626698700,223
1626699600,228
1626700500,227
1626701400,787
1626702300,1071
1626703200,806
1626704100,425
1626705000,260
1626705900,275
1626706800,280
1626707700,438
1626708600,563
1626709500,476
1626710400,226
1626711300,638
1626712200,429
1626713100,315
1626714000,887
1626714900,917
1626715800,727
1626716700,709
1626717600,639
1626718500,427
1626719400,302
1626720300,303
1626721200,274
1626722100,255
1626723000,277
1626723900,313
1626724800,213
1626725700,186
1626726600,108
1626727500,100
1626728400,132
1626729300,119
1626730200,117
1626731100,114
1626732000,101
1626732900,133
1626733800,118
1626734700,109
1626735600,117
1626736500,115
1626737400,125
1626738300,122
1626739200,139
1626740100,111
1626741000,117
1626741900,137
1626742800,106
1626743700,154
1626744600,110
1626745500,104
1626746400,106
1626747300,98
1626748200,140
1626749100,132
1626750000,101
1626750900,113
1626751800,94
1626752700,185
1626753600,605
1626754500,742
1626755400,593
1626756300,537
1626757200,251
1626758100,569
1626759000,558
1626759900,429
1626760800,485
1626761700,259
1626762600,630
1626763500,526
1626764400,201
1626765300,199
1626766200,218
1626767100,217
1626768000,213
1626768900,230
1626769800,485
1626770700,957
1626771600,696
1626772500,760
1626773400,1048
1626774300,729
1626775200,837
1626776100,668
1626777000,764
1626777900,711
1626778800,590
1626779700,643
1626780600,270
1626781500,253
1626782400,185
1626783300,228
1626784200,183
1626785100,181
1626786000,173
1626786900,192
1626787800,205
1626788700,209
1626789600,229
1626790500,184
1626791400,194
1626792300,183
1626793200,223
1626794100,200
1626795000,196
1626795900,191
1626796800,164
1626797700,206
1626798600,184
1626799500,174
1626800400,187
1626801300,179
1626802200,198
1626803100,207
1626804000,206
1626804900,164
1626805800,191
1626806700,609
1626807600,784
1626808500,848
1626809400,1180
1626810300,1073
1626811200,1056
1626812100,246
1626813000,742
1626813900,222
1626814800,143
1626815700,124
1626816600,133
1626817500,137
1626818400,167
1626819300,137
1626820200,126
1626821100,137
1626822000,142
1626822900,172
1626823800,144
1626824700,123
1626825600,135
1626826500,120
1626827400,150
1626828300,148
1626829200,138
1626830100,179
1626831000,144
1626831900,147
1626832800,164
1626833700,159
1626834600,141
1626835500,155
1626836400,147
1626837300,147
1626838200,167
1626839100,146
1626840000,200
1626840900,197
1626841800,198
1626842700,296
1626843600,249
1626844500,244
1626845400,547
1626846300,347
1626847200,213
1626848100,221
1626849000,565
1626849900,509
1626850800,229
1626851700,221
1626852600,261
1626853500,218
1626854400,176
1626855300,192
1626856200,190
1626857100,200
1626858000,242
1626858900,196
1626859800,207
1626860700,199
1626861600,209
1626862500,375
1626863400,934
1626864300,301
1626865200,211
1626866100,219
1626867000,241
1626867900,233
1626868800,206
1626869700,199
1626870600,202
1626871500,191
1626872400,209
1626873300,179
1626874200,178
1626875100,180
1626876000,190
1626876900,189
1626877800,203
1626878700,179
1626879600,186
1626880500,187
1626881400,230
1626882300,219
1626883200,213
1626884100,320
1626885000,215
1626885900,201
1626886800,371
1626887700,815
1626888600,418
1626889500,213
1626890400,241
1626891300,219
1626892200,560
1626893100,659
1626894000,703
1626894900,324
1626895800,240
1626896700,257
1626897600,194
1626898500,95
1626899400,100
1626900300,115
1626901200,152
1626902100,146
1626903000,122
1626903900,117
1626904800,114
1626905700,118
1626906600,141
1626907500,120
1626908400,112
1626909300,116
1626910200,100
1626911100,117
1626912000,145
1626912900,121
1626913800,103
1626914700,117
1626915600,97
1626916500,128
1626917400,135
1626918300,97
1626919200,115
1626920100,118
1626921000,122
1626921900,290
1626922800,132
1626923700,103
1626924600,102
1626925500,109
1626926400,137
1626927300,609
1626928200,159
1626929100,189
1626930000,149
1626930900,117
1626931800,206
1626932700,667
1626933600,330
1626934500,500
1626935400,1181
1626936300,1399
1626937200,508
1626938100,239
1626939000,232
1626939900,232
1626940800,231
1626941700,265
1626942600,227
1626943500,515
1626944400,1005
1626945300,782
1626946200,786
1626947100,756
1626948000,1209
1626948900,1099
1626949800,1074
1626950700,523
1626951600,288
1626952500,263
1626953400,252
1626954300,227
1626955200,235
1626956100,275
1626957000,543
1626957900,1090
1626958800,791
1626959700,723
1626960600,708
1626961500,576
1626962400,265
1626963300,253
1626964200,249
1626965100,209
1626966000,238
1626966900,201
1626967800,188
1626968700,187
1626969600,366
1626970500,417
1626971400,430
1626972300,249
1626973200,224
1626974100,560
1626975000,875
1626975900,761
1626976800,797
1626977700,760
1626978600,716
1626979500,503
1626980400,374
1626981300,311
1626982200,300
1626983100,310
1626984000,251
1626984900,230
1626985800,157
1626986700,114
1626987600,82
1626988500,98
1626989400,126
1626990300,125
1626991200,103
1626992100,97
1626993000,109
1626993900,88
1626994800,106
1626995700,105
1626996600,92
1626997500,81
1626998400,96
1626999300,93
1627000200,134
1627001100,100
1627002000,85
1627002900,96
1627003800,76
1627004700,103
1627005600,90
1627006500,80
1627007400,93
1627008300,199
1627009200,134
1627010100,124
1627011000,81
1627011900,94
1627012800,111
1627013700,148
1627014600,127
1627015500,182
1627016400,106
1627017300,145
1627018200,158
1627019100,222
1627020000,640
1627020900,369
1627021800,242
1627022700,314
1627023600,827
1627024500,191
1627025400,119
1627026300,94
1627027200,109
1627028100,95
1627029000,131
1627029900,147
1627030800,172
1627031700,300
1627032600,669
1627033500,476
1627034400,488
1627035300,591
1627036200,516
1627037100,210
1627038000,192
1627038900,196
1627039800,216
1627040700,183
1627041600,208
1627042500,197
1627043400,217
1627044300,276
1627045200,221
1627046100,184
1627047000,206
1627047900,213
1627048800,237
1627049700,206
1627050600,263
1627051500,268
1627052400,275
1627053300,284
1627054200,517
1627055100,1006
1627056000,471
1627056900,410
1627057800,590
1627058700,700
1627059600,589
1627060500,755
1627061400,434
1627062300,264
1627063200,286
1627064100,266
1627065000,276
1627065900,287
1627066800,331
1627067700,284
1627068600,278
1627069500,244
1627070400,159
1627071300,100
1627072200,88
1627073100,116
1627074000,82
1627074900,89
1627075800,67
1627076700,97
1627077600,117
1627078500,113
1627079400,83
1627080300,109
1627081200,89
1627082100,126
1627083000,108
1627083900,97
1627084800,83
1627085700,100
1627086600,95
1627087500,133
1627088400,94
1627089300,97
1627090200,79
1627091100,95
1627092000,107
1627092900,105
1627093800,106
1627094700,281
1627095600,130
1627096500,92
1627097400,151
1627098300,133
1627099200,148
1627100100,228
1627101000,86
1627101900,137
1627102800,147
1627103700,111
1627104600,122
1627105500,159
1627106400,181
1627107300,190
1627108200,170
1627109100,176
1627110000,163
1627110900,204
1627111800,196
1627112700,175
1627113600,173
1627114500,180
1627115400,205
1627116300,213
1627117200,213
1627118100,189
1627119000,226
1627119900,375
1627120800,616
1627121700,609
1627122600,203
1627123500,227
1627124400,233
1627125300,266
1627126200,243
1627127100,227
1627128000,253
1627128900,243
1627129800,282
1627130700,285
1627131600,509
1627132500,557
1627133400,490
1627134300,277
1627135200,598
1627136100,639
1627137000,278
1627137900,271
1627138800,240
1627139700,230
1627140600,232
1627141500,205
1627142400,192
1627143300,215
1627144200,263
1627145100,271
1627146000,240
1627146900,249
1627147800,248
1627148700,499
1627149600,604
1627150500,305
1627151400,306
1627152300,281
1627153200,267
1627154100,336
1627155000,300
1627155900,319
1627156800,281
1627157700,251
1627158600,255
1627159500,199
1627160400,167
1627161300,168
1627162200,180
1627163100,141
1627164000,127
1627164900,97
1627165800,96
1627166700,122
1627167600,120
1627168500,146
1627169400,137
1627170300,105
1627171200,112
1627172100,106
1627173000,130
1627173900,134
1627174800,124
1627175700,113
1627176600,117
1627177500,101
1627178400,135
1627179300,122
1627180200,103
1627181100,113
1627182000,121
1627182900,113
1627183800,147
1627184700,121
1627185600,156
1627186500,95
1627187400,124
1627188300,146
1627189200,160
1627190100,116
1627191000,297
1627191900,458
1627192800,1597
1627193700,1000
1627194600,317
1627195500,706
1627196400,1169
1627197300,647
1627198200,540
1627199100,249
1627200000,207
1627200900,191
1627201800,205
1627202700,204
1627203600,294
1627204500,205
1627205400,218
1627206300,216
1627207200,622
1627208100,466
1627209000,223
1627209900,184
1627210800,222
1627211700,224
1627212600,209
1627213500,225
1627214400,209
1627215300,197
1627216200,215
1627217100,209
1627218000,257
1627218900,213
1627219800,226
1627220700,203
1627221600,235
1627222500,232
1627223400,257
1627224300,227
1627225200,213
1627226100,178
1627227000,219
1627227900,224
1627228800,261
1627229700,306
1627230600,295
1627231500,847
1627232400,1027
1627233300,1005
1627234200,1140
1627235100,1128
1627236000,867
1627236900,841
1627237800,753
1627238700,272
1627239600,335
1627240500,380
1627241400,306
1627242300,339
1627243200,268
1627244100,297
1627245000,235
1627245900,229
1627246800,199
1627247700,253
1627248600,206
1627249500,136
1627250400,123
1627251300,120
1627252200,136
1627253100,156
1627254000,100
1627254900,125
1627255800,118
1627256700,138
1627257600,155
1627258500,135
1627259400,133
1627260300,128
1627261200,118
1627262100,162
1627263000,127
1627263900,147
1627264800,121
1627265700,128
1627266600,125
1627267500,149
1627268400,106
1627269300,131
1627270200,116
1627271100,156
1627272000,177
1627272900,180
1627273800,842
1627274700,1021
1627275600,687
1627276500,668
1627277400,572
1627278300,593
1627279200,703
1627280100,685
1627281000,843
1627281900,1282
1627282800,1564
1627283700,1294
1627284600,1303
1627285500,1080
1627286400,624
1627287300,288
1627288200,286
1627289100,239
1627290000,244
1627290900,565
1627291800,767
1627292700,626
1627293600,472
1627294500,362
1627295400,188
1627296300,470
1627297200,1357
1627298100,1162
1627299000,978
1627299900,818
1627300800,1248
1627301700,708
1627302600,624
1627303500,288
1627304400,198
1627305300,196
1627306200,211
1627307100,216
1627308000,233
1627308900,190
1627309800,183
1627310700,194
1627311600,212
1627312500,214
1627313400,179
1627314300,189
1627315200,184
1627316100,198
1627317000,277
1627317900,401
1627318800,525
1627319700,336
1627320600,729
1627321500,676
1627322400,447
1627323300,294
1627324200,530
1627325100,531
1627326000,477
1627326900,322
1627327800,601
1627328700,583
1627329600,247
1627330500,264
1627331400,287
1627332300,186
1627333200,93
1627334100,103
1627335000,99
1627335900,103
1627336800,115
1627337700,83
1627338600,94
1627339500,97
1627340400,123
1627341300,120
1627342200,119
1627343100,88
1627344000,112
1627344900,89
1627345800,142
1627346700,120
1627347600,106
1627348500,87
1627349400,104
1627350300,90
1627351200,141
1627352100,125
1627353000,130
1627353900,98
1627354800,115
1627355700,128
1627356600,140
1627357500,117
1627358400,347
1627359300,247
1627360200,135
1627361100,195
1627362000,123
1627362900,284
1627363800,224
1627364700,495
1627365600,641
1627366500,698
1627367400,698
1627368300,707
1627369200,755
1627370100,754
1627371000,679
1627371900,291
1627372800,216
1627373700,232
1627374600,217
1627375500,242
1627376400,255
1627377300,601
1627378200,399
1627379100,1276
1627380000,967
1627380900,792
1627381800,256
1627382700,224
1627383600,215
1627384500,250
1627385400,231
1627386300,242
1627387200,199
1627388100,218
1627389000,205
1627389900,233
1627390800,250
1627391700,237
1627392600,202
1627393500,215
1627394400,200
1627395300,234
1627396200,232
1627397100,320
1627398000,309
1627398900,398
1627399800,248
1627400700,303
1627401600,320
1627402500,245
1627403400,223
1627404300,229
1627405200,257
1627406100,280
1627407000,267
1627407900,291
1627408800,285
1627409700,294
1627410600,305
1627411500,302
1627412400,290
1627413300,303
1627414200,296
1627415100,405
1627416000,333
1627416900,297
1627417800,264
1627418700,263
1627419600,213
1627420500,143
1627421400,132
1627422300,113
1627423200,120
1627424100,125
1627425000,145
1627425900,130
1627426800,115
1627427700,95
1627428600,112
1627429500,113
1627430400,150
1627431300,102
1627432200,110
1627433100,106
1627434000,110
1627434900,139
1627435800,126
1627436700,121
1627437600,103
1627438500,112
1627439400,118
1627440300,273
1627441200,140
1627442100,136
1627443000,124
1627443900,180
1627444800,218
1627445700,391
1627446600,191
1627447500,239
1627448400,200
1627449300,443
1627450200,461
1627451100,422
1627452000,215
1627452900,510
1627453800,565
1627454700,278
1627455600,290
1627456500,236
1627457400,159
1627458300,164
1627459200,186
1627460100,190
1627461000,156
1627461900,162
1627462800,322
1627463700,856
1627464600,381
1627465500,354
1627466400,204
1627467300,189
1627468200,234
1627469100,199
1627470000,177
1627470900,191
1627471800,192
1627472700,170
1627473600,219
1627474500,210
1627475400,250
1627476300,230
1627477200,237
1627478100,252
1627479000,269
1627479900,248
1627480800,316
1627481700,267
1627482600,341
1627483500,355
1627484400,325
1627485300,337
1627486200,266
1627487100,323
1627488000,303
1627488900,283
1627489800,274
1627490700,314
1627491600,298
1627492500,272
1627493400,633
1627494300,1156
1627495200,637
1627496100,303
1627497000,326
1627497900,780
1627498800,495
1627499700,463
1627500600,454
1627501500,803
1627502400,307
1627503300,258
1627504200,155
1627505100,136
1627506000,135
1627506900,109
1627507800,139
1627508700,127
1627509600,124
1627510500,110
1627511400,125
1627512300,104
1627513200,149
1627514100,104
1627515000,116
1627515900,99
1627516800,120
1627517700,125
1627518600,167
1627519500,121
1627520400,134
1627521300,132
1627522200,151
1627523100,171
1627524000,138
1627524900,139
1627525800,124
1627526700,144
1627527600,146
1627528500,168
1627529400,123
1627530300,150
1627531200,132
1627532100,432
1627533000,216
1627533900,208
1627534800,205
1627535700,111
1627536600,121
1627537500,122
1627538400,165
1627539300,150
1627540200,157
1627541100,132
1627542000,156
1627542900,153
1627543800,138
1627544700,136
1627545600,133
1627546500,143
1627547400,161
1627548300,213
1627549200,124
1627550100,156
1627551000,307
1627551900,193
1627552800,194
1627553700,217
1627554600,200
1627555500,224
1627556400,196
1627557300,245
1627558200,257
1627559100,259
1627560000,230
1627560900,335
1627561800,337
1627562700,375
1627563600,294
1627564500,309
1627565400,259
1627566300,204
1627567200,231
1627568100,193
1627569000,257
1627569900,596
1627570800,725
1627571700,475
1627572600,493
1627573500,278
1627574400,405
1627575300,343
1627576200,438
1627577100,884
1627578000,381
1627578900,418
1627579800,241
1627580700,646
1627581600,500
1627582500,281
1627583400,267
1627584300,255
1627585200,254
1627586100,317
1627587000,262
1627587900,279
1627588800,309
1627589700,287
1627590600,258
1627591500,264
1627592400,232
1627593300,165
1627594200,117
1627595100,100
1627596000,88
1627596900,121
1627597800,72
1627598700,97
1627599600,89
1627600500,90
1627601400,115
1627602300,90
1627603200,87
1627604100,90
1627605000,88
1627605900,110
1627606800,100
1627607700,91
1627608600,84
1627609500,83
1627610400,109
1627611300,129
1627612200,112
1627613100,254
1627614000,107
1627614900,120
1627615800,129
1627616700,146
1627617600,117
1627618500,293
1627619400,154
1627620300,248
1627621200,573
1627622100,324
1627623000,459
1627623900,221
1627624800,705
1627625700,227
1627626600,254
1627627500,204
1627628400,172
1627629300,131
1627630200,98
1627631100,129
1627632000,140
1627632900,114
1627633800,115
1627634700,163
1627635600,125
1627636500,181
1627637400,203
1627638300,612
1627639200,985
1627640100,418
1627641000,476
1627641900,605
1627642800,407
1627643700,202
1627644600,512
1627645500,533
1627646400,194
1627647300,162
1627648200,146
1627649100,144
1627650000,176
1627650900,191
1627651800,136
1627652700,155
1627653600,171
1627654500,206
1627655400,240
1627656300,231
1627657200,206
1627658100,238
1627659000,267
1627659900,519
1627660800,590
1627661700,298
1627662600,241
1627663500,229
1627664400,253
1627665300,291
1627666200,308
1627667100,277
1627668000,253
1627668900,296
1627669800,296
1627670700,307
1627671600,343
1627672500,342
1627673400,336
1627674300,349
1627675200,365
1627676100,297
1627677000,246
1627677900,231
1627678800,223
1627679700,249
1627680600,228
1627681500,214
1627682400,193
1627683300,85
1627684200,100
1627685100,126
1627686000,105
1627686900,96
1627687800,82
1627688700,109
1627689600,129
1627690500,97
1627691400,97
1627692300,103
1627693200,104
1627694100,126
1627695000,134
1627695900,103
1627696800,112
1627697700,88
1627698600,107
1627699500,282
1627700400,122
1627701300,136
1627702200,107
1627703100,159
1627704000,358
1627704900,797
1627705800,857
1627706700,672
1627707600,661
1627708500,587
1627709400,529
1627710300,437
1627711200,432
1627712100,174
1627713000,669
1627713900,353
1627714800,185
1627715700,169
1627716600,211
1627717500,153
1627718400,168
1627719300,178
1627720200,195
1627721100,184
1627722000,179
1627722900,194
1627723800,198
1627724700,415
1627725600,333
1627726500,118
1627727400,311
1627728300,401
1627729200,252
1627730100,178
1627731000,176
1627731900,231
1627732800,597
1627733700,320
1627734600,419
1627735500,198
1627736400,625
1627737300,366
1627738200,219
1627739100,240
1627740000,190
1627740900,177
1627741800,195
1627742700,191
1627743600,222
1627744500,208
1627745400,210
1627746300,227
1627747200,235
1627748100,266
1627749000,250
1627749900,230
1627750800,217
1627751700,271
1627752600,915
1627753500,871
1627754400,796
1627755300,656
1627756200,262
1627757100,254
1627758000,263
1627758900,312
1627759800,220
1627760700,214
1627761600,120
1627762500,80
1627763400,113
1627764300,83
1627765200,80
1627766100,94
1627767000,70
1627767900,105
1627768800,97
1627769700,71
1627770600,83
1627771500,92
1627772400,89
1627773300,117
1627774200,69
1627775100,85
1627776000,79
1627776900,74
1627777800,118
1627778700,103
1627779600,86
1627780500,100
1627781400,81
1627782300,113
1627783200,118
1627784100,94
1627785000,106
1627785900,92
1627786800,89
1627787700,123
1627788600,86
1627789500,116
1627790400,144
1627791300,128
1627792200,146
1627793100,153
1627794000,123
1627794900,118
1627795800,107
1627796700,249
1627797600,213
1627798500,274
1627799400,414
1627800300,845
1627801200,720
1627802100,743
1627803000,1052
1627803900,789
1627804800,488
1627805700,294
1627806600,787
1627807500,369
1627808400,253
1627809300,257
1627810200,224
1627811100,284
1627812000,400
1627812900,860
1627813800,710
1627814700,633
1627815600,262
1627816500,235
1627817400,267
1627818300,249
1627819200,205
1627820100,211
1627821000,222
1627821900,244
1627822800,645
1627823700,660
1627824600,692
1627825500,442
1627826400,265
1627827300,276
1627828200,249
1627829100,216
1627830000,207
1627830900,216
1627831800,233
1627832700,234
1627833600,198
1627834500,216
1627835400,211
1627836300,230
1627837200,245
1627838100,219
1627839000,617
1627839900,809
1627840800,801
1627841700,748
1627842600,217
1627843500,237
1627844400,222
1627845300,275
1627846200,277
1627847100,249
1627848000,219
1627848900,122
1627849800,153
1627850700,279
1627851600,234
1627852500,178
1627853400,107
1627854300,80
1627855200,99
1627856100,104
1627857000,119
1627857900,82
1627858800,80
1627859700,86
1627860600,92
1627861500,120
1627862400,99
1627863300,71
1627864200,90
1627865100,79
1627866000,112
1627866900,115
1627867800,79
1627868700,84
1627869600,85
1627870500,82
1627871400,121
1627872300,89
1627873200,110
1627874100,129
1627875000,117
1627875900,167
1627876800,168
1627877700,883
1627878600,999
1627879500,1020
1627880400,569
1627881300,415
1627882200,203
1627883100,657
1627884000,472
1627884900,571
1627885800,624
1627886700,613
1627887600,596
1627888500,574
1627889400,626
1627890300,642
1627891200,600
1627892100,599
1627893000,576
1627893900,631
1627894800,675
1627895700,551
1627896600,753
1627897500,626
1627898400,182
1627899300,225
1627900200,230
1627901100,230
1627902000,212
1627902900,227
1627903800,371
1627904700,356
1627905600,246
1627906500,218
1627907400,206
1627908300,231
1627909200,241
1627910100,235
1627911000,230
1627911900,208
1627912800,240
1627913700,211
1627914600,207
1627915500,232
1627916400,185
1627917300,210
1627918200,190
1627919100,198
1627920000,305
1627920900,279
1627921800,246
1627922700,260
1627923600,283
1627924500,307
1627925400,368
1627926300,449
1627927200,364
1627928100,378
1627929000,351
1627929900,369
1627930800,348
1627931700,294
1627932600,293
1627933500,289
1627934400,167
1627935300,106
1627936200,85
1627937100,87
1627938000,106
1627938900,118
1627939800,125
1627940700,103
1627941600,84
1627942500,109
1627943400,108
1627944300,123
1627945200,110
1627946100,83
1627947000,105
1627947900,99
1627948800,121
1627949700,120
1627950600,89
1627951500,90
1627952400,101
1627953300,91
1627954200,132
1627955100,110
1627956000,88
1627956900,104
1627957800,78
1627958700,123
1627959600,110
1627960500,90
1627961400,96
1627962300,101
1627963200,136
1627964100,114
1627965000,95
1627965900,144
1627966800,153
1627967700,167
1627968600,358
1627969500,834
1627970400,976
1627971300,1166
1627972200,887
1627973100,939
1627974000,397
1627974900,1320
1627975800,774
1627976700,765
1627977600,452
1627978500,277
1627979400,250
1627980300,218
1627981200,860
1627982100,737
1627983000,779
1627983900,176
1627984800,177
1627985700,197
1627986600,181
1627987500,181
1627988400,194
1627989300,169
1627990200,153
1627991100,164
1627992000,163
1627992900,192
1627993800,187
1627994700,184
1627995600,168
1627996500,156
1627997400,172
1627998300,191
1627999200,162
1628000100,170
1628001000,156
1628001900,330
1628002800,240
1628003700,208
1628004600,196
1628005500,200
1628006400,204
1628007300,500
1628008200,513
1628009100,420
1628010000,356
1628010900,677
1628011800,572
1628012700,269
1628013600,307
1628014500,380
1628015400,351
1628016300,489
1628017200,299
1628018100,264
1628019000,279
1628019900,303
1628020800,289
1628021700,212
1628022600,148
1628023500,119
1628024400,131
1628025300,105
1628026200,129
1628027100,140
1628028000,106
1628028900,111
1628029800,120
1628030700,115
1628031600,147
1628032500,110
1628033400,115
1628034300,111
1628035200,99
1628036100,138
1628037000,143
1628037900,105
1628038800,117
1628039700,98
1628040600,123
1628041500,140
1628042400,119
1628043300,122
1628044200,109
1628045100,107
1628046000,147
1628046900,114
1628047800,120
1628048700,135
1628049600,157
1628050500,145
1628051400,242
1628052300,192
1628053200,143
1628054100,119
1628055000,289
1628055900,254
1628056800,370
1628057700,598
1628058600,618
1628059500,744
1628060400,1123
1628061300,802
1628062200,277
1628063100,264
1628064000,292
1628064900,223
1628065800,201
1628066700,172
1628067600,149
1628068500,146
1628069400,161
1628070300,186
1628071200,310
1628072100,1429
1628073000,928
1628073900,282
1628074800,223
1628075700,217
1628076600,222
1628077500,221
1628078400,226
1628079300,430
1628080200,506
1628081100,447
1628082000,214
1628082900,479
1628083800,606
1628084700,224
1628085600,235
1628086500,199
1628087400,188
1628088300,199
1628089200,199
1628090100,239
1628091000,248
1628091900,202
1628092800,224
1628093700,940
1628094600,946
1628095500,780
1628096400,763
1628097300,749
1628098200,780
1628099100,730
1628100000,781
1628100900,692
1628101800,266
1628102700,312
1628103600,370
1628104500,775
1628105400,433
1628106300,484
1628107200,443
1628108100,689
1628109000,152
1628109900,149
1628110800,107
1628111700,104
1628112600,109
1628113500,108
1628114400,123
1628115300,116
1628116200,103
1628117100,107
1628118000,98
1628118900,119
1628119800,128
1628120700,85
1628121600,105
1628122500,114
1628123400,126
1628124300,155
1628125200,98
1628126100,102
1628127000,103
1628127900,92
1628128800,132
1628129700,121
1628130600,105
1628131500,125
1628132400,106
1628133300,124
1628134200,134
1628135100,102
1628136000,117
1628136900,143
1628137800,113
1628138700,307
1628139600,189
1628140500,142
1628141400,190
1628142300,260
1628143200,433
1628144100,1043
1628145000,942
1628145900,557
1628146800,406
1628147700,248
1628148600,283
1628149500,263
1628150400,261
1628151300,242
1628152200,264
1628153100,308
1628154000,293
1628154900,257
1628155800,264
1628156700,272
1628157600,296
1628158500,309
1628159400,266
1628160300,282
1628161200,288
1628162100,262
1628163000,306
1628163900,309
1628164800,265
1628165700,275
1628166600,272
1628167500,300
1628168400,306
1628169300,272
1628170200,273
1628171100,270
1628172000,272
1628172900,311
1628173800,280
1628174700,285
1628175600,282
1628176500,265
1628177400,338
1628178300,285
1628179200,267
1628180100,264
1628181000,261
1628181900,285
1628182800,303
1628183700,262
1628184600,272
1628185500,252
1628186400,271
1628187300,293
1628188200,283
1628189100,303
1628190000,293
1628190900,288
1628191800,915
1628192700,496
1628193600,566
1628194500,425
1628195400,849
1628196300,205
1628197200,119
1628198100,95
1628199000,96
1628199900,75
1628200800,83
1628201700,102
1628202600,93
1628203500,81
1628204400,83
1628205300,72
1628206200,103
1628207100,108
1628208000,88
1628208900,82
1628209800,74
1628210700,82
1628211600,110
1628212500,87
1628213400,88
1628214300,76
1628215200,93
1628216100,107
1628217000,98
1628217900,86
1628218800,94
1628219700,83
1628220600,101
1628221500,114
1628222400,101
1628223300,226
1628224200,163
1628225100,117
1628226000,127
1628226900,143
1628227800,169
1628228700,404
1628229600,890
1628230500,936
1628231400,626
1628232300,389
1628233200,386
1628234100,611
1628235000,631
1628235900,710
1628236800,650
1628237700,639
1628238600,452
1628239500,228
1628240400,216
1628241300,200
1628242200,215
1628243100,712
1628244000,348
1628244900,235
1628245800,529
1628246700,461
1628247600,461
1628248500,516
1628249400,1420
1628250300,1002
1628251200,751
1628252100,741
1628253000,515
1628253900,303
1628254800,538
1628255700,636
1628256600,705
1628257500,748
1628258400,280
1628259300,236
1628260200,197
1628261100,186
1628262000,176
1628262900,173
1628263800,205
1628264700,182
1628265600,199
1628266500,245
1628267400,228
1628268300,208
1628269200,218
1628270100,173
1628271000,274
1628271900,645
1628272800,652
1628273700,549
1628274600,284
1628275500,464
1628276400,728
1628277300,707
1628278200,330
1628279100,310
1628280000,342
1628280900,218
1628281800,224
1628282700,221
1628283600,255
1628284500,189
1628285400,136
1628286300,112
1628287200,100
1628288100,125
1628289000,116
1628289900,109
1628290800,90
1628291700,105
1628292600,117
1628293500,127
1628294400,102
1628295300,98
1628296200,97
1628297100,100
1628298000,124
1628298900,122
1628299800,105
1628300700,91
1628301600,103
1628302500,101
1628303400,108
1628304300,89
1628305200,80
1628306100,107
1628307000,96
1628307900,144
1628308800,139
1628309700,248
1628310600,113
1628311500,118
1628312400,107
1628313300,139
1628314200,94
1628315100,243
1628316000,545
1628316900,853
1628317800,821
1628318700,697
1628319600,931
1628320500,373
1628321400,678
1628322300,709
1628323200,1141
1628324100,876
1628325000,431
1628325900,425
1628326800,682
1628327700,677
1628328600,694
1628329500,881
1628330400,1049
1628331300,589
1628332200,465
1628333100,696
1628334000,673
1628334900,549
1628335800,317
1628336700,264
1628337600,232
1628338500,309
1628339400,229
1628340300,797
1628341200,1117
1628342100,776
1628343000,768
1628343900,304
1628344800,285
1628345700,261
1628346600,293
1628347500,261
1628348400,262
1628349300,238
1628350200,270
1628351100,283
1628352000,268
1628352900,260
1628353800,729
1628354700,1102
1628355600,1243
1628356500,682
1628357400,405
1628358300,424
1628359200,847
1628360100,715
1628361000,676
1628361900,626
1628362800,291
1628363700,240
1628364600,220
1628365500,232
1628366400,256
1628367300,185
1628368200,182
1628369100,103
1628370000,149
1628370900,108
1628371800,89
1628372700,101
1628373600,99
1628374500,124
1628375400,95
1628376300,100
1628377200,85
1628378100,98
1628379000,118
1628379900,113
1628380800,97
1628381700,82
1628382600,102
1628383500,109
1628384400,111
1628385300,85
1628386200,96
1628387100,89
1628388000,107
1628388900,86
1628389800,80
1628390700,87
1628391600,86
1628392500,128
1628393400,92
1628394300,107
1628395200,138
1628396100,100
1628397000,141
1628397900,100
1628398800,146
1628399700,124
1628400600,154
1628401500,351
1628402400,138
1628403300,138
1628404200,183
1628405100,160
1628406000,166
1628406900,154
1628407800,251
1628408700,284
1628409600,293
1628410500,337
1628411400,278
1628412300,283
1628413200,722
1628414100,392
1628415000,684
1628415900,649
1628416800,1285
1628417700,1082
1628418600,484
1628419500,353
1628420400,450
1628421300,233
1628422200,394
1628423100,352
1628424000,672
1628424900,245
1628425800,354
1628426700,311
1628427600,705
1628428500,178
1628429400,192
1628430300,182
1628431200,191
1628432100,223
1628433000,221
1628433900,222
1628434800,261
1628435700,272
1628436600,239
1628437500,229
1628438400,222
1628439300,246
1628440200,244
1628441100,222
1628442000,219
1628442900,215
1628443800,243
1628444700,567
1628445600,242
1628446500,180
1628447400,209
1628448300,213
1628449200,232
1628450100,217
1628451000,262
1628451900,206
1628452800,199
1628453700,197
1628454600,181
1628455500,146
1628456400,98
1628457300,104
1628458200,104
1628459100,71
1628460000,95
1628460900,78
1628461800,133
1628462700,82
1628463600,80
1628464500,79
1628465400,91
1628466300,112
1628467200,85
1628468100,97
1628469000,77
1628469900,95
1628470800,110
1628471700,75
1628472600,92
1628473500,78
1628474400,120
1628475300,93
1628476200,90
1628477100,78
1628478000,82
1628478900,106
1628479800,101
1628480700,124
1628481600,112
1628482500,453
1628483400,131
1628484300,109
1628485200,107
1628486100,101
1628487000,121
1628487900,149
1628488800,165
1628489700,149
1628490600,173
1628491500,546
1628492400,473
1628493300,748
1628494200,701
1628495100,661
1628496000,481
1628496900,796
1628497800,789
1628498700,441
1628499600,378
1628500500,163
1628501400,231
1628502300,531
1628503200,674
1628504100,467
1628505000,164
1628505900,185
1628506800,198
1628507700,197
1628508600,200
1628509500,238
1628510400,200
1628511300,195
1628512200,193
1628513100,231
1628514000,655
1628514900,418
1628515800,418
1628516700,265
1628517600,780
1628518500,325
1628519400,246
1628520300,196
1628521200,215
1628522100,236
1628523000,281
1628523900,237
1628524800,199
1628525700,222
1628526600,176
1628527500,169
1628528400,160
1628529300,173
1628530200,227
1628531100,224
1628532000,238
1628532900,240
1628533800,284
1628534700,326
1628535600,388
1628536500,332
1628537400,288
1628538300,288
1628539200,268
1628540100,297
1628541000,244
1628541900,231
1628542800,235
1628543700,246
1628544600,217
1628545500,86
1628546400,102
1628547300,71
1628548200,109
1628549100,95
1628550000,82
1628550900,90
1628551800,86
1628552700,116
1628553600,88
1628554500,87
1628555400,80
1628556300,80
1628557200,128
1628558100,89
1628559000,91
1628559900,71
1628560800,92
1628561700,110
1628562600,80
1628563500,94
1628564400,78
1628565300,94
1628566200,105
1628567100,103
1628568000,118
1628568900,99
1628569800,284
1628570700,124
1628571600,106
1628572500,86
1628573400,186
1628574300,935
1628575200,787
1628576100,406
1628577000,177
1628577900,521
1628578800,699
1628579700,669
1628580600,237
1628581500,220
1628582400,200
1628583300,168
1628584200,182
1628585100,111
1628586000,130
1628586900,113
1628587800,161
1628588700,118
1628589600,141
1628590500,135
1628591400,135
1628592300,141
1628593200,122
1628594100,119
1628595000,129
1628595900,146
1628596800,130
1628597700,123
1628598600,115
1628599500,116
1628600400,154
1628601300,132
1628602200,135
1628603100,134
1628604000,132
1628604900,153
1628605800,135
1628606700,735
1628607600,978
1628608500,1081
1628609400,381
1628610300,80
1628611200,154
1628612100,571
1628613000,345
1628613900,447
1628614800,227
1628615700,691
1628616600,1064
1628617500,1159
1628618400,893
1628619300,632
1628620200,308
1628621100,267
1628622000,309
1628622900,306
1628623800,285
1628624700,290
1628625600,287
1628626500,238
1628627400,201
1628628300,191
1628629200,196
1628630100,126
1628631000,135
1628631900,80
1628632800,95
1628633700,76
1628634600,112
1628635500,113
1628636400,99
1628637300,92
1628638200,81
1628639100,112
1628640000,97
1628640900,89
1628641800,101
1628642700,90
1628643600,121
1628644500,87
1628645400,102
1628646300,75
1628647200,96
1628648100,124
1628649000,101
1628649900,91
1628650800,80
1628651700,105
1628652600,110
1628653500,117
1628654400,140
1628655300,102
1628656200,280
1628657100,129
1628658000,110
1628658900,152
1628659800,655
1628660700,985
1628661600,559
1628662500,165
1628663400,135
1628664300,176
1628665200,456
1628666100,631
1628667000,414
1628667900,226
1628668800,543
1628669700,492
1628670600,195
1628671500,180
1628672400,174
1628673300,188
1628674200,1000
1628675100,212
1628676000,161
1628676900,178
1628677800,253
1628678700,308
1628679600,288
1628680500,312
1628681400,305
1628682300,271
1628683200,247
1628684100,204
1628685000,214
1628685900,242
1628686800,259
1628687700,234
1628688600,211
1628689500,198
1628690400,230
1628691300,212
1628692200,227
1628693100,613
1628694000,369
1628694900,638
1628695800,220
1628696700,651
1628697600,376
1628698500,202
1628699400,361
1628700300,232
1628701200,196
1628702100,209
1628703000,245
1628703900,317
1628704800,421
1628705700,955
1628706600,1060
1628707500,848
1628708400,399
1628709300,407
1628710200,310
1628711100,323
1628712000,317
1628712900,238
1628713800,677
1628714700,375
1628715600,336
1628716500,442
1628717400,630
1628718300,128
1628719200,95
1628720100,114
1628721000,131
1628721900,84
1628722800,101
1628723700,83
1628724600,117
1628725500,114
1628726400,100
1628727300,102
1628728200,87
1628729100,119
1628730000,110
1628730900,85
1628731800,104
1628732700,99
1628733600,130
1628734500,101
1628735400,85
1628736300,98
1628737200,99
1628738100,120
1628739000,111
1628739900,89
1628740800,97
1628741700,101
1628742600,273
1628743500,158
1628744400,129
1628745300,118
1628746200,512
1628747100,596
1628748000,576
1628748900,141
1628749800,147
1628750700,481
1628751600,638
1628752500,677
1628753400,654
1628754300,682
1628755200,690
1628756100,673
1628757000,677
1628757900,587
1628758800,204
1628759700,202
1628760600,169
1628761500,191
1628762400,223
1628763300,568
1628764200,212
1628765100,244
1628766000,257
1628766900,234
1628767800,268
1628768700,251
1628769600,234
1628770500,238
1628771400,231
1628772300,288
1628773200,255
1628774100,232
1628775000,240
1628775900,218
1628776800,321
1628777700,308
1628778600,246
1628779500,261
1628780400,577
1628781300,492
1628782200,464
1628783100,426
1628784000,672
1628784900,655
1628785800,549
1628786700,343
1628787600,306
1628788500,282
1628789400,339
1628790300,284
1628791200,323
1628792100,560
1628793000,376
1628793900,382
1628794800,358
1628795700,339
1628796600,341
1628797500,285
1628798400,239
1628799300,226
1628800200,225
1628801100,212
1628802000,161
1628802900,134
1628803800,93
1628804700,93
1628805600,97
1628806500,120
1628807400,108
1628808300,91
1628809200,92
1628810100,88
1628811000,119
1628811900,110
1628812800,94
1628813700,78
1628814600,76
1628815500,115
1628816400,78
1628817300,110
1628818200,109
1628819100,102
1628820000,128
1628820900,89
1628821800,100
1628822700,98
1628823600,102
1628824500,139
1628825400,95
1628826300,100
1628827200,88
1628828100,206
1628829000,212
1628829900,108
1628830800,108
1628831700,135
1628832600,149
1628833500,122
1628834400,314
1628835300,910
1628836200,777
1628837100,428
1628838000,210
1628838900,426
1628839800,580
1628840700,555
1628841600,726
1628842500,1104
1628843400,906
1628844300,433
1628845200,250
1628846100,242
1628847000,192
1628847900,166
1628848800,193
1628849700,499
1628850600,246
1628851500,330
1628852400,280
1628853300,285
1628854200,150
1628855100,148
1628856000,134
1628856900,273
1628857800,145
1628858700,154
1628859600,147
1628860500,131
1628861400,192
1628862300,177
1628863200,198
1628864100,161
1628865000,185
1628865900,218
1628866800,244
1628867700,243
1628868600,220
1628869500,232
1628870400,233
1628871300,282
1628872200,290
1628873100,249
1628874000,274
1628874900,377
1628875800,658
1628876700,519
1628877600,342
1628878500,1260
1628879400,1369
1628880300,847
1628881200,890
1628882100,845
1628883000,828
1628883900,677
1628884800,410
1628885700,303
1628886600,202
1628887500,112
1628888400,95
1628889300,111
1628890200,88
1628891100,82
1628892000,93
1628892900,96
1628893800,111
1628894700,80
1628895600,85
1628896500,86
1628897400,105
1628898300,101
1628899200,102
1628900100,76
1628901000,91
1628901900,107
1628902800,98
1628903700,92
1628904600,79
1628905500,104
1628906400,131
1628907300,99
1628908200,108
1628909100,101
1628910000,127
1628910900,135
1628911800,115
1628912700,139
1628913600,146
1628914500,230
1628915400,199
1628916300,123
1628917200,111
1628918100,92
1628919000,134
1628919900,133
1628920800,106
1628921700,107
1628922600,512
1628923500,1024
1628924400,621
1628925300,177
1628926200,603
1628927100,661
1628928000,631
1628928900,577
1628929800,336
1628930700,193
1628931600,630
1628932500,716
1628933400,1156
1628934300,893
1628935200,268
1628936100,307
1628937000,485
1628937900,691
1628938800,578
1628939700,525
1628940600,1520
1628941500,1121
1628942400,849
1628943300,819
1628944200,712
1628945100,502
1628946000,326
1628946900,340
1628947800,294
1628948700,176
1628949600,184
1628950500,160
1628951400,184
1628952300,196
1628953200,206
1628954100,247
1628955000,216
1628955900,233
1628956800,196
1628957700,324
1628958600,644
1628959500,480
1628960400,646
1628961300,545
1628962200,205
1628963100,755
1628964000,792
1628964900,680
1628965800,277
1628966700,608
1628967600,545
1628968500,353
1628969400,350
1628970300,360
1628971200,279
1628972100,265
1628973000,261
1628973900,146
1628974800,111
1628975700,69
1628976600,92
1628977500,100
1628978400,89
1628979300,84
1628980200,86
1628981100,101
1628982000,117
1628982900,98
1628983800,87
1628984700,101
1628985600,113
1628986500,127
1628987400,100
1628988300,97
1628989200,116
1628990100,111
1628991000,142
1628991900,109
1628992800,109
1628993700,101
1628994600,126
1628995500,127
1628996400,99
1628997300,104
1628998200,97
1628999100,137
1629000000,143
1629000900,380
1629001800,197
1629002700,106
1629003600,200
1629004500,151
1629005400,158
1629006300,140
1629007200,170
1629008100,227
1629009000,196
1629009900,212
1629010800,203
1629011700,205
1629012600,280
1629013500,212
1629014400,202
1629015300,189
1629016200,246
1629017100,465
1629018000,1184
1629018900,1129
1629019800,1348
1629020700,896
1629021600,1498
1629022500,685
1629023400,194
1629024300,199
1629025200,233
1629026100,244
1629027000,250
1629027900,243
1629028800,223
1629029700,189
1629030600,204
1629031500,188
1629032400,273
1629033300,222
1629034200,519
1629035100,917
1629036000,654
1629036900,699
1629037800,726
1629038700,244
1629039600,195
1629040500,560
1629041400,349
1629042300,446
1629043200,201
1629044100,623
1629045000,428
1629045900,206
1629046800,257
1629047700,219
1629048600,462
1629049500,894
1629050400,1070
1629051300,748
1629052200,709
1629053100,427
1629054000,326
1629054900,364
1629055800,260
1629056700,203
1629057600,232
1629058500,164
1629059400,117
1629060300,99
1629061200,78
1629062100,99
1629063000,117
1629063900,93
1629064800,93
1629065700,73
1629066600,121
1629067500,85
1629068400,86
1629069300,90
1629070200,103
1629071100,111
1629072000,77
1629072900,88
1629073800,77
1629074700,120
1629075600,99
1629076500,89
1629077400,90
1629078300,88
1629079200,114
1629080100,72
1629081000,93
1629081900,89
1629082800,118
1629083700,93
1629084600,77
1629085500,109
1629086400,138
1629087300,490
1629088200,151
1629089100,473
1629090000,291
1629090900,441
1629091800,296
1629092700,664
1629093600,227
1629094500,195
1629095400,216
1629096300,613
1629097200,628
1629098100,695
1629099000,750
1629099900,853
1629100800,478
1629101700,1032
1629102600,390
1629103500,383
1629104400,769
1629105300,1988
1629106200,722
1629107100,377
1629108000,374
1629108900,304
1629109800,202
1629110700,157
1629111600,175
1629112500,188
1629113400,154
1629114300,141
1629115200,148
1629116100,155
1629117000,154
1629117900,145
1629118800,143
1629119700,144
1629120600,157
1629121500,155
1629122400,142
1629123300,149
1629124200,153
1629125100,161
1629126000,185
1629126900,136
1629127800,169
1629128700,168
1629129600,196
1629130500,166
1629131400,177
1629132300,199
1629133200,221
1629134100,214
1629135000,207
1629135900,679
1629136800,816
1629137700,1023
1629138600,511
1629139500,692
1629140400,322
1629141300,353
1629142200,380
1629143100,301
1629144000,246
1629144900,189
1629145800,163
1629146700,125
1629147600,75
1629148500,89
1629149400,77
1629150300,107
1629151200,112
1629152100,72
1629153000,88
1629153900,75
1629154800,111
1629155700,98
1629156600,85
1629157500,86
1629158400,78
1629159300,117
1629160200,81
1629161100,86
1629162000,95
1629162900,86
1629163800,114
1629164700,69
1629165600,87
1629166500,81
1629167400,106
1629168300,110
1629169200,68
1629170100,83
1629171000,75
1629171900,131
1629172800,305
1629173700,269
1629174600,828
1629175500,847
1629176400,1190
1629177300,734
1629178200,708
1629179100,541
1629180000,836
1629180900,641
1629181800,591
1629182700,1003
1629183600,686
1629184500,387
1629185400,252
1629186300,254
1629187200,249
1629188100,244
1629189000,274
1629189900,248
1629190800,230
1629191700,433
1629192600,708
1629193500,686
1629194400,725
1629195300,685
1629196200,494
1629197100,209
1629198000,242
1629198900,232
1629199800,211
1629200700,271
1629201600,636
1629202500,666
1629203400,688
1629204300,434
1629205200,194
1629206100,218
1629207000,191
1629207900,210
1629208800,196
1629209700,198
1629210600,211
1629211500,184
1629212400,189
1629213300,182
1629214200,214
1629215100,197
1629216000,181
1629216900,185
1629217800,187
1629218700,395
1629219600,764
1629220500,441
1629221400,350
1629222300,360
1629223200,731
1629224100,217
1629225000,256
1629225900,229
1629226800,291
1629227700,327
1629228600,246
1629229500,259
1629230400,243
1629231300,233
1629232200,222
1629233100,122
1629234000,90
1629234900,77
1629235800,121
1629236700,112
1629237600,91
1629238500,87
1629239400,78
1629240300,111
1629241200,94
1629242100,102
1629243000,84
1629243900,85
1629244800,107
1629245700,88
1629246600,91
1629247500,89
1629248400,99
1629249300,109
1629250200,95
1629251100,92
1629252000,73
1629252900,101
1629253800,110
1629254700,97
1629255600,88
1629256500,75
1629257400,88
1629258300,143
1629259200,138
1629260100,94
1629261000,234
1629261900,150
1629262800,456
1629263700,515
1629264600,336
1629265500,130
1629266400,422
1629267300,579
1629268200,209
1629269100,198
1629270000,190
1629270900,208
1629271800,203
1629272700,252
1629273600,197
1629274500,267
1629275400,640
1629276300,394
1629277200,369
1629278100,348
1629279000,641
1629279900,789
1629280800,310
1629281700,506
1629282600,338
1629283500,404
1629284400,640
1629285300,1191
1629286200,635
1629287100,225
1629288000,200
1629288900,234
1629289800,227
1629290700,235
1629291600,183
1629292500,194
1629293400,185
1629294300,233
1629295200,202
1629296100,168
1629297000,178
1629297900,197
1629298800,312
1629299700,826
1629300600,545
1629301500,300
1629302400,336
1629303300,737
1629304200,211
1629305100,303
1629306000,270
1629306900,319
1629307800,242
1629308700,224
1629309600,230
1629310500,258
1629311400,469
1629312300,381
1629313200,343
1629314100,308
1629315000,282
1629315900,297
1629316800,299
1629317700,208
1629318600,185
1629319500,173
1629320400,248
1629321300,146
1629322200,96
1629323100,100
1629324000,79
1629324900,133
1629325800,83
1629326700,94
1629327600,97
1629328500,87
1629329400,116
1629330300,85
1629331200,84
1629332100,97
1629333000,96
1629333900,129
1629334800,82
1629335700,106
1629336600,95
1629337500,104
1629338400,142
1629339300,99
1629340200,100
1629341100,97
1629342000,104
1629342900,135
1629343800,88
1629344700,117
1629345600,105
1629346500,155
1629347400,173
1629348300,316
1629349200,344
1629350100,621
1629351000,476
1629351900,227
1629352800,531
1629353700,471
1629354600,215
1629355500,227
1629356400,233
1629357300,222
1629358200,225
1629359100,211
1629360000,232
1629360900,292
1629361800,199
1629362700,225
1629363600,202
1629364500,631
1629365400,175
1629366300,155
1629367200,144
1629368100,122
1629369000,136
1629369900,144
1629370800,112
1629371700,122
1629372600,113
1629373500,149
1629374400,164
1629375300,123
1629376200,121
1629377100,113
1629378000,149
1629378900,151
1629379800,151
1629380700,206
1629381600,180
1629382500,244
1629383400,271
1629384300,377
1629385200,287
1629386100,235
1629387000,281
1629387900,251
1629388800,232
1629389700,264
1629390600,237
1629391500,316
1629392400,304
1629393300,265
1629394200,239
1629395100,238
1629396000,212
1629396900,224
1629397800,509
1629398700,667
1629399600,327
1629400500,438
1629401400,367
1629402300,372
1629403200,349
1629404100,340
1629405000,328
1629405900,212
1629406800,138
1629407700,89
1629408600,107
1629409500,147
1629410400,90
1629411300,97
1629412200,78
1629413100,85
1629414000,113
1629414900,99
1629415800,91
1629416700,82
1629417600,83
1629418500,118
1629419400,83
1629420300,99
1629421200,88
1629422100,83
1629423000,112
1629423900,87
1629424800,94
1629425700,86
1629426600,89
1629427500,130
1629428400,78
1629429300,90
1629430200,79
1629431100,84
1629432000,121
1629432900,112
1629433800,139
1629434700,131
1629435600,265
1629436500,992
1629437400,1199
1629438300,1129
1629439200,906
1629440100,629
1629441000,419
1629441900,742
1629442800,605
1629443700,640
1629444600,658
1629445500,727
1629446400,350
1629447300,224
1629448200,250
1629449100,212
1629450000,233
1629450900,203
1629451800,706
1629452700,671
1629453600,690
1629454500,259
1629455400,277
1629456300,303
1629457200,583
1629458100,490
1629459000,465
1629459900,283
1629460800,756
1629461700,412
1629462600,266
1629463500,258
1629464400,270
1629465300,281
1629466200,257
1629467100,245
1629468000,451
1629468900,663
1629469800,683
1629470700,664
1629471600,537
1629472500,574
1629473400,333
1629474300,109
1629475200,69
1629476100,67
1629477000,71
1629477900,91
1629478800,98
1629479700,68
1629480600,75
1629481500,213
1629482400,572
1629483300,545
1629484200,316
1629485100,384
1629486000,327
1629486900,378
1629487800,214
1629488700,578
1629489600,142
1629490500,306
1629491400,140
1629492300,594
1629493200,162
1629494100,70
1629495000,77
1629495900,116
1629496800,79
1629497700,77
1629498600,59
1629499500,91
1629500400,90
1629501300,92
1629502200,74
1629503100,76
1629504000,86
1629504900,97
1629505800,78
1629506700,81
1629507600,84
1629508500,96
1629509400,90
1629510300,86
1629511200,63
1629512100,94
1629513000,102
1629513900,96
1629514800,148
1629515700,237
1629516600,63
1629517500,78
1629518400,50
1629519300,48
1629520200,33
1629521100,45
1629522000,70
1629522900,56
1629523800,41
1629524700,34
1629525600,44
1629526500,63
1629527400,64
1629528300,53
1629529200,32
1629530100,52
1629531000,53
1629531900,63
1629532800,46
1629533700,48
1629534600,43
1629535500,64
1629536400,52
1629537300,35
1629538200,51
1629539100,57
1629540000,66
1629540900,56
1629541800,29
1629542700,51
1629543600,42
1629544500,85
1629545400,51
1629546300,39
1629547200,45
1629548100,38
1629549000,72
1629549900,51
1629550800,48
1629551700,52
1629552600,41
1629553500,78
1629554400,29
1629555300,53
1629556200,44
1629557100,67
1629558000,66
1629558900,37
1629559800,44
1629560700,35
1629561600,67
1629562500,74
1629563400,41
1629564300,59
1629565200,28
1629566100,76
1629567000,46
1629567900,58
1629568800,44
1629569700,46
1629570600,67
1629571500,48
1629572400,45
1629573300,30
1629574200,51
1629575100,78
1629576000,47
1629576900,51
1629577800,30
1629578700,51
1629579600,64
1629580500,69
1629581400,43
1629582300,42
1629583200,48
1629584100,63
1629585000,53
1629585900,45
1629586800,51
1629587700,55
1629588600,65
1629589500,53
1629590400,29
1629591300,50
1629592200,52
1629593100,83
1629594000,46
1629594900,35
1629595800,45
1629596700,47
1629597600,71
1629598500,49
1629599400,43
1629600300,49
1629601200,40
1629602100,78
1629603000,32
1629603900,57
1629604800,51
1629605700,60
1629606600,69
1629607500,34
1629608400,47
1629609300,39
1629610200,52
1629611100,84
1629612000,40
1629612900,49
1629613800,33
1629614700,62
1629615600,66
1629616500,36
1629617400,56
1629618300,44
1629619200,62
1629620100,63
1629621000,37
1629621900,51
1629622800,28
1629623700,73
1629624600,60
1629625500,47
1629626400,41
1629627300,39
1629628200,66
1629629100,52
1629630000,53
1629630900,51
1629631800,39
1629632700,70
1629633600,47
1629634500,50
1629635400,32
1629636300,57
1629637200,73
1629638100,56
1629639000,45
1629639900,35
1629640800,46
1629641700,66
1629642600,63
1629643500,56
1629644400,30
1629645300,51
1629646200,59
1629647100,60
1629648000,41
1629648900,46
1629649800,47
1629650700,62
1629651600,55
1629652500,40
1629653400,39
1629654300,54
1629655200,71
1629656100,68
1629657000,35
1629657900,44
1629658800,43
1629659700,66
1629660600,60
1629661500,43
1629662400,43
1629663300,48
1629664200,65
1629665100,56
1629666000,34
1629666900,58
1629667800,48
1629668700,69
1629669600,49
1629670500,32
1629671400,46
1629672300,51
1629673200,78
1629674100,54
1629675000,26
1629675900,47
1629676800,41
1629677700,74
1629678600,49
1629679500,45
1629680400,52
1629681300,43
1629682200,72
1629683100,48
1629684000,34
1629684900,48
1629685800,48
1629686700,85
1629687600,44
1629688500,39
1629689400,46
1629690300,39
1629691200,74
1629692100,51
1629693000,49
1629693900,50
1629694800,37
1629695700,78
1629696600,39
1629697500,40
1629698400,48
1629699300,42
1629700200,82
1629701100,35
1629702000,46
1629702900,41
1629703800,36
1629704700,77
1629705600,46
1629706500,56
1629707400,40
1629708300,40
1629709200,74
1629710100,41
1629711000,48
1629711900,44
1629712800,52
1629713700,77
1629714600,44
1629715500,48
1629716400,34
1629717300,46
1629718200,80
1629719100,56
1629720000,48
1629720900,32
1629721800,45
1629722700,73
1629723600,43
1629724500,55
1629725400,37
1629726300,44
1629727200,71
1629728100,46
1629729000,47
1629729900,31
1629730800,58
1629731700,76
1629732600,49
1629733500,46
1629734400,32
1629735300,46
1629736200,63
1629737100,61
1629738000,54
1629738900,31
1629739800,48
1629740700,57
1629741600,57
1629742500,45
1629743400,47
1629744300,51
1629745200,56
1629746100,62
1629747000,36
1629747900,41
1629748800,49
1629749700,63
1629750600,72
1629751500,30
1629752400,45
1629753300,44
1629754200,57
1629755100,69
1629756000,43
1629756900,47
1629757800,43
1629758700,54
1629759600,66
1629760500,31
1629761400,52
1629762300,48
1629763200,64
1629764100,64
1629765000,34
1629765900,46
1629766800,36
1629767700,61
1629768600,75
1629769500,40
1629770400,49
1629771300,30
1629772200,63
1629773100,60
1629774000,40
1629774900,53
1629775800,38
1629776700,54
1629777600,63
1629778500,40
1629779400,45
1629780300,34
1629781200,62
1629782100,66
1629783000,53
1629783900,35
1629784800,43
1629785700,49
1629786600,65
1629787500,48
1629788400,44
1629789300,52
1629790200,46
1629791100,65
1629792000,53
1629792900,29
1629793800,50
1629794700,46
1629795600,80
1629796500,46
1629797400,36
1629798300,44
1629799200,33
1629800100,80
1629801000,55
1629801900,37
1629802800,50
1629803700,28
1629804600,79
1629805500,41
1629806400,56
1629807300,47
1629808200,42
1629809100,71
1629810000,44
1629810900,46
1629811800,37
1629812700,52
1629813600,78
1629814500,48
1629815400,49
1629816300,30
1629817200,51
1629818100,56
1629819000,75
1629819900,42
1629820800,44
1629821700,43
1629822600,60
1629823500,60
1629824400,41
1629825300,55
1629826200,38
1629827100,56
1629828000,65
1629828900,32
1629829800,49
1629830700,36
1629831600,80
1629832500,54
1629833400,44
1629834300,44
1629835200,36
1629836100,65
1629837000,62
1629837900,57
1629838800,38
1629839700,42
1629840600,60
1629841500,60
1629842400,43
1629843300,49
1629844200,54
1629845100,47
1629846000,74
1629846900,29
1629847800,50
1629848700,30
1629849600,72
1629850500,69
1629851400,37
1629852300,40
1629853200,37
1629854100,55
1629855000,61
1629855900,53
1629856800,49
1629857700,40
1629858600,56
1629859500,59
1629860400,51
1629861300,29
1629862200,56
1629863100,51
1629864000,77
1629864900,44
1629865800,36
1629866700,43
1629867600,38
1629868500,78
1629869400,56
1629870300,41
1629871200,49
1629872100,31
1629873000,78
1629873900,39
1629874800,45
1629875700,52
1629876600,39
1629877500,70
1629878400,42
1629879300,45
1629880200,39
1629881100,40
1629882000,82
1629882900,51
1629883800,50
1629884700,28
1629885600,49
1629886500,60
1629887400,61
1629888300,50
1629889200,43
1629890100,44
1629891000,59
1629891900,56
1629892800,39
1629893700,46
1629894600,56
1629895500,57
1629896400,66
1629897300,27
1629898200,51
1629899100,32
1629900000,79
1629900900,65
1629901800,34
1629902700,43
1629903600,34
1629904500,69
1629905400,57
1629906300,55
1629907200,47
1629908100,37
1629909000,80
1629909900,45
1629910800,51
1629911700,38
1629912600,57
1629913500,57
1629914400,61
1629915300,44
1629916200,35
1629917100,45
1629918000,61
1629918900,72
1629919800,40
1629920700,40
1629921600,47
1629922500,47
1629923400,76
1629924300,40
1629925200,54
1629926100,35
1629927000,54
1629927900,62
1629928800,35
1629929700,52
1629930600,44
1629931500,60
1629932400,65
1629933300,38
1629934200,49
1629935100,30
1629936000,71
1629936900,65
1629937800,50
1629938700,34
1629939600,44
1629940500,56
1629941400,59
1629942300,54
1629943200,46
1629944100,45
1629945000,55
1629945900,62
1629946800,46
1629947700,31
1629948600,60
1629949500,52
1629950400,75
1629951300,34
1629952200,39
1629953100,38
1629954000,50
1629954900,77
1629955800,44
1629956700,47
1629957600,37
1629958500,53
1629959400,69
1629960300,31
1629961200,58
1629962100,39
1629963000,62
1629963900,60
1629964800,44
1629965700,40
1629966600,36
1629967500,64
1629968400,68
1629969300,45
1629970200,39
1629971100,37
1629972000,63
1629972900,55
1629973800,59
1629974700,36
1629975600,48
1629976500,50
1629977400,59
1629978300,41
1629979200,38
1629980100,52
1629981000,52
1629981900,70
1629982800,39
1629983700,37
1629984600,49
1629985500,47
1629986400,86
1629987300,32
1629988200,50
1629989100,37
1629990000,58
1629990900,67
1629991800,41
1629992700,56
1629993600,40
1629994500,56
1629995400,70
1629996300,35
1629997200,51
1629998100,37
1629999000,74
1629999900,55
1630000800,48
1630001700,38
1630002600,34
1630003500,56
1630004400,69
1630005300,53
1630006200,34
1630007100,43
1630008000,57
1630008900,59
1630009800,53
1630010700,39
1630011600,57
1630012500,45
1630013400,72
1630014300,38
1630015200,41
1630016100,46
1630017000,60
1630017900,77
1630018800,36
1630019700,43
1630020600,45
1630021500,48
1630022400,75
1630023300,39
1630024200,61
1630025100,30
1630026000,61
1630026900,65
1630027800,33
1630028700,42
1630029600,41
1630030500,67
1630031400,72
1630032300,36
1630033200,50
1630034100,28
1630035000,60
1630035900,62
1630036800,58
1630037700,45
1630038600,37
1630039500,54
1630040400,61
1630041300,44
1630042200,41
1630043100,45
1630044000,67
1630044900,58
1630045800,51
1630046700,28
1630047600,50
1630048500,44
1630049400,73
1630050300,57
1630051200,36
1630052100,46
1630053000,38
1630053900,64
1630054800,51
1630055700,33
1630056600,59
1630057500,36
1630058400,81
1630059300,43
1630060200,42
1630061100,43
1630062000,40
1630062900,83
1630063800,47
1630064700,44
1630065600,43
1630066500,38
1630067400,78
1630068300,37
1630069200,61
1630070100,35
1630071000,54
1630071900,65
1630072800,48
1630073700,44
1630074600,39
1630075500,59
1630076400,69
1630077300,48
1630078200,37
1630079100,34
1630080000,53
1630080900,63
1630081800,63
1630082700,34
1630083600,50
1630084500,41
1630085400,72
1630086300,47
1630087200,40
1630088100,56
1630089000,43
1630089900,73
1630090800,45
1630091700,37
1630092600,50
1630093500,41
1630094400,87
1630095300,36
1630096200,47
1630097100,40
1630098000,43
1630098900,76
1630099800,50
1630100700,52
1630101600,40
1630102500,43
1630103400,73
1630104300,34
1630105200,49
1630106100,42
1630107000,62
1630107900,66
1630108800,49
1630109700,45
1630110600,36
1630111500,47
1630112400,76
1630113300,59
1630114200,45
1630115100,34
1630116000,54
1630116900,58
1630117800,57
1630118700,39
1630119600,56
1630120500,42
1630121400,68
1630122300,53
1630123200,35
1630124100,46
1630125000,41
1630125900,81
1630126800,57
1630127700,34
1630128600,45
1630129500,25
1630130400,76
1630131300,44
1630132200,57
1630133100,45
1630134000,41
1630134900,70
1630135800,46
1630136700,44
1630137600,38
1630138500,52
1630139400,75
1630140300,48
1630141200,49
1630142100,28
1630143000,50
1630143900,61
1630144800,69
1630145700,48
1630146600,38
1630147500,44
1630148400,60
1630149300,57
1630150200,48
1630151100,48
1630152000,55
1630152900,56
1630153800,60
1630154700,26
1630155600,47
1630156500,41
1630157400,79
1630158300,57
1630159200,40
1630160100,46
1630161000,42
1630161900,70
1630162800,56
1630163700,51
1630164600,44
1630165500,36
1630166400,75
1630167300,41
1630168200,54
1630169100,42
1630170000,56
1630170900,59
1630171800,60
1630172700,40
1630173600,42
1630174500,48
1630175400,71
1630176300,60
1630177200,33
1630178100,47
1630179000,34
1630179900,64
1630180800,62
1630181700,45
1630182600,49
1630183500,31
1630184400,74
1630185300,49
1630186200,42
1630187100,51
1630188000,47
1630188900,69
1630189800,47
1630190700,48
1630191600,37
1630192500,42
1630193400,75
1630194300,60
1630195200,49
1630196100,31
1630197000,49
1630197900,55
1630198800,63
1630199700,48
1630200600,48
1630201500,45
1630202400,52
1630203300,65
1630204200,36
1630205100,37
1630206000,51
1630206900,59
1630207800,69
1630208700,34
1630209600,44
1630210500,43
1630211400,51
1630212300,73
1630213200,43
1630214100,51
1630215000,41
1630215900,53
1630216800,70
1630217700,31
1630218600,51
1630219500,40
1630220400,65
1630221300,68
1630222200,35
1630223100,48
1630224000,31
1630224900,55
1630225800,77
1630226700,50
1630227600,46
1630228500,32
1630229400,51
1630230300,58
1630231200,47
1630232100,48
1630233000,48
1630233900,55
1630234800,61
1630235700,49
1630236600,35
1630237500,45
1630238400,56
1630239300,77
1630240200,50
1630241100,33
1630242000,48
1630242900,41
1630243800,75
1630244700,57
1630245600,44
1630246500,50
1630247400,33
1630248300,77
1630249200,43
1630250100,42
1630251000,58
1630251900,41
1630252800,77
1630253700,41
1630254600,43
1630255500,39
1630256400,32
1630257300,87
1630258200,50
1630259100,49
1630260000,37
1630260900,41
1630261800,71
1630262700,44
1630263600,55
1630264500,48
1630265400,43
1630266300,67
1630267200,49
1630268100,48
1630269000,31
1630269900,56
1630270800,69
1630271700,61
1630272600,46
1630273500,33
1630274400,45
1630275300,54
1630276200,63
1630277100,57
1630278000,39
1630278900,48
1630279800,43
1630280700,66
1630281600,37
1630282500,40
1630283400,52
1630284300,56
1630285200,72
1630286100,40
1630287000,39
1630287900,49
1630288800,38
1630289700,80
1630290600,42
1630291500,55
1630292400,42
1630293300,40
1630294200,74
1630295100,39
1630296000,44
1630296900,44
1630297800,46
1630298700,86
1630299600,40
1630300500,46
1630301400,34
1630302300,45
1630303200,65
1630304100,52
1630305000,53
1630305900,34
1630306800,41
1630307700,65
1630308600,53
1630309500,47
1630310400,29
1630311300,59
1630312200,56
1630313100,71
1630314000,40
1630314900,39
1630315800,44
1630316700,47
1630317600,79
1630318500,47
1630319400,44
1630320300,47
1630321200,41
1630322100,80
1630323000,31
1630323900,57
1630324800,47
1630325700,51
1630326600,74
1630327500,39
1630328400,42
1630329300,38
1630330200,50
1630331100,80
1630332000,38
1630332900,53
1630333800,29
1630334700,50
1630335600,62
1630336500,59
1630337400,48
1630338300,45
1630339200,45
1630340100,60
1630341000,56
1630341900,38
1630342800,40
1630343700,57
1630344600,62
1630345500,65
1630346400,29
1630347300,50
1630348200,34
1630349100,63
1630350000,71
1630350900,46
1630351800,46
1630352700,35
1630353600,61
1630354500,64
1630355400,41
1630356300,42
1630357200,45
1630358100,63
1630359000,57
1630359900,50
1630360800,32
1630361700,44
1630362600,49
1630363500,74
1630364400,60
1630365300,36
1630366200,44
1630367100,44
1630368000,63
1630368900,58
1630369800,30
1630370700,60
1630371600,46
1630372500,66
1630373400,58
1630374300,35
1630375200,43
1630376100,41
1630377000,58
1630377900,79
1630378800,36
1630379700,49
1630380600,32
1630381500,54
1630382400,62
1630383300,37
1630384200,43
1630385100,44
1630386000,63
1630386900,67
1630387800,36
1630388700,48
1630389600,28
1630390500,52
1630391400,61
1630392300,59
1630393200,50
1630394100,36
1630395000,42
1630395900,61
1630396800,51
1630397700,46
1630398600,35
1630399500,58
1630400400,54
1630401300,65
1630402200,36
1630403100,40
1630404000,47
1630404900,50
1630405800,75
1630406700,40
1630407600,36
1630408500,47
1630409400,43
1630410300,75
1630411200,29
1630412100,55
1630413000,46
1630413900,50
1630414800,71
1630415700,36
1630416600,45
1630417500,36
1630418400,46
1630419300,86
1630420200,47
1630421100,48
1630422000,29
1630422900,50
1630423800,61
1630424700,55
1630425600,53
1630426500,44
1630427400,44
1630428300,58
1630429200,60
1630430100,41
1630431000,37
1630431900,49
1630432800,57
1630433700,71
1630434600,28
1630435500,50
1630436400,36
1630437300,59
1630438200,66
1630439100,46
1630440000,52
1630440900,34
1630441800,54
1630442700,72
1630443600,34
1630444500,51
1630445400,35
1630446300,64
1630447200,68
1630448100,47
1630449000,42
1630449900,39
1630450800,43
1630451700,64
1630452600,60
1630453500,56
1630454400,32
1630455300,50
1630456200,53
1630457100,57
1630458000,34
1630458900,42
1630459800,54
1630460700,61
1630461600,66
1630462500,36
1630463400,43
1630464300,43
1630465200,46
1630466100,74
1630467000,39
1630467900,56
1630468800,35
1630469700,50
1630470600,71
1630471500,35
1630472400,44
1630473300,35
1630474200,54
1630475100,82
1630476000,42
1630476900,47
1630477800,28
1630478700,48
1630479600,58
1630480500,62
1630481400,50
1630482300,38
1630483200,41
1630484100,51
1630485000,63
1630485900,40
1630486800,36
1630487700,57
1630488600,53
1630489500,73
1630490400,29
1630491300,47
1630492200,41
1630493100,47
1630494000,79
1630494900,44
1630495800,46
1630496700,37
1630497600,44
1630498500,74
1630499400,35
1630500300,65
1630501200,37
1630502100,53
1630503000,64
1630503900,53
1630504800,42
1630505700,37
1630506600,49
1630507500,66
1630508400,56
1630509300,41
1630510200,36
1630511100,50
1630512000,52
1630512900,66
1630513800,40
1630514700,54
1630515600,40
1630516500,57
1630517400,62
1630518300,35
1630519200,43
1630520100,49
1630521000,62
1630521900,70
1630522800,31
1630523700,50
1630524600,31
1630525500,57
1630526400,74
1630527300,48
1630528200,45
1630529100,35
1630530000,52
1630530900,71
1630531800,35
1630532700,49
1630533600,36
1630534500,58
1630535400,62
1630536300,50
1630537200,39
1630538100,37
1630539000,48
1630539900,73
1630540800,60
1630541700,42
1630542600,35
1630543500,51
1630544400,58
1630545300,58
1630546200,35
1630547100,57
1630548000,46
1630548900,63
1630549800,58
1630550700,33
1630551600,44
1630552500,38
1630553400,70
1630554300,71
1630555200,34
1630556100,51
1630557000,28
1630557900,62
1630558800,51
1630559700,43
1630560600,53
1630561500,42
1630562400,57
1630563300,56
1630564200,43
1630565100,42
1630566000,35
1630566900,68
1630567800,64
1630568700,51
1630569600,29
1630570500,47
1630571400,46
1630572300,66
1630573200,45
1630574100,43
1630575000,50
1630575900,45
1630576800,65
1630577700,52
1630578600,28
1630579500,49
1630580400,45
1630581300,85
1630582200,42
1630583100,35
1630584000,41
1630584900,26
1630585800,70
1630586700,56
1630587600,72
1630588500,56
1630589400,43
1630590300,89
1630591200,55
1630592100,60
1630593000,56
1630593900,57
1630594800,84
1630595700,60
1630596600,56
1630597500,43
1630598400,47
1630599300,81
1630600200,62
1630601100,61
1630602000,38
1630602900,52
1630603800,66
1630604700,60
1630605600,60
1630606500,49
1630607400,59
1630608300,59
1630609200,66
1630610100,31
1630611000,37
1630611900,40
1630612800,60
1630613700,95
1630614600,47
1630615500,57
1630616400,45
1630617300,68
1630618200,78
1630619100,53
1630620000,67
1630620900,44
1630621800,69
1630622700,69
1630623600,57
1630624500,42
1630625400,57
1630626300,70
1630627200,72
1630628100,56
1630629000,36
1630629900,60
1630630800,46
1630631700,79
1630632600,67
1630633500,44
1630634400,59
1630635300,37
1630636200,67
1630637100,42
1630638000,30
1630638900,49
1630639800,72
1630640700,94
1630641600,52
1630642500,50
1630643400,58
1630644300,38
1630645200,85
1630646100,61
1630647000,66
1630647900,46
1630648800,47
1630649700,86
1630650600,41
1630651500,59
1630652400,42
1630653300,62
1630654200,78
1630655100,51
1630656000,59
1630656900,35
1630657800,54
1630658700,61
1630659600,75
1630660500,59
1630661400,40
1630662300,41
1630663200,45
1630664100,65
1630665000,26
1630665900,56
1630666800,38
1630667700,67
1630668600,57
1630669500,42
1630670400,43
1630671300,35
1630672200,57
1630673100,69
1630674000,53
1630674900,37
1630675800,41
1630676700,54
1630677600,64
1630678500,49
1630679400,36
1630680300,62
1630681200,37
1630682100,80
1630683000,32
1630683900,45
1630684800,41
1630685700,45
1630686600,85
1630687500,42
1630688400,43
1630689300,35
1630690200,37
1630691100,78
1630692000,36
1630692900,57
1630693800,38
1630694700,50
1630695600,63
1630696500,52
1630697400,41
1630698300,35
1630699200,47
1630700100,72
1630701000,60
1630701900,45
1630702800,33
1630703700,51
1630704600,52
1630705500,64
1630706400,42
1630707300,53
1630708200,47
1630709100,52
1630710000,67
1630710900,34
1630711800,44
1630712700,41
1630713600,60
1630714500,77
1630715400,26
1630716300,48
1630717200,33
1630718100,58
1630719000,67
1630719900,38
1630720800,53
1630721700,44
1630722600,51
1630723500,68
1630724400,41
1630725300,47
1630726200,33
1630727100,53
1630728000,67
1630728900,65
1630729800,31
1630730700,47
1630731600,38
1630732500,66
1630733400,54
1630734300,34
1630735200,53
1630736100,42
1630737000,64
1630737900,58
1630738800,35
1630739700,43
1630740600,25
1630741500,65
1630742400,61
1630743300,57
1630744200,37
1630745100,40
1630746000,56
1630746900,58
1630747800,44
1630748700,37
1630749600,49
1630750500,63
1630751400,64
1630752300,51
1630753200,28
1630754100,49
1630755000,33
1630755900,79
1630756800,48
1630757700,53
1630758600,43
1630759500,35
1630760400,72
1630761300,44
1630762200,42
1630763100,43
1630764000,39
1630764900,88
1630765800,42
1630766700,49
1630767600,33
1630768500,46
1630769400,61
1630770300,53
1630771200,47
1630772100,94
1630773000,363
1630773900,893
1630774800,410
1630775700,573
1630776600,521
1630777500,931
1630778400,496
1630779300,479
1630780200,466
1630781100,567
1630782000,759
1630782900,504
1630783800,514
1630784700,689
1630785600,802
1630786500,325
1630787400,328
1630788300,375
1630789200,277
1630790100,275
1630791000,298
1630791900,311
1630792800,313
1630793700,250
1630794600,252
1630795500,110
1630796400,113
1630797300,114
1630798200,116
1630799100,105
1630800000,90
1630800900,117
1630801800,107
1630802700,132
1630803600,128
1630804500,90
1630805400,96
1630806300,95
1630807200,121
1630808100,77
1630809000,99
1630809900,80
1630810800,102
1630811700,127
1630812600,101
1630813500,94
1630814400,90
1630815300,93
1630816200,119
1630817100,134
1630818000,135
1630818900,120
1630819800,129
1630820700,119
1630821600,355
1630822500,313
1630823400,891
1630824300,766
1630825200,780
1630826100,794
1630827000,690
1630827900,284
1630828800,266
1630829700,252
1630830600,308
1630831500,238
1630832400,240
1630833300,381
1630834200,375
1630835100,618
1630836000,701
1630836900,342
1630837800,574
1630838700,677
1630839600,448
1630840500,981
1630841400,925
1630842300,849
1630843200,562
1630844100,378
1630845000,372
1630845900,367
1630846800,331
1630847700,400
1630848600,919
1630849500,864
1630850400,835
1630851300,459
1630852200,348
1630853100,328
1630854000,407
1630854900,337
1630855800,309
1630856700,395
1630857600,716
1630858500,1074
1630859400,873
1630860300,880
1630861200,716
1630862100,447
1630863000,425
1630863900,557
1630864800,485
1630865700,840
1630866600,997
1630867500,1103
1630868400,509
1630869300,454
1630870200,406
1630871100,411
1630872000,624
1630872900,708
1630873800,337
1630874700,173
1630875600,153
1630876500,140
1630877400,175
1630878300,132
1630879200,98
1630880100,113
1630881000,105
1630881900,123
1630882800,134
1630883700,96
1630884600,115
1630885500,95
1630886400,106
1630887300,130
1630888200,108
1630889100,121
1630890000,95
1630890900,100
1630891800,106
1630892700,110
1630893600,88
1630894500,97
1630895400,105
1630896300,107
1630897200,116
1630898100,111
1630899000,104
1630899900,96
1630900800,97
1630901700,163
1630902600,359
1630903500,191
1630904400,107
1630905300,100
1630906200,297
1630907100,146
1630908000,224
1630908900,158
1630909800,125
1630910700,157
1630911600,270
1630912500,592
1630913400,658
1630914300,707
1630915200,703
1630916100,618
1630917000,1243
1630917900,1214
1630918800,1213
1630919700,1489
1630920600,1466
1630921500,869
1630922400,767
1630923300,546
1630924200,258
1630925100,288
1630926000,264
1630926900,233
1630927800,642
1630928700,1154
1630929600,856
1630930500,824
1630931400,703
1630932300,369
1630933200,321
1630934100,747
1630935000,769
1630935900,778
1630936800,750
1630937700,744
1630938600,811
1630939500,630
1630940400,358
1630941300,247
1630942200,254
1630943100,255
1630944000,270
1630944900,257
1630945800,792
1630946700,1198
1630947600,872
1630948500,796
1630949400,815
1630950300,1132
1630951200,628
1630952100,634
1630953000,401
1630953900,954
1630954800,395
1630955700,351
1630956600,440
1630957500,406
1630958400,358
1630959300,281
1630960200,306
1630961100,297
1630962000,286
1630962900,189
1630963800,180
1630964700,142
1630965600,123
1630966500,125
1630967400,150
1630968300,151
1630969200,130
1630970100,125
1630971000,124
1630971900,134
1630972800,149
1630973700,121
1630974600,120
1630975500,126
1630976400,135
1630977300,175
1630978200,126
1630979100,99
1630980000,113
1630980900,104
1630981800,138
1630982700,130
1630983600,117
1630984500,127
1630985400,107
1630986300,131
1630987200,151
1630988100,372
1630989000,239
1630989900,233
1630990800,302
1630991700,268
1630992600,208
1630993500,181
1630994400,202
1630995300,200
1630996200,270
1630997100,255
1630998000,192
1630998900,168
1630999800,158
1631000700,187
1631001600,183
1631002500,176
1631003400,205
1631004300,154
1631005200,304
1631006100,728
1631007000,241
1631007900,174
1631008800,184
1631009700,209
1631010600,222
1631011500,191
1631012400,187
1631013300,210
1631014200,196
1631015100,211
1631016000,199
1631016900,184
1631017800,173
1631018700,186
1631019600,196
1631020500,200
1631021400,196
1631022300,185
1631023200,222
1631024100,184
1631025000,215
1631025900,182
1631026800,184
1631027700,189
1631028600,185
1631029500,220
1631030400,179
1631031300,175
1631032200,209
1631033100,193
1631034000,235
1631034900,216
1631035800,210
1631036700,261
1631037600,298
1631038500,318
1631039400,306
1631040300,288
1631041200,297
1631042100,301
1631043000,313
1631043900,316
1631044800,303
1631045700,244
1631046600,277
1631047500,298
1631048400,286
1631049300,258
1631050200,203
1631051100,107
1631052000,105
1631052900,135
1631053800,107
1631054700,79
1631055600,92
1631056500,92
1631057400,113
1631058300,140
1631059200,95
1631060100,102
1631061000,85
1631061900,107
1631062800,158
1631063700,140
1631064600,104
1631065500,104
1631066400,98
1631067300,128
1631068200,87
1631069100,109
1631070000,103
1631070900,155
1631071800,133
1631072700,144
1631073600,264
1631074500,103
1631075400,122
1631076300,160
1631077200,141
1631078100,135
1631079000,115
1631079900,136
1631080800,217
1631081700,572
1631082600,315
1631083500,212
1631084400,741
1631085300,358
1631086200,413
1631087100,378
1631088000,789
1631088900,335
1631089800,242
1631090700,280
1631091600,258
1631092500,246
1631093400,542
1631094300,354
1631095200,281
1631096100,280
1631097000,270
1631097900,305
1631098800,237
1631099700,204
1631100600,272
1631101500,254
1631102400,225
1631103300,259
1631104200,240
1631105100,281
1631106000,255
1631106900,265
1631107800,280
1631108700,297
1631109600,368
1631110500,363
1631111400,682
1631112300,513
1631113200,559
1631114100,391
1631115000,859
1631115900,372
1631116800,301
1631117700,324
1631118600,319
1631119500,339
1631120400,357
1631121300,303
1631122200,320
1631123100,318
1631124000,384
1631124900,358
1631125800,314
1631126700,303
1631127600,297
1631128500,333
1631129400,280
1631130300,292
1631131200,288
1631132100,248
1631133000,243
1631133900,192
1631134800,127
1631135700,104
1631136600,131
1631137500,138
1631138400,97
1631139300,103
1631140200,88
1631141100,114
1631142000,115
1631142900,119
1631143800,107
1631144700,90
1631145600,132
1631146500,98
1631147400,128
1631148300,87
1631149200,97
1631150100,110
1631151000,169
1631151900,137
1631152800,92
1631153700,105
1631154600,88
1631155500,95
1631156400,124
1631157300,101
1631158200,117
1631159100,106
1631160000,168
1631160900,239
1631161800,127
1631162700,131
1631163600,106
1631164500,184
1631165400,756
1631166300,612
1631167200,627
1631168100,690
1631169000,693
1631169900,679
1631170800,492
1631171700,221
1631172600,232
1631173500,243
1631174400,218
1631175300,272
1631176200,239
1631177100,204
1631178000,216
1631178900,210
1631179800,257
1631180700,246
1631181600,791
1631182500,327
1631183400,223
1631184300,241
1631185200,271
1631186100,236
1631187000,219
1631187900,206
1631188800,221
1631189700,417
1631190600,587
1631191500,452
1631192400,207
1631193300,444
1631194200,670
1631195100,195
1631196000,215
1631196900,135
1631197800,140
1631198700,158
1631199600,169
1631200500,126
1631201400,125
1631202300,131
1631203200,149
1631204100,148
1631205000,141
1631205900,125
1631206800,138
1631207700,145
1631208600,296
1631209500,296
1631210400,325
1631211300,336
1631212200,343
1631213100,350
1631214000,321
1631214900,330
1631215800,305
1631216700,311
1631217600,348
1631218500,299
1631219400,291
1631220300,216
1631221200,164
1631222100,125
1631223000,85
1631223900,109
1631224800,95
1631225700,109
1631226600,164
1631227500,98
1631228400,107
1631229300,86
1631230200,111
1631231100,125
1631232000,125
1631232900,96
1631233800,98
1631234700,102
1631235600,114
1631236500,118
1631237400,108
1631238300,130
1631239200,114
1631240100,102
1631241000,128
1631241900,88
1631242800,103
1631243700,95
1631244600,107
1631245500,133
1631246400,254
1631247300,109
1631248200,130
1631249100,123
1631250000,133
1631250900,92
1631251800,130
1631252700,111
1631253600,127
1631254500,583
1631255400,351
1631256300,170
1631257200,185
1631258100,208
1631259000,239
1631259900,236
1631260800,221
1631261700,186
1631262600,180
1631263500,210
1631264400,193
1631265300,192
1631266200,229
1631267100,453
1631268000,784
1631268900,889
1631269800,277
1631270700,207
1631271600,222
1631272500,221
1631273400,227
1631274300,225
1631275200,628
1631276100,401
1631277000,391
1631277900,333
1631278800,731
1631279700,605
1631280600,643
1631281500,674
1631282400,715
1631283300,483
1631284200,211
1631285100,469
1631286000,193
1631286900,202
1631287800,231
1631288700,200
1631289600,211
1631290500,202
1631291400,210
1631292300,313
1631293200,250
1631294100,255
1631295000,271
1631295900,293
1631296800,305
1631297700,375
1631298600,377
1631299500,352
1631300400,304
1631301300,292
1631302200,359
1631303100,321
1631304000,281
1631304900,253
1631305800,216
1631306700,192
1631307600,196
1631308500,100
1631309400,108
1631310300,87
1631311200,106
1631312100,139
1631313000,89
1631313900,108
1631314800,145
1631315700,101
1631316600,144
1631317500,105
1631318400,126
1631319300,95
1631320200,106
1631321100,129
1631322000,111
1631322900,117
1631323800,100
1631324700,108
1631325600,99
1631326500,116
1631327400,130
1631328300,87
1631329200,99
1631330100,112
1631331000,122
1631331900,119
1631332800,87
1631333700,185
1631334600,206
1631335500,176
1631336400,180
1631337300,150
1631338200,159
1631339100,181
1631340000,348
1631340900,871
1631341800,835
1631342700,747
1631343600,824
1631344500,816
1631345400,476
1631346300,192
1631347200,209
1631348100,168
1631349000,251
1631349900,180
1631350800,174
1631351700,153
1631352600,175
1631353500,193
1631354400,208
1631355300,452
1631356200,443
1631357100,763
1631358000,459
1631358900,255
1631359800,430
1631360700,703
1631361600,228
1631362500,231
1631363400,226
1631364300,228
1631365200,288
1631366100,198
1631367000,200
1631367900,203
1631368800,200
1631369700,224
1631370600,196
1631371500,204
1631372400,239
1631373300,256
1631374200,291
1631375100,275
1631376000,254
1631376900,287
1631377800,265
1631378700,297
1631379600,319
1631380500,318
1631381400,474
1631382300,297
1631383200,360
1631384100,350
1631385000,344
1631385900,311
1631386800,315
1631387700,355
1631388600,374
1631389500,393
1631390400,285
1631391300,277
1631392200,274
1631393100,278
1631394000,264
1631394900,236
1631395800,231
1631396700,217
1631397600,164
1631398500,135
1631399400,131
1631400300,110
1631401200,107
1631402100,99
1631403000,109
1631403900,145
1631404800,118
1631405700,105
1631406600,106
1631407500,103
1631408400,127
1631409300,126
1631410200,118
1631411100,111
1631412000,110
1631412900,112
1631413800,131
1631414700,97
1631415600,89
1631416500,91
1631417400,115
1631418300,122
1631419200,126
1631420100,90
1631421000,167
1631421900,177
1631422800,301
1631423700,167
1631424600,147
1631425500,240
1631426400,272
1631427300,600
1631428200,1112
1631429100,1202
1631430000,570
1631430900,314
1631431800,460
1631432700,297
1631433600,297
1631434500,346
1631435400,299
1631436300,281
1631437200,288
1631438100,293
1631439000,841
1631439900,486
1631440800,584
1631441700,503
1631442600,323
1631443500,737
1631444400,438
1631445300,271
1631446200,275
1631447100,294
1631448000,339
1631448900,270
1631449800,292
1631450700,268
1631451600,296
1631452500,309
1631453400,283
1631454300,277
1631455200,280
1631456100,290
1631457000,298
1631457900,310
1631458800,323
1631459700,274
1631460600,311
1631461500,403
1631462400,752
1631463300,718
1631464200,375
1631465100,524
1631466000,1482
1631466900,962
1631467800,826
1631468700,822
1631469600,928
1631470500,932
1631471400,697
1631472300,500
1631473200,441
1631474100,441
1631475000,447
1631475900,420
1631476800,426
1631477700,368
1631478600,364
1631479500,364
1631480400,319
1631481300,371
1631482200,356
1631483100,173
1631484000,115
1631484900,95
1631485800,117
1631486700,118
1631487600,122
1631488500,133
1631489400,102
1631490300,114
1631491200,134
1631492100,132
1631493000,113
1631493900,109
1631494800,112
1631495700,112
1631496600,145
1631497500,102
1631498400,111
1631499300,156
1631500200,158
1631501100,145
1631502000,121
1631502900,112
1631503800,121
1631504700,120
1631505600,147
1631506500,442
1631507400,567
1631508300,242
1631509200,714
1631510100,464
1631511000,319
1631511900,516
1631512800,634
1631513700,288
1631514600,308
1631515500,337
1631516400,811
1631517300,639
1631518200,781
1631519100,646
1631520000,701
1631520900,755
1631521800,732
1631522700,639
1631523600,565
1631524500,925
1631525400,1459
1631526300,688
1631527200,773
1631528100,644
1631529000,533
1631529900,261
1631530800,610
1631531700,500
1631532600,398
1631533500,256
1631534400,257
1631535300,285
1631536200,282
1631537100,250
1631538000,254
1631538900,249
1631539800,282
1631540700,323
1631541600,305
1631542500,318
1631543400,289
1631544300,288
1631545200,298
1631546100,273
1631547000,270
1631547900,272
1631548800,285
1631549700,310
1631550600,537
1631551500,554
1631552400,520
1631553300,376
1631554200,831
1631555100,630
1631556000,392
1631556900,456
1631557800,460
1631558700,403
1631559600,488
1631560500,477
1631561400,463
1631562300,445
1631563200,380
1631564100,370
1631565000,415
1631565900,361
1631566800,338
1631567700,338
1631568600,274
1631569500,235
1631570400,231
1631571300,101
1631572200,112
1631573100,134
1631574000,136
1631574900,141
1631575800,97
1631576700,113
1631577600,113
1631578500,111
1631579400,149
1631580300,121
1631581200,118
1631582100,114
1631583000,108
1631583900,119
1631584800,128
1631585700,109
1631586600,123
1631587500,115
1631588400,105
1631589300,140
1631590200,189
1631591100,192
1631592000,137
1631592900,262
1631593800,221
1631594700,255
1631595600,188
1631596500,205
1631597400,423
1631598300,721
1631599200,705
1631600100,374
1631601000,265
1631601900,297
1631602800,301
1631603700,298
1631604600,293
1631605500,251
1631606400,212
1631607300,225
1631608200,230
1631609100,263
1631610000,238
1631610900,238
1631611800,251
1631612700,251
1631613600,561
1631614500,626
1631615400,344
1631616300,345
1631617200,380
1631618100,758
1631619000,1246
1631619900,897
1631620800,779
1631621700,437
1631622600,846
1631623500,672
1631624400,602
1631625300,377
1631626200,842
1631627100,471
1631628000,327
1631628900,365
1631629800,584
1631630700,1154
1631631600,910
1631632500,735
1631633400,704
1631634300,365
1631635200,730
1631636100,816
1631637000,720
1631637900,344
1631638800,341
1631639700,568
1631640600,829
1631641500,803
1631642400,864
1631643300,843
1631644200,1157
1631645100,771
1631646000,530
1631646900,380
1631647800,381
1631648700,417
1631649600,407
1631650500,407
1631651400,356
1631652300,349
1631653200,329
1631654100,299
1631655000,281
1631655900,218
1631656800,175
1631657700,120
1631658600,141
1631659500,141
1631660400,100
1631661300,130
1631662200,99
1631663100,134
1631664000,134
1631664900,103
1631665800,132
1631666700,99
1631667600,141
1631668500,138
1631669400,108
1631670300,123
1631671200,88
1631672100,122
1631673000,105
1631673900,125
1631674800,103
1631675700,113
1631676600,119
1631677500,136
1631678400,143
1631679300,203
1631680200,395
1631681100,214
1631682000,270
1631682900,276
1631683800,250
1631684700,239
1631685600,227
1631686500,253
1631687400,254
1631688300,319
1631689200,222
1631690100,274
1631691000,222
1631691900,245
1631692800,236
1631693700,253
1631694600,213
1631695500,236
1631696400,212
1631697300,341
1631698200,265
1631699100,251
1631700000,154
1631700900,168
1631701800,158
1631702700,250
1631703600,184
1631704500,176
1631705400,161
1631706300,189
1631707200,200
1631708100,230
1631709000,187
1631709900,191
1631710800,184
1631711700,185
1631712600,219
1631713500,190
1631714400,197
1631715300,205
1631716200,220
1631717100,196
1631718000,214
1631718900,185
1631719800,290
1631720700,264
1631721600,228
1631722500,253
1631723400,289
1631724300,272
1631725200,281
1631726100,689
1631727000,879
1631727900,818
1631728800,652
1631729700,434
1631730600,417
1631731500,392
1631732400,411
1631733300,406
1631734200,381
1631735100,393
1631736000,383
1631736900,354
1631737800,372
1631738700,253
1631739600,271
1631740500,254
1631741400,276
1631742300,250
1631743200,112
1631744100,106
1631745000,105
1631745900,112
1631746800,114
1631747700,124
1631748600,118
1631749500,88
1631750400,109
1631751300,91
1631752200,131
1631753100,114
1631754000,105
1631754900,101
1631755800,91
1631756700,111
1631757600,122
1631758500,108
1631759400,102
1631760300,87
1631761200,281
1631762100,130
1631763000,143
1631763900,138
1631764800,234
1631765700,192
1631766600,218
1631767500,240
1631768400,394
1631769300,579
1631770200,453
1631771100,238
1631772000,646
1631772900,560
1631773800,276
1631774700,268
1631775600,295
1631776500,267
1631777400,325
1631778300,430
1631779200,587
1631780100,604
1631781000,997
1631781900,752
1631782800,611
1631783700,630
1631784600,621
1631785500,423
1631786400,525
1631787300,439
1631788200,309
1631789100,731
1631790000,332
1631790900,394
1631791800,288
1631792700,785
1631793600,373
1631794500,280
1631795400,289
1631796300,326
1631797200,352
1631798100,343
1631799000,277
1631799900,293
1631800800,227
1631801700,222
1631802600,216
1631803500,221
1631804400,210
1631805300,195
1631806200,219
1631807100,220
1631808000,283
1631808900,569
1631809800,328
1631810700,367
1631811600,345
1631812500,365
1631813400,355
1631814300,386
1631815200,320
1631816100,361
1631817000,497
1631817900,470
1631818800,439
1631819700,368
1631820600,401
1631821500,397
1631822400,393
1631823300,351
1631824200,321
1631825100,366
1631826000,318
1631826900,330
1631827800,285
1631828700,296
1631829600,288
1631830500,252
1631831400,166
1631832300,128
1631833200,127
1631834100,164
1631835000,134
1631835900,127
1631836800,164
1631837700,123
1631838600,133
1631839500,126
1631840400,116
1631841300,163
1631842200,108
1631843100,116
1631844000,104
1631844900,110
1631845800,142
1631846700,137
1631847600,277
1631848500,117
1631849400,141
1631850300,147
1631851200,311
1631852100,537
1631853000,1060
1631853900,728
1631854800,231
1631855700,236
1631856600,248
1631857500,248
1631858400,254
1631859300,247
1631860200,282
1631861100,293
1631862000,313
1631862900,322
1631863800,302
1631864700,296
1631865600,868
1631866500,1318
1631867400,973
1631868300,359
1631869200,640
1631870100,696
1631871000,336
1631871900,537
1631872800,969
1631873700,1351
1631874600,589
1631875500,547
1631876400,470
1631877300,325
1631878200,268
1631879100,273
1631880000,288
1631880900,260
1631881800,310
1631882700,309
1631883600,280
1631884500,301
1631885400,305
1631886300,389
1631887200,386
1631888100,334
1631889000,340
1631889900,374
1631890800,382
1631891700,366
1631892600,355
1631893500,323
1631894400,309
1631895300,334
1631896200,290
1631897100,306
1631898000,308
1631898900,647
1631899800,547
1631900700,353
1631901600,360
1631902500,349
1631903400,364
1631904300,365
1631905200,376
1631906100,308
1631907000,298
1631907900,314
1631908800,299
1631909700,322
1631910600,261
1631911500,95
1631912400,89
1631913300,81
1631914200,188
1631915100,150
1631916000,113
1631916900,119
1631917800,91
1631918700,101
1631919600,158
1631920500,152
1631921400,110
1631922300,107
1631923200,123
1631924100,115
1631925000,119
1631925900,157
1631926800,117
1631927700,103
1631928600,105
1631929500,124
1631930400,109
1631931300,126
1631932200,148
1631933100,103
1631934000,120
1631934900,125
1631935800,110
1631936700,117
1631937600,255
1631938500,403
1631939400,259
1631940300,257
1631941200,183
1631942100,174
1631943000,163
1631943900,184
1631944800,243
1631945700,227
1631946600,243
1631947500,164
1631948400,133
1631949300,169
1631950200,133
1631951100,140
1631952000,122
1631952900,154
1631953800,170
1631954700,184
1631955600,158
1631956500,177
1631957400,540
1631958300,374
1631959200,613
1631960100,316
1631961000,627
1631961900,439
1631962800,171
1631963700,196
1631964600,181
1631965500,177
1631966400,180
1631967300,162
1631968200,186
1631969100,195
1631970000,196
1631970900,200
1631971800,214
1631972700,178
1631973600,187
1631974500,193
1631975400,179
1631976300,186
1631977200,179
1631978100,204
1631979000,229
1631979900,188
1631980800,187
1631981700,176
1631982600,205
1631983500,192
1631984400,176
1631985300,482
1631986200,350
1631987100,999
1631988000,808
1631988900,803
1631989800,487
1631990700,497
1631991600,468
1631992500,827
1631993400,323
1631994300,263
1631995200,276
1631996100,267
1631997000,251
1631997900,281
1631998800,265
1631999700,170
1632000600,65
1632001500,82
1632002400,75
1632003300,119
1632004200,99
1632005100,94
1632006000,92
1632006900,82
1632007800,117
1632008700,96
1632009600,93
1632010500,81
1632011400,93
1632012300,101
1632013200,124
1632014100,104
1632015000,81
1632015900,98
1632016800,77
1632017700,124
1632018600,88
1632019500,91
1632020400,83
1632021300,81
1632022200,109
1632023100,114
1632024000,136
1632024900,94
1632025800,139
1632026700,228
1632027600,258
1632028500,170
1632029400,142
1632030300,243
1632031200,748
1632032100,1074
1632033000,1046
1632033900,932
1632034800,877
1632035700,599
1632036600,534
1632037500,524
1632038400,192
1632039300,443
1632040200,926
1632041100,1190
1632042000,1150
1632042900,947
1632043800,197
1632044700,355
1632045600,695
1632046500,233
1632047400,185
1632048300,123
1632049200,124
1632050100,215
1632051000,154
1632051900,161
1632052800,147
1632053700,135
1632054600,130
1632055500,132
1632056400,170
1632057300,178
1632058200,143
1632059100,151
1632060000,151
1632060900,125
1632061800,179
1632062700,139
1632063600,142
1632064500,155
1632065400,136
1632066300,173
1632067200,150
1632068100,151
1632069000,137
1632069900,180
1632070800,169
1632071700,178
1632072600,208
1632073500,345
1632074400,307
1632075300,294
1632076200,342
1632077100,303
1632078000,381
1632078900,304
1632079800,294
1632080700,351
1632081600,420
1632082500,793
1632083400,564
1632084300,350
1632085200,617
1632086100,670
1632087000,308
1632087900,252
1632088800,119
1632089700,79
1632090600,113
1632091500,104
1632092400,81
1632093300,91
1632094200,83
1632095100,105
1632096000,132
1632096900,152
1632097800,102
1632098700,84
1632099600,101
1632100500,102
1632101400,101
1632102300,119
1632103200,123
1632104100,107
1632105000,120
1632105900,117
1632106800,78
1632107700,93
1632108600,150
1632109500,109
1632110400,157
1632111300,580
1632112200,287
1632113100,197
1632114000,220
1632114900,244
1632115800,249
1632116700,240
1632117600,244
1632118500,247
1632119400,249
1632120300,537
1632121200,605
1632122100,603
1632123000,729
1632123900,649
1632124800,759
1632125700,723
1632126600,741
1632127500,1039
1632128400,1144
1632129300,1746
1632130200,1811
1632131100,964
1632132000,573
1632132900,914
1632133800,349
1632134700,356
1632135600,364
1632136500,216
1632137400,162
1632138300,176
1632139200,167
1632140100,182
1632141000,172
1632141900,205
1632142800,202
1632143700,189
1632144600,177
1632145500,187
1632146400,192
1632147300,508
1632148200,623
1632149100,959
1632150000,779
1632150900,711
1632151800,710
1632152700,682
1632153600,656
1632154500,669
1632155400,697
1632156300,500
1632157200,229
1632158100,232
1632159000,656
1632159900,737
1632160800,824
1632161700,787
1632162600,421
1632163500,305
1632164400,285
1632165300,286
1632166200,294
1632167100,295
1632168000,273
1632168900,251
1632169800,214
1632170700,209
1632171600,123
1632172500,70
1632173400,93
1632174300,80
1632175200,85
1632176100,119
1632177000,84
1632177900,100
1632178800,84
1632179700,86
1632180600,115
1632181500,95
1632182400,97
1632183300,77
1632184200,95
1632185100,97
1632186000,132
1632186900,94
1632187800,85
1632188700,103
1632189600,84
1632190500,117
1632191400,94
1632192300,87
1632193200,94
1632194100,91
1632195000,128
1632195900,142
1632196800,269
1632197700,427
1632198600,237
1632199500,228
1632200400,243
1632201300,419
1632202200,609
1632203100,470
1632204000,255
1632204900,659
1632205800,541
1632206700,225
1632207600,284
1632208500,234
1632209400,278
1632210300,294
1632211200,224
1632212100,322
1632213000,356
1632213900,299
1632214800,332
1632215700,386
1632216600,286
1632217500,177
1632218400,203
1632219300,182
1632220200,191
1632221100,164
1632222000,232
1632222900,420
1632223800,176
1632224700,222
1632225600,159
1632226500,153
1632227400,148
1632228300,327
1632229200,209
1632230100,184
1632231000,230
1632231900,337
1632232800,245
1632233700,435
1632234600,655
1632235500,546
1632236400,257
1632237300,492
1632238200,576
1632239100,172
1632240000,207
1632240900,214
1632241800,284
1632242700,240
1632243600,208
1632244500,320
1632245400,1073
1632246300,1172
1632247200,710
1632248100,319
1632249000,346
1632249900,365
1632250800,301
1632251700,303
1632252600,309
1632253500,286
1632254400,297
1632255300,255
1632256200,323
1632257100,264
1632258000,216
1632258900,92
1632259800,93
1632260700,88
1632261600,84
1632262500,120
1632263400,89
1632264300,96
1632265200,85
1632266100,106
1632267000,114
1632267900,115
1632268800,120
1632269700,106
1632270600,137
1632271500,111
1632272400,117
1632273300,95
1632274200,111
1632275100,124
1632276000,132
1632276900,114
1632277800,111
1632278700,127
1632279600,301
1632280500,122
1632281400,123
1632282300,162
1632283200,181
1632284100,757
1632285000,1100
1632285900,807
1632286800,690
1632287700,704
1632288600,455
1632289500,748
1632290400,528
1632291300,292
1632292200,580
1632293100,782
1632294000,712
1632294900,887
1632295800,851
1632296700,759
1632297600,592
1632298500,298
1632299400,430
1632300300,672
1632301200,683
1632302100,672
1632303000,529
1632303900,554
1632304800,555
1632305700,490
1632306600,200
1632307500,219
1632308400,222
1632309300,200
1632310200,207
1632311100,229
1632312000,221
1632312900,232
1632313800,178
1632314700,159
1632315600,153
1632316500,197
1632317400,208
1632318300,205
1632319200,289
1632320100,223
1632321000,255
1632321900,216
1632322800,231
1632323700,212
1632324600,256
1632325500,216
1632326400,269
1632327300,291
1632328200,281
1632329100,289
1632330000,279
1632330900,429
1632331800,402
1632332700,394
1632333600,363
1632334500,390
1632335400,425
1632336300,412
1632337200,390
1632338100,351
1632339000,340
1632339900,341
1632340800,355
1632341700,396
1632342600,347
1632343500,270
1632344400,282
1632345300,603
1632346200,438
1632347100,453
1632348000,221
1632348900,527
1632349800,398
1632350700,116
1632351600,112
1632352500,107
1632353400,119
1632354300,138
1632355200,102
1632356100,128
1632357000,109
1632357900,122
1632358800,113
1632359700,90
1632360600,104
1632361500,110
1632362400,154
1632363300,111
1632364200,127
1632365100,253
1632366000,146
1632366900,150
1632367800,139
1632368700,156
1632369600,200
1632370500,474
1632371400,536
1632372300,322
1632373200,221
1632374100,225
1632375000,278
1632375900,256
1632376800,284
1632377700,221
1632378600,245
1632379500,333
1632380400,972
1632381300,822
1632382200,649
1632383100,329
1632384000,316
1632384900,260
1632385800,222
1632386700,188
1632387600,204
1632388500,227
1632389400,556
1632390300,386
1632391200,441
1632392100,880
1632393000,549
1632393900,254
1632394800,654
1632395700,484
1632396600,255
1632397500,224
1632398400,214
1632399300,184
1632400200,230
1632401100,194
1632402000,185
1632402900,212
1632403800,203
1632404700,234
1632405600,182
1632406500,200
1632407400,224
1632408300,218
1632409200,207
1632410100,453
1632411000,1007
1632411900,586
1632412800,414
1632413700,202
1632414600,637
1632415500,619
1632416400,714
1632417300,592
1632418200,292
1632419100,264
1632420000,301
1632420900,325
1632421800,344
1632422700,313
1632423600,291
1632424500,305
1632425400,301
1632426300,284
1632427200,281
1632428100,276
1632429000,242
1632429900,420
1632430800,525
1632431700,382
1632432600,144
1632433500,419
1632434400,512
1632435300,96
1632436200,129
1632437100,127
1632438000,140
1632438900,122
1632439800,113
1632440700,116
1632441600,123
1632442500,127
1632443400,105
1632444300,115
1632445200,112
1632446100,157
1632447000,109
1632447900,110
1632448800,112
1632449700,113
1632450600,137
1632451500,90
1632452400,290
1632453300,113
1632454200,168
1632455100,186
1632456000,181
1632456900,381
1632457800,237
1632458700,317
1632459600,213
1632460500,222
1632461400,223
1632462300,250
1632463200,238
1632464100,205
1632465000,213
1632465900,215
1632466800,311
1632467700,845
1632468600,763
1632469500,220
1632470400,427
1632471300,579
1632472200,166
1632473100,181
1632474000,341
1632474900,293
1632475800,477
1632476700,612
1632477600,488
1632478500,384
1632479400,729
1632480300,191
1632481200,204
1632482100,400
1632483000,527
1632483900,445
1632484800,226
1632485700,433
1632486600,618
1632487500,204
1632488400,188
1632489300,205
1632490200,230
1632491100,210
1632492000,227
1632492900,199
1632493800,178
1632494700,186
1632495600,199
1632496500,204
1632497400,354
1632498300,228
1632499200,338
1632500100,191
1632501000,314
1632501900,311
1632502800,388
1632503700,430
1632504600,553
1632505500,1127
1632506400,1090
1632507300,883
1632508200,911
1632509100,892
1632510000,794
1632510900,696
1632511800,394
1632512700,367
1632513600,317
1632514500,238
1632515400,252
1632516300,239
1632517200,279
1632518100,171
1632519000,89
1632519900,142
1632520800,141
1632521700,169
1632522600,125
1632523500,118
1632524400,98
1632525300,165
1632526200,161
1632527100,125
1632528000,113
1632528900,140
1632529800,146
1632530700,111
1632531600,166
1632532500,116
1632533400,153
1632534300,120
1632535200,131
1632536100,117
1632537000,126
1632537900,214
1632538800,296
1632539700,144
1632540600,142
1632541500,170
1632542400,232
1632543300,371
1632544200,262
1632545100,279
1632546000,235
1632546900,205
1632547800,224
1632548700,208
1632549600,242
1632550500,239
1632551400,404
1632552300,235
1632553200,159
1632554100,455
1632555000,1082
1632555900,829
1632556800,1187
1632557700,629
1632558600,294
1632559500,485
1632560400,624
1632561300,247
1632562200,765
1632563100,1136
1632564000,1032
1632564900,783
1632565800,319
1632566700,199
1632567600,423
1632568500,216
1632569400,220
1632570300,212
1632571200,204
1632572100,166
1632573000,161
1632573900,192
1632574800,200
1632575700,237
1632576600,190
1632577500,241
1632578400,242
1632579300,258
1632580200,249
1632581100,265
1632582000,245
1632582900,219
1632583800,285
1632584700,294
1632585600,429
1632586500,267
1632587400,279
1632588300,370
1632589200,355
1632590100,396
1632591000,407
1632591900,395
1632592800,374
1632593700,367
1632594600,340
1632595500,408
1632596400,398
1632597300,378
1632598200,345
1632599100,308
1632600000,256
1632600900,273
1632601800,261
1632602700,213
1632603600,197
1632604500,108
1632605400,124
1632606300,102
1632607200,93
1632608100,108
1632609000,114
1632609900,125
1632610800,95
1632611700,118
1632612600,100
1632613500,137
1632614400,109
1632615300,96
1632616200,104
1632617100,99
1632618000,146
1632618900,90
1632619800,105
1632620700,119
1632621600,125
1632622500,125
1632623400,95
1632624300,122
1632625200,89
1632626100,129
1632627000,99
1632627900,120
1632628800,152
1632629700,349
1632630600,439
1632631500,592
1632632400,554
1632633300,435
1632634200,252
1632635100,491
1632636000,531
1632636900,153
1632637800,180
1632638700,266
1632639600,243
1632640500,228
1632641400,204
1632642300,213
1632643200,227
1632644100,225
1632645000,198
1632645900,213
1632646800,223
1632647700,250
1632648600,217
1632649500,264
1632650400,496
1632651300,308
1632652200,220
1632653100,202
1632654000,208
1632654900,206
1632655800,218
1632656700,218
1632657600,462
1632658500,659
1632659400,553
1632660300,229
1632661200,266
1632662100,144
1632663000,177
1632663900,155
1632664800,153
1632665700,124
1632666600,131
1632667500,122
1632668400,151
1632669300,138
1632670200,134
1632671100,140
1632672000,132
1632672900,166
1632673800,122
1632674700,146
1632675600,165
1632676500,336
1632677400,306
1632678300,313
1632679200,376
1632680100,374
1632681000,430
1632681900,373
1632682800,360
1632683700,366
1632684600,395
1632685500,410
1632686400,373
1632687300,359
1632688200,256
1632689100,268
1632690000,284
1632690900,148
1632691800,111
1632692700,119
1632693600,120
1632694500,145
1632695400,115
1632696300,114
1632697200,112
1632698100,123
1632699000,144
1632699900,103
1632700800,114
1632701700,99
1632702600,140
1632703500,136
1632704400,110
1632705300,118
1632706200,112
1632707100,150
1632708000,103
1632708900,105
1632709800,118
1632710700,125
1632711600,122
1632712500,122
1632713400,140
1632714300,114
1632715200,142
1632716100,589
1632717000,363
1632717900,591
1632718800,493
1632719700,279
1632720600,627
1632721500,1315
1632722400,696
1632723300,709
1632724200,596
1632725100,618
1632726000,624
1632726900,793
1632727800,1402
1632728700,1353
1632729600,806
1632730500,652
1632731400,666
1632732300,698
1632733200,635
1632734100,1171
1632735000,1044
1632735900,1083
1632736800,909
1632737700,819
1632738600,787
1632739500,342
1632740400,501
1632741300,472
1632742200,419
1632743100,238
1632744000,522
1632744900,604
1632745800,211
1632746700,214
1632747600,221
1632748500,225
1632749400,260
1632750300,221
1632751200,234
1632752100,209
1632753000,242
1632753900,223
1632754800,222
1632755700,224
1632756600,212
1632757500,250
1632758400,336
1632759300,243
1632760200,202
1632761100,311
1632762000,311
1632762900,266
1632763800,385
1632764700,354
1632765600,375
1632766500,450
1632767400,429
1632768300,355
1632769200,354
1632770100,355
1632771000,408
1632771900,365
1632772800,270
1632773700,124
1632774600,146
1632775500,123
1632776400,113
1632777300,117
1632778200,121
1632779100,160
1632780000,120
1632780900,116
1632781800,117
1632782700,128
1632783600,141
1632784500,101
1632785400,124
1632786300,109
1632787200,160
1632788100,121
1632789000,122
1632789900,149
1632790800,143
1632791700,151
1632792600,105
1632793500,115
1632794400,107
1632795300,140
1632796200,213
1632797100,135
1632798000,120
1632798900,123
1632799800,158
1632800700,130
1632801600,242
1632802500,442
1632803400,254
1632804300,317
1632805200,243
1632806100,232
1632807000,216
1632807900,372
1632808800,295
1632809700,281
1632810600,282
1632811500,441
1632812400,282
1632813300,213
1632814200,229
1632815100,263
1632816000,226
1632816900,250
1632817800,245
1632818700,231
1632819600,207
1632820500,203
1632821400,236
1632822300,217
1632823200,229
1632824100,356
1632825000,1057
1632825900,1099
1632826800,412
1632827700,383
1632828600,408
1632829500,271
1632830400,258
1632831300,540
1632832200,486
1632833100,439
1632834000,257
1632834900,696
1632835800,453
1632836700,235
1632837600,258
1632838500,255
1632839400,277
1632840300,225
1632841200,312
1632842100,326
1632843000,299
1632843900,275
1632844800,325
1632845700,395
1632846600,371
1632847500,439
1632848400,421
1632849300,468
1632850200,374
1632851100,361
1632852000,373
1632852900,345
1632853800,370
1632854700,373
1632855600,359
1632856500,345
1632857400,284
1632858300,266
1632859200,288
1632860100,287
1632861000,289
1632861900,297
1632862800,252
1632863700,250
1632864600,141
1632865500,118
1632866400,91
1632867300,126
1632868200,110
1632869100,105
1632870000,102
1632870900,96
1632871800,125
1632872700,87
1632873600,100
1632874500,86
1632875400,115
1632876300,114
1632877200,124
1632878100,156
1632879000,100
1632879900,139
1632880800,97
1632881700,102
1632882600,83
1632883500,112
1632884400,275
1632885300,112
1632886200,113
1632887100,149
1632888000,185
1632888900,257
1632889800,177
1632890700,234
1632891600,179
1632892500,185
1632893400,212
1632894300,241
1632895200,221
1632896100,222
1632897000,256
1632897900,290
1632898800,196
1632899700,235
1632900600,257
1632901500,271
1632902400,368
1632903300,249
1632904200,235
1632905100,344
1632906000,262
1632906900,309
1632907800,485
1632908700,721
1632909600,594
1632910500,429
1632911400,571
1632912300,706
1632913200,348
1632914100,552
1632915000,577
1632915900,289
1632916800,294
1632917700,284
1632918600,258
1632919500,296
1632920400,317
1632921300,347
1632922200,313
1632923100,329
1632924000,342
1632924900,409
1632925800,378
1632926700,347
1632927600,430
1632928500,400
1632929400,437
1632930300,399
1632931200,465
1632932100,825
1632933000,501
1632933900,959
1632934800,629
1632935700,460
1632936600,680
1632937500,922
1632938400,457
1632939300,406
1632940200,365
1632941100,417
1632942000,379
1632942900,372
1632943800,373
1632944700,391
1632945600,345
1632946500,348
1632947400,304
1632948300,310
1632949200,332
1632950100,309
1632951000,254
1632951900,175
1632952800,166
1632953700,156
1632954600,154
1632955500,132
1632956400,117
1632957300,172
1632958200,143
1632959100,146
1632960000,130
1632960900,190
1632961800,165
1632962700,138
1632963600,141
1632964500,114
1632965400,151
1632966300,142
1632967200,138
1632968100,163
1632969000,167
1632969900,170
1632970800,324
1632971700,139
1632972600,172
1632973500,236
1632974400,253
1632975300,338
1632976200,210
1632977100,252
1632978000,238
1632978900,233
1632979800,213
1632980700,257
1632981600,269
1632982500,617
1632983400,791
1632984300,714
1632985200,724
1632986100,851
1632987000,542
1632987900,298
1632988800,266
1632989700,282
1632990600,968
1632991500,797
1632992400,536
1632993300,522
1632994200,370
1632995100,342
1632996000,402
1632996900,275
1632997800,412
1632998700,607
1632999600,643
1633000500,516
1633001400,340
1633002300,603
1633003200,644
1633004100,256
1633005000,613
1633005900,665
1633006800,744
1633007700,744
1633008600,722
1633009500,770
1633010400,753
1633011300,718
1633012200,413
1633013100,232
1633014000,241
1633014900,294
1633015800,262
1633016700,289
1633017600,255
1633018500,286
1633019400,283
1633020300,256
1633021200,350
1633022100,302
1633023000,359
1633023900,358
1633024800,367
1633025700,389
1633026600,410
1633027500,403
1633028400,371
1633029300,398
1633030200,364
1633031100,383
1633032000,495
1633032900,334
1633033800,287
1633034700,293
1633035600,242
1633036500,162
1633037400,88
1633038300,126
1633039200,103
1633040100,151
1633041000,104
1633041900,106
1633042800,113
1633043700,108
1633044600,140
1633045500,100
1633046400,114
1633047300,88
1633048200,121
1633049100,98
1633050000,115
1633050900,94
1633051800,101
1633052700,126
1633053600,112
1633054500,112
1633055400,93
1633056300,111
1633057200,288
1633058100,127
1633059000,132
1633059900,169
1633060800,203
1633061700,329
1633062600,204
1633063500,244
1633064400,186
1633065300,178
1633066200,209
1633067100,644
1633068000,395
1633068900,324
1633069800,454
1633070700,712
1633071600,272
1633072500,210
1633073400,246
1633074300,343
1633075200,277
1633076100,298
1633077000,296
1633077900,414
1633078800,358
1633079700,442
1633080600,789
1633081500,538
1633082400,536
1633083300,614
1633084200,558
1633085100,189
1633086000,226
1633086900,206
1633087800,179
1633088700,169
1633089600,152
1633090500,217
1633091400,222
1633092300,202
1633093200,194
1633094100,215
1633095000,264
1633095900,232
1633096800,224
1633097700,210
1633098600,234
1633099500,232
1633100400,356
1633101300,306
1633102200,346
1633103100,341
1633104000,361
1633104900,357
1633105800,316
1633106700,316
1633107600,555
1633108500,872
1633109400,905
1633110300,737
1633111200,713
1633112100,599
1633113000,323
1633113900,602
1633114800,770
1633115700,335
1633116600,362
1633117500,316
1633118400,261
1633119300,225
1633120200,227
1633121100,241
1633122000,227
1633122900,220
1633123800,213
1633124700,245
1633125600,200
1633126500,103
1633127400,83
1633128300,115
1633129200,114
1633130100,122
1633131000,81
1633131900,102
1633132800,89
1633133700,127
1633134600,96
1633135500,92
1633136400,101
1633137300,122
1633138200,149
1633139100,93
1633140000,110
1633140900,100
1633141800,120
1633142700,135
1633143600,106
1633144500,112
1633145400,312
1633146300,658
1633147200,409
1633148100,436
1633149000,363
1633149900,346
1633150800,358
1633151700,303
1633152600,348
1633153500,296
1633154400,319
1633155300,233
1633156200,154
1633157100,133
1633158000,184
1633158900,153
1633159800,157
1633160700,148
1633161600,138
1633162500,152
1633163400,187
1633164300,175
1633165200,155
1633166100,155
1633167000,278
1633167900,348
1633168800,212
1633169700,213
1633170600,565
1633171500,666
1633172400,724
1633173300,567
1633174200,396
1633175100,351
1633176000,751
1633176900,228
1633177800,263
1633178700,233
1633179600,268
1633180500,353
1633181400,319
1633182300,277
1633183200,284
1633184100,268
1633185000,300
1633185900,274
1633186800,253
1633187700,237
1633188600,251
1633189500,261
1633190400,250
1633191300,260
1633192200,305
1633193100,333
1633194000,279
1633194900,304
1633195800,290
1633196700,294
1633197600,315
1633198500,777
1633199400,323
1633200300,382
1633201200,379
1633202100,336
1633203000,315
1633203900,231
1633204800,192
1633205700,200
1633206600,162
1633207500,103
1633208400,119
1633209300,137
1633210200,114
1633211100,118
1633212000,126
1633212900,134
1633213800,145
1633214700,112
1633215600,120
1633216500,114
1633217400,116
1633218300,127
1633219200,98
1633220100,123
1633221000,112
1633221900,140
1633222800,118
1633223700,108
1633224600,116
1633225500,103
1633226400,149
1633227300,103
1633228200,128
1633229100,109
1633230000,127
1633230900,127
1633231800,123
1633232700,124
1633233600,126
1633234500,142
1633235400,176
1633236300,193
1633237200,170
1633238100,280
1633239000,408
1633239900,205
1633240800,199
1633241700,171
1633242600,542
1633243500,1092
1633244400,487
1633245300,252
1633246200,247
1633247100,200
1633248000,233
1633248900,240
1633249800,718
1633250700,333
1633251600,330
1633252500,1103
1633253400,1244
1633254300,486
1633255200,193
1633256100,253
1633257000,242
1633257900,281
1633258800,249
1633259700,220
1633260600,188
1633261500,209
1633262400,230
1633263300,444
1633264200,492
1633265100,410
1633266000,622
1633266900,1219
1633267800,883
1633268700,203
1633269600,227
1633270500,204
1633271400,220
1633272300,188
1633273200,239
1633274100,324
1633275000,245
1633275900,207
1633276800,195
1633277700,173
1633278600,210
1633279500,261
1633280400,317
1633281300,323
1633282200,294
1633283100,339
1633284000,360
1633284900,454
1633285800,440
1633286700,496
1633287600,498
1633288500,508
1633289400,474
1633290300,488
1633291200,410
1633292100,452
1633293000,445
1633293900,426
1633294800,334
1633295700,331
1633296600,307
1633297500,257
1633298400,631
1633299300,225
1633300200,322
1633301100,128
1633302000,639
1633302900,212
1633303800,105
1633304700,121
1633305600,109
1633306500,119
1633307400,88
1633308300,105
1633309200,115
1633310100,117
1633311000,85
1633311900,106
1633312800,95
1633313700,144
1633314600,97
1633315500,106
1633316400,103
1633317300,176
1633318200,147
1633319100,120
1633320000,134
1633320900,305
1633321800,483
1633322700,246
1633323600,279
1633324500,279
1633325400,339
1633326300,556
1633327200,866
1633328100,715
1633329000,735
1633329900,1011
1633330800,1313
1633331700,628
1633332600,307
1633333500,294
1633334400,294
1633335300,309
1633336200,269
1633337100,337
1633338000,1421
1633338900,1355
1633339800,794
1633340700,1000
1633341600,1267
1633342500,558
1633343400,882
1633344300,320
1633345200,221
1633346100,188
1633347000,196
1633347900,235
1633348800,217
1633349700,243
1633350600,224
1633351500,217
1633352400,250
1633353300,211
1633354200,217
1633355100,207
1633356000,230
1633356900,243
1633357800,230
1633358700,741
1633359600,1171
1633360500,830
1633361400,422
1633362300,414
1633363200,373
1633364100,543
1633365000,375
1633365900,346
1633366800,356
1633367700,727
1633368600,1171
1633369500,1436
1633370400,973
1633371300,655
1633372200,428
1633373100,909
1633374000,465
1633374900,318
1633375800,283
1633376700,292
1633377600,249
1633378500,230
1633379400,128
1633380300,97
1633381200,115
1633382100,107
1633383000,142
1633383900,128
1633384800,123
1633385700,107
1633386600,115
1633387500,132
1633388400,122
1633389300,108
1633390200,107
1633391100,113
1633392000,129
1633392900,110
1633393800,83
1633394700,100
1633395600,81
1633396500,133
1633397400,84
1633398300,102
1633399200,83
1633400100,114
1633401000,119
1633401900,107
1633402800,81
1633403700,100
1633404600,97
1633405500,184
1633406400,312
1633407300,297
1633408200,166
1633409100,243
1633410000,200
1633410900,246
1633411800,223
1633412700,455
1633413600,605
1633414500,509
1633415400,284
1633416300,1050
1633417200,1268
1633418100,915
1633419000,284
1633419900,197
1633420800,194
1633421700,198
1633422600,370
1633423500,496
1633424400,651
1633425300,647
1633426200,628
1633427100,674
1633428000,858
1633428900,723
1633429800,443
1633430700,724
1633431600,244
1633432500,489
1633433400,231
1633434300,274
1633435200,278
1633436100,224
1633437000,192
1633437900,297
1633438800,854
1633439700,1133
1633440600,829
1633441500,734
1633442400,760
1633443300,732
1633444200,745
1633445100,731
1633446000,572
1633446900,267
1633447800,285
1633448700,263
1633449600,278
1633450500,285
1633451400,618
1633452300,398
1633453200,697
1633454100,992
1633455000,621
1633455900,519
1633456800,764
1633457700,874
1633458600,356
1633459500,349
1633460400,276
1633461300,290
1633462200,291
1633463100,316
1633464000,299
1633464900,181
1633465800,96
1633466700,112
1633467600,118
1633468500,95
1633469400,102
1633470300,97
1633471200,125
1633472100,118
1633473000,100
1633473900,91
1633474800,101
1633475700,109
1633476600,127
1633477500,96
1633478400,112
1633479300,101
1633480200,112
1633481100,105
1633482000,91
1633482900,98
1633483800,82
1633484700,123
1633485600,92
1633486500,109
1633487400,89
1633488300,281
1633489200,113
1633490100,123
1633491000,109
1633491900,197
1633492800,431
1633493700,1271
1633494600,949
1633495500,765
1633496400,692
1633497300,681
1633498200,723
1633499100,663
1633500000,660
1633500900,345
1633501800,227
1633502700,246
1633503600,230
1633504500,219
1633505400,272
1633506300,204
1633507200,180
1633508100,151
1633509000,168
1633509900,789
1633510800,217
1633511700,594
1633512600,629
1633513500,657
1633514400,498
1633515300,348
1633516200,563
1633517100,272
1633518000,567
1633518900,1054
1633519800,727
1633520700,697
1633521600,325
1633522500,202
1633523400,189
1633524300,214
1633525200,235
1633526100,184
1633527000,185
1633527900,171
1633528800,170
1633529700,187
1633530600,182
1633531500,205
1633532400,176
1633533300,715
1633534200,955
1633535100,601
1633536000,489
1633536900,340
1633537800,837
1633538700,377
1633539600,350
1633540500,348
1633541400,359
1633542300,361
1633543200,401
1633544100,343
1633545000,329
1633545900,329
1633546800,312
1633547700,276
1633548600,254
1633549500,260
1633550400,255
1633551300,252
1633552200,205
1633553100,208
1633554000,180
1633554900,227
1633555800,121
1633556700,92
1633557600,75
1633558500,94
1633559400,72
1633560300,117
1633561200,76
1633562100,134
1633563000,113
1633563900,93
1633564800,133
1633565700,90
1633566600,99
1633567500,99
1633568400,119
1633569300,150
1633570200,150
1633571100,99
1633572000,116
1633572900,113
1633573800,135
1633574700,196
1633575600,187
1633576500,87
1633577400,140
1633578300,156
1633579200,250
1633580100,1044
1633581000,1044
1633581900,761
1633582800,728
1633583700,703
1633584600,689
1633585500,632
1633586400,641
1633587300,354
1633588200,229
1633589100,218
1633590000,199
1633590900,240
1633591800,194
1633592700,182
1633593600,258
1633594500,728
1633595400,364
1633596300,270
1633597200,285
1633598100,784
1633599000,536
1633599900,473
1633600800,462
1633601700,946
1633602600,568
1633603500,337
1633604400,229
1633605300,189
1633606200,161
1633607100,109
1633608000,183
1633608900,154
1633609800,163
1633610700,150
1633611600,154
1633612500,174
1633613400,162
1633614300,175
1633615200,147
1633616100,336
1633617000,216
1633617900,172
1633618800,151
1633619700,365
1633620600,605
1633621500,434
1633622400,493
1633623300,352
1633624200,807
1633625100,334
1633626000,474
1633626900,745
1633627800,391
1633628700,375
1633629600,409
1633630500,419
1633631400,405
1633632300,371
1633633200,385
1633634100,365
1633635000,359
1633635900,370
1633636800,344
1633637700,274
1633638600,265
1633639500,227
1633640400,218
1633641300,87
1633642200,86
1633643100,101
1633644000,86
1633644900,75
1633645800,93
1633646700,117
1633647600,130
1633648500,110
1633649400,87
1633650300,95
1633651200,97
1633652100,126
1633653000,83
1633653900,102
1633654800,95
1633655700,123
1633656600,99
1633657500,96
1633658400,87
1633659300,87
1633660200,107
1633661100,324
1633662000,167
1633662900,118
1633663800,106
1633664700,182
1633665600,265
1633666500,440
1633667400,168
1633668300,217
1633669200,200
1633670100,158
1633671000,163
1633671900,164
1633672800,201
1633673700,134
1633674600,118
1633675500,116
1633676400,146
1633677300,142
1633678200,142
1633679100,110
1633680000,153
1633680900,388
1633681800,558
1633682700,448
1633683600,266
1633684500,420
1633685400,905
1633686300,683
1633687200,581
1633688100,716
1633689000,471
1633689900,241
1633690800,183
1633691700,194
1633692600,182
1633693500,220
1633694400,257
1633695300,214
1633696200,203
1633697100,214
1633698000,223
1633698900,206
1633699800,216
1633700700,227
1633701600,221
1633702500,244
1633703400,255
1633704300,232
1633705200,239
1633706100,219
1633707000,210
1633707900,250
1633708800,267
1633709700,288
1633710600,275
1633711500,266
1633712400,733
1633713300,774
1633714200,1153
1633715100,935
1633716000,356
1633716900,379
1633717800,338
1633718700,357
1633719600,342
1633720500,341
1633721400,357
1633722300,356
1633723200,494
1633724100,600
1633725000,366
1633725900,195
1633726800,600
1633727700,337
1633728600,135
1633729500,149
1633730400,210
1633731300,151
1633732200,149
1633733100,141
1633734000,130
1633734900,143
1633735800,199
1633736700,141
1633737600,152
1633738500,136
1633739400,167
1633740300,145
1633741200,126
1633742100,182
1633743000,124
1633743900,149
1633744800,144
1633745700,132
1633746600,124
1633747500,263
1633748400,260
1633749300,187
1633750200,172
1633751100,207
1633752000,507
1633752900,1052
1633753800,1065
1633754700,771
1633755600,704
1633756500,705
1633757400,514
1633758300,265
1633759200,260
1633760100,243
1633761000,287
1633761900,246
1633762800,292
1633763700,266
1633764600,338
1633765500,1065
1633766400,727
1633767300,741
1633768200,662
1633769100,659
1633770000,545
1633770900,618
1633771800,644
1633772700,397
1633773600,272
1633774500,406
1633775400,573
1633776300,667
1633777200,349
1633778100,287
1633779000,314
1633779900,734
1633780800,721
1633781700,676
1633782600,496
1633783500,232
1633784400,252
1633785300,243
1633786200,274
1633787100,234
1633788000,233
1633788900,231
1633789800,382
1633790700,315
1633791600,231
1633792500,369
1633793400,257
1633794300,294
1633795200,332
1633796100,300
1633797000,259
1633797900,279
1633798800,276
1633799700,310
1633800600,318
1633801500,352
1633802400,528
1633803300,658
1633804200,393
1633805100,350
1633806000,342
1633806900,383
1633807800,369
1633808700,392
1633809600,325
1633810500,271
1633811400,266
1633812300,254
1633813200,208
1633814100,140
1633815000,144
1633815900,169
1633816800,172
1633817700,167
1633818600,177
1633819500,131
1633820400,132
1633821300,127
1633822200,195
1633823100,166
1633824000,133
1633824900,138
1633825800,121
1633826700,134
1633827600,176
1633828500,170
1633829400,136
1633830300,149
1633831200,127
1633832100,164
1633833000,111
1633833900,175
1633834800,132
1633835700,133
1633836600,162
1633837500,139
1633838400,133
1633839300,150
1633840200,278
1633841100,280
1633842000,239
1633842900,211
1633843800,200
1633844700,200
1633845600,937
1633846500,444
1633847400,747
1633848300,442
1633849200,376
1633850100,456
1633851000,863
1633851900,329
1633852800,228
1633853700,229
1633854600,240
1633855500,405
1633856400,561
1633857300,326
1633858200,656
1633859100,548
1633860000,301
1633860900,347
1633861800,336
1633862700,286
1633863600,265
1633864500,466
1633865400,1166
1633866300,1323
1633867200,1054
1633868100,901
1633869000,1125
1633869900,1004
1633870800,333
1633871700,375
1633872600,414
1633873500,378
1633874400,347
1633875300,494
1633876200,321
1633877100,353
1633878000,355
1633878900,397
1633879800,941
1633880700,675
1633881600,764
1633882500,766
1633883400,692
1633884300,703
1633885200,726
1633886100,759
1633887000,1523
1633887900,1411
1633888800,516
1633889700,374
1633890600,368
1633891500,386
1633892400,392
1633893300,361
1633894200,348
1633895100,241
1633896000,162
1633896900,109
1633897800,100
1633898700,117
1633899600,96
1633900500,124
1633901400,97
1633902300,100
1633903200,81
1633904100,99
1633905000,118
1633905900,115
1633906800,81
1633907700,110
1633908600,79
1633909500,129
1633910400,88
1633911300,96
1633912200,104
1633913100,103
1633914000,124
1633914900,96
1633915800,94
1633916700,94
1633917600,95
1633918500,113
1633919400,100
1633920300,103
1633921200,104
1633922100,82
1633923000,120
1633923900,94
1633924800,143
1633925700,941
1633926600,696
1633927500,694
1633928400,703
1633929300,276
1633930200,225
1633931100,243
1633932000,256
1633932900,252
1633933800,252
1633934700,299
1633935600,289
1633936500,338
1633937400,306
1633938300,286
1633939200,310
1633940100,648
1633941000,648
1633941900,1119
1633942800,813
1633943700,1391
1633944600,1232
1633945500,1233
1633946400,511
1633947300,398
1633948200,297
1633949100,276
1633950000,293
1633950900,270
1633951800,281
1633952700,207
1633953600,211
1633954500,206
1633955400,201
1633956300,199
1633957200,192
1633958100,191
1633959000,203
1633959900,159
1633960800,163
1633961700,151
1633962600,136
1633963500,214
1633964400,138
1633965300,157
1633966200,231
1633967100,278
1633968000,272
1633968900,353
1633969800,279
1633970700,276
1633971600,643
1633972500,827
1633973400,805
1633974300,1062
1633975200,653
1633976100,555
1633977000,362
1633977900,912
1633978800,448
1633979700,314
1633980600,352
1633981500,295
1633982400,266
1633983300,254
1633984200,317
1633985100,234
1633986000,216
1633986900,161
1633987800,112
1633988700,117
1633989600,100
1633990500,121
1633991400,103
1633992300,111
1633993200,80
1633994100,110
1633995000,102
1633995900,135
1633996800,104
1633997700,105
1633998600,96
1633999500,123
1634000400,113
1634001300,109
1634002200,88
1634003100,88
1634004000,93
1634004900,120
1634005800,98
1634006700,110
1634007600,91
1634008500,96
1634009400,142
1634010300,111
1634011200,643
1634012100,577
1634013000,620
1634013900,713
1634014800,481
1634015700,183
1634016600,200
1634017500,159
1634018400,227
1634019300,282
1634020200,807
1634021100,427
1634022000,396
1634022900,344
1634023800,815
1634024700,353
1634025600,365
1634026500,327
1634027400,295
1634028300,590
1634029200,1072
1634030100,1009
1634031000,793
1634031900,721
1634032800,743
1634033700,1006
1634034600,729
1634035500,333
1634036400,325
1634037300,203
1634038200,228
1634039100,233
1634040000,179
1634040900,186
1634041800,227
1634042700,242
1634043600,277
1634044500,267
1634045400,255
1634046300,255
1634047200,288
1634048100,287
1634049000,246
1634049900,273
1634050800,260
1634051700,251
1634052600,249
1634053500,294
1634054400,296
1634055300,486
1634056200,545
1634057100,545
1634058000,423
1634058900,852
1634059800,567
1634060700,489
1634061600,405
1634062500,424
1634063400,387
1634064300,344
1634065200,377
1634066100,374
1634067000,254
1634067900,252
1634068800,255
1634069700,257
1634070600,127
1634071500,119
1634072400,97
1634073300,117
1634074200,123
1634075100,128
1634076000,86
1634076900,105
1634077800,123
1634078700,167
1634079600,120
1634080500,127
1634081400,125
1634082300,139
1634083200,85
1634084100,131
1634085000,154
1634085900,113
1634086800,125
1634087700,109
1634088600,87
1634089500,104
1634090400,187
1634091300,143
1634092200,97
1634093100,286
1634094000,117
1634094900,159
1634095800,161
1634096700,164
1634097600,217
1634098500,962
1634099400,641
1634100300,679
1634101200,669
1634102100,359
1634103000,268
1634103900,175
1634104800,186
1634105700,239
1634106600,243
1634107500,268
1634108400,254
1634109300,236
1634110200,214
1634111100,568
1634112000,1151
1634112900,886
1634113800,773
1634114700,599
1634115600,325
1634116500,292
1634117400,309
1634118300,299
1634119200,280
1634120100,278
1634121000,849
1634121900,853
1634122800,380
1634123700,247
1634124600,184
1634125500,639
1634126400,625
1634127300,681
1634128200,654
1634129100,247
1634130000,192
1634130900,177
1634131800,188
1634132700,236
1634133600,170
1634134500,159
1634135400,195
1634136300,177
1634137200,165
1634138100,394
1634139000,406
1634139900,869
1634140800,423
1634141700,375
1634142600,386
1634143500,830
1634144400,684
1634145300,508
1634146200,353
1634147100,362
1634148000,384
1634148900,354
1634149800,350
1634150700,411
1634151600,356
1634152500,380
1634153400,355
1634154300,350
1634155200,294
1634156100,281
1634157000,313
1634157900,254
1634158800,131
1634159700,132
1634160600,153
1634161500,122
1634162400,127
1634163300,145
1634164200,128
1634165100,143
1634166000,131
1634166900,127
1634167800,114
1634168700,134
1634169600,146
1634170500,128
1634171400,130
1634172300,147
1634173200,141
1634174100,114
1634175000,110
1634175900,116
1634176800,103
1634177700,128
1634178600,126
1634179500,321
1634180400,246
1634181300,146
1634182200,162
1634183100,123
1634184000,210
1634184900,902
1634185800,1120
1634186700,845
1634187600,708
1634188500,343
1634189400,219
1634190300,248
1634191200,212
1634192100,219
1634193000,223
1634193900,412
1634194800,604
1634195700,310
1634196600,290
1634197500,277
1634198400,696
1634199300,691
1634200200,708
1634201100,234
1634202000,236
1634202900,778
1634203800,603
1634204700,492
1634205600,673
1634206500,1195
1634207400,760
1634208300,535
1634209200,346
1634210100,792
1634211000,346
1634211900,243
1634212800,285
1634213700,236
1634214600,385
1634215500,1002
1634216400,898
1634217300,311
1634218200,279
1634219100,380
1634220000,317
1634220900,311
1634221800,478
1634222700,258
1634223600,275
1634224500,390
1634225400,398
1634226300,507
1634227200,806
1634228100,842
1634229000,850
1634229900,866
1634230800,905
1634231700,921
1634232600,863
1634233500,823
1634234400,534
1634235300,361
1634236200,422
1634237100,367
1634238000,317
1634238900,284
1634239800,281
1634240700,340
1634241600,260
1634242500,172
1634243400,122
1634244300,130
1634245200,139
1634246100,108
1634247000,133
1634247900,154
1634248800,141
1634249700,137
1634250600,132
1634251500,118
1634252400,107
1634253300,148
1634254200,120
1634255100,134
1634256000,108
1634256900,126
1634257800,126
1634258700,125
1634259600,131
1634260500,101
1634261400,95
1634262300,119
1634263200,130
1634264100,102
1634265000,105
1634265900,290
1634266800,147
1634267700,113
1634268600,155
1634269500,166
1634270400,324
1634271300,375
1634272200,517
1634273100,532
1634274000,496
1634274900,354
1634275800,728
1634276700,674
1634277600,370
1634278500,322
1634279400,340
1634280300,372
1634281200,304
1634282100,237
1634283000,392
1634283900,244
1634284800,505
1634285700,430
1634286600,479
1634287500,349
1634288400,717
1634289300,477
1634290200,515
1634291100,365
1634292000,349
1634292900,421
1634293800,661
1634294700,349
1634295600,738
1634296500,378
1634297400,505
1634298300,314
1634299200,905
1634300100,467
1634301000,309
1634301900,275
1634302800,263
1634303700,296
1634304600,390
1634305500,331
1634306400,347
1634307300,291
1634308200,308
1634309100,328
1634310000,462
1634310900,481
1634311800,719
1634312700,463
1634313600,602
1634314500,513
1634315400,918
1634316300,376
1634317200,363
1634318100,384
1634319000,396
1634319900,380
1634320800,377
1634321700,459
1634322600,340
1634323500,295
1634324400,297
1634325300,288
1634326200,327
1634327100,235
1634328000,125
1634328900,165
1634329800,117
1634330700,145
1634331600,145
1634332500,158
1634333400,113
1634334300,126
1634335200,150
1634336100,124
1634337000,120
1634337900,117
1634338800,163
1634339700,139
1634340600,126
1634341500,132
1634342400,128
1634343300,144
1634344200,113
1634345100,134
1634346000,121
1634346900,110
1634347800,147
1634348700,133
1634349600,123
1634350500,120
1634351400,135
1634352300,297
1634353200,124
1634354100,112
1634355000,147
1634355900,162
1634356800,203
1634357700,907
1634358600,1192
1634359500,785
1634360400,681
1634361300,229
1634362200,265
1634363100,718
1634364000,406
1634364900,279
1634365800,280
1634366700,745
1634367600,323
1634368500,235
1634369400,236
1634370300,247
1634371200,214
1634372100,220
1634373000,420
1634373900,295
1634374800,258
1634375700,253
1634376600,279
1634377500,289
1634378400,311
1634379300,263
1634380200,296
1634381100,443
1634382000,303
1634382900,227
1634383800,223
1634384700,233
1634385600,233
1634386500,275
1634387400,214
1634388300,218
1634389200,228
1634390100,241
1634391000,238
1634391900,234
1634392800,298
1634393700,317
1634394600,328
1634395500,287
1634396400,309
1634397300,286
1634398200,310
1634399100,589
1634400000,700
1634400900,584
1634401800,866
1634402700,590
1634403600,277
1634404500,266
1634405400,308
1634406300,372
1634407200,371
1634408100,383
1634409000,351
1634409900,339
1634410800,348
1634411700,302
1634412600,344
1634413500,321
1634414400,279
1634415300,209
1634416200,189
1634417100,114
1634418000,106
1634418900,126
1634419800,133
1634420700,97
1634421600,113
1634422500,115
1634423400,109
1634424300,129
1634425200,123
1634426100,109
1634427000,112
1634427900,119
1634428800,134
1634429700,98
1634430600,113
1634431500,115
1634432400,106
1634433300,128
1634434200,118
1634435100,109
1634436000,113
1634436900,109
1634437800,174
1634438700,103
1634439600,106
1634440500,111
1634441400,112
1634442300,125
1634443200,110
1634444100,168
1634445000,249
1634445900,275
1634446800,317
1634447700,693
1634448600,1342
1634449500,813
1634450400,610
1634451300,306
1634452200,322
1634453100,350
1634454000,787
1634454900,560
1634455800,554
1634456700,362
1634457600,829
1634458500,413
1634459400,278
1634460300,323
1634461200,674
1634462100,654
1634463000,426
1634463900,297
1634464800,308
1634465700,397
1634466600,274
1634467500,261
1634468400,245
1634469300,311
1634470200,221
1634471100,243
1634472000,259
1634472900,256
1634473800,1065
1634474700,953
1634475600,832
1634476500,792
1634477400,373
1634478300,328
1634479200,264
1634480100,252
1634481000,255
1634481900,1037
1634482800,507
1634483700,284
1634484600,368
1634485500,847
1634486400,758
1634487300,855
1634488200,973
1634489100,1262
1634490000,1041
1634490900,743
1634491800,485
1634492700,379
1634493600,360
1634494500,380
1634495400,640
1634496300,753
1634497200,569
1634498100,291
1634499000,272
1634499900,269
1634500800,250
1634501700,213
1634502600,155
1634503500,146
1634504400,139
1634505300,139
1634506200,113
1634507100,118
1634508000,98
1634508900,106
1634509800,121
1634510700,106
1634511600,99
1634512500,104
1634513400,134
1634514300,124
1634515200,99
1634516100,113
1634517000,104
1634517900,99
1634518800,129
1634519700,117
1634520600,101
1634521500,101
1634522400,143
1634523300,138
1634524200,100
1634525100,97
1634526000,120
1634526900,96
1634527800,128
1634528700,128
1634529600,179
1634530500,524
1634531400,244
1634532300,250
1634533200,201
1634534100,237
1634535000,802
1634535900,636
1634536800,705
1634537700,633
1634538600,471
1634539500,496
1634540400,512
1634541300,468
1634542200,366
1634543100,401
1634544000,409
1634544900,422
1634545800,666
1634546700,1759
1634547600,2114
1634548500,1884
1634549400,1081
1634550300,1336
1634551200,1287
1634552100,921
1634553000,850
1634553900,507
1634554800,338
1634555700,237
1634556600,251
1634557500,206
1634558400,180
1634559300,354
1634560200,224
1634561100,201
1634562000,216
1634562900,247
1634563800,679
1634564700,406
1634565600,403
1634566500,385
1634567400,821
1634568300,377
1634569200,265
1634570100,282
1634571000,256
1634571900,257
1634572800,339
1634573700,351
1634574600,331
1634575500,300
1634576400,696
1634577300,956
1634578200,885
1634579100,828
1634580000,513
1634580900,354
1634581800,355
1634582700,344
1634583600,309
1634584500,295
1634585400,301
1634586300,247
1634587200,213
1634588100,257
1634589000,210
1634589900,134
1634590800,178
1634591700,150
1634592600,129
1634593500,114
1634594400,136
1634595300,148
1634596200,117
1634597100,133
1634598000,130
1634598900,122
1634599800,149
1634600700,145
1634601600,104
1634602500,103
1634603400,114
1634604300,142
1634605200,116
1634606100,111
1634607000,126
1634607900,122
1634608800,138
1634609700,146
1634610600,114
1634611500,108
1634612400,109
1634613300,147
1634614200,144
1634615100,166
1634616000,597
1634616900,286
1634617800,196
1634618700,230
1634619600,284
1634620500,187
1634621400,122
1634622300,148
1634623200,132
1634624100,121
1634625000,165
1634625900,199
1634626800,205
1634627700,183
1634628600,194
1634629500,549
1634630400,438
1634631300,449
1634632200,580
1634633100,649
1634634000,916
1634634900,858
1634635800,605
1634636700,441
1634637600,263
1634638500,271
1634639400,208
1634640300,230
1634641200,480
1634642100,236
1634643000,210
1634643900,233
1634644800,207
1634645700,201
1634646600,187
1634647500,242
1634648400,746
1634649300,880
1634650200,1340
1634651100,1001
1634652000,1024
1634652900,359
1634653800,315
1634654700,285
1634655600,284
1634656500,318
1634657400,286
1634658300,847
1634659200,1059
1634660100,562
1634661000,736
1634661900,451
1634662800,401
1634663700,364
1634664600,378
1634665500,454
1634666400,461
1634667300,407
1634668200,429
1634669100,443
1634670000,395
1634670900,356
1634671800,359
1634672700,388
1634673600,562
1634674500,273
1634675400,364
1634676300,137
1634677200,635
1634678100,329
1634679000,141
1634679900,121
1634680800,105
1634681700,151
1634682600,112
1634683500,103
1634684400,119
1634685300,122
1634686200,131
1634687100,115
1634688000,124
1634688900,125
1634689800,118
1634690700,124
1634691600,147
1634692500,103
1634693400,112
1634694300,114
1634695200,124
1634696100,124
1634697000,107
1634697900,139
1634698800,133
1634699700,259
1634700600,173
1634701500,196
1634702400,365
1634703300,341
1634704200,208
1634705100,377
1634706000,317
1634706900,207
1634707800,183
1634708700,153
1634709600,176
1634710500,163
1634711400,155
1634712300,146
1634713200,163
1634714100,200
1634715000,162
1634715900,223
1634716800,164
1634717700,172
1634718600,176
1634719500,161
1634720400,160
1634721300,138
1634722200,141
1634723100,166
1634724000,203
1634724900,320
1634725800,583
1634726700,541
1634727600,806
1634728500,487
1634729400,411
1634730300,572
1634731200,1116
1634732100,546
1634733000,457
1634733900,274
1634734800,215
1634735700,197
1634736600,210
1634737500,189
1634738400,159
1634739300,190
1634740200,176
1634741100,169
1634742000,185
1634742900,242
1634743800,215
1634744700,253
1634745600,524
1634746500,716
1634747400,600
1634748300,361
1634749200,625
1634750100,820
1634751000,389
1634751900,400
1634752800,412
1634753700,395
1634754600,381
1634755500,406
1634756400,400
1634757300,398
1634758200,411
1634759100,415
1634760000,415
1634760900,331
1634761800,315
1634762700,381
1634763600,362
1634764500,315
1634765400,329
1634766300,157
1634767200,111
1634768100,115
1634769000,129
1634769900,142
1634770800,116
1634771700,134
1634772600,126
1634773500,126
1634774400,131
1634775300,144
1634776200,108
1634777100,113
1634778000,128
1634778900,129
1634779800,127
1634780700,118
1634781600,129
1634782500,125
1634783400,126
1634784300,276
1634785200,168
1634786100,119
1634787000,130
1634787900,191
1634788800,399
1634789700,374
1634790600,234
1634791500,244
1634792400,175
1634793300,180
1634794200,232
1634795100,226
1634796000,243
1634796900,278
1634797800,327
1634798700,291
1634799600,279
1634800500,236
1634801400,220
1634802300,211
1634803200,216
1634804100,317
1634805000,197
1634805900,190
1634806800,363
1634807700,856
1634808600,1264
1634809500,897
1634810400,641
1634811300,402
1634812200,223
1634813100,200
1634814000,231
1634814900,207
1634815800,210
1634816700,232
1634817600,452
1634818500,630
1634819400,430
1634820300,218
1634821200,479
1634822100,616
1634823000,187
1634823900,203
1634824800,163
1634825700,201
1634826600,273
1634827500,230
1634828400,245
1634829300,280
1634830200,258
1634831100,276
1634832000,279
1634832900,334
1634833800,304
1634834700,368
1634835600,925
1634836500,517
1634837400,364
1634838300,371
1634839200,417
1634840100,356
1634841000,323
1634841900,280
1634842800,303
1634843700,334
1634844600,328
1634845500,317
1634846400,288
1634847300,113
1634848200,124
1634849100,165
1634850000,113
1634850900,126
1634851800,128
1634852700,147
1634853600,158
1634854500,114
1634855400,133
1634856300,122
1634857200,119
1634858100,145
1634859000,133
1634859900,124
1634860800,105
1634861700,129
1634862600,157
1634863500,126
1634864400,118
1634865300,124
1634866200,100
1634867100,122
1634868000,117
1634868900,115
1634869800,105
1634870700,253
1634871600,179
1634872500,145
1634873400,137
1634874300,188
1634875200,268
1634876100,660
1634877000,632
1634877900,324
1634878800,236
1634879700,197
1634880600,189
1634881500,238
1634882400,229
1634883300,273
1634884200,761
1634885100,437
1634886000,406
1634886900,299
1634887800,835
1634888700,468
1634889600,305
1634890500,298
1634891400,299
1634892300,274
1634893200,520
1634894100,1084
1634895000,876
1634895900,891
1634896800,1219
1634897700,1009
1634898600,919
1634899500,1521
1634900400,1479
1634901300,310
1634902200,258
1634903100,257
1634904000,222
1634904900,244
1634905800,301
1634906700,159
1634907600,158
1634908500,205
1634909400,245
1634910300,187
1634911200,205
1634912100,292
1634913000,433
1634913900,616
1634914800,645
1634915700,563
1634916600,277
1634917500,522
1634918400,965
1634919300,1090
1634920200,1094
1634921100,833
1634922000,788
1634922900,365
1634923800,365
1634924700,403
1634925600,385
1634926500,322
1634927400,332
1634928300,339
1634929200,370
1634930100,312
1634931000,329
1634931900,299
1634932800,254
1634933700,174
1634934600,150
1634935500,133
1634936400,121
1634937300,151
1634938200,129
1634939100,112
1634940000,119
1634940900,141
1634941800,142
1634942700,123
1634943600,129
1634944500,145
1634945400,109
1634946300,140
1634947200,133
1634948100,113
1634949000,120
1634949900,108
1634950800,166
1634951700,121
1634952600,115
1634953500,141
1634954400,138
1634955300,145
1634956200,123
1634957100,283
1634958000,124
1634958900,117
1634959800,148
1634960700,455
1634961600,466
1634962500,571
1634963400,1097
1634964300,928
1634965200,734
1634966100,692
1634967000,708
1634967900,458
1634968800,261
1634969700,655
1634970600,465
1634971500,478
1634972400,322
1634973300,806
1634974200,674
1634975100,1176
1634976000,1150
1634976900,752
1634977800,726
1634978700,513
1634979600,253
1634980500,291
1634981400,330
1634982300,261
1634983200,314
1634984100,716
1634985000,1448
1634985900,497
1634986800,314
1634987700,274
1634988600,325
1634989500,830
1634990400,444
1634991300,413
1634992200,508
1634993100,921
1634994000,322
1634994900,308
1634995800,343
1634996700,321
1634997600,307
1634998500,293
1634999400,303
1635000300,315
1635001200,295
1635002100,751
1635003000,927
1635003900,2048
1635004800,1642
1635005700,974
1635006600,877
1635007500,826
1635008400,847
1635009300,843
1635010200,382
1635011100,261
1635012000,299
1635012900,276
1635013800,324
1635014700,290
1635015600,319
1635016500,564
1635017400,714
1635018300,676
1635019200,295
1635020100,640
1635021000,703
1635021900,324
1635022800,152
1635023700,121
1635024600,206
1635025500,113
1635026400,110
1635027300,144
1635028200,114
1635029100,113
1635030000,116
1635030900,135
1635031800,126
1635032700,118
1635033600,110
1635034500,115
1635035400,103
1635036300,130
1635037200,137
1635038100,102
1635039000,120
1635039900,120
1635040800,139
1635041700,117
1635042600,94
1635043500,111
1635044400,89
1635045300,108
1635046200,122
1635047100,111
1635048000,109
1635048900,104
1635049800,150
1635050700,205
1635051600,125
1635052500,133
1635053400,287
1635054300,1273
1635055200,1101
1635056100,763
1635057000,564
1635057900,372
1635058800,1064
1635059700,1105
1635060600,1065
1635061500,496
1635062400,583
1635063300,910
1635064200,337
1635065100,260
1635066000,599
1635066900,327
1635067800,279
1635068700,350
1635069600,435
1635070500,655
1635071400,541
1635072300,528
1635073200,840
1635074100,766
1635075000,792
1635075900,770
1635076800,305
1635077700,333
1635078600,321
1635079500,258
1635080400,281
1635081300,469
1635082200,423
1635083100,422
1635084000,285
1635084900,294
1635085800,270
1635086700,963
1635087600,789
1635088500,714
1635089400,335
1635090300,678
1635091200,1272
1635092100,860
1635093000,797
1635093900,482
1635094800,371
1635095700,372
1635096600,367
1635097500,470
1635098400,422
1635099300,437
1635100200,584
1635101100,812
1635102000,593
1635102900,395
1635103800,741
1635104700,647
1635105600,318
1635106500,349
1635107400,276
1635108300,164
1635109200,210
1635110100,157
1635111000,137
1635111900,129
1635112800,149
1635113700,139
1635114600,138
1635115500,138
1635116400,132
1635117300,114
1635118200,114
1635119100,152
1635120000,123
1635120900,125
1635121800,128
1635122700,148
1635123600,133
1635124500,137
1635125400,129
1635126300,129
1635127200,116
1635128100,132
1635129000,158
1635129900,125
1635130800,135
1635131700,137
1635132600,138
1635133500,145
1635134400,117
1635135300,140
1635136200,136
1635137100,201
1635138000,250
1635138900,591
1635139800,206
1635140700,141
1635141600,172
1635142500,181
1635143400,365
1635144300,687
1635145200,775
1635146100,750
1635147000,380
1635147900,258
1635148800,240
1635149700,238
1635150600,258
1635151500,264
1635152400,219
1635153300,210
1635154200,365
1635155100,1304
1635156000,1418
1635156900,1056
1635157800,638
1635158700,726
1635159600,610
1635160500,332
1635161400,248
1635162300,244
1635163200,227
1635164100,319
1635165000,260
1635165900,284
1635166800,590
1635167700,341
1635168600,288
1635169500,158
1635170400,711
1635171300,170
1635172200,115
1635173100,94
1635174000,109
1635174900,108
1635175800,72
1635176700,84
1635177600,86
1635178500,87
1635179400,103
1635180300,177
1635181200,271
1635182100,297
1635183000,390
1635183900,337
1635184800,349
1635185700,342
1635186600,389
1635187500,330
1635188400,362
1635189300,374
1635190200,398
1635191100,380
1635192000,364
1635192900,399
1635193800,425
1635194700,287
1635195600,133
1635196500,128
1635197400,134
1635198300,132
1635199200,141
1635200100,109
1635201000,109
1635201900,126
1635202800,148
1635203700,109
1635204600,112
1635205500,122
1635206400,139
1635207300,142
1635208200,103
1635209100,150
1635210000,119
1635210900,127
1635211800,141
1635212700,118
1635213600,93
1635214500,100
1635215400,129
1635216300,140
1635217200,104
1635218100,101
1635219000,137
1635219900,154
1635220800,136
1635221700,134
1635222600,134
1635223500,375
1635224400,479
1635225300,282
1635226200,221
1635227100,209
1635228000,166
1635228900,183
1635229800,249
1635230700,1087
1635231600,881
1635232500,856
1635233400,659
1635234300,1123
1635235200,1173
1635236100,1004
1635237000,680
1635237900,632
1635238800,240
1635239700,229
1635240600,234
1635241500,213
1635242400,153
1635243300,187
1635244200,196
1635245100,160
1635246000,183
1635246900,187
1635247800,204
1635248700,1059
1635249600,584
1635250500,559
1635251400,297
1635252300,190
1635253200,170
1635254100,177
1635255000,154
1635255900,188
1635256800,681
1635257700,347
1635258600,352
1635259500,342
1635260400,745
1635261300,570
1635262200,1176
1635263100,946
1635264000,824
1635264900,822
1635265800,380
1635266700,289
1635267600,360
1635268500,447
1635269400,324
1635270300,341
1635271200,517
1635272100,786
1635273000,928
1635273900,978
1635274800,964
1635275700,1025
1635276600,651
1635277500,381
1635278400,402
1635279300,415
1635280200,422
1635281100,384
1635282000,382
1635282900,313
1635283800,296
1635284700,299
1635285600,279
1635286500,173
1635287400,153
1635288300,187
1635289200,174
1635290100,172
1635291000,160
1635291900,186
1635292800,167
1635293700,175
1635294600,166
1635295500,159
1635296400,153
1635297300,172
1635298200,197
1635299100,170
1635300000,158
1635300900,177
1635301800,158
1635302700,183
1635303600,167
1635304500,165
1635305400,166
1635306300,147
1635307200,164
1635308100,118
1635309000,108
1635309900,143
1635310800,480
1635311700,366
1635312600,195
1635313500,206
1635314400,214
1635315300,255
1635316200,272
1635317100,280
1635318000,262
1635318900,246
1635319800,268
1635320700,260
1635321600,235
1635322500,204
1635323400,200
1635324300,193
1635325200,206
1635326100,226
1635327000,178
1635327900,207
1635328800,195
1635329700,540
1635330600,601
1635331500,467
1635332400,803
1635333300,1330
1635334200,1342
1635335100,810
1635336000,396
1635336900,264
1635337800,284
1635338700,241
1635339600,218
1635340500,160
1635341400,175
1635342300,198
1635343200,194
1635344100,243
1635345000,268
1635345900,231
1635346800,393
1635347700,302
1635348600,385
1635349500,601
1635350400,323
1635351300,327
1635352200,293
1635353100,377
1635354000,433
1635354900,633
1635355800,741
1635356700,580
1635357600,431
1635358500,679
1635359400,759
1635360300,336
1635361200,350
1635362100,353
1635363000,343
1635363900,373
1635364800,336
1635365700,393
1635366600,339
1635367500,286
1635368400,277
1635369300,258
1635370200,235
1635371100,583
1635372000,253
1635372900,252
1635373800,268
1635374700,622
1635375600,136
1635376500,192
1635377400,130
1635378300,127
1635379200,133
1635380100,104
1635381000,130
1635381900,160
1635382800,146
1635383700,113
1635384600,113
1635385500,157
1635386400,139
1635387300,150
1635388200,143
1635389100,101
1635390000,133
1635390900,152
1635391800,155
1635392700,317
1635393600,128
1635394500,169
1635395400,123
1635396300,165
1635397200,713
1635398100,746
1635399000,639
1635399900,751
1635400800,694
1635401700,616
1635402600,628
1635403500,226
1635404400,222
1635405300,231
1635406200,193
1635407100,287
1635408000,656
1635408900,304
1635409800,232
1635410700,363
1635411600,719
1635412500,261
1635413400,261
1635414300,211
1635415200,214
1635416100,571
1635417000,583
1635417900,563
1635418800,560
1635419700,214
1635420600,583
1635421500,808
1635422400,435
1635423300,282
1635424200,448
1635425100,1085
1635426000,806
1635426900,409
1635427800,315
1635428700,269
1635429600,249
1635430500,248
1635431400,248
1635432300,383
1635433200,277
1635434100,265
1635435000,441
1635435900,373
1635436800,306
1635437700,276
1635438600,327
1635439500,351
1635440400,329
1635441300,367
1635442200,326
1635443100,385
1635444000,337
1635444900,359
1635445800,804
1635446700,502
1635447600,484
1635448500,328
1635449400,318
1635450300,318
1635451200,300
1635452100,353
1635453000,318
1635453900,277
1635454800,220
1635455700,159
1635456600,180
1635457500,111
1635458400,131
1635459300,122
1635460200,138
1635461100,126
1635462000,132
1635462900,114
1635463800,110
1635464700,153
1635465600,115
1635466500,100
1635467400,131
1635468300,109
1635469200,147
1635470100,128
1635471000,119
1635471900,113
1635472800,101
1635473700,155
1635474600,115
1635475500,98
1635476400,102
1635477300,108
1635478200,128
1635479100,328
1635480000,152
1635480900,127
1635481800,136
1635482700,196
1635483600,543
1635484500,983
1635485400,1004
1635486300,809
1635487200,731
1635488100,998
1635489000,459
1635489900,394
1635490800,345
1635491700,454
1635492600,721
1635493500,428
1635494400,473
1635495300,272
1635496200,748
1635497100,498
1635498000,261
1635498900,271
1635499800,281
1635500700,216
1635501600,223
1635502500,234
1635503400,212
1635504300,344
1635505200,564
1635506100,878
1635507000,266
1635507900,325
1635508800,358
1635509700,286
1635510600,242
1635511500,260
1635512400,228
1635513300,246
1635514200,258
1635515100,322
1635516000,377
1635516900,216
1635517800,226
1635518700,231
1635519600,236
1635520500,243
1635521400,260
1635522300,351
1635523200,325
1635524100,321
1635525000,307
1635525900,364
1635526800,426
1635527700,423
1635528600,468
1635529500,401
1635530400,378
1635531300,343
1635532200,488
1635533100,381
1635534000,351
1635534900,379
1635535800,432
1635536700,324
1635537600,340
1635538500,320
1635539400,301
1635540300,263
1635541200,272
1635542100,216
1635543000,99
1635543900,145
1635544800,135
1635545700,143
1635546600,105
1635547500,101
1635548400,134
1635549300,105
1635550200,124
1635551100,112
1635552000,107
1635552900,99
1635553800,95
1635554700,143
1635555600,101
1635556500,102
1635557400,125
1635558300,125
1635559200,142
1635560100,123
1635561000,123
1635561900,113
1635562800,109
1635563700,156
1635564600,126
1635565500,181
1635566400,142
1635567300,146
1635568200,167
1635569100,153
1635570000,459
1635570900,1378
1635571800,979
1635572700,817
1635573600,435
1635574500,451
1635575400,682
1635576300,789
1635577200,813
1635578100,813
1635579000,819
1635579900,313
1635580800,369
1635581700,305
1635582600,417
1635583500,832
1635584400,274
1635585300,281
1635586200,361
1635587100,415
1635588000,604
1635588900,274
1635589800,263
1635590700,666
1635591600,727
1635592500,1019
1635593400,710
1635594300,325
1635595200,293
1635596100,257
1635597000,267
1635597900,285
1635598800,307
1635599700,241
1635600600,269
1635601500,236
1635602400,224
1635603300,632
1635604200,1140
1635605100,818
1635606000,757
1635606900,735
1635607800,735
1635608700,595
1635609600,320
1635610500,305
1635611400,292
1635612300,352
1635613200,293
1635614100,313
1635615000,731
1635615900,807
1635616800,600
1635617700,524
1635618600,716
1635619500,717
1635620400,381
1635621300,318
1635622200,294
1635623100,282
1635624000,269
1635624900,303
1635625800,292
1635626700,302
1635627600,315
1635628500,227
1635629400,195
1635630300,154
1635631200,145
1635632100,114
1635633000,95
1635633900,108
1635634800,120
1635635700,94
1635636600,108
1635637500,102
1635638400,96
1635639300,129
1635640200,130
1635641100,102
1635642000,102
1635642900,112
1635643800,128
1635644700,97
1635645600,105
1635646500,123
1635647400,101
1635648300,124
1635649200,131
1635650100,110
1635651000,103
1635651900,94
1635652800,149
1635653700,101
1635654600,112
1635655500,139
1635656400,111
1635657300,151
1635658200,183
1635659100,192
1635660000,162
1635660900,146
1635661800,329
1635662700,210
1635663600,358
1635664500,141
1635665400,197
1635666300,282
1635667200,613
1635668100,1184
1635669000,829
1635669900,659
1635670800,623
1635671700,471
1635672600,258
1635673500,245
1635674400,290
1635675300,801
1635676200,787
1635677100,506
1635678000,598
1635678900,446
1635679800,468
1635680700,603
1635681600,509
1635682500,369
1635683400,195
1635684300,218
1635685200,268
1635686100,214
1635687000,861
1635687900,859
1635688800,403
1635689700,491
1635690600,893
1635691500,526
1635692400,231
1635693300,317
1635694200,309
1635695100,295
1635696000,297
1635696900,298
1635697800,309
1635698700,301
1635699600,323
1635700500,323
1635701400,307
1635702300,392
1635703200,850
1635704100,527
1635705000,449
1635705900,555
1635706800,836
1635707700,373
1635708600,339
1635709500,366
1635710400,339
1635711300,346
1635712200,261
1635713100,179
1635714000,108
1635714900,119
1635715800,192
1635716700,151
1635717600,120
1635718500,120
1635719400,137
1635720300,129
1635721200,126
1635722100,131
1635723000,121
1635723900,118
1635724800,133
1635725700,161
1635726600,101
1635727500,112
1635728400,115
1635729300,141
1635730200,132
1635731100,103
1635732000,135
1635732900,111
1635733800,129
1635734700,139
1635735600,137
1635736500,114
1635737400,102
1635738300,130
1635739200,117
1635740100,98
1635741000,99
1635741900,117
1635742800,183
1635743700,623
1635744600,177
1635745500,169
1635746400,140
1635747300,187
1635748200,215
1635749100,201
1635750000,183
1635750900,226
1635751800,240
1635752700,254
1635753600,222
1635754500,220
1635755400,271
1635756300,265
1635757200,572
1635758100,1075
1635759000,849
1635759900,642
1635760800,885
1635761700,1248
1635762600,774
1635763500,645
1635764400,413
1635765300,309
1635766200,233
1635767100,159
1635768000,188
1635768900,235
1635769800,251
1635770700,243
1635771600,179
1635772500,96
1635773400,99
1635774300,153
1635775200,115
1635776100,118
1635777000,212
1635777900,157
1635778800,123
1635779700,161
1635780600,138
1635781500,121
1635782400,142
1635783300,214
1635784200,151
1635785100,145
1635786000,165
1635786900,204
1635787800,306
1635788700,350
1635789600,446
1635790500,338
1635791400,273
1635792300,296
1635793200,297
1635794100,324
1635795000,402
1635795900,337
1635796800,310
1635797700,304
1635798600,296
1635799500,211
1635800400,143
1635801300,126
1635802200,144
1635803100,137
1635804000,123
1635804900,121
1635805800,108
1635806700,114
1635807600,148
1635808500,108
1635809400,108
1635810300,103
1635811200,148
1635812100,137
1635813000,116
1635813900,108
1635814800,130
1635815700,105
1635816600,137
1635817500,118
1635818400,119
1635819300,100
1635820200,116
1635821100,163
1635822000,120
1635822900,104
1635823800,121
1635824700,153
1635825600,129
1635826500,108
1635827400,121
1635828300,104
1635829200,139
1635830100,212
1635831000,234
1635831900,274
1635832800,292
1635833700,238
1635834600,250
1635835500,240
1635836400,240
1635837300,404
1635838200,721
1635839100,576
1635840000,654
1635840900,916
1635841800,759
1635842700,359
1635843600,334
1635844500,342
1635845400,372
1635846300,406
1635847200,312
1635848100,307
1635849000,329
1635849900,1012
1635850800,944
1635851700,837
1635852600,631
1635853500,641
1635854400,320
1635855300,583
1635856200,737
1635857100,665
1635858000,293
1635858900,296
1635859800,313
1635860700,325
1635861600,349
1635862500,336
1635863400,355
1635864300,344
1635865200,404
1635866100,491
1635867000,386
1635867900,281
1635868800,274
1635869700,325
1635870600,296
1635871500,347
1635872400,343
1635873300,336
1635874200,283
1635875100,343
1635876000,393
1635876900,607
1635877800,724
1635878700,565
1635879600,359
1635880500,944
1635881400,678
1635882300,338
1635883200,308
1635884100,326
1635885000,321
1635885900,354
1635886800,320
1635887700,270
1635888600,257
1635889500,234
1635890400,240
1635891300,238
1635892200,189
1635893100,115
1635894000,104
1635894900,131
1635895800,152
1635896700,96
1635897600,106
1635898500,123
1635899400,106
1635900300,135
1635901200,114
1635902100,155
1635903000,143
1635903900,135
1635904800,130
1635905700,174
1635906600,130
1635907500,127
1635908400,131
1635909300,146
1635910200,144
1635911100,148
1635912000,128
1635912900,122
1635913800,97
1635914700,104
1635915600,176
1635916500,165
1635917400,151
1635918300,170
1635919200,164
1635920100,200
1635921000,427
1635921900,211
1635922800,168
1635923700,193
1635924600,454
1635925500,1082
1635926400,1175
1635927300,821
1635928200,545
1635929100,326
1635930000,374
1635930900,435
1635931800,439
1635932700,432
1635933600,802
1635934500,540
1635935400,1429
1635936300,1700
1635937200,1308
1635938100,1013
1635939000,1469
1635939900,1064
1635940800,830
1635941700,784
1635942600,469
1635943500,299
1635944400,267
1635945300,314
1635946200,268
1635947100,255
1635948000,287
1635948900,313
1635949800,246
1635950700,165
1635951600,171
1635952500,161
1635953400,156
1635954300,163
1635955200,345
1635956100,783
1635957000,1036
1635957900,1090
1635958800,433
1635959700,347
1635960600,382
1635961500,722
1635962400,553
1635963300,769
1635964200,631
1635965100,419
1635966000,813
1635966900,687
1635967800,314
1635968700,295
1635969600,321
1635970500,324
1635971400,367
1635972300,333
1635973200,287
1635974100,307
1635975000,316
1635975900,243
1635976800,249
1635977700,229
1635978600,232
1635979500,241
1635980400,237
1635981300,161
1635982200,102
1635983100,98
1635984000,109
1635984900,135
1635985800,96
1635986700,103
1635987600,123
1635988500,114
1635989400,134
1635990300,125
1635991200,134
1635992100,103
1635993000,99
1635993900,111
1635994800,152
1635995700,103
1635996600,113
1635997500,135
1635998400,122
1635999300,134
1636000200,131
1636001100,151
1636002000,127
1636002900,130
1636003800,154
1636004700,486
1636005600,204
1636006500,213
1636007400,233
1636008300,245
1636009200,426
1636010100,710
1636011000,364
1636011900,840
1636012800,985
1636013700,1079
1636014600,928
1636015500,367
1636016400,426
1636017300,337
1636018200,370
1636019100,472
1636020000,720
1636020900,725
1636021800,784
1636022700,805
1636023600,791
1636024500,759
1636025400,555
1636026300,428
1636027200,222
1636028100,238
1636029000,258
1636029900,216
1636030800,226
1636031700,194
1636032600,185
1636033500,188
1636034400,233
1636035300,172
1636036200,180
1636037100,289
1636038000,264
1636038900,244
1636039800,214
1636040700,252
1636041600,276
1636042500,270
1636043400,314
1636044300,323
1636045200,507
1636046100,796
1636047000,606
1636047900,443
1636048800,616
1636049700,900
1636050600,516
1636051500,412
1636052400,402
1636053300,408
1636054200,438
1636055100,411
1636056000,366
1636056900,361
1636057800,436
1636058700,382
1636059600,370
1636060500,342
1636061400,294
1636062300,327
1636063200,263
1636064100,203
1636065000,106
1636065900,100
1636066800,109
1636067700,124
1636068600,125
1636069500,117
1636070400,117
1636071300,122
1636072200,120
1636073100,120
1636074000,163
1636074900,110
1636075800,111
1636076700,121
1636077600,127
1636078500,130
1636079400,116
1636080300,109
1636081200,127
1636082100,108
1636083000,136
1636083900,175
1636084800,117
1636085700,107
1636086600,102
1636087500,123
1636088400,127
1636089300,227
1636090200,300
1636091100,195
1636092000,184
1636092900,442
1636093800,557
1636094700,959
1636095600,882
1636096500,354
1636097400,366
1636098300,330
1636099200,322
1636100100,299
1636101000,296
1636101900,384
1636102800,603
1636103700,1213
1636104600,764
1636105500,700
1636106400,318
1636107300,349
1636108200,588
1636109100,584
1636110000,464
1636110900,491
1636111800,1023
1636112700,1416
1636113600,917
1636114500,740
1636115400,712
1636116300,562
1636117200,526
1636118100,538
1636119000,468
1636119900,247
1636120800,260
1636121700,217
1636122600,254
1636123500,279
1636124400,287
1636125300,352
1636126200,273
1636127100,383
1636128000,373
1636128900,401
1636129800,331
1636130700,489
1636131600,555
1636132500,571
1636133400,598
1636134300,527
1636135200,489
1636136100,481
1636137000,536
1636137900,831
1636138800,1327
1636139700,1191
1636140600,938
1636141500,941
1636142400,730
1636143300,480
1636144200,425
1636145100,454
1636146000,409
1636146900,710
1636147800,380
1636148700,467
1636149600,359
1636150500,224
1636151400,224
1636152300,143
1636153200,139
1636154100,101
1636155000,99
1636155900,107
1636156800,130
1636157700,155
1636158600,130
1636159500,132
1636160400,136
1636161300,116
1636162200,147
1636163100,146
1636164000,114
1636164900,115
1636165800,122
1636166700,145
1636167600,155
1636168500,113
1636169400,147
1636170300,126
1636171200,114
1636172100,133
1636173000,139
1636173900,120
1636174800,105
1636175700,197
1636176600,284
1636177500,236
1636178400,174
1636179300,171
1636180200,140
1636181100,142
1636182000,182
1636182900,226
1636183800,235
1636184700,215
1636185600,223
1636186500,259
1636187400,251
1636188300,228
1636189200,234
1636190100,218
1636191000,215
1636191900,237
1636192800,274
1636193700,1514
1636194600,1869
1636195500,1388
1636196400,1210
1636197300,1360
1636198200,782
1636199100,285
1636200000,271
1636200900,229
1636201800,225
1636202700,239
1636203600,192
1636204500,189
1636205400,174
1636206300,189
1636207200,196
1636208100,178
1636209000,186
1636209900,188
1636210800,205
1636211700,253
1636212600,240
1636213500,227
1636214400,292
1636215300,451
1636216200,486
1636217100,428
1636218000,424
1636218900,410
1636219800,457
1636220700,501
1636221600,432
1636222500,477
1636223400,630
1636224300,493
1636225200,496
1636226100,550
1636227000,540
1636227900,492
1636228800,492
1636229700,509
1636230600,481
1636231500,522
1636232400,499
1636233300,322
1636234200,295
1636235100,280
1636236000,333
1636236900,315
1636237800,200
1636238700,113
1636239600,127
1636240500,108
1636241400,127
1636242300,131
1636243200,119
1636244100,113
1636245000,114
1636245900,148
1636246800,127
1636247700,112
1636248600,99
1636249500,133
1636250400,103
1636251300,136
1636252200,110
1636253100,131
1636254000,113
1636254900,117
1636255800,125
1636256700,135
1636257600,101
1636258500,108
1636259400,140
1636260300,138
1636261200,152
1636262100,135
1636263000,179
1636263900,184
1636264800,300
1636265700,180
1636266600,198
1636267500,228
1636268400,416
1636269300,215
1636270200,225
1636271100,307
1636272000,282
1636272900,379
1636273800,300
1636274700,276
1636275600,282
1636276500,339
1636277400,434
1636278300,828
1636279200,495
1636280100,369
1636281000,433
1636281900,1289
1636282800,503
1636283700,586
1636284600,392
1636285500,263
1636286400,244
1636287300,270
1636288200,281
1636289100,271
1636290000,311
1636290900,278
1636291800,254
1636292700,257
1636293600,245
1636294500,280
1636295400,300
1636296300,258
1636297200,232
1636298100,288
1636299000,292
1636299900,280
1636300800,308
1636301700,350
1636302600,344
1636303500,333
1636304400,337
1636305300,328
1636306200,353
1636307100,558
1636308000,317
1636308900,322
1636309800,340
1636310700,354
1636311600,390
1636312500,406
1636313400,401
1636314300,365
1636315200,344
1636316100,370
1636317000,356
1636317900,364
1636318800,355
1636319700,336
1636320600,310
1636321500,227
1636322400,213
1636323300,165
1636324200,123
1636325100,138
1636326000,150
1636326900,140
1636327800,150
1636328700,157
1636329600,132
1636330500,132
1636331400,126
1636332300,173
1636333200,160
1636334100,143
1636335000,127
1636335900,152
1636336800,129
1636337700,160
1636338600,134
1636339500,158
1636340400,128
1636341300,145
1636342200,154
1636343100,156
1636344000,113
1636344900,127
1636345800,129
1636346700,139
1636347600,223
1636348500,640
1636349400,330
1636350300,717
1636351200,546
1636352100,529
1636353000,283
1636353900,676
1636354800,586
1636355700,542
1636356600,713
1636357500,385
1636358400,315
1636359300,335
1636360200,299
1636361100,342
1636362000,956
1636362900,489
1636363800,472
1636364700,395
1636365600,908
1636366500,1410
1636367400,1105
1636368300,470
1636369200,394
1636370100,360
1636371000,358
1636371900,353
1636372800,249
1636373700,282
1636374600,279
1636375500,304
1636376400,314
1636377300,306
1636378200,228
1636379100,251
1636380000,236
1636380900,226
1636381800,260
1636382700,250
1636383600,230
1636384500,233
1636385400,244
1636386300,253
1636387200,270
1636388100,322
1636389000,412
1636389900,897
1636390800,583
1636391700,448
1636392600,625
1636393500,883
1636394400,369
1636395300,373
1636396200,422
1636397100,424
1636398000,394
1636398900,412
1636399800,403
1636400700,397
1636401600,553
1636402500,452
1636403400,370
1636404300,327
1636405200,380
1636406100,265
1636407000,158
1636407900,148
1636408800,131
1636409700,100
1636410600,110
1636411500,131
1636412400,117
1636413300,105
1636414200,114
1636415100,119
1636416000,138
1636416900,103
1636417800,100
1636418700,115
1636419600,104
1636420500,111
1636421400,136
1636422300,111
1636423200,113
1636424100,99
1636425000,132
1636425900,132
1636426800,101
1636427700,120
1636428600,137
1636429500,105
1636430400,120
1636431300,135
1636432200,124
1636433100,114
1636434000,652
1636434900,278
1636435800,214
1636436700,243
1636437600,192
1636438500,197
1636439400,239
1636440300,233
1636441200,179
1636442100,218
1636443000,189
1636443900,175
1636444800,198
1636445700,212
1636446600,185
1636447500,200
1636448400,213
1636449300,183
1636450200,223
1636451100,230
1636452000,213
1636452900,174
1636453800,176
1636454700,327
1636455600,220
1636456500,317
1636457400,719
1636458300,347
1636459200,708
1636460100,670
1636461000,723
1636461900,355
1636462800,314
1636463700,253
1636464600,221
1636465500,273
1636466400,233
1636467300,249
1636468200,269
1636469100,254
1636470000,296
1636470900,262
1636471800,305
1636472700,313
1636473600,303
1636474500,365
1636475400,332
1636476300,337
1636477200,330
1636478100,349
1636479000,337
1636479900,347
1636480800,347
1636481700,927
1636482600,1414
1636483500,1105
1636484400,937
1636485300,807
1636486200,731
1636487100,512
1636488000,474
1636488900,432
1636489800,390
1636490700,360
1636491600,376
1636492500,298
1636493400,300
1636494300,172
1636495200,132
1636496100,118
1636497000,116
1636497900,124
1636498800,136
1636499700,115
1636500600,125
1636501500,112
1636502400,116
1636503300,118
1636504200,148
1636505100,102
1636506000,110
1636506900,127
1636507800,111
1636508700,135
1636509600,118
1636510500,127
1636511400,99
1636512300,99
1636513200,147
1636514100,154
1636515000,129
1636515900,167
1636516800,147
1636517700,124
1636518600,149
1636519500,121
1636520400,375
1636521300,564
1636522200,235
1636523100,287
1636524000,252
1636524900,209
1636525800,451
1636526700,647
1636527600,469
1636528500,240
1636529400,499
1636530300,645
1636531200,192
1636532100,196
1636533000,206
1636533900,218
1636534800,200
1636535700,240
1636536600,459
1636537500,478
1636538400,233
1636539300,207
1636540200,196
1636541100,719
1636542000,1153
1636542900,1412
1636543800,834
1636544700,320
1636545600,280
1636546500,296
1636547400,266
1636548300,297
1636549200,485
1636550100,369
1636551000,251
1636551900,239
1636552800,270
1636553700,245
1636554600,227
1636555500,249
1636556400,279
1636557300,280
1636558200,337
1636559100,320
1636560000,431
1636560900,399
1636561800,549
1636562700,887
1636563600,552
1636564500,358
1636565400,453
1636566300,891
1636567200,435
1636568100,671
1636569000,1269
1636569900,1199
1636570800,856
1636571700,763
1636572600,772
1636573500,393
1636574400,521
1636575300,396
1636576200,367
1636577100,296
1636578000,290
1636578900,291
1636579800,258
1636580700,252
1636581600,158
1636582500,172
1636583400,112
1636584300,128
1636585200,110
1636586100,134
1636587000,141
1636587900,111
1636588800,104
1636589700,128
1636590600,108
1636591500,120
1636592400,139
1636593300,116
1636594200,106
1636595100,105
1636596000,123
1636596900,144
1636597800,104
1636598700,111
1636599600,140
1636600500,108
1636601400,140
1636602300,284
1636603200,146
1636604100,131
1636605000,130
1636605900,156
1636606800,223
1636607700,985
1636608600,1110
1636609500,993
1636610400,628
1636611300,575
1636612200,431
1636613100,680
1636614000,421
1636614900,414
1636615800,361
1636616700,771
1636617600,444
1636618500,810
1636619400,686
1636620300,741
1636621200,419
1636622100,307
1636623000,282
1636623900,273
1636624800,569
1636625700,958
1636626600,633
1636627500,314
1636628400,255
1636629300,260
1636630200,226
1636631100,277
1636632000,261
1636632900,301
1636633800,271
1636634700,316
1636635600,323
1636636500,297
1636637400,329
1636638300,792
1636639200,770
1636640100,803
1636641000,827
1636641900,793
1636642800,708
1636643700,378
1636644600,302
1636645500,359
1636646400,323
1636647300,326
1636648200,411
1636649100,466
1636650000,755
1636650900,729
1636651800,796
1636652700,571
1636653600,621
1636654500,451
1636655400,926
1636656300,626
1636657200,377
1636658100,422
1636659000,447
1636659900,378
1636660800,461
1636661700,362
1636662600,376
1636663500,740
1636664400,282
1636665300,307
1636666200,283
1636667100,281
1636668000,290
1636668900,308
1636669800,204
1636670700,117
1636671600,115
1636672500,106
1636673400,107
1636674300,121
1636675200,133
1636676100,127
1636677000,108
1636677900,108
1636678800,113
1636679700,152
1636680600,142
1636681500,123
1636682400,136
1636683300,128
1636684200,138
1636685100,136
1636686000,120
1636686900,124
1636687800,150
1636688700,328
1636689600,171
1636690500,129
1636691400,143
1636692300,135
1636693200,375
1636694100,462
1636695000,229
1636695900,275
1636696800,234
1636697700,244
1636698600,228
1636699500,282
1636700400,270
1636701300,282
1636702200,263
1636703100,268
1636704000,326
1636704900,315
1636705800,293
1636706700,282
1636707600,305
1636708500,278
1636709400,291
1636710300,345
1636711200,318
1636712100,298
1636713000,324
1636713900,1845
1636714800,1395
1636715700,807
1636716600,646
1636717500,608
1636718400,556
1636719300,354
1636720200,796
1636721100,528
1636722000,331
1636722900,363
1636723800,383
1636724700,413
1636725600,348
1636726500,371
1636727400,394
1636728300,398
1636729200,483
1636730100,476
1636731000,401
1636731900,508
1636732800,385
1636733700,355
1636734600,367
1636735500,459
1636736400,575
1636737300,679
1636738200,856
1636739100,785
1636740000,550
1636740900,478
1636741800,574
1636742700,575
1636743600,496
1636744500,482
1636745400,384
1636746300,537
1636747200,422
1636748100,406
1636749000,361
1636749900,425
1636750800,312
1636751700,164
1636752600,143
1636753500,137
1636754400,130
1636755300,132
1636756200,170
1636757100,166
1636758000,130
1636758900,144
1636759800,138
1636760700,126
1636761600,160
1636762500,138
1636763400,124
1636764300,127
1636765200,156
1636766100,145
1636767000,138
1636767900,134
1636768800,128
1636769700,116
1636770600,145
1636771500,152
1636772400,123
1636773300,134
1636774200,154
1636775100,168
1636776000,164
1636776900,290
1636777800,154
1636778700,186
1636779600,827
1636780500,1133
1636781400,699
1636782300,334
1636783200,296
1636784100,295
1636785000,299
1636785900,309
1636786800,294
1636787700,329
1636788600,375
1636789500,740
1636790400,790
1636791300,1312
1636792200,991
1636793100,958
1636794000,719
1636794900,1043
1636795800,549
1636796700,317
1636797600,302
1636798500,301
1636799400,620
1636800300,576
1636801200,696
1636802100,718
1636803000,293
1636803900,301
1636804800,432
1636805700,730
1636806600,573
1636807500,348
1636808400,629
1636809300,711
1636810200,342
1636811100,407
1636812000,445
1636812900,281
1636813800,320
1636814700,319
1636815600,318
1636816500,334
1636817400,304
1636818300,346
1636819200,388
1636820100,407
1636821000,441
1636821900,447
1636822800,804
1636823700,663
1636824600,689
1636825500,431
1636826400,880
1636827300,708
1636828200,441
1636829100,495
1636830000,469
1636830900,453
1636831800,445
1636832700,481
1636833600,537
1636834500,481
1636835400,453
1636836300,458
1636837200,428
1636838100,477
1636839000,446
1636839900,439
1636840800,456
1636841700,437
1636842600,247
1636843500,146
1636844400,138
1636845300,123
1636846200,107
1636847100,124
1636848000,133
1636848900,102
1636849800,126
1636850700,120
1636851600,118
1636852500,149
1636853400,128
1636854300,102
1636855200,115
1636856100,113
1636857000,123
1636857900,124
1636858800,121
1636859700,105
1636860600,114
1636861500,136
1636862400,144
1636863300,100
1636864200,140
1636865100,114
1636866000,107
1636866900,179
1636867800,170
1636868700,166
1636869600,368
1636870500,224
1636871400,327
1636872300,240
1636873200,606
1636874100,602
1636875000,673
1636875900,483
1636876800,216
1636877700,234
1636878600,669
1636879500,386
1636880400,180
1636881300,479
1636882200,555
1636883100,155
1636884000,185
1636884900,622
1636885800,673
1636886700,563
1636887600,449
1636888500,264
1636889400,255
1636890300,247
1636891200,232
1636892100,208
1636893000,282
1636893900,509
1636894800,220
1636895700,260
1636896600,237
1636897500,351
1636898400,529
1636899300,244
1636900200,271
1636901100,301
1636902000,252
1636902900,591
1636903800,342
1636904700,335
1636905600,319
1636906500,295
1636907400,314
1636908300,327
1636909200,293
1636910100,314
1636911000,469
1636911900,384
1636912800,320
1636913700,537
1636914600,374
1636915500,369
1636916400,335
1636917300,383
1636918200,787
1636919100,360
1636920000,343
1636920900,331
1636921800,285
1636922700,288
1636923600,368
1636924500,322
1636925400,301
1636926300,313
1636927200,302
1636928100,306
1636929000,299
1636929900,499
1636930800,656
1636931700,475
1636932600,273
1636933500,515
1636934400,699
1636935300,245
1636936200,223
1636937100,241
1636938000,301
1636938900,314
1636939800,286
1636940700,286
1636941600,289
1636942500,278
1636943400,208
1636944300,156
1636945200,114
1636946100,117
1636947000,140
1636947900,110
1636948800,139
1636949700,147
1636950600,109
1636951500,131
1636952400,172
1636953300,604
1636954200,262
1636955100,215
1636956000,196
1636956900,181
1636957800,247
1636958700,233
1636959600,236
1636960500,225
1636961400,208
1636962300,180
1636963200,192
1636964100,260
1636965000,240
1636965900,223
1636966800,272
1636967700,227
1636968600,222
1636969500,288
1636970400,328
1636971300,966
1636972200,1098
1636973100,838
1636974000,362
1636974900,411
1636975800,245
1636976700,263
1636977600,291
1636978500,297
1636979400,329
1636980300,278
1636981200,286
1636982100,276
1636983000,607
1636983900,422
1636984800,449
1636985700,260
1636986600,790
1636987500,277
1636988400,238
1636989300,318
1636990200,297
1636991100,336
1636992000,552
1636992900,760
1636993800,400
1636994700,384
1636995600,383
1636996500,335
1636997400,385
1636998300,426
1636999200,422
1637000100,421
1637001000,379
1637001900,374
1637002800,421
1637003700,392
1637004600,391
1637005500,406
1637006400,394
1637007300,351
1637008200,422
1637009100,350
1637010000,319
1637010900,152
1637011800,163
1637012700,135
1637013600,117
1637014500,137
1637015400,137
1637016300,120
1637017200,124
1637018100,123
1637019000,117
1637019900,169
1637020800,137
1637021700,104
1637022600,115
1637023500,116
1637024400,103
1637025300,139
1637026200,122
1637027100,109
1637028000,115
1637028900,132
1637029800,124
1637030700,128
1637031600,137
1637032500,105
1637033400,120
1637034300,144
1637035200,126
1637036100,116
1637037000,121
1637037900,178
1637038800,583
1637039700,300
1637040600,242
1637041500,205
1637042400,210
1637043300,180
1637044200,270
1637045100,215
1637046000,230
1637046900,259
1637047800,220
1637048700,209
1637049600,218
1637050500,607
1637051400,484
1637052300,438
1637053200,548
1637054100,1430
1637055000,1373
1637055900,788
1637056800,769
1637057700,796
1637058600,718
1637059500,714
1637060400,640
1637061300,335
1637062200,308
1637063100,550
1637064000,1478
1637064900,926
1637065800,829
1637066700,727
1637067600,416
1637068500,243
1637069400,245
1637070300,256
1637071200,290
1637072100,227
1637073000,247
1637073900,259
1637074800,262
1637075700,357
1637076600,393
1637077500,368
1637078400,543
1637079300,438
1637080200,318
1637081100,359
1637082000,326
1637082900,311
1637083800,304
1637084700,325
1637085600,752
1637086500,665
1637087400,366
1637088300,365
1637089200,329
1637090100,377
1637091000,400
1637091900,348
1637092800,366
1637093700,362
1637094600,298
1637095500,383
1637096400,567
1637097300,606
1637098200,422
1637099100,222
1637100000,592
1637100900,443
1637101800,188
1637102700,108
1637103600,100
1637104500,121
1637105400,127
1637106300,121
1637107200,124
1637108100,110
1637109000,106
1637109900,121
1637110800,143
1637111700,106
1637112600,99
1637113500,115
1637114400,91
1637115300,128
1637116200,137
1637117100,110
1637118000,109
1637118900,105
1637119800,115
1637120700,297
1637121600,171
1637122500,118
1637123400,105
1637124300,205
1637125200,535
1637126100,237
1637127000,197
1637127900,198
1637128800,170
1637129700,575
1637130600,1026
1637131500,1015
1637132400,1358
1637133300,835
1637134200,827
1637135100,733
1637136000,746
1637136900,210
1637137800,152
1637138700,118
1637139600,110
1637140500,148
1637141400,131
1637142300,123
1637143200,128
1637144100,125
1637145000,123
1637145900,162
1637146800,272
1637147700,724
1637148600,623
1637149500,273
1637150400,267
1637151300,289
1637152200,385
1637153100,301
1637154000,655
1637154900,650
1637155800,681
1637156700,215
1637157600,214
1637158500,208
1637159400,213
1637160300,236
1637161200,204
1637162100,215
1637163000,352
1637163900,379
1637164800,328
1637165700,418
1637166600,452
1637167500,486
1637168400,876
1637169300,551
1637170200,513
1637171100,731
1637172000,842
1637172900,358
1637173800,362
1637174700,455
1637175600,592
1637176500,481
1637177400,406
1637178300,403
1637179200,445
1637180100,460
1637181000,425
1637181900,425
1637182800,409
1637183700,401
1637184600,369
1637185500,414
1637186400,415
1637187300,287
1637188200,281
1637189100,164
1637190000,118
1637190900,178
1637191800,101
1637192700,101
1637193600,138
1637194500,124
1637195400,135
1637196300,127
1637197200,107
1637198100,115
1637199000,153
1637199900,164
1637200800,156
1637201700,150
1637202600,132
1637203500,137
1637204400,151
1637205300,162
1637206200,151
1637207100,176
1637208000,154
1637208900,138
1637209800,171
1637210700,172
1637211600,162
1637212500,174
1637213400,257
1637214300,290
1637215200,295
1637216100,1004
1637217000,848
1637217900,688
1637218800,630
1637219700,467
1637220600,328
1637221500,259
1637222400,197
1637223300,198
1637224200,622
1637225100,1146
1637226000,397
1637226900,286
1637227800,273
1637228700,281
1637229600,756
1637230500,692
1637231400,1228
1637232300,981
1637233200,192
1637234100,173
1637235000,199
1637235900,170
1637236800,223
1637237700,176
1637238600,180
1637239500,210
1637240400,170
1637241300,539
1637242200,375
1637243100,285
1637244000,373
1637244900,223
1637245800,180
1637246700,231
1637247600,364
1637248500,711
1637249400,567
1637250300,296
1637251200,479
1637252100,833
1637253000,334
1637253900,324
1637254800,335
1637255700,352
1637256600,284
1637257500,284
1637258400,630
1637259300,1411
1637260200,1428
1637261100,1131
1637262000,817
1637262900,900
1637263800,515
1637264700,409
1637265600,319
1637266500,340
1637267400,305
1637268300,309
1637269200,323
1637270100,270
1637271000,250
1637271900,269
1637272800,248
1637273700,244
1637274600,138
1637275500,200
1637276400,116
1637277300,127
1637278200,138
1637279100,148
1637280000,128
1637280900,142
1637281800,125
1637282700,141
1637283600,149
1637284500,135
1637285400,127
1637286300,131
1637287200,129
1637288100,127
1637289000,176
1637289900,128
1637290800,121
1637291700,143
1637292600,122
1637293500,282
1637294400,184
1637295300,109
1637296200,133
1637297100,200
1637298000,389
1637298900,1048
1637299800,678
1637300700,662
1637301600,647
1637302500,310
1637303400,209
1637304300,185
1637305200,192
1637306100,211
1637307000,245
1637307900,252
1637308800,556
1637309700,509
1637310600,193
1637311500,187
1637312400,186
1637313300,216
1637314200,176
1637315100,159
1637316000,153
1637316900,155
1637317800,262
1637318700,140
1637319600,272
1637320500,1223
1637321400,883
1637322300,562
1637323200,156
1637324100,130
1637325000,111
1637325900,130
1637326800,145
1637327700,135
1637328600,134
1637329500,479
1637330400,988
1637331300,924
1637332200,775
1637333100,701
1637334000,659
1637334900,665
1637335800,747
1637336700,394
1637337600,345
1637338500,340
1637339400,419
1637340300,367
1637341200,317
1637342100,396
1637343000,549
1637343900,650
1637344800,759
1637345700,1100
1637346600,1446
1637347500,1761
1637348400,1164
1637349300,794
1637350200,404
1637351100,334
1637352000,388
1637352900,315
1637353800,303
1637354700,260
1637355600,304
1637356500,266
1637357400,220
1637358300,506
1637359200,315
1637360100,302
1637361000,190
1637361900,681
1637362800,164
1637363700,107
1637364600,145
1637365500,113
1637366400,117
1637367300,156
1637368200,112
1637369100,114
1637370000,142
1637370900,116
1637371800,146
1637372700,147
1637373600,118
1637374500,116
1637375400,113
1637376300,126
1637377200,133
1637378100,124
1637379000,130
1637379900,292
1637380800,156
1637381700,130
1637382600,137
1637383500,138
1637384400,342
1637385300,459
1637386200,188
1637387100,196
1637388000,189
1637388900,439
1637389800,532
1637390700,316
1637391600,212
1637392500,230
1637393400,174
1637394300,197
1637395200,356
1637396100,584
1637397000,290
1637397900,190
1637398800,244
1637399700,654
1637400600,648
1637401500,713
1637402400,716
1637403300,817
1637404200,581
1637405100,250
1637406000,386
1637406900,367
1637407800,220
1637408700,247
1637409600,281
1637410500,274
1637411400,266
1637412300,463
1637413200,689
1637414100,462
1637415000,254
1637415900,527
1637416800,739
1637417700,480
1637418600,440
1637419500,278
1637420400,269
1637421300,438
1637422200,771
1637423100,799
1637424000,794
1637424900,485
1637425800,426
1637426700,455
1637427600,432
1637428500,424
1637429400,487
1637430300,471
1637431200,444
1637432100,470
1637433000,430
1637433900,421
1637434800,437
1637435700,419
1637436600,448
1637437500,467
1637438400,421
1637439300,465
1637440200,617
1637441100,513
1637442000,542
1637442900,391
1637443800,316
1637444700,412
1637445600,265
1637446500,292
1637447400,319
1637448300,247
1637449200,112
1637450100,102
1637451000,115
1637451900,123
1637452800,91
1637453700,129
1637454600,106
1637455500,111
1637456400,137
1637457300,118
1637458200,100
1637459100,123
1637460000,99
1637460900,109
1637461800,147
1637462700,123
1637463600,110
1637464500,121
1637465400,104
1637466300,120
1637467200,132
1637468100,107
1637469000,109
1637469900,155
1637470800,100
1637471700,142
1637472600,141
1637473500,144
1637474400,281
1637475300,221
1637476200,231
1637477100,236
1637478000,461
1637478900,697
1637479800,1253
1637480700,753
1637481600,504
1637482500,966
1637483400,669
1637484300,308
1637485200,349
1637486100,364
1637487000,742
1637487900,737
1637488800,933
1637489700,649
1637490600,807
1637491500,805
1637492400,548
1637493300,231
1637494200,212
1637495100,202
1637496000,190
1637496900,229
1637497800,192
1637498700,280
1637499600,297
1637500500,276
1637501400,312
1637502300,307
1637503200,263
1637504100,276
1637505000,303
1637505900,285
1637506800,318
1637507700,300
1637508600,283
1637509500,314
1637510400,306
1637511300,277
1637512200,288
1637513100,276
1637514000,327
1637514900,346
1637515800,315
1637516700,322
1637517600,297
1637518500,320
1637519400,650
1637520300,270
1637521200,387
1637522100,378
1637523000,367
1637523900,379
1637524800,353
1637525700,337
1637526600,401
1637527500,331
1637528400,250
1637529300,303
1637530200,175
1637531100,150
1637532000,154
1637532900,144
1637533800,117
1637534700,116
1637535600,132
1637536500,136
1637537400,109
1637538300,117
1637539200,102
1637540100,103
1637541000,146
1637541900,133
1637542800,117
1637543700,125
1637544600,105
1637545500,104
1637546400,151
1637547300,112
1637548200,107
1637549100,121
1637550000,109
1637550900,123
1637551800,157
1637552700,109
1637553600,105
1637554500,130
1637555400,108
1637556300,126
1637557200,160
1637558100,570
1637559000,223
1637559900,239
1637560800,252
1637561700,271
1637562600,766
1637563500,1044
1637564400,698
1637565300,704
1637566200,623
1637567100,454
1637568000,305
1637568900,327
1637569800,296
1637570700,303
1637571600,286
1637572500,668
1637573400,540
1637574300,705
1637575200,803
1637576100,1165
1637577000,1105
1637577900,793
1637578800,678
1637579700,1031
1637580600,798
1637581500,289
1637582400,242
1637583300,256
1637584200,258
1637585100,304
1637586000,299
1637586900,265
1637587800,375
1637588700,250
1637589600,368
1637590500,363
1637591400,233
1637592300,217
1637593200,247
1637594100,260
1637595000,284
1637595900,641
1637596800,318
1637597700,332
1637598600,321
1637599500,829
1637600400,523
1637601300,871
1637602200,1432
1637603100,1157
1637604000,475
1637604900,828
1637605800,798
1637606700,499
1637607600,474
1637608500,437
1637609400,380
1637610300,427
1637611200,428
1637612100,426
1637613000,388
1637613900,334
1637614800,352
1637615700,360
1637616600,314
1637617500,298
1637618400,274
1637619300,211
1637620200,160
1637621100,142
1637622000,118
1637622900,121
1637623800,136
1637624700,112
1637625600,117
1637626500,149
1637627400,119
1637628300,104
1637629200,127
1637630100,112
1637631000,131
1637631900,147
1637632800,119
1637633700,97
1637634600,107
1637635500,121
1637636400,110
1637637300,112
1637638200,124
1637639100,131
1637640000,120
1637640900,153
1637641800,107
1637642700,124
1637643600,622
1637644500,352
1637645400,207
1637646300,202
1637647200,204
1637648100,186
1637649000,202
1637649900,209
1637650800,176
1637651700,220
1637652600,176
1637653500,188
1637654400,460
1637655300,554
1637656200,404
1637657100,217
1637658000,795
1637658900,980
1637659800,242
1637660700,205
1637661600,205
1637662500,233
1637663400,234
1637664300,285
1637665200,221
1637666100,170
1637667000,202
1637667900,634
1637668800,506
1637669700,307
1637670600,303
1637671500,240
1637672400,270
1637673300,280
1637674200,261
1637675100,536
1637676000,605
1637676900,524
1637677800,252
1637678700,805
1637679600,402
1637680500,240
1637681400,325
1637682300,840
1637683200,1276
1637684100,1147
1637685000,909
1637685900,413
1637686800,335
1637687700,470
1637688600,402
1637689500,443
1637690400,523
1637691300,1091
1637692200,1290
1637693100,990
1637694000,1150
1637694900,1292
1637695800,838
1637696700,479
1637697600,447
1637698500,382
1637699400,371
1637700300,386
1637701200,294
1637702100,278
1637703000,297
1637703900,201
1637704800,190
1637705700,163
1637706600,116
1637707500,107
1637708400,126
1637709300,131
1637710200,146
1637711100,118
1637712000,112
1637712900,109
1637713800,115
1637714700,145
1637715600,102
1637716500,121
1637717400,119
1637718300,118
1637719200,132
1637720100,121
1637721000,133
1637721900,120
1637722800,156
1637723700,147
1637724600,146
1637725500,328
1637726400,120
1637727300,100
1637728200,134
1637729100,112
1637730000,329
1637730900,924
1637731800,645
1637732700,700
1637733600,458
1637734500,190
1637735400,234
1637736300,201
1637737200,207
1637738100,195
1637739000,193
1637739900,221
1637740800,168
1637741700,152
1637742600,218
1637743500,189
1637744400,167
1637745300,383
1637746200,643
1637747100,433
1637748000,398
1637748900,1108
1637749800,1281
1637750700,710
1637751600,650
1637752500,473
1637753400,548
1637754300,757
1637755200,1009
1637756100,1177
1637757000,678
1637757900,674
1637758800,647
1637759700,535
1637760600,216
1637761500,171
1637762400,180
1637763300,211
1637764200,201
1637765100,194
1637766000,226
1637766900,195
1637767800,291
1637768700,726
1637769600,422
1637770500,574
1637771400,469
1637772300,836
1637773200,314
1637774100,306
1637775000,316
1637775900,333
1637776800,369
1637777700,368
1637778600,336
1637779500,394
1637780400,342
1637781300,392
1637782200,429
1637783100,521
1637784000,610
1637784900,312
1637785800,270
1637786700,213
1637787600,214
1637788500,265
1637789400,276
1637790300,266
1637791200,201
1637792100,118
1637793000,117
1637793900,156
1637794800,116
1637795700,111
1637796600,142
1637797500,133
1637798400,138
1637799300,130
1637800200,112
1637801100,119
1637802000,112
1637802900,145
1637803800,132
1637804700,112
1637805600,159
1637806500,109
1637807400,124
1637808300,157
1637809200,105
1637810100,119
1637811000,138
1637811900,162
1637812800,140
1637813700,126
1637814600,123
1637815500,169
1637816400,258
1637817300,914
1637818200,636
1637819100,271
1637820000,231
1637820900,194
1637821800,262
1637822700,230
1637823600,180
1637824500,187
1637825400,208
1637826300,186
1637827200,177
1637828100,180
1637829000,150
1637829900,154
1637830800,177
1637831700,191
1637832600,217
1637833500,182
1637834400,205
1637835300,149
1637836200,180
1637837100,183
1637838000,161
1637838900,677
1637839800,598
1637840700,652
1637841600,683
1637842500,653
1637843400,616
1637844300,231
1637845200,182
1637846100,201
1637847000,161
1637847900,167
1637848800,171
1637849700,184
1637850600,213
1637851500,190
1637852400,226
1637853300,464
1637854200,407
1637855100,364
1637856000,357
1637856900,342
1637857800,366
1637858700,351
1637859600,400
1637860500,379
1637861400,420
1637862300,1295
1637863200,1095
1637864100,892
1637865000,680
1637865900,460
1637866800,469
1637867700,358
1637868600,425
1637869500,367
1637870400,349
1637871300,354
1637872200,205
1637873100,197
1637874000,249
1637874900,207
1637875800,181
1637876700,263
1637877600,668
1637878500,311
1637879400,242
1637880300,208
1637881200,696
1637882100,277
1637883000,175
1637883900,165
1637884800,134
1637885700,157
1637886600,131
1637887500,144
1637888400,189
1637889300,139
1637890200,141
1637891100,158
1637892000,129
1637892900,163
1637893800,142
1637894700,147
1637895600,129
1637896500,128
1637897400,194
1637898300,325
1637899200,189
1637900100,182
1637901000,153
1637901900,197
1637902800,464
1637903700,380
1637904600,193
1637905500,189
1637906400,213
1637907300,185
1637908200,188
1637909100,114
1637910000,105
1637910900,122
1637911800,171
1637912700,116
1637913600,96
1637914500,108
1637915400,178
1637916300,123
1637917200,137
1637918100,112
1637919000,114
1637919900,122
1637920800,145
1637921700,184
1637922600,186
1637923500,135
1637924400,134
1637925300,153
1637926200,731
1637927100,957
1637928000,247
1637928900,286
1637929800,254
1637930700,725
1637931600,484
1637932500,881
1637933400,1183
1637934300,1229
1637935200,710
1637936100,713
1637937000,654
1637937900,537
1637938800,580
1637939700,545
1637940600,616
1637941500,401
1637942400,410
1637943300,324
1637944200,394
1637945100,372
1637946000,347
1637946900,331
1637947800,333
1637948700,330
1637949600,328
1637950500,396
1637951400,441
1637952300,443
1637953200,413
1637954100,398
1637955000,393
1637955900,424
1637956800,372
1637957700,370
1637958600,289
1637959500,294
1637960400,361
1637961300,223
1637962200,134
1637963100,132
1637964000,99
1637964900,108
1637965800,119
1637966700,102
1637967600,100
1637968500,98
1637969400,110
1637970300,132
1637971200,108
1637972100,134
1637973000,107
1637973900,100
1637974800,109
1637975700,131
1637976600,98
1637977500,94
1637978400,105
1637979300,104
1637980200,137
1637981100,107
1637982000,93
1637982900,94
1637983800,111
1637984700,257
1637985600,256
1637986500,116
1637987400,144
1637988300,178
1637989200,204
1637990100,678
1637991000,230
1637991900,200
1637992800,198
1637993700,165
1637994600,200
1637995500,182
1637996400,129
1637997300,101
1637998200,109
1637999100,121
1638000000,174
1638000900,305
1638001800,648
1638002700,311
1638003600,220
1638004500,249
1638005400,673
1638006300,431
1638007200,481
1638008100,360
1638009000,605
1638009900,794
1638010800,588
1638011700,210
1638012600,218
1638013500,186
1638014400,685
1638015300,336
1638016200,316
1638017100,356
1638018000,704
1638018900,172
1638019800,191
1638020700,192
1638021600,347
1638022500,200
1638023400,199
1638024300,273
1638025200,267
1638026100,328
1638027000,416
1638027900,327
1638028800,375
1638029700,341
1638030600,334
1638031500,300
1638032400,353
1638033300,316
1638034200,459
1638035100,306
1638036000,292
1638036900,415
1638037800,463
1638038700,587
1638039600,518
1638040500,485
1638041400,507
1638042300,463
1638043200,474
1638044100,543
1638045000,507
1638045900,415
1638046800,384
1638047700,355
1638048600,332
1638049500,287
1638050400,355
1638051300,243
1638052200,102
1638053100,109
1638054000,140
1638054900,101
1638055800,107
1638056700,125
1638057600,109
1638058500,111
1638059400,144
1638060300,99
1638061200,99
1638062100,112
1638063000,102
1638063900,134
1638064800,129
1638065700,113
1638066600,106
1638067500,94
1638068400,138
1638069300,116
1638070200,101
1638071100,122
1638072000,105
1638072900,112
1638073800,151
1638074700,127
1638075600,126
1638076500,110
1638077400,180
1638078300,221
1638079200,450
1638080100,239
1638081000,281
1638081900,220
1638082800,235
1638083700,358
1638084600,728
1638085500,465
1638086400,301
1638087300,473
1638088200,834
1638089100,350
1638090000,298
1638090900,285
1638091800,324
1638092700,303
1638093600,601
1638094500,538
1638095400,475
1638096300,519
1638097200,280
1638098100,327
1638099000,291
1638099900,270
1638100800,289
1638101700,299
1638102600,295
1638103500,303
1638104400,224
1638105300,228
1638106200,239
1638107100,303
1638108000,241
1638108900,251
1638109800,334
1638110700,299
1638111600,304
1638112500,392
1638113400,545
1638114300,700
1638115200,690
1638116100,339
1638117000,665
1638117900,641
1638118800,358
1638119700,316
1638120600,313
1638121500,305
1638122400,293
1638123300,295
1638124200,483
1638125100,708
1638126000,757
1638126900,407
1638127800,347
1638128700,332
1638129600,323
1638130500,260
1638131400,297
1638132300,353
1638133200,293
1638134100,298
1638135000,230
1638135900,121
1638136800,107
1638137700,148
1638138600,135
1638139500,117
1638140400,111
1638141300,127
1638142200,106
1638143100,120
1638144000,152
1638144900,109
1638145800,114
1638146700,127
1638147600,107
1638148500,108
1638149400,142
1638150300,120
1638151200,102
1638152100,105
1638153000,129
1638153900,113
1638154800,130
1638155700,159
1638156600,104
1638157500,104
1638158400,121
1638159300,102
1638160200,106
1638161100,142
1638162000,238
1638162900,613
1638163800,226
1638164700,196
1638165600,181
1638166500,181
1638167400,284
1638168300,275
1638169200,223
1638170100,651
1638171000,716
1638171900,732
1638172800,788
1638173700,707
1638174600,674
1638175500,627
1638176400,1216
1638177300,1600
1638178200,620
1638179100,479
1638180000,341
1638180900,834
1638181800,525
1638182700,377
1638183600,427
1638184500,374
1638185400,216
1638186300,338
1638187200,242
1638188100,264
1638189000,238
1638189900,241
1638190800,285
1638191700,252
1638192600,248
1638193500,242
1638194400,207
1638195300,456
1638196200,674
1638197100,499
1638198000,286
1638198900,711
1638199800,561
1638200700,312
1638201600,500
1638202500,1114
1638203400,1128
1638204300,839
1638205200,366
1638206100,345
1638207000,307
1638207900,329
1638208800,374
1638209700,356
1638210600,359
1638211500,373
1638212400,402
1638213300,392
1638214200,384
1638215100,408
1638216000,343
1638216900,332
1638217800,328
1638218700,313
1638219600,213
1638220500,224
1638221400,264
1638222300,255
1638223200,269
1638224100,196
1638225000,116
1638225900,147
1638226800,150
1638227700,160
1638228600,128
1638229500,104
1638230400,112
1638231300,107
1638232200,118
1638233100,121
1638234000,137
1638234900,148
1638235800,103
1638236700,94
1638237600,116
1638238500,96
1638239400,113
1638240300,141
1638241200,102
1638242100,102
1638243000,114
1638243900,138
1638244800,64
1638245700,92
1638246600,97
1638247500,78
1638248400,671
1638249300,409
1638250200,296
1638251100,284
1638252000,200
1638252900,175
1638253800,235
1638254700,168
1638255600,120
1638256500,135
1638257400,120
1638258300,166
1638259200,110
1638260100,119
1638261000,460
1638261900,599
1638262800,338
1638263700,190
1638264600,388
1638265500,647
1638266400,146
1638267300,181
1638268200,155
1638269100,139
1638270000,185
1638270900,168
1638271800,488
1638272700,666
1638273600,193
1638274500,508
1638275400,188
1638276300,155
1638277200,145
1638278100,229
1638279000,658
1638279900,1107
1638280800,848
1638281700,706
1638282600,703
1638283500,599
1638284400,579
1638285300,335
1638286200,421
1638287100,354
1638288000,354
1638288900,401
1638289800,586
1638290700,944
1638291600,1233
1638292500,905
1638293400,521
1638294300,405
1638295200,377
1638296100,388
1638297000,435
1638297900,404
1638298800,409
1638299700,362
1638300600,347
1638301500,344
1638302400,421
1638303300,399
1638304200,269
1638305100,245
1638306000,233
1638306900,191
1638307800,205
1638308700,287
1638309600,232
1638310500,224
1638311400,247
1638312300,251
1638313200,227
1638314100,198
1638315000,160
1638315900,118
1638316800,120
1638317700,108
1638318600,111
1638319500,152
1638320400,124
1638321300,103
1638322200,119
1638323100,121
1638324000,117
1638324900,144
1638325800,140
1638326700,116
1638327600,101
1638328500,131
1638329400,165
1638330300,295
1638331200,147
1638332100,126
1638333000,113
1638333900,147
1638334800,417
1638335700,390
1638336600,232
1638337500,190
1638338400,181
1638339300,149
1638340200,182
1638341100,133
1638342000,141
1638342900,144
1638343800,123
1638344700,138
1638345600,121
1638346500,147
1638347400,166
1638348300,183
1638349200,238
1638350100,647
1638351000,383
1638351900,461
1638352800,311
1638353700,788
1638354600,370
1638355500,237
1638356400,196
1638357300,201
1638358200,232
1638359100,202
1638360000,394
1638360900,247
1638361800,262
1638362700,230
1638363600,268
1638364500,263
1638365400,244
1638366300,272
1638367200,269
1638368100,254
1638369000,260
1638369900,372
1638370800,788
1638371700,329
1638372600,287
1638373500,332
1638374400,276
1638375300,324
1638376200,319
1638377100,303
1638378000,320
1638378900,355
1638379800,627
1638380700,290
1638381600,345
1638382500,446
1638383400,497
1638384300,467
1638385200,486
1638386100,398
1638387000,420
1638387900,366
1638388800,352
1638389700,390
1638390600,437
1638391500,344
1638392400,303
1638393300,270
1638394200,164
1638395100,204
1638396000,154
1638396900,127
1638397800,124
1638398700,141
1638399600,141
1638400500,122
1638401400,161
1638402300,128
1638403200,124
1638404100,120
1638405000,129
1638405900,108
1638406800,153
1638407700,135
1638408600,122
1638409500,119
1638410400,132
1638411300,124
1638412200,141
1638413100,119
1638414000,141
1638414900,105
1638415800,124
1638416700,280
1638417600,201
1638418500,144
1638419400,191
1638420300,232
1638421200,568
1638422100,1098
1638423000,1137
1638423900,791
1638424800,345
1638425700,223
1638426600,210
1638427500,213
1638428400,375
1638429300,739
1638430200,399
1638431100,287
1638432000,341
1638432900,727
1638433800,312
1638434700,225
1638435600,225
1638436500,242
1638437400,224
1638438300,743
1638439200,514
1638440100,528
1638441000,494
1638441900,588
1638442800,599
1638443700,697
1638444600,504
1638445500,502
1638446400,288
1638447300,358
1638448200,237
1638449100,220
1638450000,261
1638450900,283
1638451800,269
1638452700,320
1638453600,291
1638454500,303
1638455400,273
1638456300,345
1638457200,311
1638458100,231
1638459000,297
1638459900,291
1638460800,318
1638461700,406
1638462600,375
1638463500,415
1638464400,407
1638465300,357
1638466200,332
1638467100,387
1638468000,438
1638468900,746
1638469800,1644
1638470700,1556
1638471600,920
1638472500,1150
1638473400,885
1638474300,435
1638475200,418
1638476100,428
1638477000,463
1638477900,505
1638478800,618
1638479700,711
1638480600,535
1638481500,407
1638482400,232
1638483300,139
1638484200,232
1638485100,148
1638486000,139
1638486900,152
1638487800,153
1638488700,128
1638489600,144
1638490500,144
1638491400,117
1638492300,127
1638493200,139
1638494100,124
1638495000,141
1638495900,182
1638496800,125
1638497700,120
1638498600,142
1638499500,118
1638500400,126
1638501300,226
1638502200,363
1638503100,178
1638504000,152
1638504900,123
1638505800,127
1638506700,253
1638507600,1142
1638508500,655
1638509400,720
1638510300,677
1638511200,560
1638512100,493
1638513000,266
1638513900,411
1638514800,654
1638515700,512
1638516600,1161
1638517500,1268
1638518400,1551
1638519300,1058
1638520200,875
1638521100,868
1638522000,800
1638522900,698
1638523800,610
1638524700,545
1638525600,185
1638526500,453
1638527400,988
1638528300,865
1638529200,705
1638530100,1223
1638531000,779
1638531900,519
1638532800,234
1638533700,197
1638534600,163
1638535500,185
1638536400,129
1638537300,136
1638538200,303
1638539100,594
1638540000,395
1638540900,224
1638541800,549
1638542700,500
1638543600,338
1638544500,904
1638545400,1270
1638546300,1010
1638547200,840
1638548100,753
1638549000,559
1638549900,420
1638550800,387
1638551700,361
1638552600,339
1638553500,362
1638554400,729
1638555300,827
1638556200,379
1638557100,376
1638558000,366
1638558900,373
1638559800,339
1638560700,354
1638561600,406
1638562500,400
1638563400,348
1638564300,293
1638565200,268
1638566100,156
1638567000,153
1638567900,134
1638568800,103
1638569700,117
1638570600,123
1638571500,126
1638572400,150
1638573300,131
1638574200,117
1638575100,100
1638576000,118
1638576900,95
1638577800,121
1638578700,128
1638579600,104
1638580500,108
1638581400,124
1638582300,104
1638583200,124
1638584100,116
1638585000,129
1638585900,97
1638586800,103
1638587700,122
1638588600,131
1638589500,153
1638590400,115
1638591300,116
1638592200,106
1638593100,181
1638594000,1047
1638594900,1144
1638595800,683
1638596700,785
1638597600,554
1638598500,195
1638599400,246
1638600300,767
1638601200,350
1638602100,282
1638603000,213
1638603900,676
1638604800,288
1638605700,185
1638606600,358
1638607500,655
1638608400,701
1638609300,863
1638610200,736
1638611100,802
1638612000,758
1638612900,529
1638613800,320
1638614700,369
1638615600,284
1638616500,423
1638617400,551
1638618300,200
1638619200,230
1638620100,642
1638621000,648
1638621900,302
1638622800,221
1638623700,187
1638624600,124
1638625500,174
1638626400,153
1638627300,167
1638628200,302
1638629100,229
1638630000,227
1638630900,196
1638631800,237
1638632700,264
1638633600,272
1638634500,264
1638635400,399
1638636300,370
1638637200,431
1638638100,365
1638639000,393
1638639900,381
1638640800,383
1638641700,366
1638642600,435
1638643500,402
1638644400,401
1638645300,373
1638646200,431
1638647100,562
1638648000,709
1638648900,497
1638649800,493
1638650700,504
1638651600,420
1638652500,387
1638653400,342
1638654300,291
1638655200,300
1638656100,307
1638657000,476
1638657900,411
1638658800,249
1638659700,148
1638660600,156
1638661500,147
1638662400,166
1638663300,133
1638664200,109
1638665100,115
1638666000,132
1638666900,146
1638667800,124
1638668700,116
1638669600,151
1638670500,119
1638671400,118
1638672300,167
1638673200,116
1638674100,122
1638675000,114
1638675900,121
1638676800,102
1638677700,128
1638678600,154
1638679500,171
1638680400,170
1638681300,200
1638682200,182
1638683100,304
1638684000,396
1638684900,264
1638685800,260
1638686700,291
1638687600,446
1638688500,882
1638689400,554
1638690300,321
1638691200,493
1638692100,778
1638693000,284
1638693900,367
1638694800,331
1638695700,451
1638696600,727
1638697500,495
1638698400,473
1638699300,483
1638700200,486
1638701100,532
1638702000,474
1638702900,455
1638703800,457
1638704700,488
1638705600,619
1638706500,711
1638707400,713
1638708300,480
1638709200,292
1638710100,312
1638711000,608
1638711900,591
1638712800,814
1638713700,636
1638714600,593
1638715500,740
1638716400,646
1638717300,358
1638718200,404
1638719100,631
1638720000,428
1638720900,448
1638721800,452
1638722700,738
1638723600,642
1638724500,557
1638725400,372
1638726300,751
1638727200,691
1638728100,374
1638729000,337
1638729900,359
1638730800,381
1638731700,316
1638732600,420
1638733500,338
1638734400,306
1638735300,309
1638736200,468
1638737100,316
1638738000,268
1638738900,245
1638739800,178
1638740700,134
1638741600,104
1638742500,120
1638743400,105
1638744300,111
1638745200,157
1638746100,107
1638747000,110
1638747900,106
1638748800,121
1638749700,101
1638750600,124
1638751500,138
1638752400,109
1638753300,105
1638754200,122
1638755100,120
1638756000,99
1638756900,126
1638757800,123
1638758700,99
1638759600,99
1638760500,115
1638761400,114
1638762300,112
1638763200,135
1638764100,114
1638765000,101
1638765900,104
1638766800,179
1638767700,302
1638768600,937
1638769500,639
1638770400,271
1638771300,229
1638772200,237
1638773100,236
1638774000,251
1638774900,484
1638775800,653
1638776700,530
1638777600,548
1638778500,340
1638779400,846
1638780300,863
1638781200,674
1638782100,765
1638783000,769
1638783900,1228
1638784800,1208
1638785700,1085
1638786600,822
1638787500,687
1638788400,542
1638789300,334
1638790200,355
1638791100,301
1638792000,302
1638792900,774
1638793800,590
1638794700,586
1638795600,323
1638796500,340
1638797400,376
1638798300,980
1638799200,897
1638800100,362
1638801000,350
1638801900,377
1638802800,343
1638803700,334
1638804600,295
1638805500,374
1638806400,366
1638807300,317
1638808200,342
1638809100,362
1638810000,336
1638810900,407
1638811800,899
1638812700,1360
1638813600,1055
1638814500,851
1638815400,866
1638816300,862
1638817200,871
1638818100,345
1638819000,324
1638819900,285
1638820800,291
1638821700,267
1638822600,266
1638823500,299
1638824400,239
1638825300,226
1638826200,152
1638827100,145
1638828000,115
1638828900,125
1638829800,163
1638830700,121
1638831600,104
1638832500,135
1638833400,126
1638834300,116
1638835200,138
1638836100,138
1638837000,120
1638837900,104
1638838800,124
1638839700,106
1638840600,110
1638841500,156
1638842400,117
1638843300,105
1638844200,119
1638845100,109
1638846000,108
1638846900,113
1638847800,177
1638848700,115
1638849600,112
1638850500,122
1638851400,110
1638852300,110
1638853200,867
1638854100,596
1638855000,247
1638855900,295
1638856800,252
1638857700,683
1638858600,674
1638859500,627
1638860400,317
1638861300,354
1638862200,338
1638863100,365
1638864000,731
1638864900,1013
1638865800,445
1638866700,372
1638867600,375
1638868500,331
1638869400,361
1638870300,346
1638871200,359
1638872100,380
1638873000,325
1638873900,578
1638874800,476
1638875700,349
1638876600,369
1638877500,365
1638878400,447
1638879300,271
1638880200,252
1638881100,666
1638882000,424
1638882900,507
1638883800,341
1638884700,759
1638885600,555
1638886500,323
1638887400,312
1638888300,353
1638889200,411
1638890100,340
1638891000,359
1638891900,502
1638892800,721
1638893700,722
1638894600,947
1638895500,430
1638896400,363
1638897300,396
1638898200,439
1638899100,402
1638900000,436
1638900900,564
1638901800,556
1638902700,487
1638903600,489
1638904500,405
1638905400,355
1638906300,382
1638907200,376
1638908100,404
1638909000,358
1638909900,343
1638910800,281
1638911700,292
1638912600,328
1638913500,297
1638914400,187
1638915300,177
1638916200,179
1638917100,176
1638918000,171
1638918900,207
1638919800,172
1638920700,168
1638921600,189
1638922500,172
1638923400,156
1638924300,190
1638925200,191
1638926100,167
1638927000,159
1638927900,180
1638928800,174
1638929700,163
1638930600,216
1638931500,183
1638932400,160
1638933300,158
1638934200,193
1638935100,192
1638936000,169
1638936900,205
1638937800,166
1638938700,174
1638939600,555
1638940500,343
1638941400,219
1638942300,272
1638943200,268
1638944100,225
1638945000,228
1638945900,252
1638946800,275
1638947700,777
1638948600,533
1638949500,478
1638950400,440
1638951300,862
1638952200,290
1638953100,200
1638954000,185
1638954900,200
1638955800,161
1638956700,173
1638957600,198
1638958500,174
1638959400,183
1638960300,420
1638961200,699
1638962100,912
1638963000,446
1638963900,356
1638964800,306
1638965700,246
1638966600,296
1638967500,212
1638968400,468
1638969300,614
1638970200,469
1638971100,251
1638972000,570
1638972900,682
1638973800,245
1638974700,412
1638975600,990
1638976500,1136
1638977400,814
1638978300,834
1638979200,824
1638980100,799
1638981000,402
1638981900,364
1638982800,359
1638983700,379
1638984600,372
1638985500,328
1638986400,394
1638987300,483
1638988200,718
1638989100,380
1638990000,443
1638990900,327
1638991800,339
1638992700,365
1638993600,290
1638994500,248
1638995400,287
1638996300,268
1638997200,223
1638998100,250
1638999000,247
1638999900,164
1639000800,116
1639001700,159
1639002600,176
1639003500,109
1639004400,122
1639005300,111
1639006200,98
1639007100,148
1639008000,193
1639008900,121
1639009800,126
1639010700,118
1639011600,115
1639012500,108
1639013400,149
1639014300,125
1639015200,111
1639016100,125
1639017000,111
1639017900,110
1639018800,107
1639019700,130
1639020600,104
1639021500,125
1639022400,104
1639023300,102
1639024200,96
1639025100,146
1639026000,614
1639026900,298
1639027800,184
1639028700,209
1639029600,288
1639030500,283
1639031400,244
1639032300,279
1639033200,293
1639034100,561
1639035000,1036
1639035900,1150
1639036800,887
1639037700,849
1639038600,801
1639039500,803
1639040400,805
1639041300,444
1639042200,304
1639043100,305
1639044000,309
1639044900,333
1639045800,834
1639046700,1068
1639047600,1153
1639048500,1525
1639049400,863
1639050300,582
1639051200,668
1639052100,755
1639053000,315
1639053900,309
1639054800,356
1639055700,304
1639056600,283
1639057500,260
1639058400,254
1639059300,239
1639060200,340
1639061100,332
1639062000,288
1639062900,372
1639063800,512
1639064700,695
1639065600,615
1639066500,405
1639067400,593
1639068300,1349
1639069200,976
1639070100,922
1639071000,893
1639071900,947
1639072800,945
1639073700,795
1639074600,504
1639075500,305
1639076400,302
1639077300,376
1639078200,501
1639079100,313
1639080000,300
1639080900,337
1639081800,351
1639082700,251
1639083600,161
1639084500,162
1639085400,167
1639086300,154
1639087200,130
1639088100,185
1639089000,164
1639089900,149
1639090800,159
1639091700,133
1639092600,164
1639093500,129
1639094400,140
1639095300,140
1639096200,145
1639097100,156
1639098000,135
1639098900,140
1639099800,122
1639100700,135
1639101600,152
1639102500,155
1639103400,129
1639104300,144
1639105200,120
1639106100,363
1639107000,169
1639107900,171
1639108800,140
1639109700,137
1639110600,131
1639111500,143
1639112400,304
1639113300,580
1639114200,227
1639115100,278
1639116000,224
1639116900,415
1639117800,598
1639118700,532
1639119600,313
1639120500,666
1639121400,710
1639122300,389
1639123200,452
1639124100,389
1639125000,312
1639125900,322
1639126800,483
1639127700,350
1639128600,353
1639129500,403
1639130400,941
1639131300,705
1639132200,736
1639133100,389
1639134000,686
1639134900,549
1639135800,727
1639136700,725
1639137600,996
1639138500,737
1639139400,312
1639140300,309
1639141200,336
1639142100,358
1639143000,349
1639143900,328
1639144800,342
1639145700,343
1639146600,340
1639147500,500
1639148400,1391
1639149300,1047
1639150200,680
1639151100,492
1639152000,1005
1639152900,445
1639153800,404
1639154700,708
1639155600,1192
1639156500,706
1639157400,427
1639158300,562
1639159200,897
1639160100,521
1639161000,385
1639161900,731
1639162800,449
1639163700,341
1639164600,316
1639165500,326
1639166400,351
1639167300,362
1639168200,306
1639169100,296
1639170000,360
1639170900,191
1639171800,123
1639172700,133
1639173600,136
1639174500,114
1639175400,117
1639176300,107
1639177200,93
1639178100,121
1639179000,133
1639179900,105
1639180800,116
1639181700,102
1639182600,96
1639183500,97
1639184400,127
1639185300,108
1639186200,93
1639187100,110
1639188000,96
1639188900,89
1639189800,103
1639190700,128
1639191600,106
1639192500,109
1639193400,132
1639194300,134
1639195200,96
1639196100,125
1639197000,120
1639197900,131
1639198800,617
1639199700,230
1639200600,192
1639201500,241
1639202400,235
1639203300,182
1639204200,216
1639205100,226
1639206000,231
1639206900,193
1639207800,199
1639208700,190
1639209600,199
1639210500,227
1639211400,276
1639212300,244
1639213200,207
1639214100,206
1639215000,212
1639215900,225
1639216800,236
1639217700,247
1639218600,237
1639219500,389
1639220400,806
1639221300,800
1639222200,395
1639223100,416
1639224000,823
1639224900,366
1639225800,313
1639226700,309
1639227600,290
1639228500,288
1639229400,326
1639230300,276
1639231200,307
1639232100,408
1639233000,400
1639233900,449
1639234800,389
1639235700,681
1639236600,1205
1639237500,1213
1639238400,954
1639239300,883
1639240200,966
1639241100,762
1639242000,443
1639242900,485
1639243800,560
1639244700,493
1639245600,646
1639246500,1052
1639247400,774
1639248300,652
1639249200,741
1639250100,967
1639251000,460
1639251900,505
1639252800,468
1639253700,477
1639254600,450
1639255500,479
1639256400,391
1639257300,378
1639258200,526
1639259100,371
1639260000,380
1639260900,404
1639261800,384
1639262700,147
1639263600,115
1639264500,136
1639265400,120
1639266300,104
1639267200,170
1639268100,141
1639269000,126
1639269900,127
1639270800,132
1639271700,131
1639272600,124
1639273500,170
1639274400,122
1639275300,105
1639276200,132
1639277100,108
1639278000,104
1639278900,124
1639279800,153
1639280700,136
1639281600,110
1639282500,132
1639283400,119
1639284300,141
1639285200,144
1639286100,155
1639287000,109
1639287900,152
1639288800,247
1639289700,311
1639290600,248
1639291500,526
1639292400,1099
1639293300,803
1639294200,714
1639295100,765
1639296000,678
1639296900,607
1639297800,661
1639298700,363
1639299600,251
1639300500,409
1639301400,362
1639302300,320
1639303200,950
1639304100,1522
1639305000,1550
1639305900,1572
1639306800,1243
1639307700,990
1639308600,464
1639309500,992
1639310400,1075
1639311300,692
1639312200,685
1639313100,700
1639314000,472
1639314900,211
1639315800,187
1639316700,169
1639317600,174
1639318500,195
1639319400,184
1639320300,436
1639321200,1321
1639322100,1487
1639323000,1103
1639323900,823
1639324800,1412
1639325700,553
1639326600,397
1639327500,399
1639328400,357
1639329300,309
1639330200,434
1639331100,409
1639332000,569
1639332900,837
1639333800,659
1639334700,446
1639335600,594
1639336500,1368
1639337400,864
1639338300,895
1639339200,650
1639340100,427
1639341000,368
1639341900,360
1639342800,308
1639343700,262
1639344600,307
1639345500,268
1639346400,281
1639347300,251
1639348200,183
1639349100,157
1639350000,132
1639350900,169
1639351800,147
1639352700,157
1639353600,139
1639354500,108
1639355400,127
1639356300,126
1639357200,125
1639358100,142
1639359000,137
1639359900,108
1639360800,117
1639361700,145
1639362600,150
1639363500,110
1639364400,130
1639365300,134
1639366200,132
1639367100,112
1639368000,151
1639368900,151
1639369800,125
1639370700,152
1639371600,311
1639372500,512
1639373400,247
1639374300,283
1639375200,244
1639376100,312
1639377000,446
1639377900,335
1639378800,365
1639379700,380
1639380600,384
1639381500,362
1639382400,394
1639383300,462
1639384200,479
1639385100,394
1639386000,465
1639386900,374
1639387800,335
1639388700,342
1639389600,308
1639390500,340
1639391400,1232
1639392300,899
1639393200,806
1639394100,1098
1639395000,756
1639395900,333
1639396800,776
1639397700,690
1639398600,348
1639399500,316
1639400400,330
1639401300,166
1639402200,161
1639403100,170
1639404000,140
1639404900,147
1639405800,127
1639406700,140
1639407600,144
1639408500,116
1639409400,156
1639410300,135
1639411200,135
1639412100,415
1639413000,479
1639413900,506
1639414800,492
1639415700,480
1639416600,471
1639417500,399
1639418400,401
1639419300,691
1639420200,1211
1639421100,1127
1639422000,851
1639422900,762
1639423800,542
1639424700,324
1639425600,552
1639426500,760
1639427400,290
1639428300,240
1639429200,226
1639430100,193
1639431000,201
1639431900,146
1639432800,176
1639433700,146
1639434600,134
1639435500,137
1639436400,115
1639437300,117
1639438200,140
1639439100,136
1639440000,115
1639440900,122
1639441800,131
1639442700,109
1639443600,116
1639444500,157
1639445400,144
1639446300,129
1639447200,119
1639448100,124
1639449000,101
1639449900,121
1639450800,159
1639451700,119
1639452600,133
1639453500,142
1639454400,109
1639455300,126
1639456200,144
1639457100,196
1639458000,813
1639458900,1017
1639459800,1072
1639460700,761
1639461600,683
1639462500,776
1639463400,479
1639464300,287
1639465200,243
1639466100,232
1639467000,187
1639467900,152
1639468800,178
1639469700,161
1639470600,134
1639471500,120
1639472400,181
1639473300,231
1639474200,238
1639475100,244
1639476000,244
1639476900,230
1639477800,235
1639478700,239
1639479600,531
1639480500,866
1639481400,1128
1639482300,640
1639483200,494
1639484100,345
1639485000,292
1639485900,266
1639486800,358
1639487700,859
1639488600,559
1639489500,474
1639490400,521
1639491300,872
1639492200,752
1639493100,1241
1639494000,969
1639494900,849
1639495800,835
1639496700,786
1639497600,894
1639498500,490
1639499400,443
1639500300,928
1639501200,1232
1639502100,892
1639503000,872
1639503900,454
1639504800,429
1639505700,709
1639506600,1172
1639507500,897
1639508400,890
1639509300,567
1639510200,445
1639511100,364
1639512000,347
1639512900,339
1639513800,303
1639514700,288
1639515600,308
1639516500,347
1639517400,304
1639518300,227
1639519200,170
1639520100,150
1639521000,133
1639521900,153
1639522800,168
1639523700,133
1639524600,136
1639525500,155
1639526400,150
1639527300,136
1639528200,165
1639529100,160
1639530000,144
1639530900,155
1639531800,167
1639532700,129
1639533600,144
1639534500,168
1639535400,156
1639536300,148
1639537200,132
1639538100,151
1639539000,139
1639539900,176
1639540800,159
1639541700,141
1639542600,158
1639543500,505
1639544400,475
1639545300,237
1639546200,258
1639547100,273
1639548000,626
1639548900,500
1639549800,477
1639550700,244
1639551600,595
1639552500,650
1639553400,262
1639554300,248
1639555200,258
1639556100,246
1639557000,241
1639557900,228
1639558800,246
1639559700,225
1639560600,235
1639561500,247
1639562400,270
1639563300,327
1639564200,278
1639565100,308
1639566000,254
1639566900,283
1639567800,716
1639568700,212
1639569600,262
1639570500,272
1639571400,275
1639572300,264
1639573200,252
1639574100,240
1639575000,265
1639575900,292
1639576800,277
1639577700,686
1639578600,403
1639579500,350
1639580400,383
1639581300,983
1639582200,496
1639583100,243
1639584000,274
1639584900,366
1639585800,361
1639586700,292
1639587600,310
1639588500,297
1639589400,266
1639590300,726
1639591200,1293
1639592100,1082
1639593000,742
1639593900,642
1639594800,606
1639595700,326
1639596600,370
1639597500,326
1639598400,302
1639599300,273
1639600200,268
1639601100,284
1639602000,264
1639602900,250
1639603800,183
1639604700,132
1639605600,140
1639606500,136
1639607400,164
1639608300,139
1639609200,127
1639610100,141
1639611000,130
1639611900,120
1639612800,128
1639613700,167
1639614600,139
1639615500,131
1639616400,148
1639617300,128
1639618200,124
1639619100,119
1639620000,196
1639620900,148
1639621800,143
1639622700,146
1639623600,128
1639624500,120
1639625400,144
1639626300,176
1639627200,142
1639628100,117
1639629000,137
1639629900,138
1639630800,563
1639631700,416
1639632600,225
1639633500,256
1639634400,254
1639635300,222
1639636200,243
1639637100,169
1639638000,180
1639638900,186
1639639800,205
1639640700,180
1639641600,226
1639642500,221
1639643400,601
1639644300,1137
1639645200,1008
1639646100,852
1639647000,1037
1639647900,787
1639648800,686
1639649700,624
1639650600,704
1639651500,634
1639652400,1769
1639653300,1959
1639654200,1540
1639655100,1413
1639656000,822
1639656900,423
1639657800,454
1639658700,692
1639659600,747
1639660500,654
1639661400,290
1639662300,434
1639663200,984
1639664100,1094
1639665000,841
1639665900,942
1639666800,410
1639667700,373
1639668600,562
1639669500,998
1639670400,898
1639671300,988
1639672200,841
1639673100,511
1639674000,716
1639674900,870
1639675800,870
1639676700,945
1639677600,630
1639678500,696
1639679400,923
1639680300,924
1639681200,942
1639682100,1099
1639683000,595
1639683900,580
1639684800,433
1639685700,899
1639686600,448
1639687500,342
1639688400,286
1639689300,272
1639690200,275
1639691100,168
1639692000,132
1639692900,148
1639693800,170
1639694700,128
1639695600,123
1639696500,137
1639697400,124
1639698300,106
1639699200,112
1639700100,158
1639701000,122
1639701900,113
1639702800,113
1639703700,121
1639704600,104
1639705500,112
1639706400,137
1639707300,133
1639708200,104
1639709100,110
1639710000,120
1639710900,120
1639711800,483
1639712700,173
1639713600,130
1639714500,132
1639715400,127
1639716300,170
1639717200,362
1639718100,174
1639719000,545
1639719900,223
1639720800,231
1639721700,563
1639722600,425
1639723500,415
1639724400,203
1639725300,964
1639726200,948
1639727100,298
1639728000,289
1639728900,312
1639729800,261
1639730700,280
1639731600,613
1639732500,333
1639733400,231
1639734300,288
1639735200,295
1639736100,261
1639737000,270
1639737900,256
1639738800,258
1639739700,247
1639740600,901
1639741500,746
1639742400,376
1639743300,226
1639744200,222
1639745100,236
1639746000,228
1639746900,235
1639747800,217
1639748700,229
1639749600,199
1639750500,198
1639751400,229
1639752300,268
1639753200,303
1639754100,829
1639755000,796
1639755900,821
1639756800,853
1639757700,780
1639758600,534
1639759500,364
1639760400,377
1639761300,997
1639762200,1345
1639763100,1600
1639764000,719
1639764900,756
1639765800,826
1639766700,395
1639767600,373
1639768500,360
1639769400,373
1639770300,341
1639771200,299
1639772100,279
1639773000,264
1639773900,222
1639774800,243
1639775700,122
1639776600,105
1639777500,116
1639778400,125
1639779300,152
1639780200,109
1639781100,145
1639782000,103
1639782900,117
1639783800,116
1639784700,130
1639785600,129
1639786500,146
1639787400,134
1639788300,135
1639789200,103
1639790100,109
1639791000,117
1639791900,114
1639792800,152
1639793700,154
1639794600,141
1639795500,127
1639796400,124
1639797300,152
1639798200,123
1639799100,139
1639800000,136
1639800900,156
1639801800,104
1639802700,119
1639803600,772
1639804500,663
1639805400,639
1639806300,688
1639807200,583
1639808100,180
1639809000,160
1639809900,158
1639810800,128
1639811700,136
1639812600,150
1639813500,206
1639814400,178
1639815300,190
1639816200,166
1639817100,181
1639818000,170
1639818900,172
1639819800,196
1639820700,229
1639821600,256
1639822500,975
1639823400,488
1639824300,485
1639825200,581
1639826100,967
1639827000,482
1639827900,206
1639828800,241
1639829700,277
1639830600,322
1639831500,280
1639832400,259
1639833300,592
1639834200,543
1639835100,581
1639836000,607
1639836900,737
1639837800,1075
1639838700,858
1639839600,547
1639840500,735
1639841400,743
1639842300,331
1639843200,395
1639844100,392
1639845000,266
1639845900,280
1639846800,316
1639847700,335
1639848600,352
1639849500,304
1639850400,315
1639851300,299
1639852200,288
1639853100,269
1639854000,282
1639854900,315
1639855800,289
1639856700,273
1639857600,301
1639858500,250
1639859400,282
1639860300,277
1639861200,237
1639862100,221
1639863000,173
1639863900,185
1639864800,261
1639865700,196
1639866600,223
1639867500,197
1639868400,248
1639869300,220
1639870200,133
1639871100,151
1639872000,123
1639872900,123
1639873800,133
1639874700,115
1639875600,143
1639876500,139
1639877400,137
1639878300,107
1639879200,118
1639880100,104
1639881000,117
1639881900,116
1639882800,136
1639883700,130
1639884600,129
1639885500,115
1639886400,128
1639887300,115
1639888200,123
1639889100,123
1639890000,147
1639890900,201
1639891800,571
1639892700,796
1639893600,437
1639894500,411
1639895400,415
1639896300,452
1639897200,486
1639898100,444
1639899000,865
1639899900,541
1639900800,348
1639901700,562
1639902600,874
1639903500,368
1639904400,335
1639905300,367
1639906200,365
1639907100,536
1639908000,367
1639908900,343
1639909800,397
1639910700,406
1639911600,766
1639912500,543
1639913400,361
1639914300,371
1639915200,293
1639916100,299
1639917000,328
1639917900,297
1639918800,321
1639919700,348
1639920600,318
1639921500,338
1639922400,327
1639923300,308
1639924200,339
1639925100,315
1639926000,368
1639926900,386
1639927800,354
1639928700,317
1639929600,311
1639930500,341
1639931400,448
1639932300,963
1639933200,631
1639934100,380
1639935000,340
1639935900,319
1639936800,329
1639937700,395
1639938600,329
1639939500,812
1639940400,864
1639941300,1311
1639942200,505
1639943100,363
1639944000,515
1639944900,847
1639945800,295
1639946700,286
1639947600,300
1639948500,237
1639949400,237
1639950300,219
1639951200,182
1639952100,159
1639953000,149
1639953900,123
1639954800,167
1639955700,170
1639956600,125
1639957500,134
1639958400,162
1639959300,189
1639960200,177
1639961100,159
1639962000,179
1639962900,182
1639963800,127
1639964700,151
1639965600,132
1639966500,165
1639967400,123
1639968300,145
1639969200,190
1639970100,131
1639971000,154
1639971900,150
1639972800,155
1639973700,160
1639974600,132
1639975500,176
1639976400,254
1639977300,648
1639978200,216
1639979100,269
1639980000,243
1639980900,506
1639981800,995
1639982700,1464
1639983600,1423
1639984500,1210
1639985400,852
1639986300,1042
1639987200,1360
1639988100,817
1639989000,848
1639989900,397
1639990800,407
1639991700,763
1639992600,765
1639993500,650
1639994400,855
1639995300,878
1639996200,985
1639997100,787
1639998000,924
1639998900,877
1639999800,856
1640000700,780
1640001600,869
1640002500,631
1640003400,560
1640004300,348
1640005200,771
1640006100,557
1640007000,339
1640007900,342
1640008800,309
1640009700,328
1640010600,351
1640011500,326
1640012400,742
1640013300,830
1640014200,844
1640015100,867
1640016000,604
1640016900,417
1640017800,411
1640018700,386
1640019600,359
1640020500,466
1640021400,471
1640022300,367
1640023200,365
1640024100,398
1640025000,445
1640025900,382
1640026800,398
1640027700,372
1640028600,387
1640029500,334
1640030400,361
1640031300,335
1640032200,358
1640033100,288
1640034000,222
1640034900,248
1640035800,247
1640036700,249
1640037600,248
1640038500,248
1640039400,267
1640040300,294
1640041200,234
1640042100,165
1640043000,111
1640043900,124
1640044800,102
1640045700,127
1640046600,121
1640047500,137
1640048400,103
1640049300,108
1640050200,101
1640051100,120
1640052000,104
1640052900,142
1640053800,121
1640054700,130
1640055600,97
1640056500,104
1640057400,112
1640058300,131
1640059200,105
1640060100,183
1640061000,125
1640061900,197
1640062800,599
1640063700,243
1640064600,207
1640065500,289
1640066400,715
1640067300,411
1640068200,325
1640069100,268
1640070000,743
1640070900,362
1640071800,332
1640072700,630
1640073600,207
1640074500,166
1640075400,138
1640076300,145
1640077200,139
1640078100,154
1640079000,139
1640079900,118
1640080800,123
1640081700,95
1640082600,92
1640083500,135
1640084400,198
1640085300,826
1640086200,236
1640087100,238
1640088000,542
1640088900,480
1640089800,416
1640090700,284
1640091600,774
1640092500,419
1640093400,265
1640094300,309
1640095200,278
1640096100,267
1640097000,266
1640097900,254
1640098800,252
1640099700,253
1640100600,269
1640101500,282
1640102400,260
1640103300,279
1640104200,311
1640105100,312
1640106000,271
1640106900,278
1640107800,330
1640108700,325
1640109600,532
1640110500,1062
1640111400,1310
1640112300,1026
1640113200,815
1640114100,684
1640115000,375
1640115900,356
1640116800,309
1640117700,321
1640118600,294
1640119500,293
1640120400,277
1640121300,230
1640122200,173
1640123100,119
1640124000,132
1640124900,129
1640125800,142
1640126700,128
1640127600,123
1640128500,132
1640129400,151
1640130300,110
1640131200,110
1640132100,115
1640133000,123
1640133900,107
1640134800,107
1640135700,130
1640136600,143
1640137500,114
1640138400,105
1640139300,107
1640140200,120
1640141100,105
1640142000,110
1640142900,211
1640143800,457
1640144700,240
1640145600,220
1640146500,227
1640147400,247
1640148300,294
1640149200,441
1640150100,344
1640151000,336
1640151900,321
1640152800,317
1640153700,348
1640154600,410
1640155500,775
1640156400,466
1640157300,364
1640158200,364
1640159100,865
1640160000,461
1640160900,349
1640161800,359
1640162700,338
1640163600,389
1640164500,338
1640165400,352
1640166300,375
1640167200,910
1640168100,502
1640169000,408
1640169900,373
1640170800,490
1640171700,715
1640172600,728
1640173500,638
1640174400,556
1640175300,414
1640176200,415
1640177100,352
1640178000,321
1640178900,320
1640179800,322
1640180700,345
1640181600,347
1640182500,357
1640183400,602
1640184300,851
1640185200,612
1640186100,740
1640187000,825
1640187900,1279
1640188800,758
1640189700,839
1640190600,910
1640191500,769
1640192400,709
1640193300,470
1640194200,303
1640195100,497
1640196000,1210
1640196900,722
1640197800,397
1640198700,355
1640199600,355
1640200500,372
1640201400,402
1640202300,361
1640203200,346
1640204100,331
1640205000,281
1640205900,254
1640206800,269
1640207700,372
1640208600,297
1640209500,272
1640210400,295
1640211300,315
1640212200,244
1640213100,181
1640214000,140
1640214900,118
1640215800,123
1640216700,117
1640217600,168
1640218500,130
1640219400,128
1640220300,136
1640221200,138
1640222100,127
1640223000,120
1640223900,134
1640224800,159
1640225700,115
1640226600,122
1640227500,131
1640228400,121
1640229300,123
1640230200,136
1640231100,177
1640232000,126
1640232900,113
1640233800,123
1640234700,169
1640235600,785
1640236500,937
1640237400,849
1640238300,751
1640239200,700
1640240100,699
1640241000,506
1640241900,255
1640242800,225
1640243700,196
1640244600,442
1640245500,285
1640246400,279
1640247300,273
1640248200,276
1640249100,247
1640250000,266
1640250900,255
1640251800,313
1640252700,263
1640253600,287
1640254500,264
1640255400,295
1640256300,326
1640257200,419
1640258100,289
1640259000,324
1640259900,674
1640260800,761
1640261700,627
1640262600,379
1640263500,604
1640264400,884
1640265300,335
1640266200,335
1640267100,320
1640268000,395
1640268900,331
1640269800,285
1640270700,291
1640271600,560
1640272500,412
1640273400,326
1640274300,293
1640275200,304
1640276100,410
1640277000,417
1640277900,396
1640278800,819
1640279700,972
1640280600,1576
1640281500,642
1640282400,1055
1640283300,586
1640284200,778
1640285100,653
1640286000,382
1640286900,385
1640287800,382
1640288700,386
1640289600,374
1640290500,404
1640291400,405
1640292300,339
1640293200,261
1640294100,235
1640295000,237
1640295900,233
1640296800,122
1640297700,130
1640298600,127
1640299500,102
1640300400,116
1640301300,109
1640302200,133
1640303100,102
1640304000,120
1640304900,137
1640305800,114
1640306700,103
1640307600,101
1640308500,116
1640309400,109
1640310300,100
1640311200,146
1640312100,135
1640313000,116
1640313900,109
1640314800,108
1640315700,128
1640316600,125
1640317500,138
1640318400,129
1640319300,129
1640320200,134
1640321100,156
1640322000,213
1640322900,229
1640323800,217
1640324700,320
1640325600,473
1640326500,248
1640327400,232
1640328300,402
1640329200,275
1640330100,750
1640331000,710
1640331900,559
1640332800,355
1640333700,727
1640334600,708
1640335500,372
1640336400,284
1640337300,279
1640338200,307
1640339100,285
1640340000,288
1640340900,279
1640341800,412
1640342700,837
1640343600,602
1640344500,1026
1640345400,676
1640346300,761
1640347200,361
1640348100,337
1640349000,341
1640349900,290
1640350800,319
1640351700,307
1640352600,290
1640353500,292
1640354400,263
1640355300,253
1640356200,201
1640357100,332
1640358000,279
1640358900,287
1640359800,286
1640360700,284
1640361600,258
1640362500,194
1640363400,184
1640364300,239
1640365200,247
1640366100,249
1640367000,242
1640367900,270
1640368800,334
1640369700,349
1640370600,362
1640371500,349
1640372400,337
1640373300,313
1640374200,308
1640375100,280
1640376000,394
1640376900,394
1640377800,942
1640378700,530
1640379600,615
1640380500,450
1640381400,943
1640382300,644
1640383200,349
1640384100,314
1640385000,263
1640385900,252
1640386800,242
1640387700,237
1640388600,262
1640389500,289
1640390400,259
1640391300,274
1640392200,291
1640393100,267
1640394000,263
1640394900,261
1640395800,277
1640396700,228
1640397600,189
1640398500,158
1640399400,108
1640400300,103
1640401200,107
1640402100,126
1640403000,118
1640403900,152
1640404800,133
1640405700,130
1640406600,113
1640407500,103
1640408400,153
1640409300,563
1640410200,205
1640411100,246
1640412000,226
1640412900,185
1640413800,219
1640414700,285
1640415600,672
1640416500,489
1640417400,1064
1640418300,815
1640419200,716
1640420100,723
1640421000,1138
1640421900,592
1640422800,577
1640423700,854
1640424600,589
1640425500,1005
1640426400,1063
1640427300,928
1640428200,716
1640429100,680
1640430000,782
1640430900,391
1640431800,449
1640432700,766
1640433600,394
1640434500,309
1640435400,453
1640436300,366
1640437200,344
1640438100,342
1640439000,309
1640439900,318
1640440800,297
1640441700,349
1640442600,315
1640443500,357
1640444400,371
1640445300,318
1640446200,296
1640447100,379
1640448000,603
1640448900,1118
1640449800,924
1640450700,817
1640451600,561
1640452500,1040
1640453400,631
1640454300,520
1640455200,555
1640456100,548
1640457000,558
1640457900,543
1640458800,533
1640459700,420
1640460600,396
1640461500,382
1640462400,350
1640463300,314
1640464200,319
1640465100,308
1640466000,310
1640466900,369
1640467800,265
1640468700,215
1640469600,230
1640470500,165
1640471400,124
1640472300,98
1640473200,119
1640474100,134
1640475000,113
1640475900,127
1640476800,136
1640477700,119
1640478600,117
1640479500,125
1640480400,143
1640481300,130
1640482200,151
1640483100,145
1640484000,133
1640484900,103
1640485800,107
1640486700,102
1640487600,124
1640488500,109
1640489400,140
1640490300,114
1640491200,122
1640492100,113
1640493000,124
1640493900,136
1640494800,413
1640495700,1077
1640496600,920
1640497500,738
1640498400,688
1640499300,660
1640500200,271
1640501100,242
1640502000,316
1640502900,239
1640503800,272
1640504700,711
1640505600,957
1640506500,765
1640507400,1207
1640508300,1553
1640509200,1326
1640510100,1880
1640511000,1531
1640511900,1151
1640512800,1073
1640513700,1659
1640514600,1445
1640515500,803
1640516400,740
1640517300,614
1640518200,460
1640519100,407
1640520000,426
1640520900,360
1640521800,439
1640522700,352
1640523600,347
1640524500,353
1640525400,375
1640526300,408
1640527200,391
1640528100,528
1640529000,986
1640529900,578
1640530800,417
1640531700,422
1640532600,457
1640533500,499
1640534400,504
1640535300,704
1640536200,769
1640537100,681
1640538000,480
1640538900,770
1640539800,932
1640540700,492
1640541600,504
1640542500,447
1640543400,420
1640544300,811
1640545200,776
1640546100,513
1640547000,385
1640547900,381
1640548800,388
1640549700,358
1640550600,354
1640551500,404
1640552400,408
1640553300,300
1640554200,328
1640555100,284
1640556000,275
1640556900,285
1640557800,181
1640558700,133
1640559600,93
1640560500,133
1640561400,127
1640562300,92
1640563200,102
1640564100,105
1640565000,129
1640565900,102
1640566800,121
1640567700,150
1640568600,110
1640569500,97
1640570400,116
1640571300,108
1640572200,123
1640573100,95
1640574000,130
1640574900,143
1640575800,115
1640576700,106
1640577600,99
1640578500,149
1640579400,124
1640580300,130
1640581200,467
1640582100,798
1640583000,619
1640583900,740
1640584800,796
1640585700,780
1640586600,372
1640587500,208
1640588400,223
1640589300,182
1640590200,219
1640591100,236
1640592000,250
1640592900,306
1640593800,347
1640594700,771
1640595600,622
1640596500,702
1640597400,954
1640598300,770
1640599200,373
1640600100,665
1640601000,1042
1640601900,1008
1640602800,763
1640603700,501
1640604600,379
1640605500,489
1640606400,305
1640607300,337
1640608200,815
1640609100,649
1640610000,559
1640610900,329
1640611800,672
1640612700,721
1640613600,339
1640614500,366
1640615400,564
1640616300,392
1640617200,316
1640618100,294
1640619000,296
1640619900,323
1640620800,984
1640621700,1075
1640622600,890
1640623500,872
1640624400,897
1640625300,943
1640626200,918
1640627100,945
1640628000,855
1640628900,685
1640629800,412
1640630700,417
1640631600,384
1640632500,351
1640633400,370
1640634300,340
1640635200,310
1640636100,341
1640637000,318
1640637900,317
1640638800,271
1640639700,319
1640640600,270
1640641500,233
1640642400,232
1640643300,251
1640644200,232
1640645100,222
1640646000,248
1640646900,278
1640647800,151
1640648700,123
1640649600,157
1640650500,123
1640651400,137
1640652300,158
1640653200,178
1640654100,158
1640655000,150
1640655900,157
1640656800,133
1640657700,124
1640658600,136
1640659500,162
1640660400,144
1640661300,122
1640662200,142
1640663100,163
1640664000,132
1640664900,131
1640665800,156
1640666700,285
1640667600,182
1640668500,144
1640669400,233
1640670300,214
1640671200,224
1640672100,254
1640673000,282
1640673900,268
1640674800,258
1640675700,323
1640676600,293
1640677500,293
1640678400,333
1640679300,323
1640680200,294
1640681100,345
1640682000,374
1640682900,507
1640683800,1050
1640684700,1128
1640685600,1350
1640686500,932
1640687400,501
1640688300,936
1640689200,776
1640690100,395
1640691000,285
1640691900,345
1640692800,383
1640693700,345
1640694600,329
1640695500,339
1640696400,330
1640697300,324
1640698200,343
1640699100,352
1640700000,301
1640700900,305
1640701800,392
1640702700,310
1640703600,319
1640704500,652
1640705400,1213
1640706300,861
1640707200,846
1640708100,989
1640709000,766
1640709900,711
1640710800,588
1640711700,418
1640712600,658
1640713500,1160
1640714400,1426
1640715300,1210
1640716200,877
1640717100,417
1640718000,847
1640718900,754
1640719800,413
1640720700,880
1640721600,362
1640722500,300
1640723400,294
1640724300,283
1640725200,288
1640726100,143
1640727000,131
1640727900,140
1640728800,128
1640729700,123
1640730600,128
1640731500,174
1640732400,132
1640733300,121
1640734200,127
1640735100,139
1640736000,119
1640736900,118
1640737800,160
1640738700,159
1640739600,127
1640740500,135
1640741400,137
1640742300,122
1640743200,130
1640744100,141
1640745000,173
1640745900,156
1640746800,149
1640747700,158
1640748600,160
1640749500,166
1640750400,141
1640751300,168
1640752200,127
1640753100,123
1640754000,126
1640754900,354
1640755800,406
1640756700,207
1640757600,243
1640758500,241
1640759400,237
1640760300,239
1640761200,249
1640762100,212
1640763000,241
1640763900,293
1640764800,316
1640765700,278
1640766600,269
1640767500,321
1640768400,266
1640769300,255
1640770200,861
1640771100,1176
1640772000,853
1640772900,810
1640773800,734
1640774700,1087
1640775600,1168
1640776500,676
1640777400,517
1640778300,634
1640779200,822
1640780100,552
1640781000,1041
1640781900,816
1640782800,827
1640783700,786
1640784600,750
1640785500,647
1640786400,364
1640787300,342
1640788200,318
1640789100,329
1640790000,294
1640790900,336
1640791800,337
1640792700,309
1640793600,354
1640794500,706
1640795400,800
1640796300,683
1640797200,495
1640798100,828
1640799000,865
1640799900,454
1640800800,448
1640801700,522
1640802600,445
1640803500,490
1640804400,515
1640805300,484
1640806200,474
1640807100,335
1640808000,328
1640808900,309
1640809800,257
1640810700,327
1640811600,329
1640812500,249
1640813400,222
1640814300,240
1640815200,208
1640816100,150
1640817000,139
1640817900,138
1640818800,104
1640819700,108
1640820600,105
1640821500,139
1640822400,104
1640823300,119
1640824200,120
1640825100,122
1640826000,98
1640826900,103
1640827800,111
1640828700,135
1640829600,137
1640830500,161
1640831400,136
1640832300,133
1640833200,114
1640834100,108
1640835000,134
1640835900,111
1640836800,126
1640837700,115
1640838600,115
1640839500,115
1640840400,103
1640841300,128
1640842200,338
1640843100,365
1640844000,316
1640844900,199
1640845800,155
1640846700,158
1640847600,193
1640848500,218
1640849400,190
1640850300,204
1640851200,193
1640852100,267
1640853000,266
1640853900,310
1640854800,328
1640855700,346
1640856600,379
1640857500,1308
1640858400,676
1640859300,928
1640860200,814
1640861100,873
1640862000,672
1640862900,362
1640863800,380
1640864700,913
1640865600,541
1640866500,540
1640867400,299
1640868300,763
1640869200,524
1640870100,285
1640871000,290
1640871900,266
1640872800,269
1640873700,273
1640874600,504
1640875500,448
1640876400,407
1640877300,389
1640878200,355
1640879100,359
1640880000,343
1640880900,358
1640881800,355
1640882700,797
1640883600,457
1640884500,399
1640885400,462
1640886300,467
1640887200,530
1640888100,555
1640889000,551
1640889900,550
1640890800,468
1640891700,374
1640892600,338
1640893500,338
1640894400,344
1640895300,333
1640896200,301
1640897100,296
1640898000,329
1640898900,356
1640899800,358
1640900700,446
1640901600,378
1640902500,343
1640903400,135
1640904300,108
1640905200,94
1640906100,98
1640907000,110
1640907900,129
1640908800,110
1640909700,96
1640910600,127
1640911500,104
1640912400,95
1640913300,90
1640914200,125
1640915100,126
1640916000,90
1640916900,116
1640917800,89
1640918700,101
1640919600,103
1640920500,117
1640921400,131
1640922300,137
1640923200,121
1640924100,130
1640925000,106
1640925900,114
1640926800,129
1640927700,147
1640928600,111
1640929500,249
1640930400,280
1640931300,244
1640932200,231
1640933100,249
1640934000,260
1640934900,215
1640935800,483
1640936700,619
1640937600,435
1640938500,188
1640939400,453
1640940300,697
1640941200,184
1640942100,177
1640943000,186
1640943900,187
1640944800,168
1640945700,179
1640946600,260
1640947500,225
1640948400,185
1640949300,217
1640950200,437
1640951100,221
1640952000,206
1640952900,203
1640953800,196
1640954700,167
1640955600,164
1640956500,192
1640957400,182
1640958300,196
1640959200,194
1640960100,221
1640961000,183
1640961900,518
1640962800,786
1640963700,540
1640964600,362
1640965500,677
1640966400,741
1640967300,359
1640968200,400
1640969100,677
1640970000,821
1640970900,741
1640971800,673
1640972700,408
1640973600,349
1640974500,367
1640975400,376
1640976300,924
1640977200,506
1640978100,528
1640979000,368
1640979900,850
1640980800,485
1640981700,253
1640982600,256
1640983500,306
1640984400,355
1640985300,321
1640986200,298
1640987100,322
1640988000,294
1640988900,287
1640989800,330
1640990700,336
1640991600,403
1640992500,550
1640993400,316
1640994300,276
1640995200,265
1640996100,188
1640997000,215
1640997900,223
1640998800,193
1640999700,155
1641000600,112
1641001500,124
1641002400,115
1641003300,121
1641004200,119
1641005100,93
1641006000,108
1641006900,93
1641007800,98
1641008700,148
1641009600,114
1641010500,137
1641011400,96
1641012300,113
1641013200,94
1641014100,89
1641015000,142
1641015900,173
1641016800,349
1641017700,118
1641018600,139
1641019500,132
1641020400,131
1641021300,353
1641022200,225
1641023100,236
1641024000,200
1641024900,218
1641025800,223
1641026700,282
1641027600,475
1641028500,281
1641029400,750
1641030300,539
1641031200,422
1641032100,722
1641033000,1497
1641033900,659
1641034800,937
1641035700,363
1641036600,278
1641037500,341
1641038400,663
1641039300,475
1641040200,425
1641041100,454
1641042000,836
1641042900,368
1641043800,296
1641044700,500
1641045600,325
1641046500,324
1641047400,297
1641048300,325
1641049200,363
1641050100,385
1641051000,362
1641051900,383
1641052800,570
1641053700,824
1641054600,377
1641055500,362
1641056400,399
1641057300,372
1641058200,338
1641059100,363
1641060000,345
1641060900,708
1641061800,556
1641062700,352
1641063600,378
1641064500,858
1641065400,581
1641066300,381
1641067200,633
1641068100,784
1641069000,351
1641069900,317
1641070800,300
1641071700,294
1641072600,215
1641073500,202
1641074400,190
1641075300,159
1641076200,100
1641077100,153
1641078000,109
1641078900,150
1641079800,97
1641080700,109
1641081600,145
1641082500,144
1641083400,106
1641084300,120
1641085200,136
1641086100,142
1641087000,120
1641087900,138
1641088800,156
1641089700,120
1641090600,98
1641091500,134
1641092400,123
1641093300,111
1641094200,123
1641095100,149
1641096000,96
1641096900,110
1641097800,134
1641098700,119
1641099600,96
1641100500,147
1641101400,164
1641102300,204
1641103200,141
1641104100,209
1641105000,632
1641105900,579
1641106800,1544
1641107700,719
1641108600,285
1641109500,297
1641110400,227
1641111300,193
1641112200,261
1641113100,325
1641114000,272
1641114900,714
1641115800,1160
1641116700,626
1641117600,608
1641118500,479
1641119400,444
1641120300,862
1641121200,422
1641122100,335
1641123000,436
1641123900,740
1641124800,494
1641125700,281
1641126600,957
1641127500,1637
1641128400,796
1641129300,857
1641130200,731
1641131100,360
1641132000,271
1641132900,289
1641133800,279
1641134700,277
1641135600,283
1641136500,319
1641137400,342
1641138300,345
1641139200,488
1641140100,372
1641141000,352
1641141900,331
1641142800,359
1641143700,345
1641144600,662
1641145500,1200
1641146400,903
1641147300,682
1641148200,853
1641149100,879
1641150000,856
1641150900,1275
1641151800,634
1641152700,383
1641153600,340
1641154500,336
1641155400,340
1641156300,338
1641157200,321
1641158100,287
1641159000,133
1641159900,104
1641160800,107
1641161700,106
1641162600,102
1641163500,132
1641164400,132
1641165300,113
1641166200,104
1641167100,93
1641168000,95
1641168900,129
1641169800,115
1641170700,124
1641171600,93
1641172500,138
1641173400,128
1641174300,124
1641175200,146
1641176100,132
1641177000,129
1641177900,97
1641178800,117
1641179700,100
1641180600,95
1641181500,117
1641182400,122
1641183300,138
1641184200,107
1641185100,108
1641186000,108
1641186900,383
1641187800,808
1641188700,447
1641189600,424
1641190500,195
1641191400,739
1641192300,350
1641193200,183
1641194100,193
1641195000,241
1641195900,206
1641196800,186
1641197700,238
1641198600,256
1641199500,249
1641200400,248
1641201300,276
1641202200,243
1641203100,221
1641204000,267
1641204900,1292
1641205800,615
1641206700,935
1641207600,1374
1641208500,1300
1641209400,657
1641210300,774
1641211200,545
1641212100,277
1641213000,285
1641213900,280
1641214800,307
1641215700,287
1641216600,293
1641217500,337
1641218400,317
1641219300,292
1641220200,305
1641221100,367
1641222000,399
1641222900,413
1641223800,390
1641224700,390
1641225600,349
1641226500,536
1641227400,514
1641228300,348
1641229200,369
1641230100,380
1641231000,448
1641231900,437
1641232800,425
1641233700,439
1641234600,452
1641235500,507
1641236400,538
1641237300,525
1641238200,608
1641239100,493
1641240000,409
1641240900,380
1641241800,365
1641242700,362
1641243600,375
1641244500,370
1641245400,296
1641246300,287
1641247200,303
1641248100,310
1641249000,404
1641249900,181
1641250800,133
1641251700,93
1641252600,102
1641253500,109
1641254400,117
1641255300,130
1641256200,106
1641257100,114
1641258000,100
1641258900,96
1641259800,101
1641260700,128
1641261600,123
1641262500,96
1641263400,122
1641264300,114
1641265200,109
1641266100,101
1641267000,144
1641267900,142
1641268800,124
1641269700,115
1641270600,137
1641271500,121
1641272400,107
1641273300,128
1641274200,280
1641275100,190
1641276000,154
1641276900,179
1641277800,194
1641278700,184
1641279600,218
1641280500,210
1641281400,188
1641282300,543
1641283200,583
1641284100,547
1641285000,794
1641285900,1624
1641286800,1523
1641287700,898
1641288600,802
1641289500,828
1641290400,767
1641291300,644
1641292200,385
1641293100,364
1641294000,671
1641294900,1332
1641295800,788
1641296700,302
1641297600,385
1641298500,345
1641299400,642
1641300300,489
1641301200,509
1641302100,582
1641303000,920
1641303900,648
1641304800,324
1641305700,346
1641306600,342
1641307500,376
1641308400,358
1641309300,377
1641310200,344
1641311100,354
1641312000,367
1641312900,414
1641313800,416
1641314700,785
1641315600,1146
1641316500,765
1641317400,441
1641318300,851
1641319200,809
1641320100,813
1641321000,837
1641321900,369
1641322800,317
1641323700,335
1641324600,321
1641325500,298
1641326400,352
1641327300,348
1641328200,324
1641329100,243
1641330000,313
1641330900,183
1641331800,144
1641332700,169
1641333600,178
1641334500,142
1641335400,163
1641336300,138
1641337200,160
1641338100,135
1641339000,184
1641339900,184
1641340800,167
1641341700,151
1641342600,154
1641343500,140
1641344400,137
1641345300,157
1641346200,144
1641347100,173
1641348000,127
1641348900,124
1641349800,129
1641350700,164
1641351600,165
1641352500,122
1641353400,151
1641354300,155
1641355200,136
1641356100,165
1641357000,180
1641357900,131
1641358800,126
1641359700,465
1641360600,281
1641361500,227
1641362400,255
1641363300,223
1641364200,199
1641365100,176
1641366000,426
1641366900,367
1641367800,188
1641368700,294
1641369600,233
1641370500,302
1641371400,610
1641372300,1130
1641373200,972
1641374100,731
1641375000,648
1641375900,286
1641376800,271
1641377700,243
1641378600,268
1641379500,751
1641380400,906
1641381300,444
1641382200,272
1641383100,257
1641384000,248
1641384900,226
1641385800,256
1641386700,240
1641387600,233
1641388500,253
1641389400,244
1641390300,272
1641391200,425
1641392100,760
1641393000,498
1641393900,263
1641394800,586
1641395700,785
1641396600,319
1641397500,324
1641398400,421
1641399300,941
1641400200,389
1641401100,316
1641402000,310
1641402900,298
1641403800,386
1641404700,329
1641405600,315
1641406500,398
1641407400,829
1641408300,786
1641409200,830
1641410100,731
1641411000,376
1641411900,404
1641412800,410
1641413700,364
1641414600,355
1641415500,356
1641416400,320
1641417300,310
1641418200,228
1641419100,181
1641420000,116
1641420900,123
1641421800,111
1641422700,104
1641423600,121
1641424500,145
1641425400,116
1641426300,109
1641427200,125
1641428100,133
1641429000,109
1641429900,111
1641430800,144
1641431700,109
1641432600,111
1641433500,105
1641434400,139
1641435300,113
1641436200,154
1641437100,145
1641438000,155
1641438900,131
1641439800,131
1641440700,124
1641441600,132
1641442500,131
1641443400,104
1641444300,116
1641445200,281
1641446100,478
1641447000,231
1641447900,288
1641448800,332
1641449700,323
1641450600,353
1641451500,393
1641452400,366
1641453300,343
1641454200,416
1641455100,421
1641456000,629
1641456900,940
1641457800,580
1641458700,526
1641459600,503
1641460500,644
1641461400,1536
1641462300,1061
1641463200,1093
1641464100,1021
1641465000,1746
1641465900,864
1641466800,559
1641467700,541
1641468600,340
1641469500,307
1641470400,325
1641471300,322
1641472200,345
1641473100,327
1641474000,447
1641474900,453
1641475800,322
1641476700,329
1641477600,340
1641478500,338
1641479400,357
1641480300,490
1641481200,332
1641482100,337
1641483000,387
1641483900,312
1641484800,567
1641485700,864
1641486600,785
1641487500,875
1641488400,699
1641489300,408
1641490200,404
1641491100,427
1641492000,406
1641492900,381
1641493800,366
1641494700,387
1641495600,371
1641496500,413
1641497400,437
1641498300,388
1641499200,355
1641500100,387
1641501000,352
1641501900,262
1641502800,241
1641503700,227
1641504600,199
1641505500,190
1641506400,225
1641507300,274
1641508200,189
1641509100,418
1641510000,253
1641510900,135
1641511800,138
1641512700,152
1641513600,153
1641514500,128
1641515400,140
1641516300,150
1641517200,177
1641518100,179
1641519000,164
1641519900,144
1641520800,149
1641521700,127
1641522600,133
1641523500,150
1641524400,157
1641525300,126
1641526200,151
1641527100,157
1641528000,132
1641528900,135
1641529800,174
1641530700,141
1641531600,621
1641532500,234
1641533400,168
1641534300,192
1641535200,259
1641536100,309
1641537000,268
1641537900,235
1641538800,255
1641539700,244
1641540600,256
1641541500,262
1641542400,295
1641543300,299
1641544200,352
1641545100,337
1641546000,340
1641546900,332
1641547800,350
1641548700,295
1641549600,307
1641550500,744
1641551400,1392
1641552300,1641
1641553200,1051
1641554100,1029
1641555000,897
1641555900,1501
1641556800,474
1641557700,322
1641558600,460
1641559500,355
1641560400,351
1641561300,370
1641562200,286
1641563100,223
1641564000,252
1641564900,279
1641565800,303
1641566700,281
1641567600,277
1641568500,236
1641569400,301
1641570300,288
1641571200,336
1641572100,369
1641573000,341
1641573900,343
1641574800,371
1641575700,324
1641576600,330
1641577500,362
1641578400,351
1641579300,345
1641580200,331
1641581100,360
1641582000,374
1641582900,370
1641583800,408
1641584700,367
1641585600,384
1641586500,348
1641587400,331
1641588300,335
1641589200,387
1641590100,769
1641591000,462
1641591900,444
1641592800,256
1641593700,723
1641594600,509
1641595500,205
1641596400,123
1641597300,109
1641598200,115
1641599100,127
1641600000,116
1641600900,155
1641601800,145
1641602700,151
1641603600,143
1641604500,128
1641605400,117
1641606300,155
1641607200,151
1641608100,130
1641609000,135
1641609900,138
1641610800,134
1641611700,127
1641612600,199
1641613500,160
1641614400,139
1641615300,125
1641616200,153
1641617100,128
1641618000,654
1641618900,191
1641619800,213
1641620700,193
1641621600,163
1641622500,177
1641623400,220
1641624300,224
1641625200,232
1641626100,202
1641627000,199
1641627900,214
1641628800,207
1641629700,355
1641630600,353
1641631500,635
1641632400,262
1641633300,218
1641634200,345
1641635100,730
1641636000,320
1641636900,261
1641637800,245
1641638700,253
1641639600,302
1641640500,656
1641641400,297
1641642300,328
1641643200,282
1641644100,295
1641645000,285
1641645900,283
1641646800,551
1641647700,575
1641648600,355
1641649500,327
1641650400,608
1641651300,754
1641652200,273
1641653100,350
1641654000,396
1641654900,368
1641655800,351
1641656700,566
1641657600,557
1641658500,989
1641659400,667
1641660300,525
1641661200,716
1641662100,845
1641663000,349
1641663900,393
1641664800,363
1641665700,367
1641666600,360
1641667500,325
1641668400,316
1641669300,292
1641670200,329
1641671100,291
1641672000,320
1641672900,355
1641673800,386
1641674700,377
1641675600,351
1641676500,340
1641677400,329
1641678300,244
1641679200,192
1641680100,198
1641681000,164
1641681900,155
1641682800,147
1641683700,129
1641684600,134
1641685500,111
1641686400,139
1641687300,125
1641688200,124
1641689100,107
1641690000,136
1641690900,116
1641691800,116
1641692700,108
1641693600,107
1641694500,125
1641695400,135
1641696300,133
1641697200,105
1641698100,119
1641699000,106
1641699900,107
1641700800,106
1641701700,136
1641702600,138
1641703500,154
1641704400,159
1641705300,157
1641706200,138
1641707100,132
1641708000,198
1641708900,584
1641709800,200
1641710700,171
1641711600,298
1641712500,524
1641713400,359
1641714300,229
1641715200,326
1641716100,671
1641717000,1120
1641717900,827
1641718800,636
1641719700,563
1641720600,304
1641721500,309
1641722400,336
1641723300,323
1641724200,900
1641725100,1183
1641726000,541
1641726900,273
1641727800,258
1641728700,331
1641729600,765
1641730500,485
1641731400,495
1641732300,289
1641733200,789
1641734100,490
1641735000,245
1641735900,293
1641736800,290
1641737700,301
1641738600,278
1641739500,285
1641740400,282
1641741300,265
1641742200,271
1641743100,278
1641744000,315
1641744900,292
1641745800,445
1641746700,327
1641747600,345
1641748500,342
1641749400,341
1641750300,353
1641751200,372
1641752100,354
1641753000,408
1641753900,760
1641754800,1349
1641755700,1604
1641756600,1063
1641757500,797
1641758400,1036
1641759300,1013
1641760200,452
1641761100,367
1641762000,342
1641762900,306
1641763800,248
1641764700,286
1641765600,239
1641766500,244
1641767400,263
1641768300,173
1641769200,133
1641770100,114
1641771000,114
1641771900,115
1641772800,115
1641773700,152
1641774600,130
1641775500,142
1641776400,128
1641777300,110
1641778200,104
1641779100,128
1641780000,138
1641780900,116
1641781800,114
1641782700,129
1641783600,104
1641784500,110
1641785400,111
1641786300,159
1641787200,121
1641788100,115
1641789000,111
1641789900,144
1641790800,201
1641791700,741
1641792600,354
1641793500,369
1641794400,313
1641795300,297
1641796200,302
1641797100,386
1641798000,366
1641798900,340
1641799800,358
1641800700,346
1641801600,847
1641802500,748
1641803400,799
1641804300,773
1641805200,777
1641806100,742
1641807000,788
1641807900,1200
1641808800,1332
1641809700,1221
1641810600,1152
1641811500,1512
1641812400,647
1641813300,517
1641814200,746
1641815100,845
1641816000,671
1641816900,1144
1641817800,1358
1641818700,953
1641819600,753
1641820500,273
1641821400,254
1641822300,267
1641823200,232
1641824100,256
1641825000,239
1641825900,200
1641826800,216
1641827700,236
1641828600,225
1641829500,201
1641830400,272
1641831300,438
1641832200,639
1641833100,788
1641834000,637
1641834900,422
1641835800,807
1641836700,793
1641837600,532
1641838500,545
1641839400,914
1641840300,783
1641841200,300
1641842100,349
1641843000,326
1641843900,327
1641844800,357
1641845700,494
1641846600,325
1641847500,267
1641848400,254
1641849300,349
1641850200,259
1641851100,266
1641852000,255
1641852900,235
1641853800,207
1641854700,150
1641855600,121
1641856500,143
1641857400,143
1641858300,141
1641859200,116
1641860100,148
1641861000,129
1641861900,132
1641862800,168
1641863700,157
1641864600,119
1641865500,144
1641866400,123
1641867300,147
1641868200,120
1641869100,154
1641870000,147
1641870900,137
1641871800,142
1641872700,134
1641873600,124
1641874500,162
1641875400,131
1641876300,375
1641877200,643
1641878100,176
1641879000,278
1641879900,333
1641880800,357
1641881700,279
1641882600,273
1641883500,322
1641884400,304
1641885300,275
1641886200,298
1641887100,305
1641888000,303
1641888900,300
1641889800,280
1641890700,310
1641891600,279
1641892500,328
1641893400,300
1641894300,307
1641895200,308
1641896100,279
1641897000,307
1641897900,291
1641898800,243
1641899700,767
1641900600,544
1641901500,173
1641902400,160
1641903300,148
1641904200,278
1641905100,721
1641906000,363
1641906900,299
1641907800,256
1641908700,697
1641909600,264
1641910500,233
1641911400,190
1641912300,145
1641913200,167
1641914100,179
1641915000,184
1641915900,437
1641916800,512
1641917700,310
1641918600,609
1641919500,1092
1641920400,1037
1641921300,802
1641922200,1439
1641923100,966
1641924000,730
1641924900,479
1641925800,344
1641926700,347
1641927600,325
1641928500,320
1641929400,392
1641930300,342
1641931200,305
1641932100,372
1641933000,307
1641933900,268
1641934800,208
1641935700,260
1641936600,276
1641937500,211
1641938400,219
1641939300,222
1641940200,227
1641941100,232
1641942000,206
1641942900,189
1641943800,106
1641944700,115
1641945600,127
1641946500,138
1641947400,109
1641948300,107
1641949200,107
1641950100,140
1641951000,109
1641951900,152
1641952800,120
1641953700,132
1641954600,108
1641955500,116
1641956400,118
1641957300,128
1641958200,142
1641959100,119
1641960000,118
1641960900,152
1641961800,112
1641962700,176
1641963600,1080
1641964500,660
1641965400,652
1641966300,665
1641967200,755
1641968100,639
1641969000,387
1641969900,469
1641970800,957
1641971700,1366
1641972600,935
1641973500,902
1641974400,1019
1641975300,251
1641976200,247
1641977100,248
1641978000,261
1641978900,203
1641979800,198
1641980700,212
1641981600,238
1641982500,208
1641983400,206
1641984300,214
1641985200,322
1641986100,471
1641987000,705
1641987900,1183
1641988800,528
1641989700,445
1641990600,424
1641991500,503
1641992400,612
1641993300,460
1641994200,536
1641995100,1443
1641996000,1422
1641996900,718
1641997800,517
1641998700,264
1641999600,261
1642000500,256
1642001400,287
1642002300,317
1642003200,327
1642004100,328
1642005000,413
1642005900,496
1642006800,1046
1642007700,1196
1642008600,884
1642009500,809
1642010400,577
1642011300,517
1642012200,366
1642013100,371
1642014000,332
1642014900,373
1642015800,342
1642016700,357
1642017600,310
1642018500,303
1642019400,313
1642020300,283
1642021200,250
1642022100,246
1642023000,223
1642023900,226
1642024800,245
1642025700,239
1642026600,226
1642027500,220
1642028400,229
1642029300,154
1642030200,97
1642031100,104
1642032000,118
1642032900,141
1642033800,98
1642034700,102
1642035600,111
1642036500,103
1642037400,97
1642038300,106
1642039200,149
1642040100,136
1642041000,98
1642041900,104
1642042800,113
1642043700,107
1642044600,109
1642045500,121
1642046400,138
1642047300,125
1642048200,95
1642049100,117
1642050000,556
1642050900,220
1642051800,149
1642052700,172
1642053600,258
1642054500,466
1642055400,620
1642056300,650
1642057200,704
1642058100,716
1642059000,1122
1642059900,1219
1642060800,842
1642061700,818
1642062600,786
1642063500,471
1642064400,394
1642065300,386
1642066200,305
1642067100,280
1642068000,240
1642068900,247
1642069800,236
1642070700,263
1642071600,235
1642072500,243
1642073400,518
1642074300,1468
1642075200,1147
1642076100,581
1642077000,522
1642077900,360
1642078800,783
1642079700,1150
1642080600,678
1642081500,674
1642082400,592
1642083300,518
1642084200,875
1642085100,381
1642086000,203
1642086900,280
1642087800,263
1642088700,831
1642089600,775
1642090500,921
1642091400,1019
1642092300,1391
1642093200,1412
1642094100,1044
1642095000,681
1642095900,403
1642096800,356
1642097700,348
1642098600,375
1642099500,834
1642100400,482
1642101300,479
1642102200,386
1642103100,830
1642104000,393
1642104900,299
1642105800,310
1642106700,240
1642107600,224
1642108500,217
1642109400,255
1642110300,220
1642111200,252
1642112100,254
1642113000,263
1642113900,223
1642114800,147
1642115700,144
1642116600,143
1642117500,133
1642118400,155
1642119300,156
1642120200,139
1642121100,132
1642122000,126
1642122900,142
1642123800,139
1642124700,151
1642125600,151
1642126500,143
1642127400,125
1642128300,130
1642129200,127
1642130100,138
1642131000,166
1642131900,167
1642132800,127
1642133700,137
1642134600,142
1642135500,147
1642136400,735
1642137300,915
1642138200,1125
1642139100,777
1642140000,729
1642140900,792
1642141800,718
1642142700,640
1642143600,322
1642144500,385
1642145400,299
1642146300,870
1642147200,828
1642148100,603
1642149000,353
1642149900,338
1642150800,317
1642151700,325
1642152600,436
1642153500,1002
1642154400,911
1642155300,846
1642156200,730
1642157100,458
1642158000,805
1642158900,726
1642159800,716
1642160700,1182
1642161600,1247
1642162500,690
1642163400,854
1642164300,748
1642165200,1035
1642166100,553
1642167000,310
1642167900,337
1642168800,418
1642169700,315
1642170600,267
1642171500,202
1642172400,634
1642173300,713
1642174200,739
1642175100,607
1642176000,752
1642176900,590
1642177800,750
1642178700,758
1642179600,758
1642180500,679
1642181400,621
1642182300,403
1642183200,365
1642184100,583
1642185000,624
1642185900,356
1642186800,301
1642187700,315
1642188600,329
1642189500,359
1642190400,450
1642191300,279
1642192200,290
1642193100,319
1642194000,222
1642194900,237
1642195800,222
1642196700,232
1642197600,237
1642198500,250
1642199400,263
1642200300,225
1642201200,130
1642202100,108
1642203000,136
1642203900,103
1642204800,129
1642205700,112
1642206600,126
1642207500,110
1642208400,110
1642209300,111
1642210200,132
1642211100,122
1642212000,102
1642212900,106
1642213800,108
1642214700,103
1642215600,97
1642216500,138
1642217400,115
1642218300,108
1642219200,108
1642220100,126
1642221000,103
1642221900,134
1642222800,640
1642223700,309
1642224600,127
1642225500,177
1642226400,167
1642227300,160
1642228200,350
1642229100,696
1642230000,342
1642230900,234
1642231800,424
1642232700,849
1642233600,196
1642234500,191
1642235400,156
1642236300,136
1642237200,153
1642238100,191
1642239000,142
1642239900,186
1642240800,205
1642241700,735
1642242600,630
1642243500,211
1642244400,268
1642245300,276
1642246200,221
1642247100,367
1642248000,402
1642248900,436
1642249800,353
1642250700,747
1642251600,727
1642252500,736
1642253400,722
1642254300,675
1642255200,434
1642256100,679
1642257000,590
1642257900,341
1642258800,544
1642259700,1164
1642260600,739
1642261500,749
1642262400,763
1642263300,332
1642264200,310
1642265100,271
1642266000,256
1642266900,274
1642267800,276
1642268700,348
1642269600,405
1642270500,417
1642271400,481
1642272300,435
1642273200,406
1642274100,405
1642275000,481
1642275900,428
1642276800,408
1642277700,425
1642278600,454
1642279500,427
1642280400,416
1642281300,468
1642282200,485
1642283100,412
1642284000,349
1642284900,349
1642285800,357
1642286700,187
1642287600,137
1642288500,149
1642289400,209
1642290300,129
1642291200,137
1642292100,150
1642293000,172
1642293900,128
1642294800,136
1642295700,130
1642296600,141
1642297500,125
1642298400,157
1642299300,145
1642300200,129
1642301100,128
1642302000,155
1642302900,136
1642303800,151
1642304700,146
1642305600,151
1642306500,131
1642307400,137
1642308300,141
1642309200,236
1642310100,494
1642311000,546
1642311900,353
1642312800,520
1642313700,388
1642314600,439
1642315500,444
1642316400,406
1642317300,364
1642318200,415
1642319100,491
1642320000,919
1642320900,542
1642321800,390
1642322700,394
1642323600,392
1642324500,356
1642325400,467
1642326300,926
1642327200,865
1642328100,1238
1642329000,971
1642329900,459
1642330800,314
1642331700,441
1642332600,919
1642333500,555
1642334400,469
1642335300,550
1642336200,876
1642337100,404
1642338000,528
1642338900,393
1642339800,380
1642340700,385
1642341600,369
1642342500,351
1642343400,334
1642344300,352
1642345200,360
1642346100,341
1642347000,360
1642347900,382
1642348800,339
1642349700,367
1642350600,383
1642351500,335
1642352400,327
1642353300,352
1642354200,377
1642355100,415
1642356000,480
1642356900,632
1642357800,802
1642358700,575
1642359600,347
1642360500,368
1642361400,367
1642362300,368
1642363200,420
1642364100,349
1642365000,352
1642365900,335
1642366800,322
1642367700,313
1642368600,262
1642369500,219
1642370400,231
1642371300,235
1642372200,229
1642373100,251
1642374000,290
1642374900,258
1642375800,262
1642376700,271
1642377600,288
1642378500,280
1642379400,287
1642380300,279
1642381200,276
1642382100,254
1642383000,252
1642383900,249
1642384800,276
1642385700,294
1642386600,277
1642387500,253
1642388400,283
1642389300,262
1642390200,219
1642391100,218
1642392000,245
1642392900,209
1642393800,215
1642394700,220
1642395600,403
1642396500,640
1642397400,386
1642398300,360
1642399200,365
1642400100,187
1642401000,174
1642401900,197
1642402800,206
1642403700,217
1642404600,178
1642405500,184
1642406400,703
1642407300,873
1642408200,944
1642409100,845
1642410000,636
1642410900,911
1642411800,1162
1642412700,669
1642413600,967
1642414500,966
1642415400,745
1642416300,318
1642417200,370
1642418100,279
1642419000,236
1642419900,309
1642420800,336
1642421700,331
1642422600,330
1642423500,304
1642424400,294
1642425300,316
1642426200,477
1642427100,752
1642428000,486
1642428900,520
1642429800,350
1642430700,818
1642431600,467
1642432500,326
1642433400,319
1642434300,763
1642435200,1367
1642436100,1235
1642437000,1151
1642437900,947
1642438800,650
1642439700,450
1642440600,740
1642441500,921
1642442400,445
1642443300,789
1642444200,435
1642445100,362
1642446000,364
1642446900,343
1642447800,353
1642448700,372
1642449600,408
1642450500,319
1642451400,311
1642452300,333
1642453200,277
1642454100,257
1642455000,280
1642455900,231
1642456800,231
1642457700,212
1642458600,218
1642459500,143
1642460400,128
1642461300,128
1642462200,120
1642463100,122
1642464000,112
1642464900,105
1642465800,117
1642466700,151
1642467600,123
1642468500,119
1642469400,122
1642470300,113
1642471200,113
1642472100,145
1642473000,140
1642473900,105
1642474800,114
1642475700,118
1642476600,155
1642477500,159
1642478400,120
1642479300,117
1642480200,119
1642481100,105
1642482000,538
1642482900,358
1642483800,235
1642484700,197
1642485600,206
1642486500,179
1642487400,106
1642488300,92
1642489200,146
1642490100,117
1642491000,101
1642491900,89
1642492800,108
1642493700,105
1642494600,116
1642495500,102
1642496400,112
1642497300,99
1642498200,96
1642499100,87
1642500000,120
1642500900,115
1642501800,134
1642502700,142
1642503600,146
1642504500,126
1642505400,1015
1642506300,417
1642507200,150
1642508100,165
1642509000,227
1642509900,237
1642510800,211
1642511700,222
1642512600,219
1642513500,223
1642514400,197
1642515300,173
1642516200,205
1642517100,219
1642518000,744
1642518900,387
1642519800,353
1642520700,701
1642521600,1247
1642522500,1014
1642523400,516
1642524300,564
1642525200,828
1642526100,798
1642527000,887
1642527900,862
1642528800,827
1642529700,580
1642530600,366
1642531500,325
1642532400,332
1642533300,337
1642534200,375
1642535100,379
1642536000,373
1642536900,367
1642537800,331
1642538700,293
1642539600,325
1642540500,286
1642541400,275
1642542300,267
1642543200,280
1642544100,281
1642545000,290
1642545900,205
1642546800,177
1642547700,137
1642548600,138
1642549500,141
1642550400,158
1642551300,157
1642552200,142
1642553100,145
1642554000,143
1642554900,140
1642555800,143
1642556700,189
1642557600,141
1642558500,132
1642559400,144
1642560300,147
1642561200,136
1642562100,155
1642563000,171
1642563900,152
1642564800,148
1642565700,140
1642566600,151
1642567500,169
1642568400,672
1642569300,172
1642570200,138
1642571100,177
1642572000,164
1642572900,175
1642573800,201
1642574700,147
1642575600,153
1642576500,153
1642577400,163
1642578300,178
1642579200,229
1642580100,304
1642581000,245
1642581900,301
1642582800,182
1642583700,153
1642584600,201
1642585500,589
1642586400,455
1642587300,418
1642588200,182
1642589100,557
1642590000,617
1642590900,204
1642591800,200
1642592700,526
1642593600,909
1642594500,843
1642595400,342
1642596300,374
1642597200,205
1642598100,210
1642599000,215
1642599900,185
1642600800,230
1642601700,205
1642602600,227
1642603500,232
1642604400,220
1642605300,209
1642606200,241
1642607100,600
1642608000,325
1642608900,280
1642609800,651
1642610700,1380
1642611600,1428
1642612500,1265
1642613400,1281
1642614300,1175
1642615200,1152
1642616100,1054
1642617000,998
1642617900,551
1642618800,360
1642619700,320
1642620600,319
1642621500,340
1642622400,348
1642623300,338
1642624200,292
1642625100,288
1642626000,281
1642626900,195
1642627800,125
1642628700,128
1642629600,148
1642630500,118
1642631400,119
1642632300,134
1642633200,112
1642634100,107
1642635000,135
1642635900,132
1642636800,114
1642637700,108
1642638600,129
1642639500,120
1642640400,123
1642641300,138
1642642200,136
1642643100,107
1642644000,117
1642644900,115
1642645800,123
1642646700,113
1642647600,140
1642648500,128
1642649400,134
1642650300,121
1642651200,112
1642652100,134
1642653000,131
1642653900,128
1642654800,1007
1642655700,293
1642656600,144
1642657500,211
1642658400,297
1642659300,509
1642660200,881
1642661100,961
1642662000,709
1642662900,673
1642663800,673
1642664700,630
1642665600,634
1642666500,579
1642667400,266
1642668300,162
1642669200,374
1642670100,876
1642671000,783
1642671900,378
1642672800,548
1642673700,823
1642674600,275
1642675500,289
1642676400,228
1642677300,195
1642678200,186
1642679100,170
1642680000,180
1642680900,329
1642681800,442
1642682700,199
1642683600,206
1642684500,192
1642685400,207
1642686300,243
1642687200,346
1642688100,239
1642689000,296
1642689900,270
1642690800,586
1642691700,784
1642692600,722
1642693500,476
1642694400,274
1642695300,328
1642696200,402
1642697100,553
1642698000,410
1642698900,732
1642699800,461
1642700700,389
1642701600,419
1642702500,335
1642703400,321
1642704300,336
1642705200,336
1642706100,307
1642707000,368
1642707900,317
1642708800,322
1642709700,307
1642710600,309
1642711500,270
1642712400,237
1642713300,153
1642714200,119
1642715100,142
1642716000,121
1642716900,119
1642717800,158
1642718700,179
1642719600,146
1642720500,127
1642721400,144
1642722300,131
1642723200,122
1642724100,119
1642725000,186
1642725900,133
1642726800,123
1642727700,122
1642728600,144
1642729500,143
1642730400,135
1642731300,166
1642732200,133
1642733100,120
1642734000,137
1642734900,135
1642735800,133
1642736700,164
1642737600,147
1642738500,138
1642739400,122
1642740300,177
1642741200,695
1642742100,150
1642743000,179
1642743900,224
1642744800,312
1642745700,732
1642746600,447
1642747500,347
1642748400,432
1642749300,821
1642750200,395
1642751100,383
1642752000,366
1642752900,332
1642753800,323
1642754700,335
1642755600,612
1642756500,1039
1642757400,1157
1642758300,824
1642759200,492
1642760100,350
1642761000,725
1642761900,845
1642762800,1389
1642763700,1195
1642764600,1209
1642765500,335
1642766400,541
1642767300,305
1642768200,613
1642769100,717
1642770000,506
1642770900,294
1642771800,620
1642772700,724
1642773600,275
1642774500,320
1642775400,442
1642776300,367
1642777200,329
1642778100,339
1642779000,306
1642779900,290
1642780800,355
1642781700,333
1642782600,472
1642783500,794
1642784400,800
1642785300,922
1642786200,848
1642787100,702
1642788000,400
1642788900,521
1642789800,367
1642790700,407
1642791600,371
1642792500,387
1642793400,398
1642794300,409
1642795200,425
1642796100,360
1642797000,327
1642797900,348
1642798800,273
1642799700,264
1642800600,268
1642801500,262
1642802400,321
1642803300,260
1642804200,209
1642805100,177
1642806000,144
1642806900,153
1642807800,139
1642808700,195
1642809600,136
1642810500,159
1642811400,153
1642812300,165
1642813200,168
1642814100,159
1642815000,190
1642815900,170
1642816800,146
1642817700,151
1642818600,178
1642819500,156
1642820400,196
1642821300,171
1642822200,183
1642823100,175
1642824000,149
1642824900,176
1642825800,147
1642826700,179
1642827600,631
1642828500,323
1642829400,209
1642830300,221
1642831200,196
1642832100,224
1642833000,217
1642833900,191
1642834800,222
1642835700,221
1642836600,221
1642837500,225
1642838400,282
1642839300,263
1642840200,527
1642841100,632
1642842000,484
1642842900,246
1642843800,908
1642844700,1083
1642845600,491
1642846500,412
1642847400,430
1642848300,462
1642849200,572
1642850100,552
1642851000,525
1642851900,326
1642852800,275
1642853700,256
1642854600,303
1642855500,267
1642856400,281
1642857300,331
1642858200,322
1642859100,320
1642860000,819
1642860900,626
1642861800,525
1642862700,360
1642863600,882
1642864500,775
1642865400,358
1642866300,347
1642867200,337
1642868100,333
1642869000,485
1642869900,366
1642870800,333
1642871700,332
1642872600,314
1642873500,354
1642874400,361
1642875300,380
1642876200,382
1642877100,328
1642878000,333
1642878900,322
1642879800,331
1642880700,424
1642881600,460
1642882500,366
1642883400,364
1642884300,386
1642885200,376
1642886100,243
1642887000,219
1642887900,274
1642888800,194
1642889700,164
1642890600,179
1642891500,213
1642892400,171
1642893300,184
1642894200,196
1642895100,208
1642896000,185
1642896900,158
1642897800,200
1642898700,169
1642899600,179
1642900500,191
1642901400,160
1642902300,151
1642903200,154
1642904100,156
1642905000,167
1642905900,164
1642906800,175
1642907700,146
1642908600,180
1642909500,156
1642910400,145
1642911300,148
1642912200,201
1642913100,196
1642914000,203
1642914900,213
1642915800,216
1642916700,229
1642917600,229
1642918500,278
1642919400,257
1642920300,226
1642921200,717
1642922100,923
1642923000,1141
1642923900,890
1642924800,409
1642925700,309
1642926600,313
1642927500,295
1642928400,312
1642929300,320
1642930200,358
1642931100,301
1642932000,685
1642932900,1412
1642933800,1522
1642934700,1850
1642935600,1191
1642936500,1056
1642937400,374
1642938300,483
1642939200,479
1642940100,322
1642941000,337
1642941900,602
1642942800,748
1642943700,770
1642944600,680
1642945500,385
1642946400,789
1642947300,524
1642948200,566
1642949100,319
1642950000,744
1642950900,638
1642951800,345
1642952700,363
1642953600,352
1642954500,383
1642955400,351
1642956300,458
1642957200,534
1642958100,458
1642959000,488
1642959900,438
1642960800,443
1642961700,425
1642962600,452
1642963500,395
1642964400,384
1642965300,388
1642966200,340
1642967100,343
1642968000,395
1642968900,351
1642969800,394
1642970700,483
1642971600,513
1642972500,415
1642973400,272
1642974300,290
1642975200,277
1642976100,255
1642977000,261
1642977900,283
1642978800,242
1642979700,135
1642980600,119
1642981500,113
1642982400,133
1642983300,121
1642984200,137
1642985100,118
1642986000,128
1642986900,113
1642987800,118
1642988700,127
1642989600,133
1642990500,133
1642991400,113
1642992300,135
1642993200,112
1642994100,113
1642995000,114
1642995900,147
1642996800,130
1642997700,119
1642998600,126
1642999500,129
1643000400,274
1643001300,650
1643002200,267
1643003100,242
1643004000,174
1643004900,174
1643005800,187
1643006700,171
1643007600,187
1643008500,204
1643009400,225
1643010300,216
1643011200,219
1643012100,238
1643013000,280
1643013900,257
1643014800,292
1643015700,281
1643016600,288
1643017500,272
1643018400,265
1643019300,1499
1643020200,1036
1643021100,1112
1643022000,585
1643022900,821
1643023800,587
1643024700,866
1643025600,346
1643026500,255
1643027400,289
1643028300,274
1643029200,276
1643030100,276
1643031000,273
1643031900,327
1643032800,318
1643033700,409
1643034600,481
1643035500,341
1643036400,309
1643037300,333
1643038200,301
1643039100,283
1643040000,324
1643040900,302
1643041800,307
1643042700,293
1643043600,432
1643044500,390
1643045400,383
1643046300,523
1643047200,717
1643048100,898
1643049000,389
1643049900,365
1643050800,395
1643051700,360
1643052600,414
1643053500,373
1643054400,384
1643055300,344
1643056200,295
1643057100,241
1643058000,240
1643058900,290
1643059800,266
1643060700,279
1643061600,252
1643062500,255
1643063400,152
1643064300,142
1643065200,151
1643066100,123
1643067000,124
1643067900,132
1643068800,132
1643069700,121
1643070600,148
1643071500,148
1643072400,120
1643073300,117
1643074200,132
1643075100,127
1643076000,108
1643076900,126
1643077800,156
1643078700,128
1643079600,129
1643080500,131
1643081400,123
1643082300,120
1643083200,104
1643084100,158
1643085000,141
1643085900,167
1643086800,820
1643087700,985
1643088600,1455
1643089500,1072
1643090400,567
1643091300,363
1643092200,663
1643093100,766
1643094000,368
1643094900,382
1643095800,337
1643096700,382
1643097600,405
1643098500,227
1643099400,169
1643100300,155
1643101200,180
1643102100,163
1643103000,195
1643103900,167
1643104800,178
1643105700,190
1643106600,175
1643107500,704
1643108400,1095
1643109300,995
1643110200,764
1643111100,825
1643112000,1432
1643112900,1754
1643113800,1458
1643114700,820
1643115600,365
1643116500,800
1643117400,1000
1643118300,787
1643119200,539
1643120100,323
1643121000,343
1643121900,318
1643122800,453
1643123700,347
1643124600,434
1643125500,347
1643126400,341
1643127300,369
1643128200,356
1643129100,493
1643130000,547
1643130900,570
1643131800,605
1643132700,581
1643133600,597
1643134500,588
1643135400,612
1643136300,574
1643137200,538
1643138100,552
1643139000,526
1643139900,544
1643140800,539
1643141700,588
1643142600,399
1643143500,684
1643144400,612
1643145300,549
1643146200,353
1643147100,739
1643148000,618
1643148900,324
1643149800,240
1643150700,109
1643151600,117
1643152500,128
1643153400,165
1643154300,107
1643155200,110
1643156100,136
1643157000,96
1643157900,117
1643158800,120
1643159700,139
1643160600,96
1643161500,103
1643162400,112
1643163300,130
1643164200,121
1643165100,121
1643166000,146
1643166900,121
1643167800,119
1643168700,149
1643169600,127
1643170500,128
1643171400,127
1643172300,189
1643173200,622
1643174100,313
1643175000,285
1643175900,325
1643176800,160
1643177700,172
1643178600,236
1643179500,320
1643180400,261
1643181300,231
1643182200,260
1643183100,244
1643184000,257
1643184900,288
1643185800,255
1643186700,259
1643187600,243
1643188500,239
1643189400,245
1643190300,287
1643191200,299
1643192100,279
1643193000,331
1643193900,390
1643194800,340
1643195700,400
1643196600,383
1643197500,343
1643198400,293
1643199300,279
1643200200,282
1643201100,268
1643202000,222
1643202900,292
1643203800,769
1643204700,396
1643205600,287
1643206500,393
1643207400,812
1643208300,232
1643209200,270
1643210100,257
1643211000,304
1643211900,253
1643212800,258
1643213700,271
1643214600,406
1643215500,336
1643216400,386
1643217300,385
1643218200,387
1643219100,373
1643220000,448
1643220900,409
1643221800,396
1643222700,383
1643223600,394
1643224500,403
1643225400,363
1643226300,373
1643227200,373
1643228100,348
1643229000,323
1643229900,339
1643230800,336
1643231700,293
1643232600,270
1643233500,279
1643234400,265
1643235300,272
1643236200,259
1643237100,260
1643238000,227
1643238900,258
1643239800,159
1643240700,110
1643241600,119
1643242500,155
1643243400,123
1643244300,111
1643245200,129
1643246100,113
1643247000,111
1643247900,105
1643248800,147
1643249700,142
1643250600,127
1643251500,108
1643252400,123
1643253300,152
1643254200,127
1643255100,100
1643256000,158
1643256900,166
1643257800,107
1643258700,124
1643259600,271
1643260500,521
1643261400,172
1643262300,170
1643263200,263
1643264100,195
1643265000,208
1643265900,193
1643266800,204
1643267700,275
1643268600,248
1643269500,253
1643270400,239
1643271300,232
1643272200,226
1643273100,510
1643274000,653
1643274900,655
1643275800,489
1643276700,369
1643277600,1195
1643278500,1298
1643279400,805
1643280300,454
1643281200,972
1643282100,742
1643283000,385
1643283900,813
1643284800,1571
1643285700,947
1643286600,883
1643287500,795
1643288400,1213
1643289300,888
1643290200,318
1643291100,303
1643292000,269
1643292900,300
1643293800,251
1643294700,307
1643295600,330
1643296500,327
1643297400,1178
1643298300,877
1643299200,857
1643300100,917
1643301000,933
1643301900,609
1643302800,454
1643303700,503
1643304600,507
1643305500,522
1643306400,527
1643307300,444
1643308200,893
1643309100,1114
1643310000,510
1643310900,332
1643311800,772
1643312700,591
1643313600,335
1643314500,279
1643315400,269
1643316300,230
1643317200,239
1643318100,252
1643319000,237
1643319900,227
1643320800,168
1643321700,178
1643322600,151
1643323500,130
1643324400,128
1643325300,135
1643326200,145
1643327100,140
1643328000,163
1643328900,140
1643329800,164
1643330700,145
1643331600,167
1643332500,275
1643333400,362
1643334300,397
1643335200,399
1643336100,333
1643337000,362
1643337900,366
1643338800,360
1643339700,392
1643340600,402
1643341500,398
1643342400,397
1643343300,413
1643344200,503
1643345100,704
1643346000,391
1643346900,452
1643347800,435
1643348700,372
1643349600,358
1643350500,383
1643351400,379
1643352300,387
1643353200,743
1643354100,866
1643355000,710
1643355900,449
1643356800,685
1643357700,770
1643358600,402
1643359500,634
1643360400,599
1643361300,385
1643362200,335
1643363100,918
1643364000,906
1643364900,844
1643365800,852
1643366700,832
1643367600,899
1643368500,861
1643369400,1089
1643370300,490
1643371200,271
1643372100,264
1643373000,306
1643373900,410
1643374800,742
1643375700,490
1643376600,303
1643377500,594
1643378400,644
1643379300,292
1643380200,282
1643381100,276
1643382000,266
1643382900,281
1643383800,713
1643384700,670
1643385600,986
1643386500,374
1643387400,570
1643388300,786
1643389200,783
1643390100,950
1643391000,896
1643391900,1103
1643392800,1123
1643393700,1217
1643394600,1163
1643395500,713
1643396400,728
1643397300,465
1643398200,323
1643399100,312
1643400000,318
1643400900,383
1643401800,294
1643402700,258
1643403600,249
1643404500,256
1643405400,252
1643406300,246
1643407200,235
1643408100,274
1643409000,285
1643409900,218
1643410800,173
1643411700,149
1643412600,142
1643413500,138
1643414400,139
1643415300,167
1643416200,164
1643417100,137
1643418000,131
1643418900,148
1643419800,128
1643420700,135
1643421600,128
1643422500,187
1643423400,146
1643424300,146
1643425200,134
1643426100,153
1643427000,134
1643427900,136
1643428800,138
1643429700,175
1643430600,136
1643431500,464
1643432400,511
1643433300,416
1643434200,315
1643435100,317
1643436000,278
1643436900,249
1643437800,321
1643438700,758
1643439600,623
1643440500,618
1643441400,390
1643442300,787
1643443200,754
1643444100,368
1643445000,373
1643445900,390
1643446800,362
1643447700,378
1643448600,375
1643449500,397
1643450400,354
1643451300,577
1643452200,460
1643453100,337
1643454000,350
1643454900,349
1643455800,365
1643456700,330
1643457600,1047
1643458500,1032
1643459400,285
1643460300,315
1643461200,478
1643462100,363
1643463000,356
1643463900,543
1643464800,532
1643465700,341
1643466600,379
1643467500,370
1643468400,326
1643469300,445
1643470200,908
1643471100,695
1643472000,428
1643472900,413
1643473800,449
1643474700,409
1643475600,418
1643476500,393
1643477400,355
1643478300,421
1643479200,386
1643480100,428
1643481000,343
1643481900,340
1643482800,327
1643483700,316
1643484600,343
1643485500,353
1643486400,310
1643487300,345
1643488200,324
1643489100,345
1643490000,357
1643490900,371
1643491800,268
1643492700,232
1643493600,249
1643494500,235
1643495400,229
1643496300,255
1643497200,262
1643498100,227
1643499000,220
1643499900,146
1643500800,144
1643501700,128
1643502600,147
1643503500,179
1643504400,130
1643505300,138
1643506200,141
1643507100,162
1643508000,144
1643508900,144
1643509800,163
1643510700,146
1643511600,136
1643512500,131
1643513400,147
1643514300,138
1643515200,163
1643516100,150
1643517000,163
1643517900,162
1643518800,193
1643519700,221
1643520600,232
1643521500,247
1643522400,235
1643523300,198
1643524200,278
1643525100,291
1643526000,331
1643526900,896
1643527800,1292
1643528700,916
1643529600,829
1643530500,379
1643531400,603
1643532300,785
1643533200,834
1643534100,906
1643535000,825
1643535900,552
1643536800,285
1643537700,629
1643538600,1174
1643539500,1329
1643540400,1448
1643541300,1041
1643542200,924
1643543100,740
1643544000,934
1643544900,468
1643545800,384
1643546700,351
1643547600,324
1643548500,367
1643549400,381
1643550300,393
1643551200,455
1643552100,639
1643553000,1139
1643553900,1198
1643554800,901
1643555700,511
1643556600,407
1643557500,418
1643558400,478
1643559300,435
1643560200,415
1643561100,448
1643562000,693
1643562900,1237
1643563800,976
1643564700,1030
1643565600,1546
1643566500,1636
1643567400,973
1643568300,662
1643569200,388
1643570100,385
1643571000,360
1643571900,350
1643572800,294
1643573700,316
1643574600,311
1643575500,337
1643576400,293
1643577300,286
1643578200,267
1643579100,243
1643580000,227
1643580900,228
1643581800,276
1643582700,231
1643583600,226
1643584500,209
1643585400,240
1643586300,213
1643587200,189
1643588100,195
1643589000,173
1643589900,160
1643590800,148
1643591700,151
1643592600,164
1643593500,179
1643594400,173
1643595300,180
1643596200,173
1643597100,159
1643598000,147
1643598900,164
1643599800,185
1643600700,157
1643601600,165
1643602500,174
1643603400,160
1643604300,202
1643605200,1008
1643606100,960
1643607000,816
1643607900,814
1643608800,529
1643609700,768
1643610600,691
1643611500,412
1643612400,738
1643613300,1053
1643614200,740
1643615100,790
1643616000,729
1643616900,705
1643617800,699
1643618700,723
1643619600,714
1643620500,725
1643621400,673
1643622300,1106
1643623200,1409
1643624100,1389
1643625000,1077
1643625900,538
1643626800,882
1643627700,777
1643628600,265
1643629500,274
1643630400,306
1643631300,325
1643632200,297
1643633100,268
1643634000,288
1643634900,318
1643635800,814
1643636700,450
1643637600,617
1643638500,373
1643639400,933
1643640300,506
1643641200,328
1643642100,303
1643643000,320
1643643900,289
1643644800,291
1643645700,317
1643646600,315
1643647500,340
1643648400,709
1643649300,1276
1643650200,1106
1643651100,851
1643652000,790
1643652900,795
1643653800,517
1643654700,420
1643655600,351
1643656500,315
1643657400,369
1643658300,503
1643659200,318
1643660100,332
1643661000,368
1643661900,311
1643662800,266
1643663700,302
1643664600,298
1643665500,270
1643666400,277
1643667300,275
1643668200,210
1643669100,149
1643670000,139
1643670900,148
1643671800,170
1643672700,158
1643673600,163
1643674500,157
1643675400,141
1643676300,147
1643677200,135
1643678100,161
1643679000,161
1643679900,139
1643680800,145
1643681700,161
1643682600,135
1643683500,138
1643684400,146
1643685300,176
1643686200,141
1643687100,144
1643688000,140
1643688900,142
1643689800,140
1643690700,351
1643691600,855
1643692500,686
1643693400,615
1643694300,625
1643695200,540
1643696100,318
1643697000,370
1643697900,839
1643698800,1107
1643699700,788
1643700600,797
1643701500,437
1643702400,313
1643703300,282
1643704200,267
1643705100,245
1643706000,202
1643706900,211
1643707800,562
1643708700,579
1643709600,460
1643710500,192
1643711400,619
1643712300,519
1643713200,172
1643714100,192
1643715000,260
1643715900,418
1643716800,938
1643717700,1259
1643718600,871
1643719500,721
1643720400,487
1643721300,279
1643722200,679
1643723100,723
1643724000,751
1643724900,731
1643725800,712
1643726700,620
1643727600,316
1643728500,264
1643729400,296
1643730300,338
1643731200,385
1643732100,542
1643733000,399
1643733900,352
1643734800,385
1643735700,335
1643736600,340
1643737500,787
1643738400,1614
1643739300,1243
1643740200,844
1643741100,806
1643742000,728
1643742900,394
1643743800,370
1643744700,322
1643745600,348
1643746500,320
1643747400,309
1643748300,266
1643749200,265
1643750100,259
1643751000,246
1643751900,265
1643752800,276
1643753700,252
1643754600,280
1643755500,236
1643756400,259
1643757300,196
1643758200,162
1643759100,145
1643760000,148
1643760900,131
1643761800,140
1643762700,141
1643763600,175
1643764500,189
1643765400,166
1643766300,143
1643767200,168
1643768100,143
1643769000,147
1643769900,147
1643770800,197
1643771700,171
1643772600,171
1643773500,160
1643774400,173
1643775300,140
1643776200,151
1643777100,225
1643778000,854
1643778900,280
1643779800,296
1643780700,467
1643781600,563
1643782500,599
1643783400,207
1643784300,327
1643785200,742
1643786100,412
1643787000,324
1643787900,303
1643788800,712
1643789700,376
1643790600,187
1643791500,168
1643792400,156
1643793300,149
1643794200,164
1643795100,157
1643796000,166
1643796900,161
1643797800,176
1643798700,207
1643799600,239
1643800500,266
1643801400,988
1643802300,553
1643803200,437
1643804100,208
1643805000,679
1643805900,434
1643806800,148
1643807700,167
1643808600,195
1643809500,303
1643810400,205
1643811300,184
1643812200,174
1643813100,163
1643814000,183
1643814900,682
1643815800,210
1643816700,247
1643817600,283
1643818500,1049
1643819400,545
1643820300,339
1643821200,370
1643822100,351
1643823000,331
1643823900,354
1643824800,417
1643825700,367
1643826600,335
1643827500,351
1643828400,605
1643829300,405
1643830200,316
1643831100,316
1643832000,359
1643832900,321
1643833800,327
1643834700,267
1643835600,259
1643836500,242
1643837400,253
1643838300,261
1643839200,227
1643840100,267
1643841000,297
1643841900,280
1643842800,257
1643843700,272
1643844600,155
1643845500,160
1643846400,159
1643847300,143
1643848200,133
1643849100,167
1643850000,135
1643850900,138
1643851800,138
1643852700,200
1643853600,144
1643854500,147
1643855400,141
1643856300,140
1643857200,134
1643858100,137
1643859000,190
1643859900,162
1643860800,128
1643861700,137
1643862600,146
1643863500,164
1643864400,1007
1643865300,774
1643866200,361
1643867100,227
1643868000,214
1643868900,179
1643869800,211
1643870700,198
1643871600,253
1643872500,271
1643873400,385
1643874300,272
1643875200,240
1643876100,261
1643877000,237
1643877900,278
1643878800,496
1643879700,656
1643880600,463
1643881500,404
1643882400,562
1643883300,704
1643884200,239
1643885100,220
1643886000,628
1643886900,792
1643887800,792
1643888700,206
1643889600,483
1643890500,340
1643891400,181
1643892300,187
1643893200,253
1643894100,184
1643895000,210
1643895900,239
1643896800,160
1643897700,164
1643898600,161
1643899500,188
1643900400,175
1643901300,308
1643902200,239
1643903100,308
1643904000,305
1643904900,299
1643905800,335
1643906700,607
1643907600,864
1643908500,1189
1643909400,952
1643910300,1273
1643911200,655
1643912100,618
1643913000,920
1643913900,919
1643914800,344
1643915700,318
1643916600,355
1643917500,333
1643918400,369
1643919300,375
1643920200,305
1643921100,275
1643922000,256
1643922900,265
1643923800,251
1643924700,212
1643925600,207
1643926500,157
1643927400,154
1643928300,154
1643929200,142
1643930100,150
1643931000,146
1643931900,168
1643932800,163
1643933700,128
1643934600,129
1643935500,150
1643936400,142
1643937300,162
1643938200,151
1643939100,163
1643940000,134
1643940900,146
1643941800,135
1643942700,159
1643943600,151
1643944500,155
1643945400,145
1643946300,186
1643947200,137
1643948100,162
1643949000,128
1643949900,202
1643950800,678
1643951700,896
1643952600,673
1643953500,393
1643954400,217
1643955300,204
1643956200,170
1643957100,198
1643958000,141
1643958900,177
1643959800,142
1643960700,132
1643961600,133
1643962500,160
1643963400,172
1643964300,154
1643965200,195
1643966100,184
1643967000,236
1643967900,233
1643968800,245
1643969700,250
1643970600,210
1643971500,219
1643972400,1229
1643973300,1120
1643974200,800
1643975100,766
1643976000,606
1643976900,402
1643977800,613
1643978700,1069
1643979600,533
1643980500,483
1643981400,316
1643982300,284
1643983200,408
1643984100,488
1643985000,372
1643985900,294
1643986800,328
1643987700,268
1643988600,337
1643989500,848
1643990400,543
1643991300,707
1643992200,441
1643993100,900
1643994000,456
1643994900,329
1643995800,501
1643996700,496
1643997600,366
1643998500,333
1643999400,380
1644000300,330
1644001200,302
1644002100,307
1644003000,333
1644003900,312
1644004800,319
1644005700,402
1644006600,427
1644007500,254
1644008400,243
1644009300,266
1644010200,247
1644011100,229
1644012000,241
1644012900,195
1644013800,156
1644014700,151
1644015600,150
1644016500,180
1644017400,170
1644018300,187
1644019200,165
1644020100,159
1644021000,156
1644021900,158
1644022800,174
1644023700,177
1644024600,176
1644025500,160
1644026400,178
1644027300,157
1644028200,166
1644029100,166
1644030000,203
1644030900,179
1644031800,163
1644032700,186
1644033600,156
1644034500,156
1644035400,153
1644036300,233
1644037200,853
1644038100,947
1644039000,1235
1644039900,818
1644040800,755
1644041700,652
1644042600,1006
1644043500,943
1644044400,1038
1644045300,700
1644046200,330
1644047100,514
1644048000,743
1644048900,273
1644049800,262
1644050700,240
1644051600,465
1644052500,275
1644053400,242
1644054300,264
1644055200,232
1644056100,241
1644057000,266
1644057900,286
1644058800,278
1644059700,276
1644060600,309
1644061500,294
1644062400,247
1644063300,249
1644064200,269
1644065100,267
1644066000,266
1644066900,333
1644067800,294
1644068700,222
1644069600,247
1644070500,266
1644071400,224
1644072300,299
1644073200,310
1644074100,330
1644075000,316
1644075900,331
1644076800,332
1644077700,344
1644078600,391
1644079500,353
1644080400,340
1644081300,324
1644082200,331
1644083100,693
1644084000,1236
1644084900,1370
1644085800,880
1644086700,432
1644087600,397
1644088500,383
1644089400,336
1644090300,387
1644091200,308
1644092100,333
1644093000,322
1644093900,317
1644094800,280
1644095700,270
1644096600,276
1644097500,449
1644098400,657
1644099300,476
1644100200,196
1644101100,475
1644102000,699
1644102900,199
1644103800,162
1644104700,142
1644105600,143
1644106500,127
1644107400,148
1644108300,170
1644109200,153
1644110100,138
1644111000,152
1644111900,123
1644112800,138
1644113700,129
1644114600,180
1644115500,138
1644116400,135
1644117300,145
1644118200,148
1644119100,142
1644120000,149
1644120900,186
1644121800,147
1644122700,146
1644123600,148
1644124500,165
1644125400,163
1644126300,193
1644127200,306
1644128100,698
1644129000,713
1644129900,809
1644130800,475
1644131700,247
1644132600,258
1644133500,306
1644134400,315
1644135300,271
1644136200,269
1644137100,298
1644138000,302
1644138900,336
1644139800,317
1644140700,319
1644141600,284
1644142500,265
1644143400,262
1644144300,318
1644145200,275
1644146100,1222
1644147000,686
1644147900,308
1644148800,317
1644149700,313
1644150600,298
1644151500,296
1644152400,284
1644153300,279
1644154200,260
1644155100,337
1644156000,550
1644156900,801
1644157800,912
1644158700,599
1644159600,972
1644160500,971
1644161400,259
1644162300,282
1644163200,529
1644164100,544
1644165000,376
1644165900,310
1644166800,356
1644167700,368
1644168600,349
1644169500,501
1644170400,777
1644171300,676
1644172200,486
1644173100,558
1644174000,776
1644174900,382
1644175800,330
1644176700,293
1644177600,297
1644178500,297
1644179400,287
1644180300,304
1644181200,297
1644182100,283
1644183000,244
1644183900,283
1644184800,217
1644185700,211
1644186600,240
1644187500,173
1644188400,144
1644189300,163
1644190200,135
1644191100,144
1644192000,126
1644192900,186
1644193800,156
1644194700,134
1644195600,135
1644196500,155
1644197400,139
1644198300,133
1644199200,149
1644200100,171
1644201000,127
1644201900,136
1644202800,128
1644203700,149
1644204600,130
1644205500,158
1644206400,152
1644207300,147
1644208200,137
1644209100,163
1644210000,190
1644210900,221
1644211800,379
1644212700,279
1644213600,398
1644214500,230
1644215400,241
1644216300,270
1644217200,191
1644218100,201
1644219000,202
1644219900,191
1644220800,128
1644221700,110
1644222600,93
1644223500,122
1644224400,172
1644225300,98
1644226200,95
1644227100,126
1644228000,112
1644228900,111
1644229800,103
1644230700,151
1644231600,138
1644232500,106
1644233400,137
1644234300,79
1644235200,123
1644236100,159
1644237000,124
1644237900,132
1644238800,87
1644239700,110
1644240600,129
1644241500,104
1644242400,135
1644243300,125
1644244200,140
1644245100,95
1644246000,86
1644246900,84
1644247800,104
1644248700,130
1644249600,119
1644250500,155
1644251400,437
1644252300,251
1644253200,389
1644254100,962
1644255000,1284
1644255900,1047
1644256800,821
1644257700,750
1644258600,413
1644259500,503
1644260400,435
1644261300,363
1644262200,301
1644263100,314
1644264000,383
1644264900,367
1644265800,330
1644266700,199
1644267600,213
1644268500,238
1644269400,207
1644270300,194
1644271200,188
1644272100,185
1644273000,178
1644273900,199
1644274800,204
1644275700,151
1644276600,144
1644277500,143
1644278400,146
1644279300,134
1644280200,157
1644281100,153
1644282000,155
1644282900,130
1644283800,138
1644284700,134
1644285600,160
1644286500,160
1644287400,157
1644288300,143
1644289200,170
1644290100,132
1644291000,148
1644291900,142
1644292800,168
1644293700,162
1644294600,140
1644295500,150
1644296400,678
1644297300,664
1644298200,177
1644299100,215
1644300000,257
1644300900,173
1644301800,191
1644302700,207
1644303600,209
1644304500,591
1644305400,1106
1644306300,1180
1644307200,1045
1644308100,944
1644309000,496
1644309900,262
1644310800,515
1644311700,676
1644312600,212
1644313500,195
1644314400,151
1644315300,160
1644316200,398
1644317100,892
1644318000,495
1644318900,212
1644319800,314
1644320700,542
1644321600,581
1644322500,664
1644323400,230
1644324300,402
1644325200,1281
1644326100,1327
1644327000,976
1644327900,732
1644328800,1121
1644329700,991
1644330600,619
1644331500,401
1644332400,300
1644333300,252
1644334200,281
1644335100,623
1644336000,723
1644336900,836
1644337800,751
1644338700,577
1644339600,714
1644340500,858
1644341400,841
1644342300,839
1644343200,1057
1644344100,844
1644345000,604
1644345900,426
1644346800,414
1644347700,342
1644348600,373
1644349500,376
1644350400,355
1644351300,297
1644352200,310
1644353100,319
1644354000,264
1644354900,263
1644355800,264
1644356700,242
1644357600,190
1644358500,152
1644359400,169
1644360300,160
1644361200,131
1644362100,138
1644363000,167
1644363900,147
1644364800,143
1644365700,148
1644366600,184
1644367500,146
1644368400,136
1644369300,141
1644370200,155
1644371100,141
1644372000,144
1644372900,169
1644373800,153
1644374700,150
1644375600,147
1644376500,158
1644377400,147
1644378300,141
1644379200,177
1644380100,147
1644381000,138
1644381900,158
1644382800,979
1644383700,751
1644384600,604
1644385500,676
1644386400,641
1644387300,222
1644388200,194
1644389100,842
1644390000,877
1644390900,521
1644391800,283
1644392700,766
1644393600,408
1644394500,201
1644395400,199
1644396300,215
1644397200,211
1644398100,229
1644399000,188
1644399900,167
1644400800,197
1644401700,188
1644402600,172
1644403500,226
1644404400,246
1644405300,909
1644406200,635
1644407100,242
1644408000,302
1644408900,311
1644409800,230
1644410700,220
1644411600,223
1644412500,156
1644413400,186
1644414300,231
1644415200,179
1644416100,179
1644417000,166
1644417900,210
1644418800,214
1644419700,263
1644420600,238
1644421500,220
1644422400,287
1644423300,250
1644424200,296
1644425100,543
1644426000,1045
1644426900,860
1644427800,816
1644428700,960
1644429600,1275
1644430500,1201
1644431400,857
1644432300,816
1644433200,898
1644434100,727
1644435000,388
1644435900,365
1644436800,346
1644437700,339
1644438600,308
1644439500,386
1644440400,260
1644441300,261
1644442200,145
1644443100,141
1644444000,192
1644444900,144
1644445800,140
1644446700,140
1644447600,158
1644448500,156
1644449400,129
1644450300,143
1644451200,170
1644452100,124
1644453000,148
1644453900,145
1644454800,143
1644455700,160
1644456600,143
1644457500,190
1644458400,158
1644459300,128
1644460200,138
1644461100,142
1644462000,136
1644462900,131
1644463800,166
1644464700,173
1644465600,138
1644466500,148
1644467400,160
1644468300,144
1644469200,655
1644470100,246
1644471000,243
1644471900,272
1644472800,233
1644473700,200
1644474600,218
1644475500,210
1644476400,197
1644477300,251
1644478200,208
1644479100,221
1644480000,216
1644480900,288
1644481800,242
1644482700,246
1644483600,247
1644484500,244
1644485400,186
1644486300,194
1644487200,180
1644488100,216
1644489000,569
1644489900,578
1644490800,675
1644491700,309
1644492600,816
1644493500,432
1644494400,442
1644495300,318
1644496200,774
1644497100,326
1644498000,260
1644498900,313
1644499800,256
1644500700,263
1644501600,267
1644502500,299
1644503400,333
1644504300,242
1644505200,254
1644506100,257
1644507000,577
1644507900,721
1644508800,745
1644509700,484
1644510600,270
1644511500,331
1644512400,380
1644513300,530
1644514200,770
1644515100,835
1644516000,619
1644516900,371
1644517800,352
1644518700,383
1644519600,430
1644520500,481
1644521400,513
1644522300,433
1644523200,421
1644524100,405
1644525000,455
1644525900,443
1644526800,416
1644527700,428
1644528600,414
1644529500,507
1644530400,844
1644531300,474
1644532200,297
1644533100,343
1644534000,698
1644534900,219
1644535800,151
1644536700,146
1644537600,136
1644538500,139
1644539400,155
1644540300,150
1644541200,162
1644542100,151
1644543000,154
1644543900,150
1644544800,144
1644545700,190
1644546600,160
1644547500,164
1644548400,149
1644549300,169
1644550200,162
1644551100,163
1644552000,127
1644552900,147
1644553800,264
1644554700,996
1644555600,1148
1644556500,506
1644557400,357
1644558300,271
1644559200,196
1644560100,237
1644561000,237
1644561900,223
1644562800,244
1644563700,551
1644564600,504
1644565500,686
1644566400,689
1644567300,411
1644568200,539
1644569100,828
1644570000,535
1644570900,484
1644571800,385
1644572700,809
1644573600,323
1644574500,257
1644575400,374
1644576300,253
1644577200,301
1644578100,341
1644579000,308
1644579900,343
1644580800,257
1644581700,273
1644582600,239
1644583500,272
1644584400,248
1644585300,188
1644586200,177
1644587100,190
1644588000,180
1644588900,189
1644589800,183
1644590700,173
1644591600,194
1644592500,447
1644593400,223
1644594300,424
1644595200,737
1644596100,637
1644597000,484
1644597900,352
1644598800,338
1644599700,314
1644600600,352
1644601500,392
1644602400,933
1644603300,820
1644604200,931
1644605100,590
1644606000,1046
1644606900,909
1644607800,401
1644608700,403
1644609600,348
1644610500,305
1644611400,330
1644612300,257
1644613200,233
1644614100,156
1644615000,124
1644615900,159
1644616800,136
1644617700,140
1644618600,126
1644619500,114
1644620400,135
1644621300,99
1644622200,100
1644623100,137
1644624000,125
1644624900,113
1644625800,168
1644626700,145
1644627600,128
1644628500,134
1644629400,113
1644630300,192
1644631200,116
1644632100,114
1644633000,119
1644633900,149
1644634800,128
1644635700,128
1644636600,193
1644637500,171
1644638400,118
1644639300,170
1644640200,159
1644641100,166
1644642000,1082
1644642900,1090
1644643800,1022
1644644700,619
1644645600,429
1644646500,203
1644647400,195
1644648300,172
1644649200,253
1644650100,579
1644651000,384
1644651900,236
1644652800,569
1644653700,1161
1644654600,879
1644655500,281
1644656400,248
1644657300,392
1644658200,711
1644659100,540
1644660000,267
1644660900,458
1644661800,721
1644662700,243
1644663600,212
1644664500,232
1644665400,209
1644666300,269
1644667200,244
1644668100,668
1644669000,1117
1644669900,1024
1644670800,744
1644671700,786
1644672600,753
1644673500,627
1644674400,514
1644675300,277
1644676200,418
1644677100,749
1644678000,995
1644678900,971
1644679800,562
1644680700,326
1644681600,836
1644682500,778
1644683400,347
1644684300,296
1644685200,279
1644686100,298
1644687000,332
1644687900,405
1644688800,482
1644689700,378
1644690600,390
1644691500,347
1644692400,342
1644693300,354
1644694200,351
1644695100,337
1644696000,334
1644696900,374
1644697800,355
1644698700,333
1644699600,297
1644700500,306
1644701400,278
1644702300,322
1644703200,283
1644704100,271
1644705000,266
1644705900,138
1644706800,172
1644707700,136
1644708600,148
1644709500,139
1644710400,128
1644711300,139
1644712200,142
1644713100,158
1644714000,144
1644714900,147
1644715800,148
1644716700,132
1644717600,136
1644718500,138
1644719400,186
1644720300,131
1644721200,134
1644722100,130
1644723000,146
1644723900,129
1644724800,148
1644725700,170
1644726600,185
1644727500,152
1644728400,144
1644729300,156
1644730200,186
1644731100,247
1644732000,449
1644732900,213
1644733800,250
1644734700,237
1644735600,281
1644736500,287
1644737400,309
1644738300,298
1644739200,289
1644740100,259
1644741000,302
1644741900,319
1644742800,274
1644743700,293
1644744600,343
1644745500,269
1644746400,286
1644747300,280
1644748200,273
1644749100,486
1644750000,471
1644750900,292
1644751800,275
1644752700,694
1644753600,541
1644754500,502
1644755400,258
1644756300,655
1644757200,643
1644758100,311
1644759000,234
1644759900,253
1644760800,251
1644761700,261
1644762600,372
1644763500,915
1644764400,999
1644765300,893
1644766200,598
1644767100,423
1644768000,732
1644768900,1344
1644769800,1095
1644770700,952
1644771600,1141
1644772500,1472
1644773400,777
1644774300,497
1644775200,483
1644776100,495
1644777000,803
1644777900,1201
1644778800,1340
1644779700,1211
1644780600,828
1644781500,655
1644782400,367
1644783300,334
1644784200,342
1644785100,293
1644786000,228
1644786900,170
1644787800,173
1644788700,135
1644789600,124
1644790500,119
1644791400,125
1644792300,124
1644793200,106
1644794100,141
1644795000,135
1644795900,146
1644796800,128
1644797700,127
1644798600,112
1644799500,118
1644800400,127
1644801300,118
1644802200,130
1644803100,151
1644804000,118
1644804900,118
1644805800,122
1644806700,165
1644807600,131
1644808500,128
1644809400,131
1644810300,137
1644811200,119
1644812100,123
1644813000,139
1644813900,164
1644814800,156
1644815700,887
1644816600,1300
1644817500,1083
1644818400,739
1644819300,672
1644820200,573
1644821100,421
1644822000,359
1644822900,309
1644823800,681
1644824700,1076
1644825600,783
1644826500,743
1644827400,744
1644828300,398
1644829200,262
1644830100,308
1644831000,766
1644831900,641
1644832800,466
1644833700,610
1644834600,751
1644835500,684
1644836400,460
1644837300,866
1644838200,478
1644839100,522
1644840000,389
1644840900,844
1644841800,478
1644842700,289
1644843600,285
1644844500,296
1644845400,265
1644846300,221
1644847200,253
1644848100,251
1644849000,239
1644849900,238
1644850800,316
1644851700,555
1644852600,644
1644853500,509
1644854400,323
1644855300,748
1644856200,632
1644857100,294
1644858000,265
1644858900,269
1644859800,267
1644860700,253
1644861600,284
1644862500,313
1644863400,404
1644864300,320
1644865200,331
1644866100,314
1644867000,313
1644867900,288
1644868800,399
1644869700,345
1644870600,302
1644871500,272
1644872400,139
1644873300,113
1644874200,118
1644875100,153
1644876000,132
1644876900,116
1644877800,121
1644878700,114
1644879600,128
1644880500,103
1644881400,136
1644882300,108
1644883200,123
1644884100,105
1644885000,119
1644885900,105
1644886800,139
1644887700,140
1644888600,120
1644889500,114
1644890400,140
1644891300,104
1644892200,110
1644893100,111
1644894000,166
1644894900,107
1644895800,124
1644896700,116
1644897600,131
1644898500,115
1644899400,116
1644900300,136
1644901200,150
1644902100,138
1644903000,164
1644903900,576
1644904800,274
1644905700,186
1644906600,233
1644907500,212
1644908400,260
1644909300,296
1644910200,338
1644911100,399
1644912000,367
1644912900,358
1644913800,545
1644914700,706
1644915600,344
1644916500,513
1644917400,992
1644918300,798
1644919200,717
1644920100,380
1644921000,1132
1644921900,1932
1644922800,1721
1644923700,1331
1644924600,973
1644925500,371
1644926400,434
1644927300,775
1644928200,366
1644929100,277
1644930000,276
1644930900,496
1644931800,283
1644932700,258
1644933600,266
1644934500,321
1644935400,271
1644936300,363
1644937200,576
1644938100,593
1644939000,517
1644939900,531
1644940800,330
1644941700,1471
1644942600,560
1644943500,304
1644944400,274
1644945300,278
1644946200,272
1644947100,279
1644948000,384
1644948900,345
1644949800,332
1644950700,296
1644951600,324
1644952500,611
1644953400,501
1644954300,446
1644955200,458
1644956100,475
1644957000,372
1644957900,219
1644958800,147
1644959700,155
1644960600,137
1644961500,149
1644962400,166
1644963300,188
1644964200,140
1644965100,152
1644966000,136
1644966900,157
1644967800,153
1644968700,153
1644969600,144
1644970500,147
1644971400,140
1644972300,141
1644973200,129
1644974100,151
1644975000,162
1644975900,136
1644976800,166
1644977700,131
1644978600,134
1644979500,130
1644980400,161
1644981300,152
1644982200,145
1644983100,133
1644984000,144
1644984900,148
1644985800,132
1644986700,147
1644987600,172
1644988500,176
1644989400,180
1644990300,176
1644991200,241
1644992100,314
1644993000,545
1644993900,259
1644994800,208
1644995700,239
1644996600,249
1644997500,352
1644998400,709
1644999300,592
1645000200,533
1645001100,284
1645002000,664
1645002900,658
1645003800,334
1645004700,373
1645005600,860
1645006500,694
1645007400,1124
1645008300,367
1645009200,321
1645010100,250
1645011000,244
1645011900,273
1645012800,280
1645013700,263
1645014600,234
1645015500,628
1645016400,1166
1645017300,1084
1645018200,886
1645019100,855
1645020000,490
1645020900,314
1645021800,497
1645022700,718
1645023600,250
1645024500,267
1645025400,249
1645026300,245
1645027200,315
1645028100,759
1645029000,788
1645029900,763
1645030800,297
1645031700,321
1645032600,311
1645033500,290
1645034400,342
1645035300,368
1645036200,373
1645037100,362
1645038000,321
1645038900,340
1645039800,320
1645040700,321
1645041600,292
1645042500,281
1645043400,307
1645044300,291
1645045200,243
1645046100,274
1645047000,246
1645047900,280
1645048800,202
1645049700,220
1645050600,142
1645051500,135
1645052400,135
1645053300,168
1645054200,155
1645055100,132
1645056000,146
1645056900,162
1645057800,127
1645058700,136
1645059600,149
1645060500,136
1645061400,154
1645062300,142
1645063200,161
1645064100,142
1645065000,135
1645065900,145
1645066800,148
1645067700,142
1645068600,137
1645069500,188
1645070400,143
1645071300,144
1645072200,124
1645073100,134
1645074000,143
1645074900,126
1645075800,209
1645076700,226
1645077600,437
1645078500,666
1645079400,610
1645080300,600
1645081200,413
1645082100,684
1645083000,740
1645083900,315
1645084800,316
1645085700,434
1645086600,276
1645087500,313
1645088400,292
1645089300,308
1645090200,301
1645091100,886
1645092000,1781
1645092900,1384
1645093800,901
1645094700,1105
1645095600,303
1645096500,235
1645097400,242
1645098300,284
1645099200,284
1645100100,256
1645101000,245
1645101900,460
1645102800,379
1645103700,393
1645104600,868
1645105500,1225
1645106400,865
1645107300,680
1645108200,496
1645109100,314
1645110000,310
1645110900,329
1645111800,300
1645112700,291
1645113600,295
1645114500,322
1645115400,327
1645116300,286
1645117200,522
1645118100,1184
1645119000,1328
1645119900,1474
1645120800,852
1645121700,529
1645122600,444
1645123500,947
1645124400,468
1645125300,335
1645126200,347
1645127100,321
1645128000,273
1645128900,246
1645129800,285
1645130700,256
1645131600,258
1645132500,319
1645133400,255
1645134300,253
1645135200,220
1645136100,227
1645137000,264
1645137900,208
1645138800,167
1645139700,162
1645140600,168
1645141500,147
1645142400,140
1645143300,150
1645144200,141
1645145100,125
1645146000,145
1645146900,134
1645147800,154
1645148700,127
1645149600,133
1645150500,127
1645151400,154
1645152300,154
1645153200,158
1645154100,138
1645155000,158
1645155900,148
1645156800,132
1645157700,127
1645158600,153
1645159500,182
1645160400,141
1645161300,165
1645162200,183
1645163100,202
1645164000,213
1645164900,208
1645165800,457
1645166700,353
1645167600,192
1645168500,273
1645169400,261
1645170300,243
1645171200,240
1645172100,259
1645173000,262
1645173900,272
1645174800,260
1645175700,249
1645176600,248
1645177500,276
1645178400,280
1645179300,648
1645180200,2186
1645181100,1219
1645182000,516
1645182900,574
1645183800,963
1645184700,446
1645185600,406
1645186500,399
1645187400,605
1645188300,724
1645189200,748
1645190100,793
1645191000,752
1645191900,777
1645192800,650
1645193700,258
1645194600,283
1645195500,261
1645196400,403
1645197300,541
1645198200,364
1645199100,295
1645200000,272
1645200900,1104
1645201800,1357
1645202700,661
1645203600,642
1645204500,517
1645205400,1020
1645206300,667
1645207200,532
1645208100,430
1645209000,377
1645209900,303
1645210800,315
1645211700,327
1645212600,316
1645213500,304
1645214400,339
1645215300,307
1645216200,244
1645217100,251
1645218000,241
1645218900,281
1645219800,251
1645220700,245
1645221600,251
1645222500,253
1645223400,235
1645224300,223
1645225200,205
1645226100,143
1645227000,171
1645227900,146
1645228800,152
1645229700,153
1645230600,143
1645231500,154
1645232400,149
1645233300,187
1645234200,141
1645235100,127
1645236000,132
1645236900,149
1645237800,125
1645238700,135
1645239600,164
1645240500,145
1645241400,140
1645242300,142
1645243200,154
1645244100,155
1645245000,159
1645245900,189
1645246800,185
1645247700,173
1645248600,226
1645249500,227
1645250400,354
1645251300,545
1645252200,253
1645253100,218
1645254000,304
1645254900,318
1645255800,274
1645256700,265
1645257600,259
1645258500,281
1645259400,251
1645260300,505
1645261200,732
1645262100,543
1645263000,313
1645263900,618
1645264800,783
1645265700,308
1645266600,458
1645267500,1352
1645268400,1259
1645269300,861
1645270200,497
1645271100,341
1645272000,305
1645272900,318
1645273800,298
1645274700,336
1645275600,266
1645276500,320
1645277400,285
1645278300,277
1645279200,705
1645280100,740
1645281000,780
1645281900,807
1645282800,393
1645283700,373
1645284600,308
1645285500,320
1645286400,915
1645287300,1062
1645288200,515
1645289100,401
1645290000,368
1645290900,318
1645291800,359
1645292700,531
1645293600,809
1645294500,671
1645295400,437
1645296300,595
1645297200,860
1645298100,338
1645299000,382
1645299900,352
1645300800,418
1645301700,361
1645302600,316
1645303500,246
1645304400,259
1645305300,342
1645306200,296
1645307100,261
1645308000,264
1645308900,286
1645309800,250
1645310700,186
1645311600,142
1645312500,153
1645313400,148
1645314300,158
1645315200,167
1645316100,156
1645317000,142
1645317900,150
1645318800,141
1645319700,160
1645320600,158
1645321500,135
1645322400,132
1645323300,147
1645324200,135
1645325100,132
1645326000,145
1645326900,184
1645327800,139
1645328700,133
1645329600,153
1645330500,154
1645331400,153
1645332300,157
1645333200,178
1645334100,154
1645335000,157
1645335900,189
1645336800,248
1645337700,757
1645338600,1128
1645339500,1214
1645340400,803
1645341300,750
1645342200,651
1645343100,318
1645344000,292
1645344900,288
1645345800,262
1645346700,210
1645347600,221
1645348500,250
1645349400,248
1645350300,282
1645351200,265
1645352100,292
1645353000,256
1645353900,262
1645354800,278
1645355700,277
1645356600,585
1645357500,318
1645358400,330
1645359300,305
1645360200,283
1645361100,338
1645362000,365
1645362900,278
1645363800,417
1645364700,1149
1645365600,1142
1645366500,775
1645367400,677
1645368300,645
1645369200,334
1645370100,338
1645371000,354
1645371900,282
1645372800,313
1645373700,678
1645374600,654
1645375500,656
1645376400,1237
1645377300,1206
1645378200,1229
1645379100,759
1645380000,1021
1645380900,798
1645381800,555
1645382700,633
1645383600,435
1645384500,338
1645385400,314
1645386300,315
1645387200,300
1645388100,271
1645389000,273
1645389900,287
1645390800,282
1645391700,273
1645392600,320
1645393500,271
1645394400,260
1645395300,224
1645396200,206
1645397100,229
1645398000,216
1645398900,200
1645399800,243
1645400700,177
1645401600,161
1645402500,128
1645403400,145
1645404300,149
1645405200,154
1645406100,140
1645407000,121
1645407900,156
1645408800,150
1645409700,118
1645410600,123
1645411500,132
1645412400,140
1645413300,134
1645414200,133
1645415100,150
1645416000,169
1645416900,141
1645417800,123
1645418700,134
1645419600,154
1645420500,150
1645421400,257
1645422300,387
1645423200,240
1645424100,267
1645425000,469
1645425900,440
1645426800,715
1645427700,549
1645428600,499
1645429500,318
1645430400,666
1645431300,1071
1645432200,655
1645433100,722
1645434000,678
1645434900,622
1645435800,620
1645436700,687
1645437600,1031
1645438500,1532
1645439400,596
1645440300,433
1645441200,312
1645442100,318
1645443000,352
1645443900,335
1645444800,237
1645445700,242
1645446600,248
1645447500,253
1645448400,270
1645449300,251
1645450200,250
1645451100,257
1645452000,234
1645452900,234
1645453800,233
1645454700,293
1645455600,323
1645456500,339
1645457400,320
1645458300,317
1645459200,374
1645460100,399
1645461000,322
1645461900,369
1645462800,342
1645463700,941
1645464600,1337
1645465500,1109
1645466400,812
1645467300,801
1645468200,649
1645469100,382
1645470000,306
1645470900,321
1645471800,369
1645472700,388
1645473600,291
1645474500,370
1645475400,286
1645476300,251
1645477200,246
1645478100,243
1645479000,263
1645479900,258
1645480800,211
1645481700,152
1645482600,154
1645483500,136
1645484400,136
1645485300,135
1645486200,175
1645487100,137
1645488000,164
1645488900,158
1645489800,154
1645490700,142
1645491600,126
1645492500,149
1645493400,144
1645494300,128
1645495200,124
1645496100,163
1645497000,172
1645497900,137
1645498800,125
1645499700,135
1645500600,144
1645501500,154
1645502400,120
1645503300,125
1645504200,179
1645505100,178
1645506000,727
1645506900,482
1645507800,194
1645508700,250
1645509600,234
1645510500,207
1645511400,197
1645512300,235
1645513200,263
1645514100,245
1645515000,222
1645515900,547
1645516800,984
1645517700,862
1645518600,281
1645519500,226
1645520400,224
1645521300,274
1645522200,247
1645523100,589
1645524000,448
1645524900,637
1645525800,1810
1645526700,2591
1645527600,1340
1645528500,559
1645529400,350
1645530300,268
1645531200,254
1645532100,239
1645533000,195
1645533900,231
1645534800,227
1645535700,238
1645536600,230
1645537500,202
1645538400,188
1645539300,190
1645540200,173
1645541100,159
1645542000,167
1645542900,223
1645543800,257
1645544700,261
1645545600,274
1645546500,272
1645547400,310
1645548300,271
1645549200,270
1645550100,294
1645551000,345
1645551900,384
1645552800,382
1645553700,434
1645554600,558
1645555500,745
1645556400,880
1645557300,625
1645558200,419
1645559100,862
1645560000,668
1645560900,356
1645561800,359
1645562700,314
1645563600,195
1645564500,131
1645565400,125
1645566300,127
1645567200,171
1645568100,191
1645569000,155
1645569900,142
1645570800,138
1645571700,149
1645572600,145
1645573500,140
1645574400,143
1645575300,181
1645576200,167
1645577100,150
1645578000,143
1645578900,162
1645579800,149
1645580700,125
1645581600,142
1645582500,170
1645583400,176
1645584300,144
1645585200,125
1645586100,156
1645587000,149
1645587900,156
1645588800,144
1645589700,145
1645590600,172
1645591500,186
1645592400,562
1645593300,471
1645594200,194
1645595100,261
1645596000,189
1645596900,201
1645597800,211
1645598700,242
1645599600,221
1645600500,265
1645601400,197
1645602300,108
1645603200,103
1645604100,128
1645605000,102
1645605900,137
1645606800,132
1645607700,133
1645608600,110
1645609500,115
1645610400,114
1645611300,156
1645612200,144
1645613100,144
1645614000,190
1645614900,489
1645615800,478
1645616700,376
1645617600,322
1645618500,711
1645619400,585
1645620300,159
1645621200,165
1645622100,183
1645623000,155
1645623900,153
1645624800,222
1645625700,148
1645626600,165
1645627500,277
1645628400,204
1645629300,202
1645630200,237
1645631100,255
1645632000,301
1645632900,670
1645633800,492
1645634700,618
1645635600,299
1645636500,268
1645637400,318
1645638300,300
1645639200,310
1645640100,335
1645641000,379
1645641900,300
1645642800,307
1645643700,302
1645644600,362
1645645500,373
1645646400,331
1645647300,305
1645648200,278
1645649100,267
1645650000,335
1645650900,199
1645651800,146
1645652700,159
1645653600,179
1645654500,147
1645655400,138
1645656300,147
1645657200,161
1645658100,137
1645659000,136
1645659900,148
1645660800,185
1645661700,138
1645662600,142
1645663500,145
1645664400,153
1645665300,135
1645666200,134
1645667100,157
1645668000,184
1645668900,173
1645669800,154
1645670700,183
1645671600,154
1645672500,147
1645673400,163
1645674300,181
1645675200,163
1645676100,197
1645677000,178
1645677900,168
1645678800,201
1645679700,681
1645680600,287
1645681500,207
1645682400,225
1645683300,205
1645684200,219
1645685100,180
1645686000,208
1645686900,215
1645687800,304
1645688700,273
1645689600,439
1645690500,338
1645691400,375
1645692300,329
1645693200,422
1645694100,922
1645695000,1316
1645695900,1007
1645696800,836
1645697700,571
1645698600,529
1645699500,623
1645700400,853
1645701300,815
1645702200,608
1645703100,448
1645704000,383
1645704900,844
1645705800,483
1645706700,863
1645707600,888
1645708500,1324
1645709400,789
1645710300,622
1645711200,305
1645712100,326
1645713000,349
1645713900,335
1645714800,338
1645715700,375
1645716600,814
1645717500,465
1645718400,596
1645719300,661
1645720200,927
1645721100,672
1645722000,436
1645722900,452
1645723800,436
1645724700,429
1645725600,411
1645726500,513
1645727400,523
1645728300,425
1645729200,414
1645730100,337
1645731000,358
1645731900,362
1645732800,432
1645733700,931
1645734600,566
1645735500,347
1645736400,610
1645737300,751
1645738200,206
1645739100,144
1645740000,147
1645740900,155
1645741800,154
1645742700,147
1645743600,155
1645744500,169
1645745400,167
1645746300,164
1645747200,150
1645748100,145
1645749000,161
1645749900,141
1645750800,132
1645751700,164
1645752600,183
1645753500,133
1645754400,140
1645755300,148
1645756200,151
1645757100,142
1645758000,144
1645758900,169
1645759800,171
1645760700,165
1645761600,128
1645762500,145
1645763400,127
1645764300,147
1645765200,384
1645766100,827
1645767000,1137
1645767900,1121
1645768800,734
1645769700,471
1645770600,211
1645771500,663
1645772400,633
1645773300,718
1645774200,622
1645775100,248
1645776000,180
1645776900,183
1645777800,165
1645778700,195
1645779600,119
1645780500,129
1645781400,162
1645782300,199
1645783200,165
1645784100,115
1645785000,276
1645785900,192
1645786800,1115
1645787700,500
1645788600,424
1645789500,300
1645790400,159
1645791300,144
1645792200,150
1645793100,186
1645794000,162
1645794900,178
1645795800,171
1645796700,272
1645797600,214
1645798500,202
1645799400,212
1645800300,240
1645801200,231
1645802100,226
1645803000,411
1645803900,863
1645804800,516
1645805700,392
1645806600,508
1645807500,906
1645808400,481
1645809300,864
1645810200,968
1645811100,1034
1645812000,975
1645812900,963
1645813800,935
1645814700,654
1645815600,378
1645816500,368
1645817400,390
1645818300,363
1645819200,366
1645820100,334
1645821000,228
1645821900,220
1645822800,238
1645823700,177
1645824600,168
1645825500,158
1645826400,161
1645827300,150
1645828200,136
1645829100,148
1645830000,160
1645830900,147
1645831800,153
1645832700,194
1645833600,144
1645834500,126
1645835400,138
1645836300,157
1645837200,127
1645838100,145
1645839000,147
1645839900,172
1645840800,135
1645841700,142
1645842600,163
1645843500,137
1645844400,127
1645845300,143
1645846200,136
1645847100,191
1645848000,123
1645848900,138
1645849800,127
1645850700,137
1645851600,680
1645852500,866
1645853400,515
1645854300,242
1645855200,253
1645856100,247
1645857000,192
1645857900,467
1645858800,745
1645859700,478
1645860600,247
1645861500,618
1645862400,701
1645863300,900
1645864200,1253
1645865100,1099
1645866000,714
1645866900,625
1645867800,259
1645868700,287
1645869600,233
1645870500,240
1645871400,246
1645872300,527
1645873200,727
1645874100,377
1645875000,245
1645875900,251
1645876800,224
1645877700,241
1645878600,228
1645879500,259
1645880400,227
1645881300,241
1645882200,196
1645883100,308
1645884000,230
1645884900,278
1645885800,362
1645886700,303
1645887600,293
1645888500,322
1645889400,440
1645890300,406
1645891200,321
1645892100,325
1645893000,482
1645893900,425
1645894800,673
1645895700,879
1645896600,832
1645897500,396
1645898400,389
1645899300,327
1645900200,341
1645901100,360
1645902000,359
1645902900,343
1645903800,340
1645904700,355
1645905600,355
1645906500,347
1645907400,329
1645908300,318
1645909200,283
1645910100,277
1645911000,312
1645911900,316
1645912800,296
1645913700,232
1645914600,217
1645915500,231
1645916400,185
1645917300,185
1645918200,146
1645919100,187
1645920000,144
1645920900,134
1645921800,141
1645922700,152
1645923600,119
1645924500,126
1645925400,158
1645926300,160
1645927200,143
1645928100,141
1645929000,139
1645929900,130
1645930800,117
1645931700,142
1645932600,122
1645933500,163
1645934400,128
1645935300,129
1645936200,136
1645937100,129
1645938000,143
1645938900,193
1645939800,215
1645940700,223
1645941600,246
1645942500,418
1645943400,838
1645944300,1229
1645945200,842
1645946100,714
1645947000,711
1645947900,773
1645948800,609
1645949700,782
1645950600,759
1645951500,534
1645952400,271
1645953300,615
1645954200,708
1645955100,262
1645956000,282
1645956900,307
1645957800,340
1645958700,313
1645959600,357
1645960500,403
1645961400,225
1645962300,220
1645963200,197
1645964100,190
1645965000,191
1645965900,198
1645966800,235
1645967700,162
1645968600,137
1645969500,131
1645970400,107
1645971300,138
1645972200,138
1645973100,172
1645974000,147
1645974900,133
1645975800,153
1645976700,128
1645977600,135
1645978500,145
1645979400,155
1645980300,139
1645981200,153
1645982100,144
1645983000,138
1645983900,134
1645984800,121
1645985700,134
1645986600,131
1645987500,132
1645988400,260
1645989300,452
1645990200,346
1645991100,323
1645992000,341
1645992900,308
1645993800,265
1645994700,243
1645995600,292
1645996500,263
1645997400,223
1645998300,284
1645999200,262
1646000100,252
1646001000,253
1646001900,194
1646002800,162
1646003700,123
1646004600,130
1646005500,120
1646006400,126
1646007300,123
1646008200,129
1646009100,134
1646010000,152
1646010900,155
1646011800,136
1646012700,123
1646013600,119
1646014500,146
1646015400,132
1646016300,135
1646017200,149
1646018100,155
1646019000,117
1646019900,131
1646020800,130
1646021700,126
1646022600,123
1646023500,142
1646024400,201
1646025300,247
1646026200,471
1646027100,297
1646028000,236
1646028900,220
1646029800,352
1646030700,367
1646031600,292
1646032500,249
1646033400,262
1646034300,261
1646035200,264
1646036100,272
1646037000,316
1646037900,448
1646038800,787
1646039700,685
1646040600,784
1646041500,719
1646042400,1196
1646043300,930
1646044200,1406
1646045100,1179
1646046000,975
1646046900,887
1646047800,822
1646048700,766
1646049600,667
1646050500,247
1646051400,254
1646052300,272
1646053200,297
1646054100,241
1646055000,343
1646055900,262
1646056800,416
1646057700,252
1646058600,238
1646059500,301
1646060400,275
1646061300,262
1646062200,227
1646063100,218
1646064000,218
1646064900,322
1646065800,769
1646066700,1198
1646067600,1141
1646068500,1405
1646069400,1088
1646070300,924
1646071200,906
1646072100,1169
1646073000,359
1646073900,298
1646074800,302
1646075700,297
1646076600,350
1646077500,349
1646078400,390
1646079300,380
1646080200,382
1646081100,400
1646082000,274
1646082900,235
1646083800,187
1646084700,145
1646085600,142
1646086500,137
1646087400,185
1646088300,166
1646089200,160
1646090100,136
1646091000,145
1646091900,146
1646092800,125
1646093700,166
1646094600,151
1646095500,153
1646096400,129
1646097300,140
1646098200,141
1646099100,139
1646100000,156
1646100900,131
1646101800,149
1646102700,168
1646103600,128
1646104500,128
1646105400,144
1646106300,183
1646107200,125
1646108100,119
1646109000,154
1646109900,196
1646110800,268
1646111700,694
1646112600,208
1646113500,237
1646114400,223
1646115300,234
1646116200,284
1646117100,232
1646118000,279
1646118900,734
1646119800,527
1646120700,306
1646121600,290
1646122500,325
1646123400,241
1646124300,236
1646125200,235
1646126100,205
1646127000,339
1646127900,877
1646128800,1148
1646129700,789
1646130600,764
1646131500,988
1646132400,1178
1646133300,735
1646134200,1117
1646135100,913
1646136000,865
1646136900,981
1646137800,655
1646138700,567
1646139600,498
1646140500,671
1646141400,348
1646142300,389
1646143200,226
1646144100,702
1646145000,478
1646145900,193
1646146800,206
1646147700,221
1646148600,238
1646149500,267
1646150400,280
1646151300,391
1646152200,346
1646153100,364
1646154000,782
1646154900,782
1646155800,814
1646156700,762
1646157600,704
1646158500,542
1646159400,372
1646160300,352
1646161200,351
1646162100,397
1646163000,337
1646163900,320
1646164800,352
1646165700,329
1646166600,287
1646167500,271
1646168400,268
1646169300,315
1646170200,284
1646171100,207
1646172000,200
1646172900,233
1646173800,202
1646174700,177
1646175600,151
1646176500,158
1646177400,156
1646178300,162
1646179200,152
1646180100,179
1646181000,205
1646181900,141
1646182800,170
1646183700,170
1646184600,161
1646185500,156
1646186400,144
1646187300,205
1646188200,167
1646189100,138
1646190000,143
1646190900,125
1646191800,138
1646192700,164
1646193600,158
1646194500,191
1646195400,166
1646196300,189
1646197200,498
1646198100,1044
1646199000,1185
1646199900,862
1646200800,545
1646201700,248
1646202600,246
1646203500,684
1646204400,621
1646205300,969
1646206200,739
1646207100,1241
1646208000,643
1646208900,210
1646209800,193
1646210700,172
1646211600,192
1646212500,190
1646213400,165
1646214300,347
1646215200,874
1646216100,1026
1646217000,756
1646217900,651
1646218800,505
1646219700,553
1646220600,660
1646221500,698
1646222400,902
1646223300,1039
1646224200,743
1646225100,644
1646226000,593
1646226900,183
1646227800,193
1646228700,170
1646229600,162
1646230500,308
1646231400,173
1646232300,127
1646233200,126
1646234100,148
1646235000,135
1646235900,363
1646236800,229
1646237700,298
1646238600,579
1646239500,1049
1646240400,1019
1646241300,581
1646242200,696
1646243100,710
1646244000,435
1646244900,788
1646245800,829
1646246700,360
1646247600,315
1646248500,311
1646249400,378
1646250300,325
1646251200,360
1646252100,360
1646253000,329
1646253900,290
1646254800,244
1646255700,228
1646256600,192
1646257500,187
1646258400,161
1646259300,176
1646260200,136
1646261100,140
1646262000,152
1646262900,135
1646263800,157
1646264700,158
1646265600,201
1646266500,156
1646267400,132
1646268300,166
1646269200,128
1646270100,130
1646271000,142
1646271900,138
1646272800,158
1646273700,152
1646274600,153
1646275500,127
1646276400,136
1646277300,154
1646278200,169
1646279100,166
1646280000,150
1646280900,183
1646281800,157
1646282700,149
1646283600,276
1646284500,750
1646285400,209
1646286300,200
1646287200,226
1646288100,229
1646289000,307
1646289900,277
1646290800,798
1646291700,411
1646292600,357
1646293500,546
1646294400,908
1646295300,380
1646296200,204
1646297100,186
1646298000,277
1646298900,192
1646299800,207
1646300700,248
1646301600,620
1646302500,1126
1646303400,744
1646304300,531
1646305200,747
1646306100,307
1646307000,205
1646307900,484
1646308800,184
1646309700,160
1646310600,147
1646311500,125
1646312400,130
1646313300,157
1646314200,151
1646315100,167
1646316000,195
1646316900,228
1646317800,200
1646318700,180
1646319600,206
1646320500,181
1646321400,370
1646322300,309
1646323200,251
1646324100,248
1646325000,301
1646325900,295
1646326800,358
1646327700,422
1646328600,359
1646329500,369
1646330400,299
1646331300,274
1646332200,320
1646333100,428
1646334000,359
1646334900,335
1646335800,368
1646336700,344
1646337600,391
1646338500,324
1646339400,315
1646340300,336
1646341200,346
1646342100,294
1646343000,215
1646343900,146
1646344800,169
1646345700,134
1646346600,135
1646347500,196
1646348400,164
1646349300,154
1646350200,161
1646351100,145
1646352000,141
1646352900,147
1646353800,159
1646354700,132
1646355600,166
1646356500,126
1646357400,125
1646358300,114
1646359200,154
1646360100,139
1646361000,128
1646361900,136
1646362800,149
1646363700,164
1646364600,156
1646365500,132
1646366400,156
1646367300,137
1646368200,156
1646369100,180
1646370000,598
1646370900,459
1646371800,192
1646372700,308
1646373600,183
1646374500,141
1646375400,128
1646376300,153
1646377200,112
1646378100,143
1646379000,264
1646379900,340
1646380800,651
1646381700,445
1646382600,252
1646383500,390
1646384400,750
1646385300,293
1646386200,252
1646387100,198
1646388000,194
1646388900,219
1646389800,201
1646390700,747
1646391600,915
1646392500,637
1646393400,492
1646394300,275
1646395200,272
1646396100,197
1646397000,163
1646397900,247
1646398800,193
1646399700,173
1646400600,205
1646401500,276
1646402400,230
1646403300,228
1646404200,243
1646405100,468
1646406000,266
1646406900,218
1646407800,263
1646408700,300
1646409600,391
1646410500,794
1646411400,824
1646412300,954
1646413200,899
1646414100,887
1646415000,467
1646415900,409
1646416800,807
1646417700,666
1646418600,593
1646419500,355
1646420400,857
1646421300,558
1646422200,391
1646423100,527
1646424000,511
1646424900,388
1646425800,371
1646426700,347
1646427600,280
1646428500,273
1646429400,243
1646430300,211
1646431200,143
1646432100,137
1646433000,140
1646433900,138
1646434800,97
1646435700,111
1646436600,114
1646437500,113
1646438400,106
1646439300,112
1646440200,172
1646441100,131
1646442000,134
1646442900,134
1646443800,148
1646444700,115
1646445600,114
1646446500,127
1646447400,162
1646448300,160
1646449200,128
1646450100,154
1646451000,154
1646451900,143
1646452800,130
1646453700,143
1646454600,134
1646455500,148
1646456400,269
1646457300,569
1646458200,141
1646459100,200
1646460000,188
1646460900,135
1646461800,90
1646462700,82
1646463600,115
1646464500,107
1646465400,92
1646466300,104
1646467200,86
1646468100,74
1646469000,80
1646469900,95
1646470800,67
1646471700,105
1646472600,169
1646473500,145
1646474400,110
1646475300,104
1646476200,178
1646477100,160
1646478000,217
1646478900,355
1646479800,1081
1646480700,1182
1646481600,903
1646482500,539
1646483400,499
1646484300,717
1646485200,209
1646486100,139
1646487000,161
1646487900,452
1646488800,422
1646489700,172
1646490600,184
1646491500,196
1646492400,600
1646493300,403
1646494200,370
1646495100,390
1646496000,823
1646496900,363
1646497800,425
1646498700,308
1646499600,362
1646500500,887
1646501400,399
1646502300,388
1646503200,293
1646504100,870
1646505000,1221
1646505900,942
1646506800,1028
1646507700,759
1646508600,514
1646509500,477
1646510400,389
1646511300,435
1646512200,372
1646513100,528
1646514000,521
1646514900,462
1646515800,489
1646516700,475
1646517600,348
1646518500,207
1646519400,199
1646520300,129
1646521200,175
1646522100,149
1646523000,155
1646523900,144
1646524800,152
1646525700,204
1646526600,146
1646527500,147
1646528400,143
1646529300,164
1646530200,155
1646531100,146
1646532000,139
1646532900,148
1646533800,157
1646534700,132
1646535600,147
1646536500,122
1646537400,127
1646538300,128
1646539200,141
1646540100,134
1646541000,149
1646541900,211
1646542800,195
1646543700,274
1646544600,374
1646545500,360
1646546400,306
1646547300,276
1646548200,284
1646549100,291
1646550000,279
1646550900,334
1646551800,329
1646552700,308
1646553600,274
1646554500,261
1646555400,402
1646556300,276
1646557200,469
1646558100,746
1646559000,598
1646559900,312
1646560800,534
1646561700,805
1646562600,263
1646563500,1277
1646564400,1049
1646565300,303
1646566200,334
1646567100,323
1646568000,257
1646568900,219
1646569800,228
1646570700,328
1646571600,899
1646572500,979
1646573400,745
1646574300,670
1646575200,370
1646576100,250
1646577000,375
1646577900,810
1646578800,451
1646579700,261
1646580600,481
1646581500,767
1646582400,253
1646583300,362
1646584200,312
1646585100,282
1646586000,257
1646586900,295
1646587800,304
1646588700,734
1646589600,1162
1646590500,868
1646591400,850
1646592300,790
1646593200,526
1646594100,354
1646595000,367
1646595900,315
1646596800,336
1646597700,307
1646598600,313
1646599500,339
1646600400,349
1646601300,310
1646602200,268
1646603100,272
1646604000,256
1646604900,248
1646605800,222
1646606700,271
1646607600,252
1646608500,286
1646609400,246
1646610300,182
1646611200,157
1646612100,156
1646613000,163
1646613900,140
1646614800,138
1646615700,149
1646616600,199
1646617500,168
1646618400,139
1646619300,142
1646620200,173
1646621100,144
1646622000,130
1646622900,148
1646623800,165
1646624700,151
1646625600,206
1646626500,153
1646627400,159
1646628300,154
1646629200,174
1646630100,583
1646631000,413
1646631900,383
1646632800,315
1646633700,302
1646634600,286
1646635500,271
1646636400,325
1646637300,1115
1646638200,858
1646639100,721
1646640000,314
1646640900,362
1646641800,291
1646642700,305
1646643600,303
1646644500,302
1646645400,707
1646646300,928
1646647200,838
1646648100,979
1646649000,1282
1646649900,911
1646650800,486
1646651700,382
1646652600,362
1646653500,256
1646654400,203
1646655300,221
1646656200,162
1646657100,197
1646658000,201
1646658900,201
1646659800,251
1646660700,267
1646661600,243
1646662500,218
1646663400,236
1646664300,252
1646665200,220
1646666100,250
1646667000,299
1646667900,296
1646668800,569
1646669700,1929
1646670600,1662
1646671500,1336
1646672400,1054
1646673300,1397
1646674200,1067
1646675100,864
1646676000,810
1646676900,730
1646677800,531
1646678700,808
1646679600,606
1646680500,384
1646681400,346
1646682300,559
1646683200,751
1646684100,508
1646685000,268
1646685900,551
1646686800,724
1646687700,212
1646688600,215
1646689500,247
1646690400,150
1646691300,145
1646692200,137
1646693100,137
1646694000,144
1646694900,155
1646695800,168
1646696700,151
1646697600,133
1646698500,139
1646699400,216
1646700300,140
1646701200,131
1646702100,160
1646703000,144
1646703900,132
1646704800,155
1646705700,139
1646706600,147
1646707500,185
1646708400,168
1646709300,133
1646710200,156
1646711100,143
1646712000,155
1646712900,167
1646713800,156
1646714700,161
1646715600,558
1646716500,482
1646717400,217
1646718300,312
1646719200,202
1646720100,184
1646721000,174
1646721900,207
1646722800,178
1646723700,208
1646724600,150
1646725500,132
1646726400,130
1646727300,125
1646728200,124
1646729100,136
1646730000,124
1646730900,132
1646731800,133
1646732700,202
1646733600,162
1646734500,162
1646735400,175
1646736300,179
1646737200,164
1646738100,886
1646739000,984
1646739900,1193
1646740800,518
1646741700,727
1646742600,380
1646743500,237
1646744400,377
1646745300,680
1646746200,179
1646747100,182
1646748000,296
1646748900,176
1646749800,174
1646750700,175
1646751600,176
1646752500,331
1646753400,592
1646754300,683
1646755200,646
1646756100,727
1646757000,823
1646757900,267
1646758800,271
1646759700,278
1646760600,248
1646761500,259
1646762400,331
1646763300,310
1646764200,295
1646765100,316
1646766000,383
1646766900,312
1646767800,302
1646768700,314
1646769600,345
1646770500,370
1646771400,303
1646772300,328
1646773200,282
1646774100,273
1646775000,275
1646775900,236
1646776800,145
1646777700,140
1646778600,148
1646779500,171
1646780400,143
1646781300,146
1646782200,181
1646783100,152
1646784000,141
1646784900,154
1646785800,153
1646786700,149
1646787600,140
1646788500,148
1646789400,135
1646790300,176
1646791200,149
1646792100,156
1646793000,136
1646793900,137
1646794800,132
1646795700,151
1646796600,146
1646797500,158
1646798400,153
1646799300,198
1646800200,139
1646801100,142
1646802000,602
1646802900,903
1646803800,736
1646804700,714
1646805600,400
1646806500,233
1646807400,274
1646808300,650
1646809200,569
1646810100,498
1646811000,230
1646811900,720
1646812800,525
1646813700,250
1646814600,242
1646815500,266
1646816400,261
1646817300,256
1646818200,186
1646819100,212
1646820000,185
1646820900,190
1646821800,198
1646822700,196
1646823600,178
1646824500,212
1646825400,474
1646826300,809
1646827200,677
1646828100,634
1646829000,331
1646829900,197
1646830800,177
1646831700,204
1646832600,188
1646833500,271
1646834400,152
1646835300,122
1646836200,112
1646837100,118
1646838000,121
1646838900,131
1646839800,110
1646840700,151
1646841600,199
1646842500,253
1646843400,375
1646844300,703
1646845200,411
1646846100,385
1646847000,660
1646847900,641
1646848800,348
1646849700,422
1646850600,825
1646851500,1742
1646852400,1529
1646853300,576
1646854200,399
1646855100,631
1646856000,1170
1646856900,305
1646857800,291
1646858700,290
1646859600,274
1646860500,239
1646861400,233
1646862300,265
1646863200,254
1646864100,201
1646865000,156
1646865900,173
1646866800,181
1646867700,164
1646868600,166
1646869500,187
1646870400,159
1646871300,154
1646872200,152
1646873100,180
1646874000,169
1646874900,186
1646875800,203
1646876700,193
1646877600,164
1646878500,167
1646879400,169
1646880300,174
1646881200,168
1646882100,184
1646883000,201
1646883900,175
1646884800,197
1646885700,181
1646886600,160
1646887500,188
1646888400,368
1646889300,725
1646890200,340
1646891100,324
1646892000,267
1646892900,316
1646893800,279
1646894700,305
1646895600,303
1646896500,493
1646897400,676
1646898300,878
1646899200,1155
1646900100,1226
1646901000,977
1646901900,554
1646902800,277
1646903700,245
1646904600,230
1646905500,270
1646906400,255
1646907300,272
1646908200,742
1646909100,731
1646910000,674
1646910900,1309
1646911800,362
1646912700,252
1646913600,306
1646914500,250
1646915400,241
1646916300,253
1646917200,262
1646918100,281
1646919000,268
1646919900,276
1646920800,238
1646921700,286
1646922600,252
1646923500,275
1646924400,249
1646925300,319
1646926200,224
1646927100,280
1646928000,295
1646928900,334
1646929800,618
1646930700,1207
1646931600,1151
1646932500,953
1646933400,845
1646934300,868
1646935200,495
1646936100,439
1646937000,406
1646937900,350
1646938800,372
1646939700,324
1646940600,323
1646941500,325
1646942400,308
1646943300,329
1646944200,336
1646945100,242
1646946000,290
1646946900,280
1646947800,247
1646948700,240
1646949600,260
1646950500,241
1646951400,258
1646952300,260
1646953200,282
1646954100,155
1646955000,165
1646955900,158
1646956800,156
1646957700,148
1646958600,136
1646959500,148
1646960400,155
1646961300,134
1646962200,136
1646963100,153
1646964000,166
1646964900,134
1646965800,128
1646966700,145
1646967600,133
1646968500,129
1646969400,125
1646970300,161
1646971200,118
1646972100,145
1646973000,166
1646973900,179
1646974800,606
1646975700,361
1646976600,183
1646977500,236
1646978400,205
1646979300,202
1646980200,233
1646981100,421
1646982000,1000
1646982900,1162
1646983800,1358
1646984700,844
1646985600,1281
1646986500,976
1646987400,639
1646988300,509
1646989200,255
1646990100,304
1646991000,639
1646991900,1182
1646992800,1040
1646993700,738
1646994600,776
1646995500,367
1646996400,270
1646997300,717
1646998200,448
1646999100,413
1647000000,527
1647000900,212
1647001800,209
1647002700,239
1647003600,215
1647004500,258
1647005400,204
1647006300,198
1647007200,237
1647008100,308
1647009000,776
1647009900,363
1647010800,338
1647011700,280
1647012600,733
1647013500,327
1647014400,210
1647015300,366
1647016200,520
1647017100,564
1647018000,616
1647018900,854
1647019800,342
1647020700,748
1647021600,1339
1647022500,1272
1647023400,1210
1647024300,1061
1647025200,903
1647026100,592
1647027000,600
1647027900,389
1647028800,746
1647029700,716
1647030600,291
1647031500,280
1647032400,270
1647033300,261
1647034200,180
1647035100,166
1647036000,131
1647036900,131
1647037800,144
1647038700,149
1647039600,144
1647040500,167
1647041400,161
1647042300,144
1647043200,125
1647044100,134
1647045000,153
1647045900,128
1647046800,140
1647047700,123
1647048600,176
1647049500,170
1647050400,144
1647051300,146
1647052200,125
1647053100,123
1647054000,117
1647054900,135
1647055800,133
1647056700,153
1647057600,150
1647058500,190
1647059400,156
1647060300,171
1647061200,522
1647062100,1478
1647063000,733
1647063900,725
1647064800,615
1647065700,485
1647066600,244
1647067500,236
1647068400,226
1647069300,214
1647070200,541
1647071100,714
1647072000,1137
1647072900,1169
1647073800,904
1647074700,546
1647075600,250
1647076500,192
1647077400,200
1647078300,210
1647079200,212
1647080100,172
1647081000,208
1647081900,209
1647082800,211
1647083700,220
1647084600,202
1647085500,232
1647086400,188
1647087300,182
1647088200,187
1647089100,588
1647090000,439
1647090900,267
1647091800,244
1647092700,266
1647093600,234
1647094500,181
1647095400,206
1647096300,193
1647097200,252
1647098100,226
1647099000,252
1647099900,252
1647100800,233
1647101700,255
1647102600,256
1647103500,268
1647104400,242
1647105300,290
1647106200,251
1647107100,273
1647108000,308
1647108900,313
1647109800,342
1647110700,286
1647111600,280
1647112500,285
1647113400,284
1647114300,333
1647115200,270
1647116100,286
1647117000,282
1647117900,288
1647118800,318
1647119700,267
1647120600,214
1647121500,218
1647122400,244
1647123300,221
1647124200,232
1647125100,267
1647126000,227
1647126900,173
1647127800,125
1647128700,148
1647129600,130
1647130500,116
1647131400,115
1647132300,149
1647133200,150
1647134100,136
1647135000,118
1647135900,141
1647136800,117
1647137700,134
1647138600,136
1647139500,136
1647140400,121
1647141300,154
1647142200,171
1647143100,124
1647144000,118
1647144900,131
1647145800,135
1647146700,138
1647147600,119
1647148500,180
1647149400,213
1647150300,210
1647151200,175
1647152100,330
1647153000,173
1647153900,249
1647154800,284
1647155700,392
1647156600,207
1647157500,386
1647158400,822
1647159300,1335
1647160200,1541
1647161100,995
1647162000,901
1647162900,847
1647163800,1294
1647164700,489
1647165600,341
1647166500,303
1647167400,285
1647168300,343
1647169200,371
1647170100,235
1647171000,263
1647171900,298
1647172800,291
1647173700,319
1647174600,274
1647175500,273
1647176400,233
1647177300,223
1647178200,273
1647179100,268
1647180000,241
1647180900,238
1647181800,281
1647182700,260
1647183600,273
1647184500,275
1647185400,284
1647186300,266
1647187200,286
1647188100,268
1647189000,278
1647189900,289
1647190800,300
1647191700,315
1647192600,306
1647193500,319
1647194400,312
1647195300,519
1647196200,477
1647197100,975
1647198000,883
1647198900,629
1647199800,384
1647200700,368
1647201600,390
1647202500,356
1647203400,340
1647204300,357
1647205200,374
1647206100,360
1647207000,308
1647207900,296
1647208800,195
1647209700,141
1647210600,119
1647211500,141
1647212400,138
1647213300,163
1647214200,128
1647215100,150
1647216000,119
1647216900,124
1647217800,126
1647218700,128
1647219600,129
1647220500,145
1647221400,150
1647222300,130
1647223200,115
1647224100,126
1647225000,148
1647225900,137
1647226800,129
1647227700,131
1647228600,151
1647229500,149
1647230400,116
1647231300,151
1647232200,133
1647233100,136
1647234000,173
1647234900,691
1647235800,224
1647236700,272
1647237600,391
1647238500,745
1647239400,547
1647240300,543
1647241200,1089
1647242100,1694
1647243000,1204
1647243900,392
1647244800,324
1647245700,315
1647246600,629
1647247500,566
1647248400,584
1647249300,607
1647250200,687
1647251100,734
1647252000,653
1647252900,498
1647253800,645
1647254700,1317
1647255600,610
1647256500,449
1647257400,338
1647258300,323
1647259200,513
1647260100,794
1647261000,604
1647261900,584
1647262800,356
1647263700,824
1647264600,606
1647265500,824
1647266400,1410
1647267300,1044
1647268200,826
1647269100,830
1647270000,623
1647270900,347
1647271800,305
1647272700,328
1647273600,281
1647274500,281
1647275400,334
1647276300,360
1647277200,549
1647278100,501
1647279000,422
1647279900,441
1647280800,437
1647281700,432
1647282600,354
1647283500,349
1647284400,345
1647285300,375
1647286200,365
1647287100,466
1647288000,416
1647288900,372
1647289800,356
1647290700,327
1647291600,267
1647292500,280
1647293400,322
1647294300,201
1647295200,161
1647296100,186
1647297000,149
1647297900,147
1647298800,144
1647299700,167
1647300600,166
1647301500,177
1647302400,167
1647303300,161
1647304200,155
1647305100,155
1647306000,158
1647306900,152
1647307800,145
1647308700,185
1647309600,176
1647310500,154
1647311400,161
1647312300,165
1647313200,153
1647314100,159
1647315000,181
1647315900,172
1647316800,158
1647317700,188
1647318600,176
1647319500,191
1647320400,359
1647321300,503
1647322200,213
1647323100,295
1647324000,233
1647324900,224
1647325800,249
1647326700,208
1647327600,203
1647328500,265
1647329400,274
1647330300,245
1647331200,234
1647332100,224
1647333000,167
1647333900,174
1647334800,169
1647335700,167
1647336600,151
1647337500,183
1647338400,230
1647339300,197
1647340200,205
1647341100,269
1647342000,237
1647342900,185
1647343800,769
1647344700,875
1647345600,664
1647346500,187
1647347400,633
1647348300,483
1647349200,197
1647350100,181
1647351000,139
1647351900,110
1647352800,149
1647353700,158
1647354600,185
1647355500,221
1647356400,397
1647357300,427
1647358200,263
1647359100,210
1647360000,224
1647360900,267
1647361800,422
1647362700,280
1647363600,310
1647364500,317
1647365400,320
1647366300,621
1647367200,1038
1647368100,1472
1647369000,1337
1647369900,1034
1647370800,767
1647371700,335
1647372600,351
1647373500,319
1647374400,329
1647375300,284
1647376200,309
1647377100,252
1647378000,192
1647378900,167
1647379800,163
1647380700,170
1647381600,158
1647382500,145
1647383400,146
1647384300,148
1647385200,135
1647386100,135
1647387000,165
1647387900,161
1647388800,155
1647389700,144
1647390600,148
1647391500,150
1647392400,128
1647393300,156
1647394200,130
1647395100,152
1647396000,165
1647396900,140
1647397800,141
1647398700,125
1647399600,151
1647400500,151
1647401400,147
1647402300,168
1647403200,172
1647404100,147
1647405000,123
1647405900,152
1647406800,810
1647407700,1295
1647408600,1157
1647409500,762
1647410400,704
1647411300,710
1647412200,700
1647413100,709
1647414000,1068
1647414900,410
1647415800,394
1647416700,206
1647417600,696
1647418500,454
1647419400,226
1647420300,151
1647421200,119
1647422100,127
1647423000,113
1647423900,509
1647424800,526
1647425700,350
1647426600,300
1647427500,207
1647428400,189
1647429300,182
1647430200,169
1647431100,166
1647432000,390
1647432900,180
1647433800,172
1647434700,126
1647435600,148
1647436500,123
1647437400,109
1647438300,111
1647439200,107
1647440100,117
1647441000,134
1647441900,586
1647442800,1067
1647443700,1087
1647444600,961
1647445500,885
1647446400,523
1647447300,334
1647448200,729
1647449100,625
1647450000,492
1647450900,357
1647451800,363
1647452700,337
1647453600,385
1647454500,425
1647455400,456
1647456300,1070
1647457200,1219
1647458100,1209
1647459000,921
1647459900,893
1647460800,792
1647461700,677
1647462600,531
1647463500,331
1647464400,249
1647465300,244
1647466200,264
1647467100,253
1647468000,231
1647468900,213
1647469800,247
1647470700,215
1647471600,233
1647472500,251
1647473400,214
1647474300,159
1647475200,147
1647476100,141
1647477000,172
1647477900,127
1647478800,153
1647479700,147
1647480600,130
1647481500,133
1647482400,180
1647483300,155
1647484200,132
1647485100,146
1647486000,125
1647486900,125
1647487800,139
1647488700,168
1647489600,128
1647490500,153
1647491400,158
1647492300,138
1647493200,284
1647494100,699
1647495000,366
1647495900,225
1647496800,168
1647497700,188
1647498600,222
1647499500,211
1647500400,187
1647501300,202
1647502200,188
1647503100,195
1647504000,203
1647504900,185
1647505800,197
1647506700,307
1647507600,295
1647508500,188
1647509400,173
1647510300,260
1647511200,904
1647512100,375
1647513000,301
1647513900,213
1647514800,1324
1647515700,2428
1647516600,1244
1647517500,823
1647518400,573
1647519300,218
1647520200,223
1647521100,288
1647522000,611
1647522900,617
1647523800,252
1647524700,163
1647525600,150
1647526500,181
1647527400,150
1647528300,183
1647529200,199
1647530100,194
1647531000,210
1647531900,202
1647532800,224
1647533700,213
1647534600,205
1647535500,218
1647536400,268
1647537300,357
1647538200,351
1647539100,383
1647540000,426
1647540900,601
1647541800,1211
1647542700,1124
1647543600,464
1647544500,939
1647545400,887
1647546300,297
1647547200,290
1647548100,273
1647549000,268
1647549900,255
1647550800,282
1647551700,319
1647552600,258
1647553500,217
1647554400,159
1647555300,160
1647556200,139
1647557100,145
1647558000,182
1647558900,167
1647559800,142
1647560700,139
1647561600,150
1647562500,145
1647563400,128
1647564300,154
1647565200,152
1647566100,149
1647567000,172
1647567900,157
1647568800,155
1647569700,137
1647570600,133
1647571500,130
1647572400,121
1647573300,119
1647574200,186
1647575100,188
1647576000,135
1647576900,154
1647577800,166
1647578700,179
1647579600,286
1647580500,747
1647581400,295
1647582300,271
1647583200,219
1647584100,181
1647585000,137
1647585900,144
1647586800,151
1647587700,143
1647588600,146
1647589500,160
1647590400,189
1647591300,130
1647592200,134
1647593100,138
1647594000,168
1647594900,152
1647595800,145
1647596700,158
1647597600,183
1647598500,167
1647599400,195
1647600300,184
1647601200,670
1647602100,884
1647603000,989
1647603900,833
1647604800,579
1647605700,776
1647606600,359
1647607500,195
1647608400,170
1647609300,181
1647610200,121
1647611100,128
1647612000,137
1647612900,158
1647613800,113
1647614700,152
1647615600,195
1647616500,149
1647617400,142
1647618300,238
1647619200,257
1647620100,244
1647621000,244
1647621900,235
1647622800,236
1647623700,250
1647624600,308
1647625500,358
1647626400,326
1647627300,381
1647628200,826
1647629100,816
1647630000,333
1647630900,322
1647631800,797
1647632700,603
1647633600,418
1647634500,294
1647635400,292
1647636300,264
1647637200,302
1647638100,235
1647639000,222
1647639900,203
1647640800,213
1647641700,175
1647642600,142
1647643500,154
1647644400,143
1647645300,128
1647646200,143
1647647100,177
1647648000,134
1647648900,126
1647649800,148
1647650700,130
1647651600,127
1647652500,130
1647653400,161
1647654300,159
1647655200,165
1647656100,145
1647657000,130
1647657900,130
1647658800,124
1647659700,152
1647660600,127
1647661500,197
1647662400,170
1647663300,367
1647664200,334
1647665100,424
1647666000,558
1647666900,358
1647667800,278
1647668700,323
1647669600,324
1647670500,305
1647671400,324
1647672300,628
1647673200,560
1647674100,357
1647675000,150
1647675900,452
1647676800,531
1647677700,120
1647678600,120
1647679500,105
1647680400,107
1647681300,126
1647682200,87
1647683100,255
1647684000,147
1647684900,159
1647685800,178
1647686700,132
1647687600,436
1647688500,947
1647689400,268
1647690300,183
1647691200,206
1647692100,193
1647693000,156
1647693900,212
1647694800,167
1647695700,166
1647696600,187
1647697500,150
1647698400,151
1647699300,162
1647700200,175
1647701100,183
1647702000,185
1647702900,207
1647703800,210
1647704700,230
1647705600,843
1647706500,1229
1647707400,1042
1647708300,913
1647709200,781
1647710100,526
1647711000,317
1647711900,293
1647712800,385
1647713700,501
1647714600,874
1647715500,369
1647716400,315
1647717300,421
1647718200,312
1647719100,304
1647720000,313
1647720900,379
1647721800,332
1647722700,313
1647723600,252
1647724500,146
1647725400,156
1647726300,127
1647727200,131
1647728100,179
1647729000,140
1647729900,136
1647730800,140
1647731700,132
1647732600,132
1647733500,135
1647734400,167
1647735300,142
1647736200,148
1647737100,132
1647738000,121
1647738900,117
1647739800,128
1647740700,133
1647741600,127
1647742500,125
1647743400,184
1647744300,138
1647745200,135
1647746100,124
1647747000,141
1647747900,121
1647748800,123
1647749700,139
1647750600,159
1647751500,153
1647752400,227
1647753300,221
1647754200,232
1647755100,273
1647756000,332
1647756900,955
1647757800,1655
1647758700,1051
1647759600,460
1647760500,215
1647761400,751
1647762300,1160
1647763200,713
1647764100,752
1647765000,456
1647765900,283
1647766800,426
1647767700,746
1647768600,801
1647769500,1343
1647770400,754
1647771300,701
1647772200,653
1647773100,988
1647774000,676
1647774900,479
1647775800,632
1647776700,609
1647777600,229
1647778500,206
1647779400,165
1647780300,163
1647781200,173
1647782100,166
1647783000,151
1647783900,194
1647784800,187
1647785700,379
1647786600,752
1647787500,478
1647788400,594
1647789300,373
1647790200,341
1647791100,304
1647792000,343
1647792900,398
1647793800,337
1647794700,357
1647795600,355
1647796500,403
1647797400,371
1647798300,335
1647799200,384
1647800100,427
1647801000,361
1647801900,375
1647802800,337
1647803700,327
1647804600,344
1647805500,334
1647806400,303
1647807300,325
1647808200,320
1647809100,295
1647810000,242
1647810900,200
1647811800,134
1647812700,138
1647813600,166
1647814500,160
1647815400,149
1647816300,149
1647817200,168
1647818100,139
1647819000,142
1647819900,160
1647820800,167
1647821700,147
1647822600,149
1647823500,163
1647824400,138
1647825300,140
1647826200,144
1647827100,143
1647828000,163
1647828900,151
1647829800,150
1647830700,123
1647831600,150
1647832500,155
1647833400,139
1647834300,141
1647835200,175
1647836100,144
1647837000,122
1647837900,124
1647838800,232
1647839700,613
1647840600,447
1647841500,249
1647842400,238
1647843300,262
1647844200,304
1647845100,241
1647846000,227
1647846900,266
1647847800,646
1647848700,693
1647849600,679
1647850500,826
1647851400,762
1647852300,745
1647853200,705
1647854100,771
1647855000,798
1647855900,764
1647856800,512
1647857700,995
1647858600,1077
1647859500,676
1647860400,660
1647861300,464
1647862200,921
1647863100,571
1647864000,328
1647864900,313
1647865800,367
1647866700,282
1647867600,287
1647868500,331
1647869400,323
1647870300,320
1647871200,299
1647872100,236
1647873000,237
1647873900,234
1647874800,263
1647875700,238
1647876600,225
1647877500,269
1647878400,256
1647879300,243
1647880200,247
1647881100,269
1647882000,289
1647882900,339
1647883800,512
1647884700,867
1647885600,852
1647886500,944
1647887400,626
1647888300,385
1647889200,332
1647890100,317
1647891000,298
1647891900,315
1647892800,320
1647893700,251
1647894600,273
1647895500,254
1647896400,245
1647897300,267
1647898200,221
1647899100,143
1647900000,176
1647900900,134
1647901800,136
1647902700,120
1647903600,166
1647904500,157
1647905400,129
1647906300,133
1647907200,167
1647908100,130
1647909000,118
1647909900,230
1647910800,124
1647911700,140
1647912600,125
1647913500,145
1647914400,155
1647915300,145
1647916200,177
1647917100,113
1647918000,111
1647918900,130
1647919800,129
1647920700,170
1647921600,208
1647922500,151
1647923400,118
1647924300,119
1647925200,558
1647926100,525
1647927000,498
1647927900,214
1647928800,209
1647929700,222
1647930600,336
1647931500,352
1647932400,332
1647933300,282
1647934200,296
1647935100,280
1647936000,317
1647936900,480
1647937800,308
1647938700,276
1647939600,317
1647940500,342
1647941400,355
1647942300,362
1647943200,343
1647944100,525
1647945000,747
1647945900,577
1647946800,821
1647947700,942
1647948600,846
1647949500,1021
1647950400,945
1647951300,379
1647952200,311
1647953100,332
1647954000,323
1647954900,346
1647955800,317
1647956700,350
1647957600,344
1647958500,338
1647959400,325
1647960300,345
1647961200,309
1647962100,227
1647963000,243
1647963900,293
1647964800,290
1647965700,250
1647966600,268
1647967500,257
1647968400,250
1647969300,249
1647970200,798
1647971100,430
1647972000,603
1647972900,898
1647973800,1428
1647974700,1062
1647975600,890
1647976500,480
1647977400,420
1647978300,465
1647979200,462
1647980100,283
1647981000,330
1647981900,253
1647982800,222
1647983700,276
1647984600,260
1647985500,188
1647986400,144
1647987300,139
1647988200,127
1647989100,121
1647990000,125
1647990900,135
1647991800,118
1647992700,147
1647993600,162
1647994500,135
1647995400,127
1647996300,136
1647997200,121
1647998100,114
1647999000,123
1647999900,184
1648000800,162
1648001700,132
1648002600,149
1648003500,134
1648004400,155
1648005300,171
1648006200,162
1648007100,196
1648008000,178
1648008900,161
1648009800,149
1648010700,165
1648011600,557
1648012500,995
1648013400,1073
1648014300,794
1648015200,261
1648016100,218
1648017000,201
1648017900,147
1648018800,164
1648019700,138
1648020600,127
1648021500,119
1648022400,141
1648023300,118
1648024200,116
1648025100,102
1648026000,102
1648026900,169
1648027800,164
1648028700,161
1648029600,219
1648030500,157
1648031400,155
1648032300,163
1648033200,443
1648034100,454
1648035000,156
1648035900,173
1648036800,193
1648037700,172
1648038600,191
1648039500,763
1648040400,1148
1648041300,806
1648042200,465
1648043100,221
1648044000,242
1648044900,201
1648045800,202
1648046700,192
1648047600,178
1648048500,147
1648049400,165
1648050300,267
1648051200,243
1648052100,240
1648053000,565
1648053900,1158
1648054800,1502
1648055700,1265
1648056600,1247
1648057500,801
1648058400,412
1648059300,387
1648060200,374
1648061100,336
1648062000,353
1648062900,321
1648063800,338
1648064700,357
1648065600,352
1648066500,298
1648067400,308
1648068300,250
1648069200,248
1648070100,277
1648071000,290
1648071900,296
1648072800,312
1648073700,292
1648074600,273
1648075500,321
1648076400,275
1648077300,275
1648078200,219
1648079100,159
1648080000,177
1648080900,138
1648081800,145
1648082700,159
1648083600,141
1648084500,134
1648085400,147
1648086300,147
1648087200,161
1648088100,143
1648089000,146
1648089900,126
1648090800,129
1648091700,164
1648092600,135
1648093500,196
1648094400,168
1648095300,140
1648096200,129
1648097100,151
1648098000,335
1648098900,529
1648099800,159
1648100700,256
1648101600,211
1648102500,129
1648103400,125
1648104300,108
1648105200,138
1648106100,159
1648107000,137
1648107900,152
1648108800,188
1648109700,189
1648110600,163
1648111500,164
1648112400,178
1648113300,167
1648114200,166
1648115100,168
1648116000,213
1648116900,162
1648117800,148
1648118700,182
1648119600,181
1648120500,161
1648121400,166
1648122300,151
1648123200,187
1648124100,255
1648125000,161
1648125900,138
1648126800,169
1648127700,185
1648128600,162
1648129500,153
1648130400,218
1648131300,183
1648132200,172
1648133100,177
1648134000,179
1648134900,176
1648135800,227
1648136700,263
1648137600,263
1648138500,217
1648139400,208
1648140300,184
1648141200,185
1648142100,355
1648143000,772
1648143900,1045
1648144800,1255
1648145700,1045
1648146600,889
1648147500,312
1648148400,815
1648149300,515
1648150200,636
1648151100,352
1648152000,359
1648152900,470
1648153800,292
1648154700,425
1648155600,399
1648156500,251
1648157400,247
1648158300,165
1648159200,118
1648160100,167
1648161000,150
1648161900,149
1648162800,152
1648163700,140
1648164600,145
1648165500,178
1648166400,147
1648167300,119
1648168200,153
1648169100,137
1648170000,159
1648170900,144
1648171800,173
1648172700,175
1648173600,135
1648174500,154
1648175400,129
1648176300,120
1648177200,129
1648178100,145
1648179000,155
1648179900,186
1648180800,159
1648181700,156
1648182600,130
1648183500,203
1648184400,558
1648185300,866
1648186200,629
1648187100,780
1648188000,1470
1648188900,824
1648189800,342
1648190700,263
1648191600,224
1648192500,242
1648193400,531
1648194300,279
1648195200,218
1648196100,174
1648197000,180
1648197900,224
1648198800,208
1648199700,431
1648200600,343
1648201500,240
1648202400,191
1648203300,446
1648204200,530
1648205100,405
1648206000,510
1648206900,858
1648207800,797
1648208700,419
1648209600,287
1648210500,167
1648211400,156
1648212300,135
1648213200,171
1648214100,440
1648215000,149
1648215900,175
1648216800,142
1648217700,152
1648218600,160
1648219500,206
1648220400,556
1648221300,286
1648222200,334
1648223100,556
1648224000,365
1648224900,349
1648225800,605
1648226700,342
1648227600,423
1648228500,385
1648229400,688
1648230300,904
1648231200,776
1648232100,1065
1648233000,874
1648233900,1355
1648234800,1188
1648235700,1330
1648236600,745
1648237500,453
1648238400,316
1648239300,646
1648240200,350
1648241100,233
1648242000,507
1648242900,395
1648243800,394
1648244700,224
1648245600,747
1648246500,333
1648247400,222
1648248300,216
1648249200,181
1648250100,94
1648251000,128
1648251900,93
1648252800,100
1648253700,129
1648254600,128
1648255500,128
1648256400,123
1648257300,96
1648258200,103
1648259100,99
1648260000,115
1648260900,115
1648261800,117
1648262700,127
1648263600,105
1648264500,103
1648265400,133
1648266300,119
1648267200,95
1648268100,123
1648269000,137
1648269900,119
1648270800,237
1648271700,643
1648272600,136
1648273500,172
1648274400,134
1648275300,136
1648276200,153
1648277100,195
1648278000,569
1648278900,276
1648279800,383
1648280700,177
1648281600,693
1648282500,379
1648283400,170
1648284300,148
1648285200,156
1648286100,192
1648287000,136
1648287900,129
1648288800,151
1648289700,256
1648290600,687
1648291500,634
1648292400,637
1648293300,148
1648294200,150
1648295100,152
1648296000,164
1648296900,286
1648297800,914
1648298700,1064
1648299600,732
1648300500,1039
1648301400,537
1648302300,204
1648303200,503
1648304100,543
1648305000,216
1648305900,206
1648306800,212
1648307700,223
1648308600,206
1648309500,194
1648310400,216
1648311300,236
1648312200,241
1648313100,621
1648314000,1224
1648314900,1013
1648315800,874
1648316700,868
1648317600,849
1648318500,761
1648319400,713
1648320300,568
1648321200,375
1648322100,322
1648323000,283
1648323900,302
1648324800,291
1648325700,267
1648326600,276
1648327500,264
1648328400,301
1648329300,311
1648330200,233
1648331100,202
1648332000,227
1648332900,224
1648333800,207
1648334700,259
1648335600,222
1648336500,239
1648337400,207
1648338300,198
1648339200,180
1648340100,160
1648341000,206
1648341900,172
1648342800,184
1648343700,180
1648344600,147
1648345500,160
1648346400,174
1648347300,157
1648348200,171
1648349100,194
1648350000,166
1648350900,139
1648351800,159
1648352700,145
1648353600,136
1648354500,165
1648355400,182
1648356300,181
1648357200,192
1648358100,206
1648359000,231
1648359900,250
1648360800,260
1648361700,255
1648362600,279
1648363500,322
1648364400,706
1648365300,677
1648366200,382
1648367100,237
1648368000,257
1648368900,366
1648369800,386
1648370700,701
1648371600,556
1648372500,509
1648373400,319
1648374300,698
1648375200,685
1648376100,336
1648377000,306
1648377900,315
1648378800,299
1648379700,891
1648380600,864
1648381500,486
1648382400,346
1648383300,331
1648384200,292
1648385100,404
1648386000,926
1648386900,1249
1648387800,957
1648388700,769
1648389600,719
1648390500,458
1648391400,330
1648392300,313
1648393200,318
1648394100,257
1648395000,231
1648395900,328
1648396800,1021
1648397700,748
1648398600,716
1648399500,529
1648400400,926
1648401300,389
1648402200,268
1648403100,264
1648404000,282
1648404900,280
1648405800,258
1648406700,327
1648407600,331
1648408500,678
1648409400,763
1648410300,770
1648411200,291
1648412100,298
1648413000,274
1648413900,267
1648414800,298
1648415700,289
1648416600,264
1648417500,239
1648418400,182
1648419300,107
1648420200,153
1648421100,117
1648422000,117
1648422900,166
1648423800,179
1648424700,111
1648425600,130
1648426500,132
1648427400,119
1648428300,127
1648429200,196
1648430100,168
1648431000,119
1648431900,140
1648432800,120
1648433700,126
1648434600,134
1648435500,174
1648436400,152
1648437300,139
1648438200,130
1648439100,129
1648440000,153
1648440900,355
1648441800,564
1648442700,285
1648443600,283
1648444500,239
1648445400,231
1648446300,195
1648447200,773
1648448100,1293
1648449000,820
1648449900,768
1648450800,804
1648451700,1547
1648452600,784
1648453500,1289
1648454400,1372
1648455300,1147
1648456200,1099
1648457100,1020
1648458000,1010
1648458900,965
1648459800,636
1648460700,381
1648461600,345
1648462500,293
1648463400,280
1648464300,194
1648465200,406
1648466100,415
1648467000,256
1648467900,257
1648468800,261
1648469700,403
1648470600,744
1648471500,371
1648472400,190
1648473300,198
1648474200,201
1648475100,365
1648476000,200
1648476900,277
1648477800,204
1648478700,181
1648479600,233
1648480500,414
1648481400,757
1648482300,1302
1648483200,995
1648484100,905
1648485000,790
1648485900,860
1648486800,358
1648487700,370
1648488600,827
1648489500,781
1648490400,863
1648491300,833
1648492200,648
1648493100,343
1648494000,335
1648494900,306
1648495800,321
1648496700,295
1648497600,293
1648498500,248
1648499400,323
1648500300,268
1648501200,181
1648502100,145
1648503000,141
1648503900,160
1648504800,135
1648505700,157
1648506600,116
1648507500,129
1648508400,141
1648509300,118
1648510200,135
1648511100,173
1648512000,125
1648512900,131
1648513800,151
1648514700,129
1648515600,109
1648516500,148
1648517400,149
1648518300,145
1648519200,122
1648520100,135
1648521000,121
1648521900,128
1648522800,126
1648523700,149
1648524600,164
1648525500,173
1648526400,152
1648527300,541
1648528200,290
1648529100,213
1648530000,239
1648530900,257
1648531800,214
1648532700,224
1648533600,251
1648534500,200
1648535400,212
1648536300,276
1648537200,282
1648538100,360
1648539000,527
1648539900,569
1648540800,387
1648541700,400
1648542600,390
1648543500,347
1648544400,403
1648545300,402
1648546200,356
1648547100,410
1648548000,1662
1648548900,1176
1648549800,706
1648550700,419
1648551600,348
1648552500,759
1648553400,356
1648554300,218
1648555200,184
1648556100,232
1648557000,224
1648557900,205
1648558800,247
1648559700,823
1648560600,1185
1648561500,882
1648562400,718
1648563300,281
1648564200,264
1648565100,257
1648566000,239
1648566900,240
1648567800,365
1648568700,331
1648569600,241
1648570500,268
1648571400,481
1648572300,746
1648573200,1093
1648574100,1259
1648575000,1260
1648575900,744
1648576800,436
1648577700,643
1648578600,783
1648579500,414
1648580400,874
1648581300,486
1648582200,293
1648583100,309
1648584000,326
1648584900,318
1648585800,283
1648586700,217
1648587600,250
1648588500,290
1648589400,232
1648590300,276
1648591200,292
1648592100,145
1648593000,119
1648593900,162
1648594800,157
1648595700,127
1648596600,146
1648597500,154
1648598400,146
1648599300,127
1648600200,203
1648601100,133
1648602000,134
1648602900,149
1648603800,134
1648604700,151
1648605600,166
1648606500,170
1648607400,126
1648608300,136
1648609200,131
1648610100,121
1648611000,158
1648611900,245
1648612800,232
1648613700,621
1648614600,307
1648615500,235
1648616400,266
1648617300,257
1648618200,261
1648619100,241
1648620000,255
1648620900,249
1648621800,225
1648622700,242
1648623600,271
1648624500,251
1648625400,245
1648626300,211
1648627200,201
1648628100,210
1648629000,707
1648629900,919
1648630800,734
1648631700,470
1648632600,797
1648633500,986
1648634400,190
1648635300,185
1648636200,154
1648637100,150
1648638000,203
1648638900,164
1648639800,142
1648640700,202
1648641600,156
1648642500,179
1648643400,190
1648644300,203
1648645200,173
1648646100,187
1648647000,367
1648647900,598
1648648800,440
1648649700,238
1648650600,600
1648651500,624
1648652400,283
1648653300,277
1648654200,266
1648655100,373
1648656000,327
1648656900,310
1648657800,533
1648658700,408
1648659600,790
1648660500,1466
1648661400,1119
1648662300,814
1648663200,869
1648664100,771
1648665000,419
1648665900,398
1648666800,420
1648667700,294
1648668600,284
1648669500,300
1648670400,283
1648671300,330
1648672200,252
1648673100,173
1648674000,118
1648674900,148
1648675800,142
1648676700,134
1648677600,156
1648678500,169
1648679400,140
1648680300,125
1648681200,147
1648682100,136
1648683000,114
1648683900,147
1648684800,164
1648685700,130
1648686600,130
1648687500,150
1648688400,132
1648689300,129
1648690200,150
1648691100,167
1648692000,140
1648692900,157
1648693800,132
1648694700,141
1648695600,170
1648696500,126
1648697400,158
1648698300,194
1648699200,184
1648700100,712
1648701000,366
1648701900,749
1648702800,463
1648703700,508
1648704600,322
1648705500,719
1648706400,537
1648707300,228
1648708200,273
1648709100,483
1648710000,351
1648710900,176
1648711800,176
1648712700,176
1648713600,181
1648714500,189
1648715400,196
1648716300,162
1648717200,157
1648718100,180
1648719000,222
1648719900,216
1648720800,202
1648721700,222
1648722600,220
1648723500,190
1648724400,231
1648725300,216
1648726200,166
1648727100,232
1648728000,270
1648728900,167
1648729800,180
1648730700,209
1648731600,238
1648732500,214
1648733400,235
1648734300,201
1648735200,255
1648736100,247
1648737000,263
1648737900,291
1648738800,329
1648739700,290
1648740600,293
1648741500,282
1648742400,311
1648743300,281
1648744200,293
1648745100,361
1648746000,284
1648746900,283
1648747800,310
1648748700,302
1648749600,376
1648750500,333
1648751400,469
1648752300,481
1648753200,443
1648754100,423
1648755000,364
1648755900,383
1648756800,827
1648757700,498
1648758600,409
1648759500,503
1648760400,841
1648761300,280
1648762200,316
1648763100,216
1648764000,128
1648764900,167
1648765800,144
1648766700,131
1648767600,132
1648768500,134
1648769400,121
1648770300,138
1648771200,141
1648772100,158
1648773000,151
1648773900,155
1648774800,122
1648775700,128
1648776600,159
1648777500,147
1648778400,157
1648779300,175
1648780200,133
1648781100,131
1648782000,151
1648782900,143
1648783800,129
1648784700,189
1648785600,240
1648786500,692
1648787400,365
1648788300,260
1648789200,465
1648790100,623
1648791000,276
1648791900,231
1648792800,247
1648793700,224
1648794600,240
1648795500,558
1648796400,1016
1648797300,1150
1648798200,394
1648799100,229
1648800000,219
1648800900,186
1648801800,235
1648802700,281
1648803600,168
1648804500,164
1648805400,175
1648806300,494
1648807200,1192
1648808100,651
1648809000,124
1648809900,200
1648810800,149
1648811700,123
1648812600,157
1648813500,200
1648814400,533
1648815300,470
1648816200,778
1648817100,552
1648818000,921
1648818900,587
1648819800,224
1648820700,290
1648821600,184
1648822500,158
1648823400,333
1648824300,660
1648825200,493
1648826100,547
1648827000,660
1648827900,591
1648828800,262
1648829700,263
1648830600,314
1648831500,369
1648832400,286
1648833300,304
1648834200,410
1648835100,984
1648836000,1320
1648836900,1013
1648837800,835
1648838700,836
1648839600,778
1648840500,436
1648841400,349
1648842300,336
1648843200,245
1648844100,260
1648845000,251
1648845900,248
1648846800,255
1648847700,261
1648848600,248
1648849500,287
1648850400,298
1648851300,187
1648852200,98
1648853100,117
1648854000,171
1648854900,130
1648855800,117
1648856700,115
1648857600,103
1648858500,98
1648859400,137
1648860300,121
1648861200,138
1648862100,132
1648863000,124
1648863900,128
1648864800,110
1648865700,147
1648866600,134
1648867500,148
1648868400,144
1648869300,117
1648870200,131
1648871100,147
1648872000,126
1648872900,143
1648873800,152
1648874700,201
1648875600,484
1648876500,423
1648877400,929
1648878300,1194
1648879200,748
1648880100,677
1648881000,573
1648881900,182
1648882800,206
1648883700,230
1648884600,361
1648885500,936
1648886400,1208
1648887300,828
1648888200,779
1648889100,769
1648890000,1003
1648890900,1239
1648891800,1085
1648892700,808
1648893600,936
1648894500,267
1648895400,365
1648896300,295
1648897200,903
1648898100,527
1648899000,522
1648899900,361
1648900800,862
1648901700,456
1648902600,282
1648903500,312
1648904400,302
1648905300,277
1648906200,320
1648907100,262
1648908000,244
1648908900,293
1648909800,246
1648910700,251
1648911600,490
1648912500,410
1648913400,589
1648914300,794
1648915200,621
1648916100,365
1648917000,330
1648917900,834
1648918800,462
1648919700,414
1648920600,585
1648921500,1508
1648922400,1226
1648923300,872
1648924200,819
1648925100,438
1648926000,326
1648926900,313
1648927800,297
1648928700,252
1648929600,279
1648930500,300
1648931400,316
1648932300,274
1648933200,313
1648934100,229
1648935000,192
1648935900,159
1648936800,141
1648937700,145
1648938600,190
1648939500,171
1648940400,138
1648941300,157
1648942200,142
1648943100,128
1648944000,160
1648944900,161
1648945800,156
1648946700,150
1648947600,162
1648948500,156
1648949400,135
1648950300,181
1648951200,177
1648952100,131
1648953000,139
1648953900,122
1648954800,135
1648955700,141
1648956600,155
1648957500,163
1648958400,135
1648959300,158
1648960200,164
1648961100,207
1648962000,182
1648962900,364
1648963800,205
1648964700,447
1648965600,302
1648966500,233
1648967400,220
1648968300,260
1648969200,300
1648970100,666
1648971000,551
1648971900,562
1648972800,304
1648973700,736
1648974600,614
1648975500,327
1648976400,278
1648977300,293
1648978200,306
1648979100,304
1648980000,426
1648980900,779
1648981800,861
1648982700,881
1648983600,423
1648984500,330
1648985400,269
1648986300,274
1648987200,244
1648988100,228
1648989000,163
1648989900,213
1648990800,231
1648991700,253
1648992600,274
1648993500,615
1648994400,480
1648995300,754
1648996200,501
1648997100,390
1648998000,438
1648998900,775
1648999800,263
1649000700,264
1649001600,692
1649002500,644
1649003400,811
1649004300,828
1649005200,798
1649006100,479
1649007000,393
1649007900,659
1649008800,1011
1649009700,992
1649010600,872
1649011500,722
1649012400,457
1649013300,504
1649014200,469
1649015100,723
1649016000,829
1649016900,589
1649017800,339
1649018700,440
1649019600,389
1649020500,357
1649021400,330
1649022300,356
1649023200,329
1649024100,329
1649025000,345
1649025900,239
1649026800,161
1649027700,123
1649028600,106
1649029500,102
1649030400,121
1649031300,120
1649032200,115
1649033100,102
1649034000,120
1649034900,97
1649035800,92
1649036700,145
1649037600,106
1649038500,106
1649039400,136
1649040300,106
1649041200,104
1649042100,130
1649043000,111
1649043900,97
1649044800,131
1649045700,591
1649046600,292
1649047500,215
1649048400,242
1649049300,253
1649050200,213
1649051100,329
1649052000,1029
1649052900,680
1649053800,492
1649054700,598
1649055600,972
1649056500,670
1649057400,649
1649058300,595
1649059200,610
1649060100,663
1649061000,651
1649061900,634
1649062800,840
1649063700,819
1649064600,1331
1649065500,1141
1649066400,304
1649067300,311
1649068200,520
1649069100,343
1649070000,293
1649070900,260
1649071800,251
1649072700,271
1649073600,275
1649074500,466
1649075400,359
1649076300,235
1649077200,367
1649078100,730
1649079000,484
1649079900,667
1649080800,333
1649081700,770
1649082600,392
1649083500,312
1649084400,559
1649085300,973
1649086200,438
1649087100,310
1649088000,321
1649088900,301
1649089800,324
1649090700,832
1649091600,472
1649092500,348
1649093400,359
1649094300,372
1649095200,365
1649096100,663
1649097000,373
1649097900,325
1649098800,468
1649099700,783
1649100600,419
1649101500,476
1649102400,587
1649103300,776
1649104200,463
1649105100,270
1649106000,394
1649106900,477
1649107800,294
1649108700,303
1649109600,280
1649110500,202
1649111400,188
1649112300,124
1649113200,137
1649114100,146
1649115000,164
1649115900,149
1649116800,138
1649117700,139
1649118600,139
1649119500,154
1649120400,154
1649121300,163
1649122200,172
1649123100,150
1649124000,151
1649124900,155
1649125800,174
1649126700,143
1649127600,174
1649128500,169
1649129400,148
1649130300,189
1649131200,172
1649132100,540
1649133000,269
1649133900,252
1649134800,240
1649135700,221
1649136600,233
1649137500,238
1649138400,256
1649139300,297
1649140200,944
1649141100,950
1649142000,1153
1649142900,468
1649143800,257
1649144700,238
1649145600,285
1649146500,282
1649147400,245
1649148300,282
1649149200,254
1649150100,251
1649151000,252
1649151900,275
1649152800,302
1649153700,506
1649154600,801
1649155500,619
1649156400,260
1649157300,256
1649158200,234
1649159100,228
1649160000,276
1649160900,423
1649161800,302
1649162700,298
1649163600,283
1649164500,295
1649165400,280
1649166300,283
1649167200,291
1649168100,313
1649169000,315
1649169900,302
1649170800,288
1649171700,305
1649172600,412
1649173500,800
1649174400,558
1649175300,322
1649176200,580
1649177100,699
1649178000,272
1649178900,274
1649179800,338
1649180700,263
1649181600,258
1649182500,294
1649183400,273
1649184300,299
1649185200,297
1649186100,340
1649187000,298
1649187900,290
1649188800,254
1649189700,246
1649190600,293
1649191500,280
1649192400,261
1649193300,228
1649194200,266
1649195100,196
1649196000,221
1649196900,213
1649197800,184
1649198700,121
1649199600,106
1649200500,101
1649201400,100
1649202300,125
1649203200,165
1649204100,122
1649205000,131
1649205900,124
1649206800,115
1649207700,108
1649208600,145
1649209500,130
1649210400,124
1649211300,132
1649212200,113
1649213100,103
1649214000,120
1649214900,167
1649215800,120
1649216700,193
1649217600,122
1649218500,294
1649219400,156
1649220300,172
1649221200,218
1649222100,856
1649223000,1169
1649223900,1034
1649224800,960
1649225700,614
1649226600,612
1649227500,592
1649228400,920
1649229300,1221
1649230200,1061
1649231100,764
1649232000,787
1649232900,304
1649233800,275
1649234700,314
1649235600,295
1649236500,241
1649237400,741
1649238300,812
1649239200,501
1649240100,242
1649241000,205
1649241900,244
1649242800,604
1649243700,527
1649244600,492
1649245500,264
1649246400,618
1649247300,604
1649248200,288
1649249100,243
1649250000,204
1649250900,217
1649251800,213
1649252700,245
1649253600,299
1649254500,347
1649255400,178
1649256300,206
1649257200,198
1649258100,209
1649259000,218
1649259900,201
1649260800,561
1649261700,1401
1649262600,768
1649263500,282
1649264400,915
1649265300,1177
1649266200,737
1649267100,796
1649268000,800
1649268900,1049
1649269800,548
1649270700,580
1649271600,795
1649272500,736
1649273400,678
1649274300,304
1649275200,303
1649276100,287
1649277000,254
1649277900,258
1649278800,208
1649279700,144
1649280600,124
1649281500,171
1649282400,142
1649283300,99
1649284200,111
1649285100,130
1649286000,140
1649286900,121
1649287800,189
1649288700,100
1649289600,94
1649290500,123
1649291400,132
1649292300,100
1649293200,156
1649294100,131
1649295000,104
1649295900,125
1649296800,140
1649297700,142
1649298600,148
1649299500,119
1649300400,103
1649301300,133
1649302200,133
1649303100,139
1649304000,167
1649304900,133
1649305800,140
1649306700,150
1649307600,420
1649308500,157
1649309400,204
1649310300,596
1649311200,462
1649312100,225
1649313000,216
1649313900,196
1649314800,200
1649315700,214
1649316600,298
1649317500,184
1649318400,196
1649319300,221
1649320200,186
1649321100,195
1649322000,226
1649322900,182
1649323800,188
1649324700,197
1649325600,219
1649326500,190
1649327400,203
1649328300,185
1649329200,190
1649330100,199
1649331000,189
1649331900,230
1649332800,193
1649333700,124
1649334600,165
1649335500,213
1649336400,241
1649337300,313
1649338200,259
1649339100,240
1649340000,213
1649340900,218
1649341800,661
1649342700,447
1649343600,444
1649344500,250
1649345400,666
1649346300,535
1649347200,291
1649348100,729
1649349000,1154
1649349900,921
1649350800,806
1649351700,694
1649352600,582
1649353500,576
1649354400,342
1649355300,405
1649356200,335
1649357100,260
1649358000,276
1649358900,249
1649359800,303
1649360700,293
1649361600,292
1649362500,211
1649363400,204
1649364300,272
1649365200,246
1649366100,216
1649367000,232
1649367900,219
1649368800,131
1649369700,151
1649370600,148
1649371500,120
1649372400,140
1649373300,128
1649374200,136
1649375100,154
1649376000,155
1649376900,123
1649377800,135
1649378700,127
1649379600,113
1649380500,143
1649381400,158
1649382300,125
1649383200,135
1649384100,135
1649385000,136
1649385900,121
1649386800,156
1649387700,113
1649388600,114
1649389500,170
1649390400,115
1649391300,114
1649392200,178
1649393100,444
1649394000,642
1649394900,696
1649395800,654
1649396700,1076
1649397600,467
1649398500,864
1649399400,307
1649400300,778
1649401200,318
1649402100,227
1649403000,230
1649403900,275
1649404800,201
1649405700,210
1649406600,202
1649407500,198
1649408400,202
1649409300,708
1649410200,608
1649411100,695
1649412000,231
1649412900,175
1649413800,155
1649414700,191
1649415600,625
1649416500,602
1649417400,705
1649418300,330
1649419200,218
1649420100,254
1649421000,244
1649421900,204
1649422800,254
1649423700,212
1649424600,210
1649425500,224
1649426400,245
1649427300,235
1649428200,245
1649429100,212
1649430000,226
1649430900,265
1649431800,240
1649432700,583
1649433600,424
1649434500,232
1649435400,222
1649436300,575
1649437200,722
1649438100,712
1649439000,649
1649439900,458
1649440800,279
1649441700,323
1649442600,313
1649443500,321
1649444400,319
1649445300,299
1649446200,296
1649447100,339
1649448000,326
1649448900,339
1649449800,262
1649450700,163
1649451600,111
1649452500,165
1649453400,116
1649454300,117
1649455200,115
1649456100,107
1649457000,105
1649457900,132
1649458800,113
1649459700,109
1649460600,114
1649461500,130
1649462400,104
1649463300,145
1649464200,120
1649465100,114
1649466000,96
1649466900,137
1649467800,109
1649468700,128
1649469600,140
1649470500,110
1649471400,116
1649472300,128
1649473200,110
1649474100,126
1649475000,164
1649475900,159
1649476800,115
1649477700,193
1649478600,390
1649479500,287
1649480400,281
1649481300,207
1649482200,207
1649483100,590
1649484000,1034
1649484900,1122
1649485800,444
1649486700,498
1649487600,758
1649488500,257
1649489400,249
1649490300,274
1649491200,282
1649492100,231
1649493000,210
1649493900,245
1649494800,264
1649495700,268
1649496600,248
1649497500,223
1649498400,263
1649499300,245
1649500200,428
1649501100,845
1649502000,525
1649502900,349
1649503800,181
1649504700,187
1649505600,201
1649506500,166
1649507400,138
1649508300,130
1649509200,200
1649510100,199
1649511000,211
1649511900,196
1649512800,217
1649513700,465
1649514600,250
1649515500,241
1649516400,295
1649517300,459
1649518200,422
1649519100,460
1649520000,288
1649520900,291
1649521800,303
1649522700,401
1649523600,1030
1649524500,1161
1649525400,1154
1649526300,998
1649527200,658
1649528100,284
1649529000,275
1649529900,271
1649530800,215
1649531700,259
1649532600,294
1649533500,242
1649534400,235
1649535300,276
1649536200,222
1649537100,185
1649538000,233
1649538900,218
1649539800,182
1649540700,207
1649541600,198
1649542500,146
1649543400,148
1649544300,157
1649545200,120
1649546100,140
1649547000,125
1649547900,122
1649548800,152
1649549700,169
1649550600,145
1649551500,138
1649552400,168
1649553300,146
1649554200,155
1649555100,201
1649556000,140
1649556900,151
1649557800,151
1649558700,152
1649559600,154
1649560500,181
1649561400,145
1649562300,149
1649563200,137
1649564100,163
1649565000,168
1649565900,207
1649566800,160
1649567700,191
1649568600,335
1649569500,671
1649570400,777
1649571300,760
1649572200,599
1649573100,447
1649574000,723
1649574900,520
1649575800,291
1649576700,629
1649577600,623
1649578500,235
1649579400,199
1649580300,258
1649581200,290
1649582100,553
1649583000,842
1649583900,416
1649584800,268
1649585700,270
1649586600,280
1649587500,210
1649588400,177
1649589300,214
1649590200,202
1649591100,218
1649592000,287
1649592900,240
1649593800,161
1649594700,155
1649595600,169
1649596500,174
1649597400,177
1649598300,178
1649599200,142
1649600100,148
1649601000,170
1649601900,170
1649602800,157
1649603700,185
1649604600,138
1649605500,146
1649606400,142
1649607300,179
1649608200,250
1649609100,220
1649610000,222
1649610900,204
1649611800,217
1649612700,279
1649613600,276
1649614500,237
1649615400,261
1649616300,287
1649617200,291
1649618100,488
1649619000,367
1649619900,260
1649620800,301
1649621700,337
1649622600,265
1649623500,252
1649624400,210
1649625300,136
1649626200,116
1649627100,139
1649628000,112
1649628900,101
1649629800,138
1649630700,137
1649631600,101
1649632500,113
1649633400,114
1649634300,97
1649635200,123
1649636100,127
1649637000,102
1649637900,103
1649638800,119
1649639700,102
1649640600,93
1649641500,145
1649642400,100
1649643300,103
1649644200,116
1649645100,102
1649646000,100
1649646900,143
1649647800,119
1649648700,106
1649649600,111
1649650500,327
1649651400,445
1649652300,258
1649653200,252
1649654100,258
1649655000,196
1649655900,231
1649656800,231
1649657700,267
1649658600,496
1649659500,1524
1649660400,1498
1649661300,1242
1649662200,960
1649663100,708
1649664000,784
1649664900,746
1649665800,744
1649666700,755
1649667600,1072
1649668500,1511
1649669400,1309
1649670300,1536
1649671200,466
1649672100,986
1649673000,471
1649673900,330
1649674800,368
1649675700,345
1649676600,323
1649677500,347
1649678400,246
1649679300,194
1649680200,259
1649681100,203
1649682000,214
1649682900,215
1649683800,211
1649684700,211
1649685600,259
1649686500,226
1649687400,202
1649688300,206
1649689200,213
1649690100,201
1649691000,234
1649691900,240
1649692800,211
1649693700,259
1649694600,226
1649695500,269
1649696400,317
1649697300,693
1649698200,1184
1649699100,1088
1649700000,506
1649700900,293
1649701800,357
1649702700,285
1649703600,299
1649704500,320
1649705400,231
1649706300,221
1649707200,268
1649708100,255
1649709000,331
1649709900,304
1649710800,276
1649711700,204
1649712600,631
1649713500,320
1649714400,249
1649715300,324
1649716200,674
1649717100,136
1649718000,166
1649718900,136
1649719800,115
1649720700,140
1649721600,132
1649722500,100
1649723400,123
1649724300,111
1649725200,103
1649726100,144
1649727000,137
1649727900,143
1649728800,194
1649729700,105
1649730600,93
1649731500,108
1649732400,152
1649733300,153
1649734200,105
1649735100,164
1649736000,249
1649736900,607
1649737800,194
1649738700,208
1649739600,213
1649740500,659
1649741400,297
1649742300,145
1649743200,123
1649744100,125
1649745000,111
1649745900,149
1649746800,184
1649747700,82
1649748600,95
1649749500,118
1649750400,90
1649751300,109
1649752200,122
1649753100,97
1649754000,89
1649754900,93
1649755800,90
1649756700,97
1649757600,388
1649758500,254
1649759400,368
1649760300,165
1649761200,273
1649762100,996
1649763000,841
1649763900,790
1649764800,454
1649765700,587
1649766600,634
1649767500,172
1649768400,169
1649769300,197
1649770200,229
1649771100,233
1649772000,248
1649772900,190
1649773800,251
1649774700,255
1649775600,235
1649776500,585
1649777400,490
1649778300,373
1649779200,286
1649780100,704
1649781000,466
1649781900,775
1649782800,1019
1649783700,1421
1649784600,1749
1649785500,1137
1649786400,871
1649787300,878
1649788200,847
1649789100,897
1649790000,850
1649790900,653
1649791800,366
1649792700,332
1649793600,342
1649794500,329
1649795400,274
1649796300,196
1649797200,204
1649798100,123
1649799000,116
1649799900,164
1649800800,137
1649801700,152
1649802600,162
1649803500,128
1649804400,139
1649805300,161
1649806200,155
1649807100,130
1649808000,142
1649808900,142
1649809800,130
1649810700,138
1649811600,185
1649812500,139
1649813400,139
1649814300,145
1649815200,124
1649816100,133
1649817000,152
1649817900,163
1649818800,125
1649819700,147
1649820600,134
1649821500,169
1649822400,619
1649823300,284
1649824200,218
1649825100,206
1649826000,222
1649826900,528
1649827800,487
1649828700,449
1649829600,635
1649830500,658
1649831400,556
1649832300,191
1649833200,201
1649834100,193
1649835000,217
1649835900,190
1649836800,207
1649837700,220
1649838600,357
1649839500,220
1649840400,232
1649841300,681
1649842200,702
1649843100,347
1649844000,250
1649844900,207
1649845800,218
1649846700,431
1649847600,631
1649848500,629
1649849400,635
1649850300,342
1649851200,196
1649852100,231
1649853000,212
1649853900,193
1649854800,186
1649855700,247
1649856600,342
1649857500,627
1649858400,689
1649859300,734
1649860200,442
1649861100,522
1649862000,716
1649862900,883
1649863800,689
1649864700,314
1649865600,269
1649866500,266
1649867400,242
1649868300,259
1649869200,418
1649870100,258
1649871000,364
1649871900,254
1649872800,497
1649873700,751
1649874600,529
1649875500,302
1649876400,585
1649877300,619
1649878200,247
1649879100,248
1649880000,317
1649880900,291
1649881800,252
1649882700,277
1649883600,259
1649884500,254
1649885400,254
1649886300,348
1649887200,268
1649888100,214
1649889000,167
1649889900,117
1649890800,117
1649891700,143
1649892600,163
1649893500,120
1649894400,109
1649895300,127
1649896200,109
1649897100,110
1649898000,156
1649898900,140
1649899800,110
1649900700,129
1649901600,116
1649902500,122
1649903400,134
1649904300,160
1649905200,110
1649906100,115
1649907000,141
1649907900,165
1649908800,200
1649909700,713
1649910600,164
1649911500,182
1649912400,179
1649913300,197
1649914200,201
1649915100,228
1649916000,233
1649916900,157
1649917800,285
1649918700,295
1649919600,127
1649920500,340
1649921400,645
1649922300,402
1649923200,160
1649924100,372
1649925000,793
1649925900,149
1649926800,171
1649927700,161
1649928600,130
1649929500,178
1649930400,746
1649931300,1043
1649932200,429
1649933100,312
1649934000,241
1649934900,131
1649935800,105
1649936700,154
1649937600,158
1649938500,189
1649939400,223
1649940300,608
1649941200,578
1649942100,614
1649943000,415
1649943900,214
1649944800,234
1649945700,199
1649946600,235
1649947500,208
1649948400,219
1649949300,212
1649950200,194
1649951100,173
1649952000,269
1649952900,424
1649953800,253
1649954700,282
1649955600,252
1649956500,341
1649957400,397
1649958300,282
1649959200,440
1649960100,326
1649961000,298
1649961900,304
1649962800,299
1649963700,314
1649964600,226
1649965500,228
1649966400,214
1649967300,240
1649968200,158
1649969100,172
1649970000,117
1649970900,132
1649971800,137
1649972700,121
1649973600,134
1649974500,188
1649975400,154
1649976300,142
1649977200,150
1649978100,144
1649979000,138
1649979900,178
1649980800,143
1649981700,143
1649982600,159
1649983500,134
1649984400,145
1649985300,197
1649986200,154
1649987100,142
1649988000,143
1649988900,145
1649989800,136
1649990700,176
1649991600,147
1649992500,138
1649993400,156
1649994300,175
1649995200,215
1649996100,546
1649997000,296
1649997900,179
1649998800,173
1649999700,239
1650000600,190
1650001500,349
1650002400,242
1650003300,328
1650004200,740
1650005100,411
1650006000,204
1650006900,387
1650007800,666
1650008700,142
1650009600,160
1650010500,134
1650011400,116
1650012300,175
1650013200,349
1650014100,368
1650015000,521
1650015900,531
1650016800,207
1650017700,239
1650018600,220
1650019500,197
1650020400,207
1650021300,206
1650022200,203
1650023100,247
1650024000,218
1650024900,190
1650025800,231
1650026700,230
1650027600,208
1650028500,229
1650029400,246
1650030300,199
1650031200,180
1650032100,221
1650033000,303
1650033900,296
1650034800,289
1650035700,471
1650036600,878
1650037500,491
1650038400,826
1650039300,782
1650040200,959
1650041100,520
1650042000,403
1650042900,367
1650043800,393
1650044700,321
1650045600,303
1650046500,340
1650047400,376
1650048300,417
1650049200,393
1650050100,358
1650051000,352
1650051900,348
1650052800,270
1650053700,304
1650054600,244
1650055500,189
1650056400,149
1650057300,160
1650058200,147
1650059100,152
1650060000,162
1650060900,181
1650061800,155
1650062700,151
1650063600,174
1650064500,137
1650065400,167
1650066300,180
1650067200,146
1650068100,152
1650069000,154
1650069900,136
1650070800,149
1650071700,167
1650072600,138
1650073500,142
1650074400,154
1650075300,130
1650076200,160
1650077100,161
1650078000,131
1650078900,133
1650079800,146
1650080700,187
1650081600,224
1650082500,725
1650083400,177
1650084300,237
1650085200,170
1650086100,146
1650087000,160
1650087900,157
1650088800,604
1650089700,161
1650090600,149
1650091500,164
1650092400,670
1650093300,477
1650094200,143
1650095100,141
1650096000,205
1650096900,179
1650097800,172
1650098700,153
1650099600,184
1650100500,148
1650101400,489
1650102300,1092
1650103200,1339
1650104100,448
1650105000,230
1650105900,168
1650106800,182
1650107700,697
1650108600,348
1650109500,347
1650110400,225
1650111300,730
1650112200,345
1650113100,182
1650114000,198
1650114900,172
1650115800,179
1650116700,194
1650117600,300
1650118500,185
1650119400,194
1650120300,156
1650121200,202
1650122100,179
1650123000,158
1650123900,180
1650124800,204
1650125700,391
1650126600,429
1650127500,199
1650128400,202
1650129300,202
1650130200,188
1650131100,250
1650132000,306
1650132900,369
1650133800,778
1650134700,393
1650135600,305
1650136500,282
1650137400,291
1650138300,306
1650139200,303
1650140100,206
1650141000,198
1650141900,224
1650142800,150
1650143700,165
1650144600,175
1650145500,146
1650146400,166
1650147300,140
1650148200,143
1650149100,164
1650150000,185
1650150900,152
1650151800,177
1650152700,135
1650153600,143
1650154500,154
1650155400,167
1650156300,152
1650157200,145
1650158100,150
1650159000,135
1650159900,151
1650160800,177
1650161700,152
1650162600,164
1650163500,155
1650164400,138
1650165300,139
1650166200,162
1650167100,137
1650168000,133
1650168900,174
1650169800,190
1650170700,208
1650171600,205
1650172500,368
1650173400,221
1650174300,856
1650175200,1136
1650176100,829
1650177000,824
1650177900,1223
1650178800,692
1650179700,365
1650180600,510
1650181500,811
1650182400,412
1650183300,220
1650184200,258
1650185100,265
1650186000,250
1650186900,222
1650187800,237
1650188700,214
1650189600,235
1650190500,284
1650191400,309
1650192300,245
1650193200,244
1650194100,366
1650195000,193
1650195900,173
1650196800,175
1650197700,217
1650198600,301
1650199500,282
1650200400,193
1650201300,188
1650202200,241
1650203100,258
1650204000,257
1650204900,232
1650205800,345
1650206700,342
1650207600,646
1650208500,171
1650209400,222
1650210300,499
1650211200,513
1650212100,531
1650213000,475
1650213900,191
1650214800,209
1650215700,249
1650216600,216
1650217500,225
1650218400,245
1650219300,345
1650220200,420
1650221100,909
1650222000,1269
1650222900,935
1650223800,792
1650224700,376
1650225600,262
1650226500,340
1650227400,319
1650228300,278
1650229200,259
1650230100,259
1650231000,216
1650231900,144
1650232800,125
1650233700,154
1650234600,142
1650235500,118
1650236400,127
1650237300,132
1650238200,116
1650239100,127
1650240000,175
1650240900,127
1650241800,123
1650242700,137
1650243600,108
1650244500,119
1650245400,145
1650246300,140
1650247200,114
1650248100,135
1650249000,119
1650249900,111
1650250800,148
1650251700,145
1650252600,123
1650253500,117
1650254400,119
1650255300,482
1650256200,256
1650257100,193
1650258000,739
1650258900,1174
1650259800,806
1650260700,523
1650261600,262
1650262500,219
1650263400,311
1650264300,272
1650265200,214
1650266100,178
1650267000,214
1650267900,185
1650268800,515
1650269700,1055
1650270600,946
1650271500,843
1650272400,850
1650273300,1417
1650274200,1739
1650275100,1725
1650276000,850
1650276900,537
1650277800,614
1650278700,813
1650279600,243
1650280500,261
1650281400,255
1650282300,264
1650283200,260
1650284100,413
1650285000,764
1650285900,508
1650286800,285
1650287700,547
1650288600,730
1650289500,743
1650290400,810
1650291300,788
1650292200,811
1650293100,840
1650294000,789
1650294900,720
1650295800,716
1650296700,728
1650297600,383
1650298500,246
1650299400,280
1650300300,260
1650301200,216
1650302100,229
1650303000,235
1650303900,223
1650304800,290
1650305700,274
1650306600,287
1650307500,291
1650308400,272
1650309300,246
1650310200,233
1650311100,233
1650312000,205
1650312900,266
1650313800,228
1650314700,162
1650315600,111
1650316500,116
1650317400,100
1650318300,124
1650319200,80
1650320100,101
1650321000,117
1650321900,108
1650322800,131
1650323700,114
1650324600,93
1650325500,95
1650326400,107
1650327300,107
1650328200,99
1650329100,129
1650330000,86
1650330900,90
1650331800,121
1650332700,94
1650333600,110
1650334500,140
1650335400,91
1650336300,92
1650337200,113
1650338100,92
1650339000,92
1650339900,157
1650340800,271
1650341700,624
1650342600,161
1650343500,152
1650344400,122
1650345300,116
1650346200,320
1650347100,310
1650348000,157
1650348900,154
1650349800,135
1650350700,149
1650351600,158
1650352500,193
1650353400,190
1650354300,572
1650355200,366
1650356100,396
1650357000,165
1650357900,604
1650358800,411
1650359700,315
1650360600,690
1650361500,770
1650362400,697
1650363300,439
1650364200,261
1650365100,185
1650366000,403
1650366900,676
1650367800,637
1650368700,1227
1650369600,440
1650370500,200
1650371400,237
1650372300,261
1650373200,166
1650374100,175
1650375000,183
1650375900,144
1650376800,143
1650377700,186
1650378600,195
1650379500,234
1650380400,212
1650381300,178
1650382200,398
1650383100,354
1650384000,677
1650384900,428
1650385800,285
1650386700,649
1650387600,309
1650388500,239
1650389400,250
1650390300,255
1650391200,287
1650392100,299
1650393000,316
1650393900,277
1650394800,259
1650395700,304
1650396600,301
1650397500,287
1650398400,226
1650399300,218
1650400200,207
1650401100,251
1650402000,149
1650402900,135
1650403800,114
1650404700,115
1650405600,96
1650406500,86
1650407400,118
1650408300,110
1650409200,119
1650410100,111
1650411000,85
1650411900,101
1650412800,131
1650413700,97
1650414600,145
1650415500,111
1650416400,109
1650417300,93
1650418200,112
1650419100,77
1650420000,110
1650420900,117
1650421800,96
1650422700,95
1650423600,118
1650424500,98
1650425400,105
1650426300,163
1650427200,249
1650428100,797
1650429000,632
1650429900,414
1650430800,394
1650431700,148
1650432600,675
1650433500,361
1650434400,144
1650435300,115
1650436200,122
1650437100,102
1650438000,121
1650438900,145
1650439800,119
1650440700,110
1650441600,133
1650442500,118
1650443400,108
1650444300,143
1650445200,114
1650446100,138
1650447000,120
1650447900,102
1650448800,134
1650449700,175
1650450600,184
1650451500,635
1650452400,274
1650453300,155
1650454200,176
1650455100,547
1650456000,1057
1650456900,766
1650457800,155
1650458700,161
1650459600,176
1650460500,137
1650461400,154
1650462300,214
1650463200,230
1650464100,211
1650465000,209
1650465900,458
1650466800,1004
1650467700,1190
1650468600,828
1650469500,642
1650470400,708
1650471300,629
1650472200,235
1650473100,270
1650474000,329
1650474900,234
1650475800,195
1650476700,441
1650477600,591
1650478500,431
1650479400,220
1650480300,603
1650481200,664
1650482100,227
1650483000,198
1650483900,239
1650484800,329
1650485700,224
1650486600,195
1650487500,193
1650488400,176
1650489300,197
1650490200,145
1650491100,121
1650492000,99
1650492900,109
1650493800,104
1650494700,102
1650495600,130
1650496500,124
1650497400,110
1650498300,103
1650499200,94
1650500100,98
1650501000,106
1650501900,125
1650502800,116
1650503700,126
1650504600,84
1650505500,119
1650506400,112
1650507300,100
1650508200,171
1650509100,120
1650510000,85
1650510900,110
1650511800,87
1650512700,174
1650513600,660
1650514500,363
1650515400,178
1650516300,201
1650517200,178
1650518100,183
1650519000,203
1650519900,209
1650520800,223
1650521700,250
1650522600,178
1650523500,101
1650524400,114
1650525300,100
1650526200,125
1650527100,153
1650528000,102
1650528900,114
1650529800,122
1650530700,328
1650531600,330
1650532500,301
1650533400,200
1650534300,174
1650535200,269
1650536100,634
1650537000,409
1650537900,209
1650538800,472
1650539700,576
1650540600,169
1650541500,161
1650542400,187
1650543300,163
1650544200,158
1650545100,137
1650546000,158
1650546900,307
1650547800,242
1650548700,386
1650549600,296
1650550500,177
1650551400,143
1650552300,218
1650553200,229
1650554100,277
1650555000,286
1650555900,260
1650556800,229
1650557700,457
1650558600,1082
1650559500,1130
1650560400,802
1650561300,787
1650562200,352
1650563100,405
1650564000,327
1650564900,323
1650565800,298
1650566700,303
1650567600,450
1650568500,811
1650569400,514
1650570300,308
1650571200,450
1650572100,825
1650573000,208
1650573900,175
1650574800,131
1650575700,122
1650576600,111
1650577500,105
1650578400,111
1650579300,113
1650580200,143
1650581100,150
1650582000,101
1650582900,126
1650583800,119
1650584700,103
1650585600,124
1650586500,127
1650587400,142
1650588300,120
1650589200,103
1650590100,102
1650591000,117
1650591900,94
1650592800,112
1650593700,140
1650594600,100
1650595500,93
1650596400,116
1650597300,90
1650598200,127
1650599100,182
1650600000,236
1650600900,1049
1650601800,610
1650602700,670
1650603600,642
1650604500,633
1650605400,643
1650606300,697
1650607200,396
1650608100,203
1650609000,187
1650609900,126
1650610800,131
1650611700,177
1650612600,517
1650613500,535
1650614400,400
1650615300,193
1650616200,719
1650617100,981
1650618000,323
1650618900,237
1650619800,1092
1650620700,830
1650621600,1070
1650622500,1189
1650623400,435
1650624300,350
1650625200,248
1650626100,220
1650627000,406
1650627900,954
1650628800,974
1650629700,773
1650630600,729
1650631500,702
1650632400,857
1650633300,733
1650634200,706
1650635100,688
1650636000,446
1650636900,578
1650637800,424
1650638700,439
1650639600,262
1650640500,716
1650641400,482
1650642300,246
1650643200,252
1650644100,202
1650645000,232
1650645900,224
1650646800,228
1650647700,263
1650648600,250
1650649500,592
1650650400,796
1650651300,796
1650652200,826
1650653100,802
1650654000,703
1650654900,389
1650655800,391
1650656700,290
1650657600,327
1650658500,246
1650659400,220
1650660300,220
1650661200,254
1650662100,206
1650663000,156
1650663900,141
1650664800,108
1650665700,131
1650666600,116
1650667500,126
1650668400,150
1650669300,113
1650670200,120
1650671100,118
1650672000,119
1650672900,118
1650673800,151
1650674700,155
1650675600,101
1650676500,119
1650677400,102
1650678300,98
1650679200,115
1650680100,121
1650681000,127
1650681900,125
1650682800,110
1650683700,112
1650684600,138
1650685500,154
1650686400,792
1650687300,617
1650688200,163
1650689100,208
1650690000,183
1650690900,121
1650691800,133
1650692700,189
1650693600,329
1650694500,635
1650695400,433
1650696300,187
1650697200,530
1650698100,526
1650699000,123
1650699900,156
1650700800,181
1650701700,181
1650702600,202
1650703500,191
1650704400,186
1650705300,682
1650706200,379
1650707100,594
1650708000,1431
1650708900,674
1650709800,316
1650710700,385
1650711600,320
1650712500,253
1650713400,248
1650714300,190
1650715200,177
1650716100,219
1650717000,200
1650717900,203
1650718800,246
1650719700,429
1650720600,584
1650721500,485
1650722400,254
1650723300,546
1650724200,729
1650725100,332
1650726000,260
1650726900,218
1650727800,659
1650728700,543
1650729600,787
1650730500,757
1650731400,373
1650732300,375
1650733200,477
1650734100,660
1650735000,759
1650735900,744
1650736800,754
1650737700,729
1650738600,706
1650739500,455
1650740400,286
1650741300,310
1650742200,321
1650743100,313
1650744000,291
1650744900,233
1650745800,236
1650746700,264
1650747600,202
1650748500,154
1650749400,110
1650750300,164
1650751200,92
1650752100,125
1650753000,107
1650753900,110
1650754800,146
1650755700,86
1650756600,108
1650757500,102
1650758400,96
1650759300,112
1650760200,143
1650761100,178
1650762000,115
1650762900,98
1650763800,85
1650764700,102
1650765600,85
1650766500,104
1650767400,134
1650768300,96
1650769200,87
1650770100,118
1650771000,97
1650771900,114
1650772800,142
1650773700,193
1650774600,146
1650775500,167
1650776400,98
1650777300,207
1650778200,765
1650779100,695
1650780000,1288
1650780900,751
1650781800,248
1650782700,445
1650783600,689
1650784500,203
1650785400,241
1650786300,285
1650787200,274
1650788100,236
1650789000,462
1650789900,548
1650790800,584
1650791700,457
1650792600,469
1650793500,464
1650794400,614
1650795300,907
1650796200,305
1650797100,213
1650798000,193
1650798900,587
1650799800,1128
1650800700,923
1650801600,276
1650802500,325
1650803400,356
1650804300,310
1650805200,325
1650806100,389
1650807000,282
1650807900,263
1650808800,251
1650809700,265
1650810600,253
1650811500,279
1650812400,323
1650813300,321
1650814200,288
1650815100,273
1650816000,301
1650816900,279
1650817800,394
1650818700,386
1650819600,353
1650820500,305
1650821400,368
1650822300,322
1650823200,422
1650824100,743
1650825000,468
1650825900,283
1650826800,549
1650827700,630
1650828600,276
1650829500,257
1650830400,230
1650831300,297
1650832200,260
1650833100,243
1650834000,242
1650834900,214
1650835800,221
1650836700,196
1650837600,153
1650838500,120
1650839400,87
1650840300,99
1650841200,146
1650842100,85
1650843000,81
1650843900,164
1650844800,119
1650845700,103
1650846600,132
1650847500,102
1650848400,96
1650849300,135
1650850200,126
1650851100,116
1650852000,103
1650852900,103
1650853800,101
1650854700,109
1650855600,125
1650856500,139
1650857400,106
1650858300,95
1650859200,132
1650860100,485
1650861000,193
1650861900,217
1650862800,171
1650863700,162
1650864600,196
1650865500,145
1650866400,150
1650867300,192
1650868200,197
1650869100,205
1650870000,237
1650870900,797
1650871800,568
1650872700,610
1650873600,559
1650874500,634
1650875400,440
1650876300,492
1650877200,597
1650878100,1052
1650879000,1283
1650879900,1722
1650880800,1275
1650881700,604
1650882600,533
1650883500,442
1650884400,952
1650885300,482
1650886200,415
1650887100,363
1650888000,286
1650888900,253
1650889800,634
1650890700,253
1650891600,204
1650892500,225
1650893400,188
1650894300,204
1650895200,206
1650896100,156
1650897000,168
1650897900,170
1650898800,163
1650899700,161
1650900600,151
1650901500,149
1650902400,600
1650903300,1153
1650904200,1051
1650905100,774
1650906000,681
1650906900,261
1650907800,718
1650908700,703
1650909600,784
1650910500,706
1650911400,757
1650912300,693
1650913200,539
1650914100,217
1650915000,219
1650915900,229
1650916800,253
1650917700,225
1650918600,206
1650919500,243
1650920400,211
1650921300,252
1650922200,237
1650923100,106
1650924000,85
1650924900,94
1650925800,78
1650926700,98
1650927600,90
1650928500,112
1650929400,106
1650930300,92
1650931200,87
1650932100,103
1650933000,87
1650933900,103
1650934800,154
1650935700,100
1650936600,99
1650937500,115
1650938400,91
1650939300,121
1650940200,116
1650941100,124
1650942000,117
1650942900,105
1650943800,116
1650944700,154
1650945600,249
1650946500,563
1650947400,111
1650948300,121
1650949200,90
1650950100,127
1650951000,126
1650951900,522
1650952800,210
1650953700,168
1650954600,162
1650955500,214
1650956400,722
1650957300,388
1650958200,345
1650959100,347
1650960000,716
1650960900,253
1650961800,213
1650962700,206
1650963600,194
1650964500,280
1650965400,207
1650966300,171
1650967200,183
1650968100,174
1650969000,974
1650969900,616
1650970800,580
1650971700,227
1650972600,200
1650973500,229
1650974400,237
1650975300,256
1650976200,227
1650977100,218
1650978000,438
1650978900,623
1650979800,473
1650980700,254
1650981600,511
1650982500,642
1650983400,239
1650984300,716
1650985200,742
1650986100,764
1650987000,810
1650987900,866
1650988800,863
1650989700,327
1650990600,895
1650991500,1288
1650992400,863
1650993300,827
1650994200,1158
1650995100,1114
1650996000,1151
1650996900,765
1650997800,284
1650998700,700
1650999600,529
1651000500,265
1651001400,277
1651002300,264
1651003200,210
1651004100,156
1651005000,118
1651005900,148
1651006800,114
1651007700,126
1651008600,128
1651009500,101
1651010400,86
1651011300,103
1651012200,82
1651013100,110
1651014000,152
1651014900,117
1651015800,125
1651016700,109
1651017600,108
1651018500,111
1651019400,140
1651020300,112
1651021200,128
1651022100,101
1651023000,113
1651023900,120
1651024800,128
1651025700,129
1651026600,164
1651027500,120
1651028400,128
1651029300,144
1651030200,121
1651031100,197
1651032000,633
1651032900,496
1651033800,298
1651034700,142
1651035600,118
1651036500,118
1651037400,85
1651038300,70
1651039200,76
1651040100,88
1651041000,80
1651041900,79
1651042800,92
1651043700,89
1651044600,99
1651045500,71
1651046400,80
1651047300,72
1651048200,80
1651049100,110
1651050000,65
1651050900,61
1651051800,115
1651052700,60
1651053600,76
1651054500,148
1651055400,139
1651056300,141
1651057200,491
1651058100,640
1651059000,461
1651059900,172
1651060800,565
1651061700,504
1651062600,165
1651063500,198
1651064400,187
1651065300,162
1651066200,195
1651067100,173
1651068000,228
1651068900,197
1651069800,193
1651070700,565
1651071600,585
1651072500,1098
1651073400,929
1651074300,541
1651075200,484
1651076100,561
1651077000,932
1651077900,534
1651078800,587
1651079700,739
1651080600,951
1651081500,755
1651082400,1206
1651083300,781
1651084200,244
1651085100,247
1651086000,234
1651086900,225
1651087800,227
1651088700,241
1651089600,203
1651090500,213
1651091400,270
1651092300,215
1651093200,224
1651094100,229
1651095000,202
1651095900,122
1651096800,106
1651097700,122
1651098600,129
1651099500,117
1651100400,155
1651101300,114
1651102200,114
1651103100,114
1651104000,107
1651104900,117
1651105800,140
1651106700,122
1651107600,125
1651108500,108
1651109400,113
1651110300,139
1651111200,110
1651112100,143
1651113000,132
1651113900,99
1651114800,128
1651115700,110
1651116600,104
1651117500,147
1651118400,184
1651119300,592
1651120200,149
1651121100,142
1651122000,174
1651122900,181
1651123800,516
1651124700,482
1651125600,413
1651126500,194
1651127400,553
1651128300,440
1651129200,95
1651130100,132
1651131000,103
1651131900,92
1651132800,111
1651133700,83
1651134600,90
1651135500,134
1651136400,222
1651137300,175
1651138200,215
1651139100,177
1651140000,202
1651140900,171
1651141800,184
1651142700,176
1651143600,417
1651144500,307
1651145400,192
1651146300,496
1651147200,587
1651148100,265
1651149000,215
1651149900,162
1651150800,209
1651151700,705
1651152600,390
1651153500,285
1651154400,548
1651155300,799
1651156200,269
1651157100,298
1651158000,333
1651158900,386
1651159800,354
1651160700,291
1651161600,295
1651162500,1108
1651163400,418
1651164300,315
1651165200,327
1651166100,253
1651167000,389
1651167900,326
1651168800,453
1651169700,313
1651170600,316
1651171500,324
1651172400,291
1651173300,339
1651174200,305
1651175100,329
1651176000,286
1651176900,241
1651177800,226
1651178700,202
1651179600,199
1651180500,230
1651181400,328
1651182300,613
1651183200,296
1651184100,152
1651185000,236
1651185900,663
1651186800,133
1651187700,111
1651188600,112
1651189500,93
1651190400,91
1651191300,164
1651192200,124
1651193100,109
1651194000,107
1651194900,84
1651195800,110
1651196700,100
1651197600,109
1651198500,141
1651199400,87
1651200300,155
1651201200,115
1651202100,94
1651203000,120
1651203900,200
1651204800,493
1651205700,271
1651206600,120
1651207500,176
1651208400,162
1651209300,165
1651210200,125
1651211100,133
1651212000,132
1651212900,123
1651213800,130
1651214700,184
1651215600,250
1651216500,185
1651217400,164
1651218300,166
1651219200,150
1651220100,163
1651221000,210
1651221900,172
1651222800,169
1651223700,143
1651224600,161
1651225500,467
1651226400,316
1651227300,496
1651228200,202
1651229100,235
1651230000,321
1651230900,283
1651231800,631
1651232700,1171
1651233600,1399
1651234500,840
1651235400,480
1651236300,311
1651237200,747
1651238100,405
1651239000,229
1651239900,212
1651240800,379
1651241700,254
1651242600,241
1651243500,283
1651244400,265
1651245300,276
1651246200,352
1651247100,263
1651248000,290
1651248900,281
1651249800,284
1651250700,302
1651251600,272
1651252500,266
1651253400,303
1651254300,340
1651255200,541
1651256100,576
1651257000,290
1651257900,312
1651258800,335
1651259700,332
1651260600,353
1651261500,293
1651262400,264
1651263300,283
1651264200,259
1651265100,251
1651266000,244
1651266900,138
1651267800,95
1651268700,90
1651269600,75
1651270500,122
1651271400,114
1651272300,87
1651273200,112
1651274100,84
1651275000,93
1651275900,115
1651276800,89
1651277700,104
1651278600,91
1651279500,78
1651280400,120
1651281300,99
1651282200,94
1651283100,90
1651284000,95
1651284900,94
1651285800,125
1651286700,88
1651287600,111
1651288500,96
1651289400,94
1651290300,166
1651291200,460
1651292100,1212
1651293000,1000
1651293900,672
1651294800,641
1651295700,633
1651296600,612
1651297500,864
1651298400,598
1651299300,408
1651300200,180
1651301100,524
1651302000,529
1651302900,143
1651303800,152
1651304700,175
1651305600,174
1651306500,139
1651307400,117
1651308300,90
1651309200,135
1651310100,117
1651311000,102
1651311900,558
1651312800,634
1651313700,584
1651314600,474
1651315500,200
1651316400,153
1651317300,138
1651318200,134
1651319100,299
1651320000,175
1651320900,181
1651321800,192
1651322700,170
1651323600,185
1651324500,172
1651325400,186
1651326300,206
1651327200,196
1651328100,207
1651329000,209
1651329900,177
1651330800,236
1651331700,384
1651332600,203
1651333500,242
1651334400,682
1651335300,552
1651336200,455
1651337100,236
1651338000,922
1651338900,1210
1651339800,1147
1651340700,881
1651341600,778
1651342500,777
1651343400,779
1651344300,711
1651345200,779
1651346100,534
1651347000,297
1651347900,309
1651348800,277
1651349700,247
1651350600,230
1651351500,197
1651352400,202
1651353300,188
1651354200,178
1651355100,140
1651356000,117
1651356900,128
1651357800,158
1651358700,135
1651359600,105
1651360500,117
1651361400,122
1651362300,105
1651363200,125
1651364100,134
1651365000,111
1651365900,108
1651366800,96
1651367700,129
1651368600,130
1651369500,118
1651370400,144
1651371300,118
1651372200,114
1651373100,125
1651374000,113
1651374900,129
1651375800,142
1651376700,160
1651377600,160
1651378500,118
1651379400,133
1651380300,147
1651381200,164
1651382100,460
1651383000,267
1651383900,433
1651384800,595
1651385700,657
1651386600,678
1651387500,503
1651388400,248
1651389300,284
1651390200,330
1651391100,773
1651392000,422
1651392900,623
1651393800,544
1651394700,521
1651395600,330
1651396500,739
1651397400,824
1651398300,961
1651399200,1454
1651400100,992
1651401000,830
1651401900,760
1651402800,905
1651403700,486
1651404600,471
1651405500,559
1651406400,1041
1651407300,705
1651408200,677
1651409100,690
1651410000,669
1651410900,291
1651411800,167
1651412700,192
1651413600,427
1651414500,197
1651415400,162
1651416300,205
1651417200,207
1651418100,204
1651419000,474
1651419900,327
1651420800,212
1651421700,211
1651422600,203
1651423500,220
1651424400,210
1651425300,239
1651426200,244
1651427100,211
1651428000,306
1651428900,363
1651429800,502
1651430700,397
1651431600,388
1651432500,354
1651433400,378
1651434300,346
1651435200,339
1651436100,362
1651437000,328
1651437900,305
1651438800,296
1651439700,261
1651440600,313
1651441500,238
1651442400,114
1651443300,117
1651444200,141
1651445100,128
1651446000,112
1651446900,109
1651447800,119
1651448700,123
1651449600,102
1651450500,155
1651451400,137
1651452300,102
1651453200,115
1651454100,121
1651455000,119
1651455900,121
1651456800,128
1651457700,140
1651458600,112
1651459500,103
1651460400,125
1651461300,109
1651462200,98
1651463100,142
1651464000,165
1651464900,125
1651465800,136
1651466700,105
1651467600,144
1651468500,231
1651469400,769
1651470300,268
1651471200,174
1651472100,175
1651473000,218
1651473900,215
1651474800,214
1651475700,205
1651476600,223
1651477500,191
1651478400,193
1651479300,182
1651480200,194
1651481100,211
1651482000,239
1651482900,235
1651483800,310
1651484700,925
1651485600,933
1651486500,382
1651487400,234
1651488300,246
1651489200,257
1651490100,423
1651491000,227
1651491900,230
1651492800,239
1651493700,249
1651494600,196
1651495500,179
1651496400,189
1651497300,210
1651498200,251
1651499100,231
1651500000,224
1651500900,267
1651501800,268
1651502700,261
1651503600,292
1651504500,288
1651505400,303
1651506300,348
1651507200,284
1651508100,339
1651509000,296
1651509900,287
1651510800,441
1651511700,502
1651512600,437
1651513500,468
1651514400,444
1651515300,476
1651516200,747
1651517100,732
1651518000,438
1651518900,376
1651519800,401
1651520700,399
1651521600,325
1651522500,393
1651523400,334
1651524300,275
1651525200,178
1651526100,148
1651527000,129
1651527900,136
1651528800,154
1651529700,161
1651530600,136
1651531500,136
1651532400,146
1651533300,134
1651534200,124
1651535100,154
1651536000,128
1651536900,122
1651537800,154
1651538700,153
1651539600,145
1651540500,131
1651541400,166
1651542300,148
1651543200,138
1651544100,146
1651545000,137
1651545900,146
1651546800,159
1651547700,157
1651548600,160
1651549500,156
1651550400,165
1651551300,564
1651552200,286
1651553100,611
1651554000,372
1651554900,371
1651555800,190
1651556700,678
1651557600,476
1651558500,225
1651559400,572
1651560300,673
1651561200,669
1651562100,588
1651563000,611
1651563900,597
1651564800,586
1651565700,583
1651566600,1025
1651567500,968
1651568400,894
1651569300,1112
1651570200,305
1651571100,754
1651572000,927
1651572900,1491
1651573800,1117
1651574700,1240
1651575600,272
1651576500,265
1651577400,270
1651578300,299
1651579200,342
1651580100,146
1651581000,166
1651581900,156
1651582800,121
1651583700,128
1651584600,165
1651585500,158
1651586400,162
1651587300,248
1651588200,617
1651589100,462
1651590000,469
1651590900,315
1651591800,304
1651592700,287
1651593600,280
1651594500,309
1651595400,267
1651596300,273
1651597200,289
1651598100,348
1651599000,314
1651599900,316
1651600800,358
1651601700,331
1651602600,422
1651603500,418
1651604400,372
1651605300,374
1651606200,625
1651607100,864
1651608000,516
1651608900,273
1651609800,277
1651610700,249
1651611600,279
1651612500,337
1651613400,205
1651614300,117
1651615200,117
1651616100,148
1651617000,130
1651617900,101
1651618800,116
1651619700,112
1651620600,102
1651621500,129
1651622400,143
1651623300,122
1651624200,111
1651625100,100
1651626000,117
1651626900,119
1651627800,110
1651628700,141
1651629600,124
1651630500,109
1651631400,110
1651632300,92
1651633200,108
1651634100,106
1651635000,130
1651635900,195
1651636800,699
1651637700,902
1651638600,1136
1651639500,970
1651640400,803
1651641300,825
1651642200,979
1651643100,1189
1651644000,888
1651644900,367
1651645800,604
1651646700,965
1651647600,768
1651648500,815
1651649400,799
1651650300,804
1651651200,716
1651652100,665
1651653000,234
1651653900,180
1651654800,234
1651655700,209
1651656600,188
1651657500,289
1651658400,549
1651659300,217
1651660200,275
1651661100,249
1651662000,222
1651662900,306
1651663800,273
1651664700,177
1651665600,172
1651666500,175
1651667400,187
1651668300,169
1651669200,171
1651670100,156
1651671000,170
1651671900,724
1651672800,375
1651673700,233
1651674600,231
1651675500,598
1651676400,1097
1651677300,924
1651678200,370
1651679100,220
1651680000,520
1651680900,613
1651681800,313
1651682700,507
1651683600,1202
1651684500,786
1651685400,1181
1651686300,1131
1651687200,1289
1651688100,824
1651689000,789
1651689900,417
1651690800,397
1651691700,362
1651692600,359
1651693500,375
1651694400,250
1651695300,204
1651696200,205
1651697100,263
1651698000,268
1651698900,256
1651699800,289
1651700700,259
1651701600,231
1651702500,155
1651703400,125
1651704300,110
1651705200,99
1651706100,123
1651707000,114
1651707900,105
1651708800,119
1651709700,122
1651710600,123
1651711500,117
1651712400,150
1651713300,123
1651714200,125
1651715100,107
1651716000,122
1651716900,111
1651717800,118
1651718700,202
1651719600,200
1651720500,124
1651721400,136
1651722300,142
1651723200,330
1651724100,251
1651725000,136
1651725900,204
1651726800,127
1651727700,107
1651728600,110
1651729500,113
1651730400,290
1651731300,572
1651732200,564
1651733100,458
1651734000,129
1651734900,122
1651735800,151
1651736700,128
1651737600,162
1651738500,176
1651739400,292
1651740300,197
1651741200,143
1651742100,164
1651743000,213
1651743900,230
1651744800,240
1651745700,240
1651746600,224
1651747500,212
1651748400,194
1651749300,439
1651750200,162
1651751100,174
1651752000,447
1651752900,172
1651753800,161
1651754700,147
1651755600,148
1651756500,192
1651757400,176
1651758300,206
1651759200,174
1651760100,151
1651761000,157
1651761900,187
1651762800,221
1651763700,240
1651764600,610
1651765500,511
1651766400,796
1651767300,623
1651768200,787
1651769100,417
1651770000,271
1651770900,347
1651771800,338
1651772700,492
1651773600,373
1651774500,387
1651775400,385
1651776300,408
1651777200,359
1651778100,342
1651779000,313
1651779900,306
1651780800,250
1651781700,168
1651782600,154
1651783500,125
1651784400,172
1651785300,146
1651786200,111
1651787100,123
1651788000,117
1651788900,129
1651789800,122
1651790700,140
1651791600,145
1651792500,116
1651793400,114
1651794300,127
1651795200,119
1651796100,129
1651797000,137
1651797900,141
1651798800,125
1651799700,119
1651800600,117
1651801500,123
1651802400,107
1651803300,123
1651804200,132
1651805100,144
1651806000,142
1651806900,243
1651807800,154
1651808700,143
1651809600,442
1651810500,847
1651811400,1186
1651812300,891
1651813200,767
1651814100,654
1651815000,671
1651815900,566
1651816800,326
1651817700,360
1651818600,277
1651819500,280
1651820400,266
1651821300,251
1651822200,276
1651823100,271
1651824000,319
1651824900,305
1651825800,356
1651826700,257
1651827600,255
1651828500,254
1651829400,266
1651830300,300
1651831200,316
1651832100,278
1651833000,264
1651833900,281
1651834800,477
1651835700,280
1651836600,339
1651837500,286
1651838400,257
1651839300,286
1651840200,712
1651841100,458
1651842000,474
1651842900,305
1651843800,806
1651844700,480
1651845600,272
1651846500,270
1651847400,298
1651848300,564
1651849200,1242
1651850100,935
1651851000,592
1651851900,425
1651852800,306
1651853700,308
1651854600,342
1651855500,384
1651856400,417
1651857300,773
1651858200,1232
1651859100,938
1651860000,945
1651860900,1142
1651861800,951
1651862700,558
1651863600,426
1651864500,366
1651865400,303
1651866300,315
1651867200,309
1651868100,251
1651869000,197
1651869900,242
1651870800,214
1651871700,151
1651872600,109
1651873500,116
1651874400,116
1651875300,101
1651876200,131
1651877100,119
1651878000,102
1651878900,116
1651879800,119
1651880700,119
1651881600,117
1651882500,125
1651883400,156
1651884300,113
1651885200,110
1651886100,127
1651887000,119
1651887900,116
1651888800,125
1651889700,133
1651890600,130
1651891500,107
1651892400,114
1651893300,255
1651894200,127
1651895100,152
1651896000,286
1651896900,598
1651897800,208
1651898700,240
1651899600,217
1651900500,693
1651901400,454
1651902300,293
1651903200,339
1651904100,671
1651905000,164
1651905900,146
1651906800,158
1651907700,266
1651908600,182
1651909500,215
1651910400,183
1651911300,191
1651912200,197
1651913100,514
1651914000,1096
1651914900,360
1651915800,461
1651916700,252
1651917600,205
1651918500,203
1651919400,207
1651920300,201
1651921200,184
1651922100,208
1651923000,220
1651923900,230
1651924800,171
1651925700,228
1651926600,182
1651927500,170
1651928400,218
1651929300,211
1651930200,177
1651931100,196
1651932000,255
1651932900,194
1651933800,238
1651934700,269
1651935600,303
1651936500,424
1651937400,730
1651938300,775
1651939200,694
1651940100,693
1651941000,719
1651941900,749
1651942800,545
1651943700,477
1651944600,282
1651945500,250
1651946400,238
1651947300,264
1651948200,314
1651949100,296
1651950000,267
1651950900,234
1651951800,246
1651952700,247
1651953600,263
1651954500,310
1651955400,349
1651956300,309
1651957200,313
1651958100,300
1651959000,211
1651959900,117
1651960800,112
1651961700,156
1651962600,126
1651963500,110
1651964400,116
1651965300,112
1651966200,131
1651967100,116
1651968000,133
1651968900,146
1651969800,115
1651970700,112
1651971600,118
1651972500,107
1651973400,116
1651974300,127
1651975200,126
1651976100,104
1651977000,114
1651977900,156
1651978800,120
1651979700,114
1651980600,129
1651981500,169
1651982400,653
1651983300,527
1651984200,498
1651985100,337
1651986000,118
1651986900,464
1651987800,512
1651988700,115
1651989600,127
1651990500,118
1651991400,93
1651992300,142
1651993200,104
1651994100,126
1651995000,130
1651995900,95
1651996800,116
1651997700,104
1651998600,84
1651999500,92
1652000400,100
1652001300,182
1652002200,182
1652003100,174
1652004000,215
1652004900,322
1652005800,603
1652006700,526
1652007600,487
1652008500,228
1652009400,178
1652010300,171
1652011200,177
1652012100,143
1652013000,161
1652013900,448
1652014800,508
1652015700,464
1652016600,225
1652017500,682
1652018400,411
1652019300,201
1652020200,247
1652021100,271
1652022000,678
1652022900,429
1652023800,210
1652024700,211
1652025600,230
1652026500,261
1652027400,267
1652028300,241
1652029200,233
1652030100,223
1652031000,211
1652031900,222
1652032800,248
1652033700,298
1652034600,275
1652035500,289
1652036400,524
1652037300,330
1652038200,338
1652039100,352
1652040000,359
1652040900,285
1652041800,291
1652042700,271
1652043600,247
1652044500,230
1652045400,119
1652046300,130
1652047200,98
1652048100,77
1652049000,100
1652049900,122
1652050800,121
1652051700,135
1652052600,147
1652053500,134
1652054400,118
1652055300,110
1652056200,121
1652057100,111
1652058000,113
1652058900,154
1652059800,133
1652060700,127
1652061600,117
1652062500,113
1652063400,115
1652064300,108
1652065200,140
1652066100,145
1652067000,105
1652067900,168
1652068800,162
1652069700,115
1652070600,108
1652071500,124
1652072400,159
1652073300,163
1652074200,247
1652075100,216
1652076000,181
1652076900,162
1652077800,208
1652078700,365
1652079600,212
1652080500,223
1652081400,183
1652082300,195
1652083200,254
1652084100,287
1652085000,299
1652085900,279
1652086800,257
1652087700,258
1652088600,246
1652089500,391
1652090400,924
1652091300,786
1652092200,386
1652093100,220
1652094000,232
1652094900,210
1652095800,264
1652096700,748
1652097600,388
1652098500,281
1652099400,263
1652100300,257
1652101200,243
1652102100,360
1652103000,838
1652103900,466
1652104800,323
1652105700,357
1652106600,792
1652107500,313
1652108400,256
1652109300,263
1652110200,226
1652111100,249
1652112000,222
1652112900,211
1652113800,211
1652114700,218
1652115600,233
1652116500,228
1652117400,281
1652118300,339
1652119200,303
1652120100,315
1652121000,335
1652121900,340
1652122800,306
1652123700,342
1652124600,343
1652125500,321
1652126400,289
1652127300,272
1652128200,261
1652129100,219
1652130000,220
1652130900,165
1652131800,115
1652132700,114
1652133600,115
1652134500,133
1652135400,105
1652136300,91
1652137200,105
1652138100,99
1652139000,102
1652139900,133
1652140800,131
1652141700,110
1652142600,93
1652143500,113
1652144400,104
1652145300,96
1652146200,123
1652147100,123
1652148000,144
1652148900,127
1652149800,126
1652150700,118
1652151600,114
1652152500,137
1652153400,136
1652154300,141
1652155200,184
1652156100,299
1652157000,155
1652157900,143
1652158800,346
1652159700,164
1652160600,150
1652161500,358
1652162400,585
1652163300,461
1652164200,475
1652165100,989
1652166000,980
1652166900,847
1652167800,786
1652168700,559
1652169600,604
1652170500,535
1652171400,515
1652172300,511
1652173200,471
1652174100,475
1652175000,546
1652175900,1159
1652176800,496
1652177700,267
1652178600,264
1652179500,206
1652180400,432
1652181300,451
1652182200,464
1652183100,614
1652184000,921
1652184900,1049
1652185800,636
1652186700,635
1652187600,621
1652188500,152
1652189400,150
1652190300,154
1652191200,166
1652192100,153
1652193000,119
1652193900,126
1652194800,200
1652195700,208
1652196600,223
1652197500,248
1652198400,193
1652199300,663
1652200200,1164
1652201100,879
1652202000,719
1652202900,924
1652203800,740
1652204700,454
1652205600,282
1652206500,295
1652207400,266
1652208300,260
1652209200,281
1652210100,338
1652211000,322
1652211900,311
1652212800,265
1652213700,235
1652214600,191
1652215500,179
1652216400,130
1652217300,92
1652218200,104
1652219100,98
1652220000,101
1652220900,140
1652221800,149
1652222700,139
1652223600,111
1652224500,120
1652225400,117
1652226300,105
1652227200,124
1652228100,134
1652229000,149
1652229900,124
1652230800,114
1652231700,120
1652232600,106
1652233500,129
1652234400,148
1652235300,126
1652236200,120
1652237100,113
1652238000,130
1652238900,124
1652239800,107
1652240700,166
1652241600,748
1652242500,957
1652243400,1077
1652244300,769
1652245200,772
1652246100,734
1652247000,787
1652247900,752
1652248800,412
1652249700,240
1652250600,237
1652251500,268
1652252400,250
1652253300,317
1652254200,308
1652255100,261
1652256000,285
1652256900,283
1652257800,297
1652258700,301
1652259600,452
1652260500,478
1652261400,256
1652262300,189
1652263200,175
1652264100,160
1652265000,201
1652265900,188
1652266800,580
1652267700,466
1652268600,319
1652269500,289
1652270400,716
1652271300,323
1652272200,198
1652273100,168
1652274000,168
1652274900,164
1652275800,161
1652276700,154
1652277600,261
1652278500,583
1652279400,383
1652280300,363
1652281200,483
1652282100,884
1652283000,277
1652283900,336
1652284800,334
1652285700,308
1652286600,288
1652287500,295
1652288400,263
1652289300,266
1652290200,534
1652291100,1205
1652292000,1192
1652292900,861
1652293800,909
1652294700,788
1652295600,480
1652296500,368
1652297400,578
1652298300,320
1652299200,354
1652300100,270
1652301000,193
1652301900,177
1652302800,189
1652303700,142
1652304600,115
1652305500,120
1652306400,106
1652307300,114
1652308200,109
1652309100,134
1652310000,134
1652310900,100
1652311800,121
1652312700,122
1652313600,119
1652314500,105
1652315400,117
1652316300,118
1652317200,92
1652318100,105
1652319000,124
1652319900,113
1652320800,126
1652321700,141
1652322600,128
1652323500,120
1652324400,134
1652325300,213
1652326200,120
1652327100,156
1652328000,407
1652328900,320
1652329800,249
1652330700,282
1652331600,276
1652332500,742
1652333400,476
1652334300,318
1652335200,537
1652336100,663
1652337000,270
1652337900,253
1652338800,290
1652339700,243
1652340600,242
1652341500,227
1652342400,762
1652343300,1043
1652344200,701
1652345100,678
1652346000,670
1652346900,801
1652347800,335
1652348700,378
1652349600,662
1652350500,271
1652351400,195
1652352300,197
1652353200,206
1652354100,205
1652355000,184
1652355900,190
1652356800,268
1652357700,158
1652358600,191
1652359500,238
1652360400,170
1652361300,195
1652362200,179
1652363100,199
1652364000,187
1652364900,357
1652365800,169
1652366700,194
1652367600,235
1652368500,299
1652369400,314
1652370300,320
1652371200,282
1652372100,283
1652373000,265
1652373900,419
1652374800,996
1652375700,1097
1652376600,496
1652377500,454
1652378400,301
1652379300,331
1652380200,343
1652381100,428
1652382000,845
1652382900,553
1652383800,560
1652384700,366
1652385600,783
1652386500,437
1652387400,255
1652388300,149
1652389200,85
1652390100,93
1652391000,135
1652391900,126
1652392800,130
1652393700,121
1652394600,114
1652395500,101
1652396400,100
1652397300,108
1652398200,100
1652399100,125
1652400000,126
1652400900,109
1652401800,104
1652402700,96
1652403600,104
1652404500,97
1652405400,112
1652406300,148
1652407200,106
1652408100,105
1652409000,101
1652409900,125
1652410800,117
1652411700,213
1652412600,141
1652413500,117
1652414400,217
1652415300,696
1652416200,284
1652417100,333
1652418000,279
1652418900,264
1652419800,286
1652420700,634
1652421600,434
1652422500,402
1652423400,359
1652424300,777
1652425200,270
1652426100,214
1652427000,155
1652427900,550
1652428800,1153
1652429700,979
1652430600,742
1652431500,670
1652432400,219
1652433300,411
1652434200,441
1652435100,320
1652436000,326
1652436900,159
1652437800,177
1652438700,158
1652439600,158
1652440500,683
1652441400,1041
1652442300,725
1652443200,704
1652444100,728
1652445000,651
1652445900,491
1652446800,220
1652447700,192
1652448600,183
1652449500,171
1652450400,209
1652451300,181
1652452200,227
1652453100,229
1652454000,227
1652454900,270
1652455800,282
1652456700,313
1652457600,268
1652458500,272
1652459400,1103
1652460300,1359
1652461200,725
1652462100,375
1652463000,873
1652463900,436
1652464800,976
1652465700,1155
1652466600,890
1652467500,574
1652468400,405
1652469300,371
1652470200,387
1652471100,351
1652472000,303
1652472900,280
1652473800,169
1652474700,169
1652475600,131
1652476500,105
1652477400,117
1652478300,112
1652479200,143
1652480100,156
1652481000,142
1652481900,135
1652482800,112
1652483700,116
1652484600,121
1652485500,94
1652486400,126
1652487300,120
1652488200,105
1652489100,135
1652490000,125
1652490900,121
1652491800,112
1652492700,149
1652493600,140
1652494500,106
1652495400,127
1652496300,122
1652497200,175
1652498100,244
1652499000,146
1652499900,149
1652500800,415
1652501700,842
1652502600,246
1652503500,182
1652504400,152
1652505300,193
1652506200,567
1652507100,287
1652508000,341
1652508900,158
1652509800,613
1652510700,199
1652511600,125
1652512500,117
1652513400,116
1652514300,99
1652515200,101
1652516100,99
1652517000,127
1652517900,129
1652518800,104
1652519700,110
1652520600,196
1652521500,862
1652522400,224
1652523300,310
1652524200,203
1652525100,175
1652526000,171
1652526900,202
1652527800,215
1652528700,235
1652529600,213
1652530500,229
1652531400,222
1652532300,187
1652533200,203
1652534100,174
1652535000,196
1652535900,187
1652536800,203
1652537700,272
1652538600,188
1652539500,250
1652540400,289
1652541300,247
1652542200,332
1652543100,466
1652544000,282
1652544900,461
1652545800,893
1652546700,936
1652547600,695
1652548500,939
1652549400,961
1652550300,434
1652551200,483
1652552100,458
1652553000,471
1652553900,485
1652554800,437
1652555700,411
1652556600,391
1652557500,347
1652558400,314
1652559300,309
1652560200,258
1652561100,123
1652562000,146
1652562900,123
1652563800,113
1652564700,119
1652565600,104
1652566500,120
1652567400,133
1652568300,152
1652569200,127
1652570100,104
1652571000,121
1652571900,108
1652572800,112
1652573700,120
1652574600,136
1652575500,140
1652576400,129
1652577300,133
1652578200,125
1652579100,110
1652580000,122
1652580900,135
1652581800,150
1652582700,282
1652583600,97
1652584500,109
1652585400,105
1652586300,154
1652587200,338
1652588100,299
1652589000,164
1652589900,190
1652590800,162
1652591700,158
1652592600,140
1652593500,180
1652594400,177
1652595300,244
1652596200,374
1652597100,506
1652598000,346
1652598900,146
1652599800,551
1652600700,413
1652601600,142
1652602500,160
1652603400,150
1652604300,162
1652605200,194
1652606100,204
1652607000,140
1652607900,96
1652608800,104
1652609700,109
1652610600,132
1652611500,189
1652612400,150
1652613300,144
1652614200,155
1652615100,295
1652616000,527
1652616900,426
1652617800,243
1652618700,351
1652619600,597
1652620500,116
1652621400,131
1652622300,163
1652623200,449
1652624100,609
1652625000,240
1652625900,239
1652626800,237
1652627700,676
1652628600,439
1652629500,503
1652630400,342
1652631300,797
1652632200,261
1652633100,237
1652634000,223
1652634900,297
1652635800,325
1652636700,393
1652637600,744
1652638500,720
1652639400,813
1652640300,806
1652641200,805
1652642100,636
1652643000,323
1652643900,302
1652644800,268
1652645700,217
1652646600,216
1652647500,194
1652648400,138
1652649300,121
1652650200,128
1652651100,111
1652652000,121
1652652900,132
1652653800,150
1652654700,144
1652655600,114
1652656500,103
1652657400,108
1652658300,94
1652659200,108
1652660100,161
1652661000,148
1652661900,123
1652662800,120
1652663700,122
1652664600,118
1652665500,107
1652666400,146
1652667300,144
1652668200,113
1652669100,128
1652670000,121
1652670900,117
1652671800,120
1652672700,154
1652673600,190
1652674500,118
1652675400,103
1652676300,113
1652677200,146
1652678100,348
1652679000,776
1652679900,690
1652680800,492
1652681700,458
1652682600,358
1652683500,326
1652684400,610
1652685300,595
1652686200,560
1652687100,326
1652688000,631
1652688900,663
1652689800,308
1652690700,321
1652691600,363
1652692500,367
1652693400,421
1652694300,589
1652695200,366
1652696100,367
1652697000,304
1652697900,447
1652698800,423
1652699700,181
1652700600,205
1652701500,519
1652702400,400
1652703300,433
1652704200,230
1652705100,699
1652706000,283
1652706900,192
1652707800,228
1652708700,330
1652709600,270
1652710500,256
1652711400,211
1652712300,243
1652713200,254
1652714100,215
1652715000,220
1652715900,210
1652716800,224
1652717700,247
1652718600,237
1652719500,251
1652720400,223
1652721300,248
1652722200,234
1652723100,225
1652724000,228
1652724900,268
1652725800,287
1652726700,839
1652727600,1728
1652728500,1336
1652729400,927
1652730300,851
1652731200,758
1652732100,721
1652733000,459
1652733900,261
1652734800,265
1652735700,224
1652736600,228
1652737500,197
1652738400,204
1652739300,217
1652740200,223
1652741100,207
1652742000,214
1652742900,240
1652743800,224
1652744700,243
1652745600,246
1652746500,238
1652747400,253
1652748300,246
1652749200,271
1652750100,260
1652751000,351
1652751900,461
1652752800,252
1652753700,164
1652754600,109
1652755500,122
1652756400,127
1652757300,127
1652758200,120
1652759100,147
1652760000,206
1652760900,272
1652761800,396
1652762700,566
1652763600,344
1652764500,380
1652765400,272
1652766300,620
1652767200,429
1652768100,257
1652769000,315
1652769900,252
1652770800,261
1652771700,252
1652772600,326
1652773500,293
1652774400,246
1652775300,295
1652776200,284
1652777100,306
1652778000,294
1652778900,590
1652779800,1236
1652780700,1594
1652781600,994
1652782500,810
1652783400,436
1652784300,411
1652785200,680
1652786100,474
1652787000,286
1652787900,285
1652788800,269
1652789700,255
1652790600,252
1652791500,238
1652792400,318
1652793300,342
1652794200,315
1652795100,385
1652796000,576
1652796900,441
1652797800,258
1652798700,448
1652799600,721
1652800500,265
1652801400,238
1652802300,222
1652803200,203
1652804100,220
1652805000,220
1652805900,247
1652806800,320
1652807700,239
1652808600,280
1652809500,233
1652810400,243
1652811300,248
1652812200,268
1652813100,307
1652814000,335
1652814900,358
1652815800,330
1652816700,309
1652817600,268
1652818500,263
1652819400,319
1652820300,286
1652821200,272
1652822100,221
1652823000,193
1652823900,129
1652824800,124
1652825700,162
1652826600,137
1652827500,98
1652828400,108
1652829300,94
1652830200,122
1652831100,130
1652832000,160
1652832900,154
1652833800,119
1652834700,124
1652835600,122
1652836500,116
1652837400,124
1652838300,137
1652839200,150
1652840100,113
1652841000,130
1652841900,128
1652842800,122
1652843700,136
1652844600,148
1652845500,181
1652846400,250
1652847300,550
1652848200,256
1652849100,677
1652850000,389
1652850900,394
1652851800,302
1652852700,694
1652853600,166
1652854500,185
1652855400,186
1652856300,192
1652857200,199
1652858100,176
1652859000,126
1652859900,109
1652860800,114
1652861700,110
1652862600,126
1652863500,142
1652864400,130
1652865300,109
1652866200,93
1652867100,114
1652868000,97
1652868900,120
1652869800,163
1652870700,193
1652871600,156
1652872500,173
1652873400,206
1652874300,450
1652875200,465
1652876100,442
1652877000,227
1652877900,492
1652878800,574
1652879700,211
1652880600,222
1652881500,201
1652882400,226
1652883300,529
1652884200,554
1652885100,325
1652886000,224
1652886900,221
1652887800,232
1652888700,241
1652889600,260
1652890500,252
1652891400,386
1652892300,277
1652893200,239
1652894100,240
1652895000,380
1652895900,380
1652896800,342
1652897700,344
1652898600,393
1652899500,330
1652900400,344
1652901300,376
1652902200,351
1652903100,352
1652904000,325
1652904900,297
1652905800,301
1652906700,586
1652907600,503
1652908500,397
1652909400,133
1652910300,657
1652911200,184
1652912100,111
1652913000,113
1652913900,140
1652914800,128
1652915700,92
1652916600,105
1652917500,105
1652918400,100
1652919300,117
1652920200,143
1652921100,153
1652922000,125
1652922900,107
1652923800,116
1652924700,96
1652925600,99
1652926500,133
1652927400,113
1652928300,143
1652929200,133
1652930100,119
1652931000,118
1652931900,129
1652932800,288
1652933700,996
1652934600,1081
1652935500,765
1652936400,664
1652937300,814
1652938200,683
1652939100,721
1652940000,419
1652940900,665
1652941800,321
1652942700,227
1652943600,317
1652944500,704
1652945400,196
1652946300,213
1652947200,141
1652948100,151
1652949000,137
1652949900,131
1652950800,147
1652951700,588
1652952600,629
1652953500,579
1652954400,793
1652955300,919
1652956200,499
1652957100,470
1652958000,762
1652958900,232
1652959800,182
1652960700,153
1652961600,149
1652962500,156
1652963400,307
1652964300,172
1652965200,167
1652966100,323
1652967000,226
1652967900,137
1652968800,292
1652969700,463
1652970600,178
1652971500,481
1652972400,382
1652973300,334
1652974200,309
1652975100,270
1652976000,228
1652976900,248
1652977800,437
1652978700,295
1652979600,244
1652980500,240
1652981400,231
1652982300,297
1652983200,477
1652984100,649
1652985000,559
1652985900,300
1652986800,706
1652987700,566
1652988600,321
1652989500,312
1652990400,231
1652991300,154
1652992200,107
1652993100,154
1652994000,108
1652994900,116
1652995800,134
1652996700,96
1652997600,98
1652998500,91
1652999400,108
1653000300,110
1653001200,137
1653002100,156
1653003000,110
1653003900,123
1653004800,121
1653005700,114
1653006600,132
1653007500,146
1653008400,140
1653009300,120
1653010200,109
1653011100,125
1653012000,115
1653012900,112
1653013800,164
1653014700,140
1653015600,117
1653016500,266
1653017400,117
1653018300,129
1653019200,383
1653020100,675
1653021000,610
1653021900,738
1653022800,643
1653023700,621
1653024600,1061
1653025500,282
1653026400,304
1653027300,206
1653028200,674
1653029100,210
1653030000,119
1653030900,124
1653031800,142
1653032700,225
1653033600,136
1653034500,142
1653035400,204
1653036300,170
1653037200,158
1653038100,170
1653039000,181
1653039900,165
1653040800,740
1653041700,463
1653042600,216
1653043500,185
1653044400,262
1653045300,219
1653046200,549
1653047100,209
1653048000,197
1653048900,217
1653049800,208
1653050700,235
1653051600,238
1653052500,190
1653053400,176
1653054300,164
1653055200,190
1653056100,188
1653057000,202
1653057900,260
1653058800,362
1653059700,222
1653060600,260
1653061500,229
1653062400,227
1653063300,287
1653064200,231
1653065100,187
1653066000,789
1653066900,862
1653067800,734
1653068700,746
1653069600,702
1653070500,632
1653071400,357
1653072300,278
1653073200,444
1653074100,718
1653075000,534
1653075900,358
1653076800,710
1653077700,558
1653078600,258
1653079500,136
1653080400,117
1653081300,117
1653082200,144
1653083100,134
1653084000,100
1653084900,112
1653085800,113
1653086700,106
1653087600,132
1653088500,142
1653089400,117
1653090300,113
1653091200,99
1653092100,110
1653093000,116
1653093900,133
1653094800,167
1653095700,115
1653096600,101
1653097500,113
1653098400,117
1653099300,131
1653100200,160
1653101100,160
1653102000,131
1653102900,128
1653103800,125
1653104700,142
1653105600,415
1653106500,1143
1653107400,1046
1653108300,728
1653109200,685
1653110100,683
1653111000,465
1653111900,187
1653112800,224
1653113700,175
1653114600,156
1653115500,162
1653116400,151
1653117300,321
1653118200,888
1653119100,1497
1653120000,1008
1653120900,782
1653121800,760
1653122700,659
1653123600,565
1653124500,590
1653125400,724
1653126300,413
1653127200,203
1653128100,240
1653129000,175
1653129900,200
1653130800,505
1653131700,523
1653132600,408
1653133500,191
1653134400,525
1653135300,533
1653136200,162
1653137100,361
1653138000,1038
1653138900,975
1653139800,736
1653140700,714
1653141600,662
1653142500,582
1653143400,296
1653144300,388
1653145200,428
1653146100,320
1653147000,640
1653147900,536
1653148800,311
1653149700,272
1653150600,245
1653151500,254
1653152400,375
1653153300,625
1653154200,449
1653155100,267
1653156000,671
1653156900,608
1653157800,317
1653158700,362
1653159600,282
1653160500,247
1653161400,299
1653162300,269
1653163200,191
1653164100,126
1653165000,121
1653165900,120
1653166800,113
1653167700,130
1653168600,121
1653169500,99
1653170400,92
1653171300,113
1653172200,123
1653173100,117
1653174000,143
1653174900,120
1653175800,114
1653176700,118
1653177600,110
1653178500,117
1653179400,127
1653180300,128
1653181200,122
1653182100,114
1653183000,107
1653183900,124
1653184800,111
1653185700,127
1653186600,143
1653187500,104
1653188400,112
1653189300,116
1653190200,105
1653191100,151
1653192000,287
1653192900,312
1653193800,174
1653194700,172
1653195600,222
1653196500,281
1653197400,282
1653198300,322
1653199200,313
1653200100,422
1653201000,320
1653201900,319
1653202800,313
1653203700,378
1653204600,339
1653205500,357
1653206400,367
1653207300,365
1653208200,378
1653209100,375
1653210000,381
1653210900,427
1653211800,627
1653212700,493
1653213600,943
1653214500,310
1653215400,294
1653216300,300
1653217200,290
1653218100,267
1653219000,204
1653219900,247
1653220800,344
1653221700,326
1653222600,332
1653223500,339
1653224400,371
1653225300,831
1653226200,473
1653227100,432
1653228000,442
1653228900,884
1653229800,375
1653230700,329
1653231600,447
1653232500,761
1653233400,343
1653234300,373
1653235200,393
1653236100,365
1653237000,420
1653237900,376
1653238800,448
1653239700,309
1653240600,372
1653241500,324
1653242400,311
1653243300,320
1653244200,336
1653245100,351
1653246000,348
1653246900,355
1653247800,368
1653248700,328
1653249600,325
1653250500,275
1653251400,265
1653252300,281
1653253200,334
1653254100,346
1653255000,270
1653255900,264
1653256800,245
1653257700,252
1653258600,258
1653259500,202
1653260400,146
1653261300,124
1653262200,128
1653263100,124
1653264000,111
1653264900,141
1653265800,135
1653266700,117
1653267600,116
1653268500,98
1653269400,126
1653270300,133
1653271200,130
1653272100,157
1653273000,130
1653273900,122
1653274800,126
1653275700,124
1653276600,117
1653277500,163
1653278400,170
1653279300,125
1653280200,148
1653281100,140
1653282000,154
1653282900,142
1653283800,164
1653284700,598
1653285600,1003
1653286500,790
1653287400,672
1653288300,654
1653289200,708
1653290100,819
1653291000,690
1653291900,439
1653292800,406
1653293700,329
1653294600,791
1653295500,284
1653296400,282
1653297300,242
1653298200,237
1653299100,237
1653300000,822
1653300900,242
1653301800,226
1653302700,256
1653303600,206
1653304500,230
1653305400,212
1653306300,249
1653307200,223
1653308100,199
1653309000,209
1653309900,213
1653310800,218
1653311700,459
1653312600,310
1653313500,260
1653314400,234
1653315300,219
1653316200,268
1653317100,646
1653318000,423
1653318900,492
1653319800,264
1653320700,699
1653321600,499
1653322500,247
1653323400,296
1653324300,271
1653325200,252
1653326100,240
1653327000,259
1653327900,255
1653328800,251
1653329700,297
1653330600,255
1653331500,284
1653332400,282
1653333300,296
1653334200,286
1653335100,296
1653336000,331
1653336900,257
1653337800,271
1653338700,247
1653339600,237
1653340500,174
1653341400,157
1653342300,177
1653343200,160
1653344100,158
1653345000,147
1653345900,144
1653346800,161
1653347700,181
1653348600,171
1653349500,142
1653350400,151
1653351300,153
1653352200,141
1653353100,181
1653354000,179
1653354900,153
1653355800,146
1653356700,146
1653357600,155
1653358500,142
1653359400,191
1653360300,163
1653361200,153
1653362100,148
1653363000,132
1653363900,151
1653364800,186
1653365700,449
1653366600,263
1653367500,153
1653368400,158
1653369300,224
1653370200,175
1653371100,190
1653372000,585
1653372900,466
1653373800,458
1653374700,462
1653375600,666
1653376500,897
1653377400,720
1653378300,473
1653379200,896
1653380100,764
1653381000,473
1653381900,465
1653382800,455
1653383700,1170
1653384600,1000
1653385500,592
1653386400,509
1653387300,448
1653388200,214
1653389100,218
1653390000,234
1653390900,197
1653391800,255
1653392700,553
1653393600,1131
1653394500,865
1653395400,835
1653396300,773
1653397200,440
1653398100,289
1653399000,234
1653399900,231
1653400800,218
1653401700,216
1653402600,212
1653403500,202
1653404400,309
1653405300,226
1653406200,207
1653407100,241
1653408000,241
1653408900,210
1653409800,219
1653410700,209
1653411600,208
1653412500,245
1653413400,653
1653414300,265
1653415200,520
1653416100,280
1653417000,818
1653417900,430
1653418800,486
1653419700,328
1653420600,798
1653421500,411
1653422400,216
1653423300,212
1653424200,215
1653425100,224
1653426000,224
1653426900,212
1653427800,123
1653428700,110
1653429600,99
1653430500,135
1653431400,131
1653432300,111
1653433200,121
1653434100,102
1653435000,109
1653435900,110
1653436800,119
1653437700,113
1653438600,93
1653439500,102
1653440400,123
1653441300,115
1653442200,128
1653443100,126
1653444000,121
1653444900,110
1653445800,108
1653446700,125
1653447600,115
1653448500,154
1653449400,128
1653450300,147
1653451200,591
1653452100,722
1653453000,531
1653453900,509
1653454800,574
1653455700,321
1653456600,133
1653457500,238
1653458400,118
1653459300,101
1653460200,131
1653461100,114
1653462000,156
1653462900,894
1653463800,1021
1653464700,735
1653465600,715
1653466500,669
1653467400,437
1653468300,208
1653469200,193
1653470100,170
1653471000,159
1653471900,173
1653472800,170
1653473700,138
1653474600,148
1653475500,163
1653476400,138
1653477300,177
1653478200,189
1653479100,178
1653480000,156
1653480900,163
1653481800,169
1653482700,164
1653483600,198
1653484500,154
1653485400,125
1653486300,107
1653487200,136
1653488100,173
1653489000,186
1653489900,255
1653490800,356
1653491700,213
1653492600,275
1653493500,262
1653494400,237
1653495300,209
1653496200,250
1653497100,229
1653498000,225
1653498900,497
1653499800,732
1653500700,763
1653501600,865
1653502500,1229
1653503400,927
1653504300,553
1653505200,701
1653506100,722
1653507000,324
1653507900,337
1653508800,280
1653509700,254
1653510600,310
1653511500,259
1653512400,220
1653513300,124
1653514200,130
1653515100,112
1653516000,120
1653516900,159
1653517800,129
1653518700,122
1653519600,113
1653520500,116
1653521400,118
1653522300,136
1653523200,162
1653524100,109
1653525000,117
1653525900,121
1653526800,113
1653527700,126
1653528600,146
1653529500,145
1653530400,112
1653531300,112
1653532200,129
1653533100,112
1653534000,131
1653534900,135
1653535800,104
1653536700,132
1653537600,527
1653538500,567
1653539400,1009
1653540300,829
1653541200,613
1653542100,484
1653543000,428
1653543900,377
1653544800,247
1653545700,134
1653546600,128
1653547500,188
1653548400,188
1653549300,220
1653550200,165
1653551100,132
1653552000,133
1653552900,151
1653553800,122
1653554700,289
1653555600,539
1653556500,540
1653557400,863
1653558300,473
1653559200,432
1653560100,387
1653561000,557
1653561900,223
1653562800,330
1653563700,158
1653564600,675
1653565500,409
1653566400,149
1653567300,149
1653568200,149
1653569100,165
1653570000,228
1653570900,220
1653571800,188
1653572700,199
1653573600,187
1653574500,214
1653575400,301
1653576300,285
1653577200,283
1653578100,296
1653579000,296
1653579900,620
1653580800,545
1653581700,294
1653582600,255
1653583500,231
1653584400,234
1653585300,200
1653586200,222
1653587100,246
1653588000,264
1653588900,394
1653589800,349
1653590700,310
1653591600,305
1653592500,346
1653593400,436
1653594300,410
1653595200,374
1653596100,334
1653597000,335
1653597900,391
1653598800,348
1653599700,328
1653600600,295
1653601500,216
1653602400,220
1653603300,197
1653604200,155
1653605100,155
1653606000,145
1653606900,142
1653607800,141
1653608700,163
1653609600,135
1653610500,143
1653611400,158
1653612300,154
1653613200,157
1653614100,167
1653615000,155
1653615900,148
1653616800,156
1653617700,136
1653618600,179
1653619500,177
1653620400,144
1653621300,155
1653622200,153
1653623100,169
1653624000,346
1653624900,593
1653625800,715
1653626700,410
1653627600,275
1653628500,449
1653629400,708
1653630300,258
1653631200,245
1653632100,239
1653633000,234
1653633900,222
1653634800,330
1653635700,200
1653636600,180
1653637500,590
1653638400,277
1653639300,289
1653640200,595
1653641100,665
1653642000,714
1653642900,699
1653643800,601
1653644700,184
1653645600,124
1653646500,184
1653647400,136
1653648300,135
1653649200,170
1653650100,150
1653651000,167
1653651900,190
1653652800,183
1653653700,160
1653654600,573
1653655500,1115
1653656400,798
1653657300,389
1653658200,173
1653659100,191
1653660000,372
1653660900,553
1653661800,463
1653662700,514
1653663600,279
1653664500,238
1653665400,229
1653666300,242
1653667200,226
1653668100,547
1653669000,254
1653669900,511
1653670800,236
1653671700,268
1653672600,255
1653673500,264
1653674400,300
1653675300,289
1653676200,422
1653677100,804
1653678000,846
1653678900,601
1653679800,362
1653680700,675
1653681600,559
1653682500,243
1653683400,280
1653684300,242
1653685200,199
1653686100,138
1653687000,123
1653687900,141
1653688800,141
1653689700,133
1653690600,130
1653691500,130
1653692400,124
1653693300,129
1653694200,155
1653695100,118
1653696000,136
1653696900,124
1653697800,121
1653698700,148
1653699600,132
1653700500,128
1653701400,135
1653702300,134
1653703200,133
1653704100,139
1653705000,124
1653705900,97
1653706800,109
1653707700,117
1653708600,122
1653709500,160
1653710400,444
1653711300,650
1653712200,985
1653713100,733
1653714000,640
1653714900,852
1653715800,989
1653716700,779
1653717600,341
1653718500,550
1653719400,338
1653720300,139
1653721200,102
1653722100,126
1653723000,125
1653723900,114
1653724800,138
1653725700,605
1653726600,1655
1653727500,1380
1653728400,1163
1653729300,1145
1653730200,1176
1653731100,487
1653732000,127
1653732900,162
1653733800,127
1653734700,112
1653735600,144
1653736500,112
1653737400,112
1653738300,111
1653739200,311
1653740100,143
1653741000,135
1653741900,124
1653742800,110
1653743700,110
1653744600,119
1653745500,161
1653746400,214
1653747300,154
1653748200,152
1653749100,180
1653750000,203
1653750900,219
1653751800,256
1653752700,709
1653753600,348
1653754500,454
1653755400,324
1653756300,721
1653757200,488
1653758100,286
1653759000,303
1653759900,301
1653760800,272
1653761700,343
1653762600,295
1653763500,332
1653764400,272
1653765300,260
1653766200,223
1653767100,219
1653768000,265
1653768900,270
1653769800,288
1653770700,280
1653771600,238
1653772500,196
1653773400,131
1653774300,136
1653775200,146
1653776100,114
1653777000,142
1653777900,134
1653778800,119
1653779700,109
1653780600,115
1653781500,138
1653782400,133
1653783300,160
1653784200,131
1653785100,125
1653786000,129
1653786900,128
1653787800,150
1653788700,151
1653789600,122
1653790500,133
1653791400,116
1653792300,282
1653793200,156
1653794100,187
1653795000,147
1653795900,149
1653796800,392
1653797700,115
1653798600,121
1653799500,127
1653800400,173
1653801300,149
1653802200,142
1653803100,611
1653804000,330
1653804900,165
1653805800,390
1653806700,532
1653807600,158
1653808500,137
1653809400,135
1653810300,117
1653811200,85
1653812100,107
1653813000,90
1653813900,92
1653814800,118
1653815700,102
1653816600,135
1653817500,172
1653818400,739
1653819300,187
1653820200,202
1653821100,198
1653822000,177
1653822900,181
1653823800,192
1653824700,173
1653825600,209
1653826500,180
1653827400,194
1653828300,579
1653829200,294
1653830100,382
1653831000,418
1653831900,762
1653832800,446
1653833700,229
1653834600,265
1653835500,281
1653836400,298
1653837300,286
1653838200,276
1653839100,285
1653840000,265
1653840900,409
1653841800,277
1653842700,266
1653843600,389
1653844500,538
1653845400,640
1653846300,922
1653847200,1340
1653848100,921
1653849000,831
1653849900,786
1653850800,671
1653851700,326
1653852600,336
1653853500,326
1653854400,320
1653855300,240
1653856200,224
1653857100,215
1653858000,207
1653858900,169
1653859800,125
1653860700,125
1653861600,123
1653862500,121
1653863400,159
1653864300,119
1653865200,134
1653866100,140
1653867000,123
1653867900,130
1653868800,145
1653869700,138
1653870600,119
1653871500,122
1653872400,135
1653873300,134
1653874200,159
1653875100,114
1653876000,111
1653876900,108
1653877800,103
1653878700,123
1653879600,167
1653880500,148
1653881400,127
1653882300,132
1653883200,161
1653884100,119
1653885000,152
1653885900,139
1653886800,143
1653887700,152
1653888600,204
1653889500,255
1653890400,161
1653891300,125
1653892200,174
1653893100,163
1653894000,172
1653894900,158
1653895800,294
1653896700,174
1653897600,221
1653898500,231
1653899400,502
1653900300,364
1653901200,592
1653902100,706
1653903000,515
1653903900,320
1653904800,263
1653905700,423
1653906600,625
1653907500,490
1653908400,226
1653909300,604
1653910200,500
1653911100,237
1653912000,240
1653912900,311
1653913800,599
1653914700,551
1653915600,417
1653916500,424
1653917400,461
1653918300,245
1653919200,258
1653920100,244
1653921000,221
1653921900,239
1653922800,330
1653923700,331
1653924600,261
1653925500,243
1653926400,253
1653927300,332
1653928200,361
1653929100,353
1653930000,335
1653930900,337
1653931800,355
1653932700,392
1653933600,723
1653934500,1280
1653935400,1178
1653936300,1196
1653937200,1064
1653938100,853
1653939000,654
1653939900,722
1653940800,343
1653941700,234
1653942600,152
1653943500,139
1653944400,130
1653945300,161
1653946200,166
1653947100,136
1653948000,129
1653948900,119
1653949800,118
1653950700,138
1653951600,140
1653952500,147
1653953400,154
1653954300,131
1653955200,148
1653956100,156
1653957000,140
1653957900,124
1653958800,139
1653959700,140
1653960600,157
1653961500,156
1653962400,129
1653963300,139
1653964200,122
1653965100,139
1653966000,155
1653966900,154
1653967800,133
1653968700,166
1653969600,180
1653970500,531
1653971400,198
1653972300,151
1653973200,128
1653974100,116
1653975000,156
1653975900,182
1653976800,260
1653977700,197
1653978600,177
1653979500,171
1653980400,607
1653981300,641
1653982200,990
1653983100,1487
1653984000,1480
1653984900,1094
1653985800,766
1653986700,971
1653987600,681
1653988500,858
1653989400,614
1653990300,388
1653991200,684
1653992100,564
1653993000,220
1653993900,232
1653994800,255
1653995700,202
1653996600,182
1653997500,151
1653998400,139
1653999300,119
1654000200,134
1654001100,145
1654002000,183
1654002900,151
1654003800,181
1654004700,227
1654005600,208
1654006500,227
1654007400,252
1654008300,250
1654009200,634
1654010100,470
1654011000,217
1654011900,229
1654012800,219
1654013700,643
1654014600,900
1654015500,761
1654016400,727
1654017300,681
1654018200,578
1654019100,290
1654020000,412
1654020900,862
1654021800,1025
1654022700,722
1654023600,930
1654024500,1238
1654025400,269
1654026300,319
1654027200,319
1654028100,274
1654029000,206
1654029900,193
1654030800,163
1654031700,133
1654032600,141
1654033500,143
1654034400,128
1654035300,126
1654036200,120
1654037100,126
1654038000,158
1654038900,114
1654039800,127
1654040700,119
1654041600,141
1654042500,130
1654043400,145
1654044300,112
1654045200,133
1654046100,103
1654047000,108
1654047900,139
1654048800,124
1654049700,131
1654050600,127
1654051500,128
1654052400,124
1654053300,156
1654054200,115
1654055100,149
1654056000,153
1654056900,135
1654057800,135
1654058700,300
1654059600,151
1654060500,139
1654061400,148
1654062300,144
1654063200,181
1654064100,177
1654065000,587
1654065900,612
1654066800,558
1654067700,421
1654068600,1119
1654069500,920
1654070400,1052
1654071300,538
1654072200,711
1654073100,1067
1654074000,647
1654074900,918
1654075800,1309
1654076700,1228
1654077600,1340
1654078500,346
1654079400,344
1654080300,955
1654081200,874
1654082100,831
1654083000,1010
1654083900,415
1654084800,827
1654085700,801
1654086600,1348
1654087500,370
1654088400,275
1654089300,845
1654090200,672
1654091100,512
1654092000,293
1654092900,274
1654093800,589
1654094700,687
1654095600,684
1654096500,539
1654097400,256
1654098300,240
1654099200,249
1654100100,252
1654101000,223
1654101900,250
1654102800,427
1654103700,764
1654104600,708
1654105500,695
1654106400,316
1654107300,293
1654108200,277
1654109100,304
1654110000,311
1654110900,285
1654111800,338
1654112700,422
1654113600,393
1654114500,242
1654115400,232
1654116300,202
1654117200,235
1654118100,232
1654119000,209
1654119900,148
1654120800,100
1654121700,118
1654122600,134
1654123500,151
1654124400,119
1654125300,135
1654126200,128
1654127100,135
1654128000,154
1654128900,122
1654129800,127
1654130700,117
1654131600,130
1654132500,130
1654133400,162
1654134300,124
1654135200,130
1654136100,116
1654137000,124
1654137900,151
1654138800,135
1654139700,124
1654140600,122
1654141500,159
1654142400,512
1654143300,260
1654144200,94
1654145100,174
1654146000,91
1654146900,115
1654147800,167
1654148700,191
1654149600,139
1654150500,101
1654151400,90
1654152300,73
1654153200,115
1654154100,95
1654155000,99
1654155900,74
1654156800,83
1654157700,85
1654158600,131
1654159500,110
1654160400,104
1654161300,125
1654162200,129
1654163100,124
1654164000,111
1654164900,109
1654165800,93
1654166700,92
1654167600,83
1654168500,100
1654169400,69
1654170300,62
1654171200,74
1654172100,85
1654173000,108
1654173900,101
1654174800,99
1654175700,108
1654176600,87
1654177500,70
1654178400,116
1654179300,300
1654180200,167
1654181100,208
1654182000,218
1654182900,292
1654183800,427
1654184700,398
1654185600,322
1654186500,235
1654187400,347
1654188300,336
1654189200,276
1654190100,287
1654191000,708
1654191900,445
1654192800,402
1654193700,413
1654194600,748
1654195500,232
1654196400,294
1654197300,357
1654198200,359
1654199100,324
1654200000,288
1654200900,264
1654201800,286
1654202700,298
1654203600,260
1654204500,255
1654205400,130
1654206300,142
1654207200,126
1654208100,171
1654209000,148
1654209900,143
1654210800,135
1654211700,132
1654212600,147
1654213500,161
1654214400,145
1654215300,134
1654216200,142
1654217100,111
1654218000,153
1654218900,142
1654219800,133
1654220700,161
1654221600,160
1654222500,165
1654223400,170
1654224300,158
1654225200,136
1654226100,151
1654227000,143
1654227900,171
1654228800,176
1654229700,532
1654230600,202
1654231500,179
1654232400,219
1654233300,202
1654234200,195
1654235100,188
1654236000,204
1654236900,184
1654237800,192
1654238700,334
1654239600,213
1654240500,170
1654241400,147
1654242300,160
1654243200,170
1654244100,218
1654245000,187
1654245900,178
1654246800,166
1654247700,184
1654248600,210
1654249500,163
1654250400,171
1654251300,161
1654252200,174
1654253100,178
1654254000,1243
1654254900,798
1654255800,199
1654256700,149
1654257600,398
1654258500,558
1654259400,380
1654260300,159
1654261200,418
1654262100,551
1654263000,143
1654263900,158
1654264800,117
1654265700,117
1654266600,114
1654267500,179
1654268400,213
1654269300,210
1654270200,203
1654271100,200
1654272000,230
1654272900,204
1654273800,668
1654274700,646
1654275600,250
1654276500,208
1654277400,222
1654278300,249
1654279200,224
1654280100,228
1654281000,238
1654281900,268
1654282800,263
1654283700,328
1654284600,320
1654285500,386
1654286400,298
1654287300,254
1654288200,207
1654289100,150
1654290000,120
1654290900,109
1654291800,113
1654292700,125
1654293600,156
1654294500,144
1654295400,116
1654296300,137
1654297200,117
1654298100,147
1654299000,161
1654299900,129
1654300800,129
1654301700,118
1654302600,132
1654303500,144
1654304400,146
1654305300,129
1654306200,141
1654307100,138
1654308000,135
1654308900,160
1654309800,129
1654310700,133
1654311600,127
1654312500,145
1654313400,148
1654314300,143
1654315200,109
1654316100,482
1654317000,156
1654317900,132
1654318800,192
1654319700,180
1654320600,210
1654321500,145
1654322400,156
1654323300,163
1654324200,188
1654325100,163
1654326000,148
1654326900,173
1654327800,326
1654328700,663
1654329600,278
1654330500,212
1654331400,178
1654332300,200
1654333200,481
1654334100,575
1654335000,636
1654335900,329
1654336800,191
1654337700,211
1654338600,192
1654339500,175
1654340400,147
1654341300,531
1654342200,1226
1654343100,820
1654344000,252
1654344900,242
1654345800,184
1654346700,196
1654347600,242
1654348500,238
1654349400,318
1654350300,567
1654351200,399
1654352100,389
1654353000,165
1654353900,752
1654354800,423
1654355700,236
1654356600,252
1654357500,235
1654358400,247
1654359300,248
1654360200,262
1654361100,250
1654362000,246
1654362900,235
1654363800,487
1654364700,1055
1654365600,803
1654366500,825
1654367400,851
1654368300,764
1654369200,678
1654370100,409
1654371000,291
1654371900,249
1654372800,241
1654373700,209
1654374600,224
1654375500,181
1654376400,132
1654377300,123
1654378200,128
1654379100,112
1654380000,153
1654380900,116
1654381800,127
1654382700,123
1654383600,128
1654384500,127
1654385400,150
1654386300,121
1654387200,114
1654388100,114
1654389000,107
1654389900,140
1654390800,121
1654391700,138
1654392600,116
1654393500,124
1654394400,110
1654395300,161
1654396200,136
1654397100,123
1654398000,121
1654398900,121
1654399800,133
1654400700,155
1654401600,290
1654402500,646
1654403400,1022
1654404300,801
1654405200,700
1654406100,302
1654407000,271
1654407900,270
1654408800,302
1654409700,291
1654410600,277
1654411500,341
1654412400,329
1654413300,286
1654414200,268
1654415100,296
1654416000,332
1654416900,317
1654417800,285
1654418700,298
1654419600,283
1654420500,586
1654421400,325
1654422300,231
1654423200,236
1654424100,218
1654425000,235
1654425900,250
1654426800,240
1654427700,215
1654428600,236
1654429500,214
1654430400,231
1654431300,249
1654432200,236
1654433100,230
1654434000,263
1654434900,223
1654435800,231
1654436700,284
1654437600,255
1654438500,264
1654439400,288
1654440300,332
1654441200,339
1654442100,514
1654443000,305
1654443900,332
1654444800,313
1654445700,331
1654446600,577
1654447500,774
1654448400,563
1654449300,331
1654450200,556
1654451100,782
1654452000,348
1654452900,292
1654453800,282
1654454700,237
1654455600,262
1654456500,289
1654457400,328
1654458300,320
1654459200,323
1654460100,306
1654461000,252
1654461900,277
1654462800,220
1654463700,215
1654464600,171
1654465500,160
1654466400,141
1654467300,163
1654468200,138
1654469100,126
1654470000,135
1654470900,125
1654471800,152
1654472700,156
1654473600,145
1654474500,126
1654475400,137
1654476300,120
1654477200,155
1654478100,153
1654479000,134
1654479900,134
1654480800,149
1654481700,147
1654482600,153
1654483500,149
1654484400,125
1654485300,122
1654486200,107
1654487100,155
1654488000,178
1654488900,182
1654489800,183
1654490700,175
1654491600,146
1654492500,169
1654493400,165
1654494300,452
1654495200,372
1654496100,134
1654497000,165
1654497900,210
1654498800,262
1654499700,229
1654500600,197
1654501500,223
1654502400,206
1654503300,203
1654504200,221
1654505100,184
1654506000,220
1654506900,847
1654507800,836
1654508700,223
1654509600,173
1654510500,160
1654511400,153
1654512300,162
1654513200,190
1654514100,233
1654515000,188
1654515900,245
1654516800,189
1654517700,204
1654518600,219
1654519500,261
1654520400,223
1654521300,428
1654522200,222
1654523100,234
1654524000,230
1654524900,236
1654525800,222
1654526700,219
1654527600,252
1654528500,217
1654529400,316
1654530300,842
1654531200,515
1654532100,463
1654533000,528
1654533900,836
1654534800,344
1654535700,291
1654536600,304
1654537500,361
1654538400,410
1654539300,413
1654540200,458
1654541100,814
1654542000,446
1654542900,358
1654543800,339
1654544700,364
1654545600,358
1654546500,356
1654547400,334
1654548300,258
1654549200,238
1654550100,321
1654551000,198
1654551900,162
1654552800,137
1654553700,145
1654554600,155
1654555500,141
1654556400,128
1654557300,122
1654558200,118
1654559100,100
1654560000,145
1654560900,129
1654561800,135
1654562700,130
1654563600,139
1654564500,128
1654565400,150
1654566300,141
1654567200,132
1654568100,141
1654569000,120
1654569900,131
1654570800,150
1654571700,137
1654572600,113
1654573500,147
1654574400,171
1654575300,566
1654576200,296
1654577100,220
1654578000,219
1654578900,218
1654579800,954
1654580700,2291
1654581600,1562
1654582500,1067
1654583400,839
1654584300,1298
1654585200,965
1654586100,781
1654587000,822
1654587900,836
1654588800,885
1654589700,916
1654590600,1433
1654591500,1578
1654592400,1707
1654593300,1240
1654594200,1057
1654595100,697
1654596000,968
1654596900,1030
1654597800,1070
1654598700,786
1654599600,769
1654600500,1091
1654601400,418
1654602300,367
1654603200,422
1654604100,712
1654605000,211
1654605900,209
1654606800,175
1654607700,351
1654608600,210
1654609500,195
1654610400,263
1654611300,235
1654612200,276
1654613100,376
1654614000,227
1654614900,167
1654615800,227
1654616700,253
1654617600,281
1654618500,285
1654619400,259
1654620300,262
1654621200,289
1654622100,295
1654623000,284
1654623900,343
1654624800,657
1654625700,462
1654626600,516
1654627500,354
1654628400,827
1654629300,581
1654630200,340
1654631100,303
1654632000,284
1654632900,275
1654633800,324
1654634700,305
1654635600,330
1654636500,306
1654637400,245
1654638300,137
1654639200,153
1654640100,134
1654641000,118
1654641900,126
1654642800,124
1654643700,146
1654644600,145
1654645500,130
1654646400,117
1654647300,129
1654648200,112
1654649100,138
1654650000,152
1654650900,130
1654651800,134
1654652700,120
1654653600,132
1654654500,132
1654655400,145
1654656300,99
1654657200,115
1654658100,97
1654659000,125
1654659900,180
1654660800,511
1654661700,111
1654662600,111
1654663500,154
1654664400,112
1654665300,219
1654666200,502
1654667100,1030
1654668000,680
1654668900,601
1654669800,594
1654670700,243
1654671600,135
1654672500,169
1654673400,200
1654674300,201
1654675200,172
1654676100,233
1654677000,224
1654677900,236
1654678800,315
1654679700,714
1654680600,489
1654681500,506
1654682400,842
1654683300,497
1654684200,149
1654685100,154
1654686000,155
1654686900,168
1654687800,154
1654688700,169
1654689600,150
1654690500,181
1654691400,239
1654692300,237
1654693200,230
1654694100,231
1654695000,214
1654695900,197
1654696800,241
1654697700,239
1654698600,249
1654699500,295
1654700400,539
1654701300,734
1654702200,727
1654703100,884
1654704000,956
1654704900,989
1654705800,238
1654706700,275
1654707600,270
1654708500,237
1654709400,265
1654710300,604
1654711200,1222
1654712100,926
1654713000,743
1654713900,591
1654714800,291
1654715700,312
1654716600,335
1654717500,315
1654718400,274
1654719300,212
1654720200,187
1654721100,93
1654722000,140
1654722900,120
1654723800,104
1654724700,93
1654725600,108
1654726500,93
1654727400,127
1654728300,114
1654729200,97
1654730100,88
1654731000,74
1654731900,98
1654732800,125
1654733700,114
1654734600,90
1654735500,119
1654736400,106
1654737300,133
1654738200,127
1654739100,114
1654740000,113
1654740900,105
1654741800,123
1654742700,140
1654743600,131
1654744500,100
1654745400,118
1654746300,124
1654747200,156
1654748100,639
1654749000,115
1654749900,104
1654750800,96
1654751700,115
1654752600,626
1654753500,343
1654754400,211
1654755300,295
1654756200,579
1654757100,115
1654758000,123
1654758900,114
1654759800,146
1654760700,83
1654761600,88
1654762500,74
1654763400,120
1654764300,89
1654765200,88
1654766100,95
1654767000,89
1654767900,93
1654768800,104
1654769700,100
1654770600,80
1654771500,89
1654772400,121
1654773300,110
1654774200,121
1654775100,96
1654776000,109
1654776900,145
1654777800,142
1654778700,150
1654779600,180
1654780500,185
1654781400,262
1654782300,261
1654783200,222
1654784100,283
1654785000,257
1654785900,275
1654786800,291
1654787700,266
1654788600,409
1654789500,312
1654790400,308
1654791300,283
1654792200,305
1654793100,296
1654794000,329
1654794900,280
1654795800,232
1654796700,227
1654797600,692
1654798500,1158
1654799400,844
1654800300,784
1654801200,720
1654802100,351
1654803000,291
1654803900,203
1654804800,186
1654805700,141
1654806600,150
1654807500,127
1654808400,144
1654809300,141
1654810200,178
1654811100,147
1654812000,147
1654812900,147
1654813800,140
1654814700,179
1654815600,156
1654816500,160
1654817400,142
1654818300,153
1654819200,142
1654820100,166
1654821000,163
1654821900,140
1654822800,151
1654823700,146
1654824600,165
1654825500,175
1654826400,139
1654827300,132
1654828200,124
1654829100,136
1654830000,147
1654830900,189
1654831800,160
1654832700,159
1654833600,157
1654834500,245
1654835400,465
1654836300,127
1654837200,176
1654838100,156
1654839000,168
1654839900,141
1654840800,160
1654841700,135
1654842600,129
1654843500,130
1654844400,127
1654845300,148
1654846200,144
1654847100,160
1654848000,130
1654848900,117
1654849800,118
1654850700,122
1654851600,125
1654852500,86
1654853400,104
1654854300,100
1654855200,130
1654856100,275
1654857000,151
1654857900,134
1654858800,110
1654859700,150
1654860600,104
1654861500,155
1654862400,165
1654863300,609
1654864200,191
1654865100,131
1654866000,154
1654866900,185
1654867800,177
1654868700,140
1654869600,140
1654870500,94
1654871400,119
1654872300,154
1654873200,217
1654874100,164
1654875000,134
1654875900,140
1654876800,155
1654877700,151
1654878600,177
1654879500,200
1654880400,382
1654881300,677
1654882200,493
1654883100,236
1654884000,429
1654884900,726
1654885800,201
1654886700,259
1654887600,222
1654888500,214
1654889400,261
1654890300,288
1654891200,265
1654892100,306
1654893000,323
1654893900,234
1654894800,157
1654895700,110
1654896600,128
1654897500,140
1654898400,128
1654899300,131
1654900200,106
1654901100,111
1654902000,117
1654902900,141
1654903800,131
1654904700,132
1654905600,135
1654906500,112
1654907400,150
1654908300,131
1654909200,125
1654910100,118
1654911000,130
1654911900,139
1654912800,140
1654913700,136
1654914600,117
1654915500,125
1654916400,121
1654917300,134
1654918200,167
1654919100,116
1654920000,172
1654920900,497
1654921800,192
1654922700,197
1654923600,210
1654924500,208
1654925400,218
1654926300,186
1654927200,177
1654928100,246
1654929000,265
1654929900,248
1654930800,237
1654931700,241
1654932600,236
1654933500,420
1654934400,984
1654935300,1145
1654936200,667
1654937100,579
1654938000,687
1654938900,873
1654939800,465
1654940700,644
1654941600,652
1654942500,738
1654943400,382
1654944300,168
1654945200,157
1654946100,441
1654947000,1008
1654947900,773
1654948800,712
1654949700,545
1654950600,205
1654951500,678
1654952400,247
1654953300,303
1654954200,258
1654955100,262
1654956000,246
1654956900,258
1654957800,263
1654958700,684
1654959600,557
1654960500,271
1654961400,652
1654962300,750
1654963200,828
1654964100,796
1654965000,771
1654965900,741
1654966800,751
1654967700,326
1654968600,296
1654969500,337
1654970400,628
1654971300,1186
1654972200,772
1654973100,353
1654974000,921
1654974900,601
1654975800,420
1654976700,559
1654977600,806
1654978500,198
1654979400,192
1654980300,164
1654981200,136
1654982100,153
1654983000,134
1654983900,145
1654984800,167
1654985700,143
1654986600,146
1654987500,140
1654988400,151
1654989300,140
1654990200,177
1654991100,129
1654992000,142
1654992900,135
1654993800,148
1654994700,168
1654995600,153
1654996500,144
1654997400,116
1654998300,130
1654999200,114
1655000100,153
1655001000,161
1655001900,168
1655002800,142
1655003700,138
1655004600,145
1655005500,173
1655006400,265
1655007300,281
1655008200,211
1655009100,175
1655010000,188
1655010900,273
1655011800,671
1655012700,530
1655013600,510
1655014500,299
1655015400,666
1655016300,640
1655017200,277
1655018100,290
1655019000,206
1655019900,186
1655020800,196
1655021700,208
1655022600,193
1655023500,168
1655024400,215
1655025300,203
1655026200,246
1655027100,221
1655028000,257
1655028900,386
1655029800,186
1655030700,233
1655031600,272
1655032500,235
1655033400,210
1655034300,226
1655035200,201
1655036100,403
1655037000,239
1655037900,241
1655038800,243
1655039700,332
1655040600,280
1655041500,355
1655042400,284
1655043300,234
1655044200,280
1655045100,305
1655046000,279
1655046900,278
1655047800,243
1655048700,221
1655049600,190
1655050500,247
1655051400,1091
1655052300,1233
1655053200,1057
1655054100,824
1655055000,1085
1655055900,1120
1655056800,387
1655057700,387
1655058600,741
1655059500,531
1655060400,544
1655061300,314
1655062200,338
1655063100,322
1655064000,331
1655064900,237
1655065800,270
1655066700,184
1655067600,185
1655068500,132
1655069400,133
1655070300,130
1655071200,132
1655072100,147
1655073000,138
1655073900,134
1655074800,108
1655075700,116
1655076600,110
1655077500,124
1655078400,145
1655079300,121
1655080200,122
1655081100,109
1655082000,119
1655082900,134
1655083800,132
1655084700,114
1655085600,116
1655086500,134
1655087400,152
1655088300,196
1655089200,151
1655090100,156
1655091000,138
1655091900,175
1655092800,174
1655093700,185
1655094600,162
1655095500,222
1655096400,201
1655097300,133
1655098200,146
1655099100,173
1655100000,138
1655100900,173
1655101800,195
1655102700,173
1655103600,274
1655104500,615
1655105400,491
1655106300,593
1655107200,1028
1655108100,960
1655109000,1285
1655109900,972
1655110800,1066
1655111700,364
1655112600,282
1655113500,282
1655114400,693
1655115300,220
1655116200,216
1655117100,201
1655118000,230
1655118900,200
1655119800,245
1655120700,191
1655121600,207
1655122500,208
1655123400,607
1655124300,544
1655125200,535
1655126100,512
1655127000,626
1655127900,474
1655128800,245
1655129700,257
1655130600,302
1655131500,1017
1655132400,949
1655133300,961
1655134200,775
1655135100,1251
1655136000,917
1655136900,295
1655137800,270
1655138700,248
1655139600,258
1655140500,302
1655141400,300
1655142300,334
1655143200,1256
1655144100,587
1655145000,491
1655145900,262
1655146800,684
1655147700,359
1655148600,199
1655149500,245
1655150400,304
1655151300,307
1655152200,275
1655153100,358
1655154000,250
1655154900,204
1655155800,199
1655156700,120
1655157600,119
1655158500,111
1655159400,120
1655160300,123
1655161200,140
1655162100,132
1655163000,103
1655163900,123
1655164800,101
1655165700,135
1655166600,130
1655167500,110
1655168400,121
1655169300,123
1655170200,115
1655171100,137
1655172000,120
1655172900,92
1655173800,107
1655174700,90
1655175600,119
1655176500,133
1655177400,124
1655178300,115
1655179200,152
1655180100,526
1655181000,153
1655181900,156
1655182800,121
1655183700,133
1655184600,201
1655185500,179
1655186400,172
1655187300,196
1655188200,172
1655189100,218
1655190000,185
1655190900,158
1655191800,227
1655192700,220
1655193600,342
1655194500,213
1655195400,751
1655196300,613
1655197200,480
1655198100,747
1655199000,1317
1655199900,498
1655200800,320
1655201700,330
1655202600,332
1655203500,287
1655204400,286
1655205300,269
1655206200,277
1655207100,793
1655208000,1100
1655208900,747
1655209800,690
1655210700,699
1655211600,721
1655212500,701
1655213400,720
1655214300,433
1655215200,172
1655216100,149
1655217000,161
1655217900,187
1655218800,140
1655219700,172
1655220600,183
1655221500,268
1655222400,1012
1655223300,582
1655224200,370
1655225100,218
1655226000,793
1655226900,370
1655227800,249
1655228700,219
1655229600,250
1655230500,262
1655231400,238
1655232300,252
1655233200,209
1655234100,251
1655235000,251
1655235900,269
1655236800,260
1655237700,278
1655238600,183
1655239500,97
1655240400,111
1655241300,95
1655242200,128
1655243100,111
1655244000,111
1655244900,100
1655245800,109
1655246700,110
1655247600,116
1655248500,117
1655249400,81
1655250300,112
1655251200,92
1655252100,118
1655253000,143
1655253900,88
1655254800,112
1655255700,84
1655256600,93
1655257500,100
1655258400,108
1655259300,86
1655260200,106
1655261100,96
1655262000,96
1655262900,124
1655263800,90
1655264700,122
1655265600,879
1655266500,983
1655267400,677
1655268300,699
1655269200,618
1655270100,1012
1655271000,743
1655271900,330
1655272800,337
1655273700,676
1655274600,155
1655275500,129
1655276400,150
1655277300,141
1655278200,203
1655279100,143
1655280000,146
1655280900,261
1655281800,140
1655282700,174
1655283600,149
1655284500,359
1655285400,918
1655286300,815
1655287200,696
1655288100,684
1655289000,674
1655289900,569
1655290800,196
1655291700,213
1655292600,190
1655293500,195
1655294400,156
1655295300,173
1655296200,176
1655297100,255
1655298000,246
1655298900,266
1655299800,240
1655300700,237
1655301600,221
1655302500,229
1655303400,256
1655304300,323
1655305200,890
1655306100,1128
1655307000,787
1655307900,424
1655308800,487
1655309700,386
1655310600,921
1655311500,563
1655312400,560
1655313300,879
1655314200,1900
1655315100,1034
1655316000,937
1655316900,1004
1655317800,885
1655318700,825
1655319600,635
1655320500,329
1655321400,286
1655322300,295
1655323200,306
1655324100,210
1655325000,121
1655325900,104
1655326800,148
1655327700,111
1655328600,125
1655329500,113
1655330400,121
1655331300,114
1655332200,147
1655333100,103
1655334000,116
1655334900,112
1655335800,124
1655336700,137
1655337600,134
1655338500,115
1655339400,106
1655340300,118
1655341200,105
1655342100,157
1655343000,118
1655343900,118
1655344800,103
1655345700,127
1655346600,124
1655347500,318
1655348400,131
1655349300,161
1655350200,153
1655351100,148
1655352000,217
1655352900,582
1655353800,217
1655354700,197
1655355600,273
1655356500,142
1655357400,145
1655358300,111
1655359200,116
1655360100,102
1655361000,120
1655361900,122
1655362800,166
1655363700,118
1655364600,89
1655365500,121
1655366400,104
1655367300,146
1655368200,127
1655369100,127
1655370000,132
1655370900,114
1655371800,233
1655372700,136
1655373600,131
1655374500,113
1655375400,181
1655376300,558
1655377200,343
1655378100,293
1655379000,320
1655379900,638
1655380800,157
1655381700,152
1655382600,162
1655383500,150
1655384400,127
1655385300,136
1655386200,142
1655387100,170
1655388000,181
1655388900,222
1655389800,190
1655390700,207
1655391600,261
1655392500,285
1655393400,296
1655394300,245
1655395200,274
1655396100,247
1655397000,315
1655397900,311
1655398800,290
1655399700,707
1655400600,757
1655401500,783
1655402400,903
1655403300,714
1655404200,951
1655405100,526
1655406000,369
1655406900,457
1655407800,777
1655408700,279
1655409600,156
1655410500,112
1655411400,118
1655412300,114
1655413200,150
1655414100,113
1655415000,161
1655415900,115
1655416800,116
1655417700,128
1655418600,127
1655419500,125
1655420400,92
1655421300,134
1655422200,107
1655423100,145
1655424000,122
1655424900,109
1655425800,118
1655426700,101
1655427600,114
1655428500,131
1655429400,119
1655430300,89
1655431200,112
1655432100,94
1655433000,126
1655433900,224
1655434800,162
1655435700,119
1655436600,115
1655437500,114
1655438400,426
1655439300,606
1655440200,556
1655441100,643
1655442000,630
1655442900,275
1655443800,159
1655444700,191
1655445600,120
1655446500,85
1655447400,108
1655448300,108
1655449200,138
1655450100,97
1655451000,98
1655451900,125
1655452800,103
1655453700,120
1655454600,120
1655455500,131
1655456400,117
1655457300,118
1655458200,100
1655459100,111
1655460000,111
1655460900,108
1655461800,130
1655462700,124
1655463600,165
1655464500,173
1655465400,207
1655466300,157
1655467200,165
1655468100,184
1655469000,184
1655469900,195
1655470800,164
1655471700,171
1655472600,173
1655473500,179
1655474400,205
1655475300,183
1655476200,186
1655477100,223
1655478000,248
1655478900,275
1655479800,296
1655480700,239
1655481600,476
1655482500,1048
1655483400,963
1655484300,764
1655485200,326
1655486100,279
1655487000,252
1655487900,312
1655488800,307
1655489700,303
1655490600,227
1655491500,246
1655492400,238
1655493300,286
1655494200,307
1655495100,377
1655496000,318
1655496900,218
1655497800,247
1655498700,209
1655499600,246
1655500500,204
1655501400,144
1655502300,147
1655503200,99
1655504100,142
1655505000,149
1655505900,125
1655506800,98
1655507700,116
1655508600,101
1655509500,140
1655510400,136
1655511300,126
1655512200,115
1655513100,108
1655514000,117
1655514900,132
1655515800,125
1655516700,110
1655517600,123
1655518500,111
1655519400,119
1655520300,230
1655521200,178
1655522100,130
1655523000,110
1655523900,133
1655524800,358
1655525700,138
1655526600,94
1655527500,159
1655528400,95
1655529300,149
1655530200,184
1655531100,111
1655532000,104
1655532900,91
1655533800,100
1655534700,103
1655535600,141
1655536500,102
1655537400,321
1655538300,616
1655539200,405
1655540100,380
1655541000,150
1655541900,603
1655542800,330
1655543700,108
1655544600,187
1655545500,572
1655546400,359
1655547300,489
1655548200,126
1655549100,120
1655550000,144
1655550900,132
1655551800,119
1655552700,106
1655553600,151
1655554500,122
1655555400,210
1655556300,441
1655557200,631
1655558100,657
1655559000,406
1655559900,204
1655560800,239
1655561700,471
1655562600,625
1655563500,718
1655564400,500
1655565300,318
1655566200,309
1655567100,223
1655568000,212
1655568900,225
1655569800,391
1655570700,765
1655571600,758
1655572500,763
1655573400,787
1655574300,583
1655575200,503
1655576100,856
1655577000,757
1655577900,783
1655578800,773
1655579700,576
1655580600,416
1655581500,766
1655582400,505
1655583300,267
1655584200,349
1655585100,737
1655586000,156
1655586900,152
1655587800,141
1655588700,158
1655589600,170
1655590500,169
1655591400,153
1655592300,143
1655593200,147
1655594100,136
1655595000,180
1655595900,160
1655596800,161
1655597700,137
1655598600,146
1655599500,160
1655600400,164
1655601300,161
1655602200,130
1655603100,170
1655604000,133
1655604900,160
1655605800,149
1655606700,289
1655607600,143
1655608500,144
1655609400,154
1655610300,204
1655611200,469
1655612100,188
1655613000,175
1655613900,174
1655614800,140
1655615700,137
1655616600,484
1655617500,91
1655618400,86
1655619300,109
1655620200,619
1655621100,176
1655622000,77
1655622900,71
1655623800,49
1655624700,84
1655625600,102
1655626500,101
1655627400,103
1655628300,483
1655629200,159
1655630100,168
1655631000,224
1655631900,668
1655632800,137
1655633700,145
1655634600,219
1655635500,286
1655636400,146
1655637300,132
1655638200,135
1655639100,152
1655640000,158
1655640900,155
1655641800,126
1655642700,154
1655643600,140
1655644500,145
1655645400,175
1655646300,206
1655647200,197
1655648100,218
1655649000,226
1655649900,504
1655650800,337
1655651700,733
1655652600,394
1655653500,364
1655654400,465
1655655300,758
1655656200,209
1655657100,181
1655658000,183
1655658900,178
1655659800,216
1655660700,209
1655661600,179
1655662500,211
1655663400,246
1655664300,283
1655665200,359
1655666100,332
1655667000,319
1655667900,282
1655668800,250
1655669700,284
1655670600,211
1655671500,73
1655672400,84
1655673300,71
1655674200,94
1655675100,94
1655676000,92
1655676900,69
1655677800,77
1655678700,86
1655679600,90
1655680500,104
1655681400,68
1655682300,78
1655683200,66
1655684100,86
1655685000,99
1655685900,92
1655686800,91
1655687700,81
1655688600,98
1655689500,105
1655690400,134
1655691300,78
1655692200,98
1655693100,77
1655694000,98
1655694900,108
1655695800,123
1655696700,102
1655697600,119
1655698500,91
1655699400,88
1655700300,173
1655701200,156
1655702100,172
1655703000,563
1655703900,537
1655704800,537
1655705700,363
1655706600,391
1655707500,181
1655708400,568
1655709300,422
1655710200,202
1655711100,141
1655712000,180
1655712900,186
1655713800,321
1655714700,268
1655715600,276
1655716500,289
1655717400,296
1655718300,306
1655719200,418
1655720100,388
1655721000,331
1655721900,392
1655722800,442
1655723700,437
1655724600,431
1655725500,472
1655726400,449
1655727300,450
1655728200,461
1655729100,423
1655730000,463
1655730900,475
1655731800,437
1655732700,483
1655733600,551
1655734500,417
1655735400,473
1655736300,397
1655737200,403
1655738100,418
1655739000,416
1655739900,478
1655740800,313
1655741700,260
1655742600,275
1655743500,249
1655744400,272
1655745300,269
1655746200,252
1655747100,247
1655748000,316
1655748900,471
1655749800,237
1655750700,245
1655751600,231
1655752500,237
1655753400,269
1655754300,251
1655755200,301
1655756100,290
1655757000,261
1655757900,156
1655758800,66
1655759700,85
1655760600,109
1655761500,144
1655762400,111
1655763300,90
1655764200,112
1655765100,98
1655766000,138
1655766900,93
1655767800,99
1655768700,112
1655769600,94
1655770500,128
1655771400,111
1655772300,92
1655773200,107
1655774100,85
1655775000,123
1655775900,118
1655776800,112
1655777700,101
1655778600,79
1655779500,114
1655780400,89
1655781300,138
1655782200,106
1655783100,104
1655784000,137
1655784900,912
1655785800,1059
1655786700,729
1655787600,627
1655788500,653
1655789400,612
1655790300,167
1655791200,234
1655792100,254
1655793000,521
1655793900,1170
1655794800,1168
1655795700,1272
1655796600,1242
1655797500,916
1655798400,611
1655799300,669
1655800200,581
1655801100,547
1655802000,781
1655802900,1070
1655803800,885
1655804700,435
1655805600,695
1655806500,1221
1655807400,790
1655808300,745
1655809200,687
1655810100,647
1655811000,250
1655811900,222
1655812800,250
1655813700,318
1655814600,364
1655815500,620
1655816400,578
1655817300,571
1655818200,176
1655819100,125
1655820000,126
1655820900,120
1655821800,139
1655822700,141
1655823600,120
1655824500,122
1655825400,110
1655826300,138
1655827200,141
1655828100,273
1655829000,410
1655829900,582
1655830800,957
1655831700,575
1655832600,994
1655833500,443
1655834400,772
1655835300,399
1655836200,820
1655837100,873
1655838000,979
1655838900,908
1655839800,920
1655840700,687
1655841600,326
1655842500,318
1655843400,322
1655844300,222
1655845200,102
1655846100,107
1655847000,116
1655847900,124
1655848800,134
1655849700,110
1655850600,113
1655851500,115
1655852400,101
1655853300,147
1655854200,110
1655855100,104
1655856000,119
1655856900,111
1655857800,131
1655858700,133
1655859600,105
1655860500,116
1655861400,96
1655862300,116
1655863200,137
1655864100,132
1655865000,125
1655865900,99
1655866800,115
1655867700,106
1655868600,128
1655869500,201
1655870400,448
1655871300,104
1655872200,93
1655873100,124
1655874000,196
1655874900,606
1655875800,356
1655876700,153
1655877600,400
1655878500,534
1655879400,141
1655880300,154
1655881200,123
1655882100,128
1655883000,148
1655883900,142
1655884800,148
1655885700,83
1655886600,71
1655887500,96
1655888400,77
1655889300,132
1655890200,154
1655891100,98
1655892000,137
1655892900,114
1655893800,118
1655894700,141
1655895600,117
1655896500,129
1655897400,110
1655898300,106
1655899200,139
1655900100,157
1655901000,178
1655901900,201
1655902800,238
1655903700,199
1655904600,255
1655905500,311
1655906400,258
1655907300,221
1655908200,214
1655909100,231
1655910000,280
1655910900,374
1655911800,313
1655912700,292
1655913600,281
1655914500,301
1655915400,322
1655916300,325
1655917200,282
1655918100,468
1655919000,721
1655919900,331
1655920800,333
1655921700,334
1655922600,319
1655923500,315
1655924400,354
1655925300,276
1655926200,281
1655927100,219
1655928000,175
1655928900,197
1655929800,227
1655930700,147
1655931600,152
1655932500,136
1655933400,124
1655934300,132
1655935200,127
1655936100,162
1655937000,142
1655937900,128
1655938800,126
1655939700,131
1655940600,130
1655941500,152
1655942400,148
1655943300,137
1655944200,136
1655945100,124
1655946000,137
1655946900,149
1655947800,147
1655948700,120
1655949600,138
1655950500,127
1655951400,163
1655952300,272
1655953200,185
1655954100,120
1655955000,143
1655955900,140
1655956800,468
1655957700,761
1655958600,711
1655959500,493
1655960400,175
1655961300,162
1655962200,1008
1655963100,1188
1655964000,936
1655964900,648
1655965800,705
1655966700,394
1655967600,252
1655968500,311
1655969400,215
1655970300,232
1655971200,232
1655972100,258
1655973000,251
1655973900,244
1655974800,243
1655975700,283
1655976600,271
1655977500,233
1655978400,281
1655979300,962
1655980200,1369
1655981100,1244
1655982000,905
1655982900,303
1655983800,515
1655984700,630
1655985600,256
1655986500,252
1655987400,272
1655988300,282
1655989200,298
1655990100,261
1655991000,281
1655991900,389
1655992800,321
1655993700,285
1655994600,337
1655995500,339
1655996400,357
1655997300,336
1655998200,354
1655999100,374
1656000000,449
1656000900,594
1656001800,470
1656002700,1006
1656003600,1186
1656004500,945
1656005400,936
1656006300,920
1656007200,501
1656008100,561
1656009000,423
1656009900,350
1656010800,338
1656011700,306
1656012600,334
1656013500,228
1656014400,223
1656015300,208
1656016200,184
1656017100,144
1656018000,136
1656018900,134
1656019800,149
1656020700,167
1656021600,143
1656022500,143
1656023400,135
1656024300,135
1656025200,151
1656026100,162
1656027000,177
1656027900,173
1656028800,148
1656029700,171
1656030600,159
1656031500,158
1656032400,133
1656033300,141
1656034200,160
1656035100,187
1656036000,166
1656036900,173
1656037800,139
1656038700,298
1656039600,487
1656040500,372
1656041400,404
1656042300,163
1656043200,860
1656044100,1097
1656045000,1088
1656045900,848
1656046800,716
1656047700,621
1656048600,191
1656049500,580
1656050400,673
1656051300,732
1656052200,762
1656053100,698
1656054000,507
1656054900,233
1656055800,256
1656056700,239
1656057600,257
1656058500,225
1656059400,236
1656060300,221
1656061200,242
1656062100,245
1656063000,272
1656063900,246
1656064800,264
1656065700,250
1656066600,255
1656067500,858
1656068400,876
1656069300,335
1656070200,272
1656071100,485
1656072000,1024
1656072900,916
1656073800,771
1656074700,733
1656075600,756
1656076500,714
1656077400,751
1656078300,710
1656079200,440
1656080100,236
1656081000,246
1656081900,383
1656082800,785
1656083700,615
1656084600,428
1656085500,689
1656086400,761
1656087300,522
1656088200,871
1656089100,902
1656090000,888
1656090900,814
1656091800,1643
1656092700,636
1656093600,506
1656094500,525
1656095400,525
1656096300,464
1656097200,397
1656098100,340
1656099000,391
1656099900,329
1656100800,222
1656101700,124
1656102600,96
1656103500,91
1656104400,112
1656105300,114
1656106200,85
1656107100,104
1656108000,109
1656108900,107
1656109800,117
1656110700,92
1656111600,102
1656112500,81
1656113400,175
1656114300,104
1656115200,147
1656116100,99
1656117000,109
1656117900,93
1656118800,102
1656119700,129
1656120600,132
1656121500,105
1656122400,93
1656123300,105
1656124200,93
1656125100,182
1656126000,152
1656126900,248
1656127800,124
1656128700,104
1656129600,375
1656130500,449
1656131400,251
1656132300,201
1656133200,239
1656134100,411
1656135000,495
1656135900,354
1656136800,139
1656137700,371
1656138600,515
1656139500,172
1656140400,160
1656141300,183
1656142200,199
1656143100,200
1656144000,257
1656144900,905
1656145800,931
1656146700,920
1656147600,843
1656148500,375
1656149400,373
1656150300,385
1656151200,436
1656152100,395
1656153000,393
1656153900,399
1656154800,390
1656155700,363
1656156600,390
1656157500,397
1656158400,381
1656159300,317
1656160200,291
1656161100,304
1656162000,321
1656162900,319
1656163800,295
1656164700,315
1656165600,326
1656166500,332
1656167400,358
1656168300,331
1656169200,347
1656170100,383
1656171000,367
1656171900,436
1656172800,440
1656173700,395
1656174600,378
1656175500,365
1656176400,391
1656177300,432
1656178200,433
1656179100,389
1656180000,398
1656180900,412
1656181800,393
1656182700,413
1656183600,391
1656184500,414
1656185400,336
1656186300,296
1656187200,272
1656188100,171
1656189000,145
1656189900,134
1656190800,147
1656191700,143
1656192600,151
1656193500,153
1656194400,127
1656195300,129
1656196200,139
1656197100,136
1656198000,179
1656198900,143
1656199800,186
1656200700,166
1656201600,142
1656202500,177
1656203400,167
1656204300,147
1656205200,159
1656206100,148
1656207000,193
1656207900,199
1656208800,173
1656209700,162
1656210600,137
1656211500,307
1656212400,162
1656213300,204
1656214200,179
1656215100,170
1656216000,438
1656216900,1025
1656217800,1054
1656218700,743
1656219600,694
1656220500,1078
1656221400,445
1656222300,474
1656223200,427
1656224100,826
1656225000,782
1656225900,814
1656226800,756
1656227700,501
1656228600,297
1656229500,512
1656230400,963
1656231300,742
1656232200,316
1656233100,291
1656234000,336
1656234900,509
1656235800,681
1656236700,295
1656237600,280
1656238500,379
1656239400,1021
1656240300,807
1656241200,836
1656242100,797
1656243000,666
1656243900,375
1656244800,306
1656245700,300
1656246600,272
1656247500,279
1656248400,273
1656249300,288
1656250200,274
1656251100,291
1656252000,267
1656252900,287
1656253800,480
1656254700,324
1656255600,332
1656256500,377
1656257400,310
1656258300,358
1656259200,622
1656260100,766
1656261000,783
1656261900,662
1656262800,425
1656263700,997
1656264600,1238
1656265500,1013
1656266400,804
1656267300,838
1656268200,576
1656269100,618
1656270000,573
1656270900,491
1656271800,280
1656272700,600
1656273600,637
1656274500,259
1656275400,198
1656276300,138
1656277200,91
1656278100,101
1656279000,105
1656279900,117
1656280800,102
1656281700,92
1656282600,93
1656283500,94
1656284400,120
1656285300,97
1656286200,86
1656287100,135
1656288000,140
1656288900,105
1656289800,108
1656290700,91
1656291600,89
1656292500,84
1656293400,97
1656294300,113
1656295200,116
1656296100,82
1656297000,81
1656297900,97
1656298800,77
1656299700,129
1656300600,93
1656301500,133
1656302400,133
1656303300,89
1656304200,102
1656305100,111
1656306000,110
1656306900,110
1656307800,113
1656308700,518
1656309600,336
1656310500,167
1656311400,168
1656312300,184
1656313200,229
1656314100,230
1656315000,275
1656315900,243
1656316800,220
1656317700,235
1656318600,420
1656319500,511
1656320400,445
1656321300,226
1656322200,642
1656323100,463
1656324000,222
1656324900,207
1656325800,220
1656326700,250
1656327600,195
1656328500,203
1656329400,187
1656330300,233
1656331200,205
1656332100,231
1656333000,219
1656333900,240
1656334800,468
1656335700,667
1656336600,550
1656337500,404
1656338400,561
1656339300,453
1656340200,445
1656341100,318
1656342000,453
1656342900,288
1656343800,261
1656344700,342
1656345600,250
1656346500,271
1656347400,295
1656348300,788
1656349200,333
1656350100,412
1656351000,251
1656351900,845
1656352800,368
1656353700,290
1656354600,259
1656355500,256
1656356400,717
1656357300,608
1656358200,591
1656359100,528
1656360000,459
1656360900,279
1656361800,246
1656362700,221
1656363600,155
1656364500,129
1656365400,92
1656366300,110
1656367200,99
1656368100,125
1656369000,140
1656369900,110
1656370800,104
1656371700,89
1656372600,102
1656373500,111
1656374400,130
1656375300,130
1656376200,90
1656377100,110
1656378000,89
1656378900,114
1656379800,116
1656380700,136
1656381600,109
1656382500,98
1656383400,104
1656384300,95
1656385200,110
1656386100,136
1656387000,123
1656387900,138
1656388800,135
1656389700,483
1656390600,235
1656391500,231
1656392400,250
1656393300,221
1656394200,206
1656395100,183
1656396000,208
1656396900,573
1656397800,324
1656398700,355
1656399600,297
1656400500,305
1656401400,279
1656402300,311
1656403200,292
1656404100,572
1656405000,1136
1656405900,756
1656406800,416
1656407700,486
1656408600,1027
1656409500,744
1656410400,285
1656411300,338
1656412200,320
1656413100,335
1656414000,305
1656414900,324
1656415800,320
1656416700,289
1656417600,236
1656418500,226
1656419400,242
1656420300,266
1656421200,275
1656422100,238
1656423000,227
1656423900,296
1656424800,597
1656425700,437
1656426600,487
1656427500,272
1656428400,645
1656429300,496
1656430200,241
1656431100,232
1656432000,252
1656432900,252
1656433800,243
1656434700,246
1656435600,290
1656436500,259
1656437400,256
1656438300,342
1656439200,260
1656440100,265
1656441000,252
1656441900,281
1656442800,265
1656443700,264
1656444600,260
1656445500,196
1656446400,163
1656447300,156
1656448200,163
1656449100,150
1656450000,170
1656450900,139
1656451800,123
1656452700,128
1656453600,116
1656454500,125
1656455400,119
1656456300,153
1656457200,110
1656458100,117
1656459000,123
1656459900,121
1656460800,122
1656461700,139
1656462600,133
1656463500,121
1656464400,105
1656465300,127
1656466200,112
1656467100,143
1656468000,137
1656468900,125
1656469800,118
1656470700,123
1656471600,130
1656472500,116
1656473400,162
1656474300,180
1656475200,419
1656476100,698
1656477000,1050
1656477900,614
1656478800,179
1656479700,217
1656480600,204
1656481500,584
1656482400,385
1656483300,713
1656484200,620
1656485100,1158
1656486000,691
1656486900,594
1656487800,385
1656488700,134
1656489600,109
1656490500,138
1656491400,140
1656492300,145
1656493200,127
1656494100,119
1656495000,120
1656495900,207
1656496800,146
1656497700,139
1656498600,109
1656499500,149
1656500400,105
1656501300,114
1656502200,103
1656503100,137
1656504000,292
1656504900,155
1656505800,233
1656506700,187
1656507600,177
1656508500,190
1656509400,192
1656510300,312
1656511200,352
1656512100,561
1656513000,1092
1656513900,788
1656514800,580
1656515700,350
1656516600,260
1656517500,1025
1656518400,1027
1656519300,1102
1656520200,1056
1656521100,1067
1656522000,996
1656522900,875
1656523800,541
1656524700,823
1656525600,1108
1656526500,813
1656527400,571
1656528300,258
1656529200,280
1656530100,272
1656531000,295
1656531900,308
1656532800,201
1656533700,110
1656534600,129
1656535500,96
1656536400,88
1656537300,122
1656538200,99
1656539100,92
1656540000,79
1656540900,88
1656541800,90
1656542700,97
1656543600,122
1656544500,87
1656545400,88
1656546300,85
1656547200,82
1656548100,89
1656549000,108
1656549900,125
1656550800,72
1656551700,94
1656552600,77
1656553500,87
1656554400,98
1656555300,110
1656556200,106
1656557100,222
1656558000,134
1656558900,94
1656559800,82
1656560700,152
1656561600,532
1656562500,998
1656563400,762
1656564300,695
1656565200,605
1656566100,638
1656567000,614
1656567900,623
1656568800,541
1656569700,355
1656570600,199
1656571500,179
1656572400,186
1656573300,570
1656574200,1015
1656575100,721
1656576000,648
1656576900,598
1656577800,516
1656578700,246
1656579600,227
1656580500,172
1656581400,182
1656582300,212
1656583200,421
1656584100,406
1656585000,951
1656585900,410
1656586800,446
1656587700,314
1656588600,173
1656589500,230
1656590400,206
1656591300,194
1656592200,191
1656593100,178
1656594000,185
1656594900,190
1656595800,424
1656596700,295
1656597600,228
1656598500,242
1656599400,230
1656600300,598
1656601200,439
1656602100,313
1656603000,582
1656603900,788
1656604800,846
1656605700,771
1656606600,802
1656607500,790
1656608400,635
1656609300,497
1656610200,309
1656611100,446
1656612000,323
1656612900,261
1656613800,227
1656614700,248
1656615600,246
1656616500,258
1656617400,262
1656618300,254
1656619200,196
1656620100,202
1656621000,248
1656621900,214
1656622800,262
1656623700,254
1656624600,221
1656625500,234
1656626400,166
1656627300,119
1656628200,126
1656629100,161
1656630000,110
1656630900,118
1656631800,114
1656632700,123
1656633600,110
1656634500,154
1656635400,147
1656636300,111
1656637200,117
1656638100,106
1656639000,118
1656639900,122
1656640800,142
1656641700,132
1656642600,115
1656643500,122
1656644400,107
1656645300,279
1656646200,133
1656647100,147
1656648000,255
1656648900,495
1656649800,1022
1656650700,319
1656651600,426
1656652500,225
1656653400,686
1656654300,519
1656655200,506
1656656100,356
1656657000,598
1656657900,580
1656658800,541
1656659700,455
1656660600,309
1656661500,198
1656662400,198
1656663300,279
1656664200,392
1656665100,330
1656666000,333
1656666900,327
1656667800,331
1656668700,340
1656669600,372
1656670500,726
1656671400,912
1656672300,548
1656673200,337
1656674100,160
1656675000,287
1656675900,248
1656676800,173
1656677700,191
1656678600,236
1656679500,616
1656680400,337
1656681300,361
1656682200,312
1656683100,685
1656684000,178
1656684900,182
1656685800,181
1656686700,216
1656687600,377
1656688500,1083
1656689400,972
1656690300,774
1656691200,714
1656692100,657
1656693000,611
1656693900,381
1656694800,327
1656695700,692
1656696600,664
1656697500,761
1656698400,625
1656699300,278
1656700200,285
1656701100,267
1656702000,431
1656702900,484
1656703800,667
1656704700,531
1656705600,261
1656706500,353
1656707400,508
1656708300,112
1656709200,106
1656710100,100
1656711000,96
1656711900,75
1656712800,87
1656713700,88
1656714600,115
1656715500,94
1656716400,89
1656717300,95
1656718200,73
1656719100,96
1656720000,108
1656720900,98
1656721800,87
1656722700,83
1656723600,98
1656724500,76
1656725400,137
1656726300,109
1656727200,88
1656728100,96
1656729000,96
1656729900,289
1656730800,135
1656731700,116
1656732600,101
1656733500,83
1656734400,437
1656735300,388
1656736200,132
1656737100,145
1656738000,93
1656738900,157
1656739800,180
1656740700,548
1656741600,612
1656742500,679
1656743400,570
1656744300,203
1656745200,198
1656746100,181
1656747000,191
1656747900,306
1656748800,646
1656749700,450
1656750600,190
1656751500,195
1656752400,382
1656753300,833
1656754200,863
1656755100,542
1656756000,795
1656756900,194
1656757800,173
1656758700,184
1656759600,198
1656760500,174
1656761400,208
1656762300,168
1656763200,163
1656764100,185
1656765000,233
1656765900,609
1656766800,655
1656767700,359
1656768600,384
1656769500,318
1656770400,767
1656771300,237
1656772200,244
1656773100,240
1656774000,241
1656774900,225
1656775800,239
1656776700,275
1656777600,264
1656778500,302
1656779400,305
1656780300,270
1656781200,438
1656782100,745
1656783000,595
1656783900,339
1656784800,316
1656785700,371
1656786600,356
1656787500,390
1656788400,360
1656789300,329
1656790200,334
1656791100,308
1656792000,200
1656792900,143
1656793800,134
1656794700,103
1656795600,109
1656796500,104
1656797400,91
1656798300,120
1656799200,125
1656800100,112
1656801000,98
1656801900,91
1656802800,102
1656803700,92
1656804600,135
1656805500,113
1656806400,101
1656807300,99
1656808200,88
1656809100,98
1656810000,121
1656810900,122
1656811800,112
1656812700,83
1656813600,103
1656814500,93
1656815400,118
1656816300,127
1656817200,109
1656818100,105
1656819000,101
1656819900,118
1656820800,729
1656821700,754
1656822600,779
1656823500,651
1656824400,606
1656825300,573
1656826200,723
1656827100,1393
1656828000,1442
1656828900,960
1656829800,773
1656830700,833
1656831600,1253
1656832500,383
1656833400,124
1656834300,90
1656835200,98
1656836100,143
1656837000,270
1656837900,234
1656838800,837
1656839700,481
1656840600,484
1656841500,321
1656842400,164
1656843300,150
1656844200,182
1656845100,234
1656846000,153
1656846900,157
1656847800,150
1656848700,158
1656849600,181
1656850500,170
1656851400,157
1656852300,146
1656853200,197
1656854100,197
1656855000,190
1656855900,273
1656856800,261
1656857700,261
1656858600,235
1656859500,278
1656860400,288
1656861300,249
1656862200,270
1656863100,229
1656864000,235
1656864900,220
1656865800,209
1656866700,237
1656867600,264
1656868500,252
1656869400,488
1656870300,689
1656871200,719
1656872100,1005
1656873000,645
1656873900,287
1656874800,299
1656875700,334
1656876600,534
1656877500,372
1656878400,347
1656879300,317
1656880200,308
1656881100,289
1656882000,310
1656882900,285
1656883800,304
1656884700,319
1656885600,301
1656886500,305
1656887400,301
1656888300,290
1656889200,298
1656890100,270
1656891000,130
1656891900,90
1656892800,107
1656893700,111
1656894600,89
1656895500,125
1656896400,121
1656897300,101
1656898200,101
1656899100,101
1656900000,117
1656900900,91
1656901800,132
1656902700,94
1656903600,105
1656904500,94
1656905400,98
1656906300,139
1656907200,156
1656908100,119
1656909000,100
1656909900,87
1656910800,129
1656911700,287
1656912600,217
1656913500,248
1656914400,143
1656915300,129
1656916200,200
1656917100,216
1656918000,255
1656918900,239
1656919800,223
1656920700,294
1656921600,1002
1656922500,1167
1656923400,1111
1656924300,997
1656925200,576
1656926100,248
1656927000,249
1656927900,443
1656928800,430
1656929700,580
1656930600,1158
1656931500,896
1656932400,1121
1656933300,1078
1656934200,764
1656935100,569
1656936000,895
1656936900,402
1656937800,581
1656938700,348
1656939600,659
1656940500,1188
1656941400,1202
1656942300,602
1656943200,767
1656944100,980
1656945000,751
1656945900,407
1656946800,445
1656947700,363
1656948600,517
1656949500,786
1656950400,802
1656951300,695
1656952200,1159
1656953100,879
1656954000,870
1656954900,873
1656955800,864
1656956700,792
1656957600,904
1656958500,400
1656959400,418
1656960300,575
1656961200,371
1656962100,343
1656963000,406
1656963900,426
1656964800,453
1656965700,724
1656966600,513
1656967500,280
1656968400,274
1656969300,641
1656970200,122
1656971100,101
1656972000,108
1656972900,96
1656973800,98
1656974700,113
1656975600,122
1656976500,96
1656977400,88
1656978300,110
1656979200,90
1656980100,95
1656981000,134
1656981900,101
1656982800,109
1656983700,103
1656984600,106
1656985500,89
1656986400,119
1656987300,122
1656988200,87
1656989100,106
1656990000,96
1656990900,99
1656991800,109
1656992700,141
1656993600,157
1656994500,162
1656995400,773
1656996300,1049
1656997200,690
1656998100,649
1656999000,638
1656999900,531
1657000800,450
1657001700,219
1657002600,235
1657003500,208
1657004400,220
1657005300,229
1657006200,189
1657007100,204
1657008000,191
1657008900,206
1657009800,215
1657010700,184
1657011600,198
1657012500,213
1657013400,766
1657014300,381
1657015200,222
1657016100,133
1657017000,120
1657017900,147
1657018800,124
1657019700,119
1657020600,150
1657021500,141
1657022400,118
1657023300,124
1657024200,118
1657025100,118
1657026000,138
1657026900,156
1657027800,113
1657028700,147
1657029600,113
1657030500,123
1657031400,117
1657032300,161
1657033200,129
1657034100,120
1657035000,408
1657035900,974
1657036800,933
1657037700,487
1657038600,284
1657039500,221
1657040400,238
1657041300,304
1657042200,702
1657043100,675
1657044000,765
1657044900,693
1657045800,689
1657046700,359
1657047600,267
1657048500,627
1657049400,525
1657050300,574
1657051200,281
1657052100,809
1657053000,364
1657053900,283
1657054800,348
1657055700,308
1657056600,317
1657057500,287
1657058400,285
1657059300,273
1657060200,280
1657061100,141
1657062000,104
1657062900,95
1657063800,86
1657064700,107
1657065600,107
1657066500,133
1657067400,113
1657068300,109
1657069200,117
1657070100,105
1657071000,120
1657071900,130
1657072800,116
1657073700,107
1657074600,109
1657075500,131
1657076400,94
1657077300,140
1657078200,109
1657079100,209
1657080000,512
1657080900,120
1657081800,104
1657082700,147
1657083600,242
1657084500,97
1657085400,117
1657086300,98
1657087200,98
1657088100,172
1657089000,154
1657089900,157
1657090800,160
1657091700,159
1657092600,196
1657093500,209
1657094400,227
1657095300,181
1657096200,173
1657097100,179
1657098000,165
1657098900,194
1657099800,207
1657100700,206
1657101600,639
1657102500,947
1657103400,375
1657104300,203
1657105200,222
1657106100,190
1657107000,153
1657107900,174
1657108800,156
1657109700,637
1657110600,283
1657111500,326
1657112400,193
1657113300,700
1657114200,636
1657115100,249
1657116000,210
1657116900,260
1657117800,198
1657118700,562
1657119600,782
1657120500,809
1657121400,772
1657122300,849
1657123200,668
1657124100,710
1657125000,631
1657125900,439
1657126800,220
1657127700,999
1657128600,982
1657129500,772
1657130400,716
1657131300,586
1657132200,362
1657133100,306
1657134000,377
1657134900,299
1657135800,354
1657136700,349
1657137600,286
1657138500,268
1657139400,213
1657140300,133
1657141200,96
1657142100,91
1657143000,89
1657143900,89
1657144800,121
1657145700,112
1657146600,102
1657147500,84
1657148400,90
1657149300,90
1657150200,121
1657151100,117
1657152000,86
1657152900,90
1657153800,77
1657154700,73
1657155600,105
1657156500,104
1657157400,93
1657158300,73
1657159200,83
1657160100,81
1657161000,87
1657161900,272
1657162800,126
1657163700,95
1657164600,88
1657165500,132
1657166400,553
1657167300,556
1657168200,209
1657169100,239
1657170000,112
1657170900,84
1657171800,84
1657172700,139
1657173600,89
1657174500,73
1657175400,84
1657176300,108
1657177200,166
1657178100,146
1657179000,178
1657179900,136
1657180800,146
1657181700,131
1657182600,168
1657183500,158
1657184400,219
1657185300,691
1657186200,293
1657187100,278
1657188000,231
1657188900,711
1657189800,399
1657190700,370
1657191600,485
1657192500,162
1657193400,404
1657194300,320
1657195200,173
1657196100,138
1657197000,156
1657197900,130
1657198800,126
1657199700,165
1657200600,168
1657201500,158
1657202400,171
1657203300,737
1657204200,404
1657205100,454
1657206000,891
1657206900,1070
1657207800,635
1657208700,572
1657209600,496
1657210500,431
1657211400,377
1657212300,266
1657213200,251
1657214100,244
1657215000,215
1657215900,232
1657216800,273
1657217700,270
1657218600,242
1657219500,290
1657220400,251
1657221300,270
1657222200,287
1657223100,283
1657224000,299
1657224900,196
1657225800,206
1657226700,194
1657227600,234
1657228500,255
1657229400,213
1657230300,205
1657231200,171
1657232100,370
1657233000,141
1657233900,143
1657234800,137
1657235700,101
1657236600,100
1657237500,82
1657238400,97
1657239300,115
1657240200,115
1657241100,106
1657242000,87
1657242900,80
1657243800,73
1657244700,89
1657245600,121
1657246500,83
1657247400,100
1657248300,95
1657249200,136
1657250100,206
1657251000,118
1657251900,124
1657252800,453
1657253700,684
1657254600,766
1657255500,662
1657256400,705
1657257300,602
1657258200,524
1657259100,163
1657260000,103
1657260900,94
1657261800,115
1657262700,115
1657263600,89
1657264500,90
1657265400,83
1657266300,99
1657267200,101
1657268100,125
1657269000,116
1657269900,92
1657270800,94
1657271700,263
1657272600,847
1657273500,853
1657274400,408
1657275300,505
1657276200,747
1657277100,193
1657278000,285
1657278900,164
1657279800,154
1657280700,154
1657281600,161
1657282500,166
1657283400,248
1657284300,220
1657285200,264
1657286100,601
1657287000,403
1657287900,213
1657288800,532
1657289700,534
1657290600,207
1657291500,236
1657292400,243
1657293300,430
1657294200,275
1657295100,274
1657296000,271
1657296900,295
1657297800,285
1657298700,292
1657299600,313
1657300500,719
1657301400,1287
1657302300,911
1657303200,832
1657304100,853
1657305000,727
1657305900,731
1657306800,293
1657307700,318
1657308600,333
1657309500,339
1657310400,345
1657311300,328
1657312200,317
1657313100,271
1657314000,280
1657314900,252
1657315800,589
1657316700,295
1657317600,234
1657318500,263
1657319400,700
1657320300,122
1657321200,135
1657322100,121
1657323000,133
1657323900,151
1657324800,155
1657325700,130
1657326600,120
1657327500,129
1657328400,128
1657329300,144
1657330200,163
1657331100,133
1657332000,138
1657332900,116
1657333800,135
1657334700,316
1657335600,143
1657336500,145
1657337400,203
1657338300,168
1657339200,354
1657340100,384
1657341000,291
1657341900,216
1657342800,287
1657343700,358
1657344600,350
1657345500,313
1657346400,284
1657347300,288
1657348200,265
1657349100,283
1657350000,300
1657350900,273
1657351800,261
1657352700,245
1657353600,450
1657354500,1203
1657355400,1075
1657356300,753
1657357200,1021
1657358100,978
1657359000,525
1657359900,340
1657360800,131
1657361700,108
1657362600,86
1657363500,80
1657364400,104
1657365300,96
1657366200,97
1657367100,131
1657368000,136
1657368900,131
1657369800,154
1657370700,190
1657371600,173
1657372500,179
1657373400,211
1657374300,245
1657375200,348
1657376100,202
1657377000,207
1657377900,199
1657378800,303
1657379700,218
1657380600,227
1657381500,151
1657382400,122
1657383300,139
1657384200,147
1657385100,216
1657386000,185
1657386900,135
1657387800,151
1657388700,145
1657389600,192
1657390500,230
1657391400,212
1657392300,202
1657393200,201
1657394100,271
1657395000,326
1657395900,384
1657396800,355
1657397700,324
1657398600,310
1657399500,241
1657400400,205
1657401300,372
1657402200,431
1657403100,343
1657404000,154
1657404900,398
1657405800,525
1657406700,138
1657407600,106
1657408500,117
1657409400,106
1657410300,122
1657411200,161
1657412100,126
1657413000,124
1657413900,106
1657414800,124
1657415700,126
1657416600,145
1657417500,121
1657418400,119
1657419300,132
1657420200,114
1657421100,252
1657422000,184
1657422900,118
1657423800,131
1657424700,138
1657425600,244
1657426500,573
1657427400,193
1657428300,172
1657429200,142
1657430100,149
1657431000,160
1657431900,170
1657432800,185
1657433700,224
1657434600,273
1657435500,416
1657436400,907
1657437300,803
1657438200,742
1657439100,603
1657440000,259
1657440900,260
1657441800,301
1657442700,243
1657443600,215
1657444500,305
1657445400,856
1657446300,678
1657447200,281
1657448100,210
1657449000,190
1657449900,208
1657450800,183
1657451700,205
1657452600,208
1657453500,187
1657454400,192
1657455300,318
1657456200,950
1657457100,968
1657458000,777
1657458900,1071
1657459800,1120
1657460700,453
1657461600,522
1657462500,433
1657463400,353
1657464300,258
1657465200,297
1657466100,524
1657467000,796
1657467900,804
1657468800,461
1657469700,314
1657470600,268
1657471500,274
1657472400,504
1657473300,765
1657474200,696
1657475100,684
1657476000,234
1657476900,234
1657477800,275
1657478700,254
1657479600,265
1657480500,266
1657481400,276
1657482300,257
1657483200,286
1657484100,200
1657485000,192
1657485900,196
1657486800,239
1657487700,196
1657488600,204
1657489500,180
1657490400,167
1657491300,179
1657492200,116
1657493100,133
1657494000,125
1657494900,112
1657495800,109
1657496700,96
1657497600,116
1657498500,122
1657499400,121
1657500300,93
1657501200,115
1657502100,98
1657503000,125
1657503900,143
1657504800,110
1657505700,108
1657506600,98
1657507500,108
1657508400,119
1657509300,131
1657510200,104
1657511100,124
1657512000,150
1657512900,145
1657513800,186
1657514700,144
1657515600,141
1657516500,121
1657517400,258
1657518300,500
1657519200,972
1657520100,708
1657521000,700
1657521900,661
1657522800,422
1657523700,477
1657524600,703
1657525500,502
1657526400,210
1657527300,200
1657528200,299
1657529100,284
1657530000,612
1657530900,639
1657531800,1012
1657532700,694
1657533600,594
1657534500,217
1657535400,787
1657536300,366
1657537200,274
1657538100,224
1657539000,224
1657539900,231
1657540800,225
1657541700,266
1657542600,260
1657543500,258
1657544400,199
1657545300,196
1657546200,193
1657547100,623
1657548000,1171
1657548900,871
1657549800,784
1657550700,770
1657551600,356
1657552500,279
1657553400,255
1657554300,253
1657555200,237
1657556100,234
1657557000,303
1657557900,239
1657558800,258
1657559700,316
1657560600,229
1657561500,238
1657562400,248
1657563300,358
1657564200,370
1657565100,717
1657566000,436
1657566900,257
1657567800,604
1657568700,557
1657569600,218
1657570500,190
1657571400,197
1657572300,222
1657573200,214
1657574100,173
1657575000,211
1657575900,196
1657576800,206
1657577700,168
1657578600,110
1657579500,169
1657580400,106
1657581300,122
1657582200,121
1657583100,155
1657584000,177
1657584900,120
1657585800,122
1657586700,108
1657587600,140
1657588500,176
1657589400,126
1657590300,116
1657591200,125
1657592100,124
1657593000,129
1657593900,157
1657594800,136
1657595700,129
1657596600,108
1657597500,133
1657598400,208
1657599300,432
1657600200,209
1657601100,127
1657602000,232
1657602900,200
1657603800,290
1657604700,235
1657605600,122
1657606500,515
1657607400,574
1657608300,585
1657609200,369
1657610100,375
1657611000,443
1657611900,465
1657612800,449
1657613700,374
1657614600,353
1657615500,375
1657616400,354
1657617300,1049
1657618200,1221
1657619100,595
1657620000,366
1657620900,292
1657621800,889
1657622700,230
1657623600,185
1657624500,205
1657625400,183
1657626300,192
1657627200,182
1657628100,187
1657629000,214
1657629900,198
1657630800,177
1657631700,204
1657632600,197
1657633500,189
1657634400,220
1657635300,193
1657636200,194
1657637100,191
1657638000,181
1657638900,213
1657639800,205
1657640700,205
1657641600,504
1657642500,386
1657643400,436
1657644300,226
1657645200,936
1657646100,1078
1657647000,979
1657647900,751
1657648800,760
1657649700,561
1657650600,253
1657651500,335
1657652400,354
1657653300,298
1657654200,324
1657655100,293
1657656000,248
1657656900,261
1657657800,204
1657658700,218
1657659600,241
1657660500,229
1657661400,209
1657662300,172
1657663200,123
1657664100,122
1657665000,129
1657665900,105
1657666800,101
1657667700,96
1657668600,89
1657669500,135
1657670400,109
1657671300,108
1657672200,95
1657673100,101
1657674000,112
1657674900,123
1657675800,115
1657676700,106
1657677600,102
1657678500,102
1657679400,108
1657680300,124
1657681200,88
1657682100,104
1657683000,102
1657683900,132
1657684800,517
1657685700,994
1657686600,867
1657687500,690
1657688400,681
1657689300,703
1657690200,622
1657691100,572
1657692000,352
1657692900,189
1657693800,218
1657694700,218
1657695600,222
1657696500,242
1657697400,219
1657698300,212
1657699200,191
1657700100,226
1657701000,191
1657701900,200
1657702800,196
1657703700,196
1657704600,194
1657705500,208
1657706400,193
1657707300,542
1657708200,558
1657709100,734
1657710000,665
1657710900,246
1657711800,424
1657712700,626
1657713600,188
1657714500,212
1657715400,220
1657716300,176
1657717200,177
1657718100,164
1657719000,259
1657719900,216
1657720800,210
1657721700,300
1657722600,286
1657723500,198
1657724400,150
1657725300,183
1657726200,164
1657727100,138
1657728000,215
1657728900,207
1657729800,218
1657730700,223
1657731600,187
1657732500,212
1657733400,273
1657734300,255
1657735200,280
1657736100,452
1657737000,701
1657737900,283
1657738800,376
1657739700,395
1657740600,783
1657741500,496
1657742400,535
1657743300,393
1657744200,788
1657745100,263
1657746000,228
1657746900,137
1657747800,141
1657748700,127
1657749600,147
1657750500,175
1657751400,124
1657752300,142
1657753200,115
1657754100,137
1657755000,154
1657755900,143
1657756800,151
1657757700,111
1657758600,134
1657759500,124
1657760400,151
1657761300,132
1657762200,108
1657763100,129
1657764000,106
1657764900,137
1657765800,127
1657766700,217
1657767600,157
1657768500,92
1657769400,114
1657770300,173
1657771200,189
1657772100,532
1657773000,261
1657773900,254
1657774800,250
1657775700,234
1657776600,220
1657777500,286
1657778400,234
1657779300,245
1657780200,306
1657781100,273
1657782000,267
1657782900,308
1657783800,249
1657784700,632
1657785600,1139
1657786500,974
1657787400,560
1657788300,355
1657789200,343
1657790100,354
1657791000,351
1657791900,576
1657792800,320
1657793700,354
1657794600,340
1657795500,453
1657796400,321
1657797300,262
1657798200,274
1657799100,260
1657800000,303
1657800900,268
1657801800,266
1657802700,302
1657803600,410
1657804500,762
1657805400,400
1657806300,350
1657807200,425
1657808100,376
1657809000,408
1657809900,411
1657810800,403
1657811700,399
1657812600,806
1657813500,738
1657814400,1027
1657815300,831
1657816200,1160
1657817100,749
1657818000,837
1657818900,907
1657819800,1091
1657820700,858
1657821600,858
1657822500,882
1657823400,902
1657824300,922
1657825200,900
1657826100,813
1657827000,485
1657827900,450
1657828800,460
1657829700,229
1657830600,193
1657831500,183
1657832400,184
1657833300,172
1657834200,95
1657835100,93
1657836000,97
1657836900,84
1657837800,110
1657838700,96
1657839600,95
1657840500,77
1657841400,94
1657842300,96
1657843200,110
1657844100,99
1657845000,80
1657845900,87
1657846800,88
1657847700,94
1657848600,127
1657849500,80
1657850400,93
1657851300,81
1657852200,86
1657853100,283
1657854000,117
1657854900,100
1657855800,98
1657856700,112
1657857600,144
1657858500,686
1657859400,1037
1657860300,826
1657861200,392
1657862100,196
1657863000,278
1657863900,327
1657864800,240
1657865700,726
1657866600,411
1657867500,349
1657868400,450
1657869300,756
1657870200,1048
1657871100,682
1657872000,743
1657872900,464
1657873800,230
1657874700,210
1657875600,188
1657876500,196
1657877400,359
1657878300,974
1657879200,1415
1657880100,824
1657881000,683
1657881900,303
1657882800,318
1657883700,307
1657884600,403
1657885500,876
1657886400,822
1657887300,722
1657888200,685
1657889100,620
1657890000,574
1657890900,233
1657891800,194
1657892700,206
1657893600,163
1657894500,174
1657895400,286
1657896300,189
1657897200,237
1657898100,195
1657899000,232
1657899900,543
1657900800,426
1657901700,241
1657902600,241
1657903500,223
1657904400,247
1657905300,287
1657906200,288
1657907100,311
1657908000,780
1657908900,352
1657909800,407
1657910700,233
1657911600,754
1657912500,388
1657913400,258
1657914300,278
1657915200,239
1657916100,155
1657917000,151
1657917900,95
1657918800,85
1657919700,91
1657920600,93
1657921500,113
1657922400,113
1657923300,87
1657924200,96
1657925100,78
1657926000,99
1657926900,116
1657927800,114
1657928700,91
1657929600,87
1657930500,94
1657931400,100
1657932300,114
1657933200,89
1657934100,100
1657935000,108
1657935900,82
1657936800,126
1657937700,91
1657938600,89
1657939500,229
1657940400,111
1657941300,130
1657942200,131
1657943100,96
1657944000,132
1657944900,123
1657945800,182
1657946700,144
1657947600,88
1657948500,103
1657949400,99
1657950300,68
1657951200,88
1657952100,85
1657953000,72
1657953900,63
1657954800,81
1657955700,70
1657956600,89
1657957500,71
1657958400,58
1657959300,100
1657960200,109
1657961100,149
1657962000,348
1657962900,343
1657963800,549
1657964700,916
1657965600,399
1657966500,151
1657967400,99
1657968300,94
1657969200,97
1657970100,218
1657971000,531
1657971900,331
1657972800,117
1657973700,450
1657974600,455
1657975500,156
1657976400,154
1657977300,147
1657978200,144
1657979100,129
1657980000,143
1657980900,154
1657981800,157
1657982700,153
1657983600,153
1657984500,141
1657985400,189
1657986300,185
1657987200,223
1657988100,585
1657989000,234
1657989900,414
1657990800,369
1657991700,656
1657992600,305
1657993500,159
1657994400,184
1657995300,230
1657996200,216
1657997100,193
1657998000,198
1657998900,194
1657999800,272
1658000700,275
1658001600,258
1658002500,212
1658003400,210
1658004300,249
1658005200,226
1658006100,229
1658007000,141
1658007900,85
1658008800,96
1658009700,92
1658010600,122
1658011500,94
1658012400,94
1658013300,100
1658014200,85
1658015100,119
1658016000,100
1658016900,81
1658017800,96
1658018700,79
1658019600,121
1658020500,107
1658021400,91
1658022300,89
1658023200,82
1658024100,99
1658025000,109
1658025900,237
1658026800,142
1658027700,102
1658028600,101
1658029500,135
1658030400,149
1658031300,142
1658032200,196
1658033100,130
1658034000,89
1658034900,126
1658035800,122
1658036700,104
1658037600,134
1658038500,125
1658039400,172
1658040300,137
1658041200,93
1658042100,116
1658043000,88
1658043900,143
1658044800,144
1658045700,126
1658046600,132
1658047500,155
1658048400,503
1658049300,328
1658050200,480
1658051100,1397
1658052000,1429
1658052900,287
1658053800,218
1658054700,219
1658055600,252
1658056500,178
1658057400,190
1658058300,201
1658059200,224
1658060100,191
1658061000,223
1658061900,234
1658062800,233
1658063700,263
1658064600,172
1658065500,148
1658066400,124
1658067300,139
1658068200,138
1658069100,205
1658070000,141
1658070900,120
1658071800,139
1658072700,118
1658073600,173
1658074500,134
1658075400,134
1658076300,121
1658077200,115
1658078100,144
1658079000,149
1658079900,147
1658080800,142
1658081700,162
1658082600,150
1658083500,172
1658084400,184
1658085300,147
1658086200,178
1658087100,229
1658088000,228
1658088900,177
1658089800,174
1658090700,165
1658091600,188
1658092500,193
1658093400,239
1658094300,233
1658095200,225
1658096100,126
1658097000,88
1658097900,135
1658098800,76
1658099700,104
1658100600,95
1658101500,86
1658102400,106
1658103300,86
1658104200,80
1658105100,83
1658106000,105
1658106900,110
1658107800,131
1658108700,98
1658109600,83
1658110500,108
1658111400,85
1658112300,122
1658113200,103
1658114100,104
1658115000,104
1658115900,108
1658116800,138
1658117700,111
1658118600,85
1658119500,95
1658120400,232
1658121300,144
1658122200,147
1658123100,127
1658124000,94
1658124900,95
1658125800,100
1658126700,113
1658127600,137
1658128500,129
1658129400,155
1658130300,162
1658131200,200
1658132100,372
1658133000,602
1658133900,469
1658134800,257
1658135700,444
1658136600,735
1658137500,234
1658138400,654
1658139300,692
1658140200,493
1658141100,199
1658142000,220
1658142900,244
1658143800,208
1658144700,202
1658145600,199
1658146500,218
1658147400,232
1658148300,192
1658149200,212
1658150100,190
1658151000,351
1658151900,239
1658152800,197
1658153700,210
1658154600,215
1658155500,222
1658156400,272
1658157300,226
1658158200,258
1658159100,668
1658160000,344
1658160900,350
1658161800,414
1658162700,842
1658163600,689
1658164500,337
1658165400,309
1658166300,339
1658167200,324
1658168100,305
1658169000,632
1658169900,682
1658170800,497
1658171700,478
1658172600,390
1658173500,341
1658174400,296
1658175300,329
1658176200,319
1658177100,327
1658178000,308
1658178900,204
1658179800,160
1658180700,165
1658181600,136
1658182500,135
1658183400,114
1658184300,132
1658185200,161
1658186100,147
1658187000,141
1658187900,115
1658188800,137
1658189700,138
1658190600,153
1658191500,135
1658192400,111
1658193300,123
1658194200,112
1658195100,153
1658196000,155
1658196900,121
1658197800,130
1658198700,113
1658199600,132
1658200500,168
1658201400,139
1658202300,268
1658203200,266
1658204100,255
1658205000,138
1658205900,153
1658206800,138
1658207700,112
1658208600,128
1658209500,124
1658210400,163
1658211300,145
1658212200,127
1658213100,133
1658214000,133
1658214900,170
1658215800,202
1658216700,204
1658217600,221
1658218500,199
1658219400,587
1658220300,1112
1658221200,802
1658222100,1354
1658223000,1412
1658223900,817
1658224800,460
1658225700,374
1658226600,166
1658227500,177
1658228400,474
1658229300,577
1658230200,475
1658231100,237
1658232000,444
1658232900,596
1658233800,187
1658234700,223
1658235600,228
1658236500,227
1658237400,787
1658238300,1071
1658239200,806
1658240100,425
1658241000,260
1658241900,275
1658242800,280
1658243700,438
1658244600,563
1658245500,476
1658246400,226
1658247300,638
1658248200,429
1658249100,315
1658250000,887
1658250900,917
1658251800,727
1658252700,709
1658253600,639
1658254500,427
1658255400,302
1658256300,303
1658257200,274
1658258100,255
1658259000,277
1658259900,313
1658260800,213
1658261700,186
1658262600,108
1658263500,100
1658264400,132
1658265300,119
1658266200,117
1658267100,114
1658268000,101
1658268900,133
1658269800,118
1658270700,109
1658271600,117
1658272500,115
1658273400,125
1658274300,122
1658275200,139
1658276100,111
1658277000,117
1658277900,137
1658278800,106
1658279700,154
1658280600,110
1658281500,104
1658282400,106
1658283300,98
1658284200,140
1658285100,132
1658286000,101
1658286900,113
1658287800,94
1658288700,185
1658289600,605
1658290500,742
1658291400,593
1658292300,537
1658293200,251
1658294100,569
1658295000,558
1658295900,429
1658296800,485
1658297700,259
1658298600,630
1658299500,526
1658300400,201
1658301300,199
1658302200,218
1658303100,217
1658304000,213
1658304900,230
1658305800,485
1658306700,957
1658307600,696
1658308500,760
1658309400,1048
1658310300,729
1658311200,837
1658312100,668
1658313000,764
1658313900,711
1658314800,590
1658315700,643
1658316600,270
1658317500,253
1658318400,185
1658319300,228
1658320200,183
1658321100,181
1658322000,173
1658322900,192
1658323800,205
1658324700,209
1658325600,229
1658326500,184
1658327400,194
1658328300,183
1658329200,223
1658330100,200
1658331000,196
1658331900,191
1658332800,164
1658333700,206
1658334600,184
1658335500,174
1658336400,187
1658337300,179
1658338200,198
1658339100,207
1658340000,206
1658340900,164
1658341800,191
1658342700,609
1658343600,784
1658344500,848
1658345400,1180
1658346300,1073
1658347200,1056
1658348100,246
1658349000,742
1658349900,222
1658350800,143
1658351700,124
1658352600,133
1658353500,137
1658354400,167
1658355300,137
1658356200,126
1658357100,137
1658358000,142
1658358900,172
1658359800,144
1658360700,123
1658361600,135
1658362500,120
1658363400,150
1658364300,148
1658365200,138
1658366100,179
1658367000,144
1658367900,147
1658368800,164
1658369700,159
1658370600,141
1658371500,155
1658372400,147
1658373300,147
1658374200,167
1658375100,146
1658376000,200
1658376900,197
1658377800,198
1658378700,296
1658379600,249
1658380500,244
1658381400,547
1658382300,347
1658383200,213
1658384100,221
1658385000,565
1658385900,509
1658386800,229
1658387700,221
1658388600,261
1658389500,218
1658390400,176
1658391300,192
1658392200,190
1658393100,200
1658394000,242
1658394900,196
1658395800,207
1658396700,199
1658397600,209
1658398500,375
1658399400,934
1658400300,301
1658401200,211
1658402100,219
1658403000,241
1658403900,233
1658404800,206
1658405700,199
1658406600,202
1658407500,191
1658408400,209
1658409300,179
1658410200,178
1658411100,180
1658412000,190
1658412900,189
1658413800,203
1658414700,179
1658415600,186
1658416500,187
1658417400,230
1658418300,219
1658419200,213
1658420100,320
1658421000,215
1658421900,201
1658422800,371
1658423700,815
1658424600,418
1658425500,213
1658426400,241
1658427300,219
1658428200,560
1658429100,659
1658430000,703
1658430900,324
1658431800,240
1658432700,257
1658433600,194
1658434500,95
1658435400,100
1658436300,115
1658437200,152
1658438100,146
1658439000,122
1658439900,117
1658440800,114
1658441700,118
1658442600,141
1658443500,120
1658444400,112
1658445300,116
1658446200,100
1658447100,117
1658448000,145
1658448900,121
1658449800,103
1658450700,117
1658451600,97
1658452500,128
1658453400,135
1658454300,97
1658455200,115
1658456100,118
1658457000,122
1658457900,290
1658458800,132
1658459700,103
1658460600,102
1658461500,109
1658462400,137
1658463300,609
1658464200,159
1658465100,189
1658466000,149
1658466900,117
1658467800,206
1658468700,667
1658469600,330
1658470500,500
1658471400,1181
1658472300,1399
1658473200,508
1658474100,239
1658475000,232
1658475900,232
1658476800,231
1658477700,265
1658478600,227
1658479500,515
1658480400,1005
1658481300,782
1658482200,786
1658483100,756
1658484000,1209
1658484900,1099
1658485800,1074
1658486700,523
1658487600,288
1658488500,263
1658489400,252
1658490300,227
1658491200,235
1658492100,275
1658493000,543
1658493900,1090
1658494800,791
1658495700,723
1658496600,708
1658497500,576
1658498400,265
1658499300,253
1658500200,249
1658501100,209
1658502000,238
1658502900,201
1658503800,188
1658504700,187
1658505600,366
1658506500,417
1658507400,430
1658508300,249
1658509200,224
1658510100,560
1658511000,875
1658511900,761
1658512800,797
1658513700,760
1658514600,716
1658515500,503
1658516400,374
1658517300,311
1658518200,300
1658519100,310
1658520000,251
1658520900,230
1658521800,157
1658522700,114
1658523600,82
1658524500,98
1658525400,126
1658526300,125
1658527200,103
1658528100,97
1658529000,109
1658529900,88
1658530800,106
1658531700,105
1658532600,92
1658533500,81
1658534400,96
1658535300,93
1658536200,134
1658537100,100
1658538000,85
1658538900,96
1658539800,76
1658540700,103
1658541600,90
1658542500,80
1658543400,93
1658544300,199
1658545200,134
1658546100,124
1658547000,81
1658547900,94
1658548800,111
1658549700,148
1658550600,127
1658551500,182
1658552400,106
1658553300,145
1658554200,158
1658555100,222
1658556000,640
1658556900,369
1658557800,242
1658558700,314
1658559600,827
1658560500,191
1658561400,119
1658562300,94
1658563200,109
1658564100,95
1658565000,131
1658565900,147
1658566800,172
1658567700,300
1658568600,669
1658569500,476
1658570400,488
1658571300,591
1658572200,516
1658573100,210
1658574000,192
1658574900,196
1658575800,216
1658576700,183
1658577600,208
1658578500,197
1658579400,217
1658580300,276
1658581200,221
1658582100,184
1658583000,206
1658583900,213
1658584800,237
1658585700,206
1658586600,263
1658587500,268
1658588400,275
1658589300,284
1658590200,517
1658591100,1006
1658592000,471
1658592900,410
1658593800,590
1658594700,700
1658595600,589
1658596500,755
1658597400,434
1658598300,264
1658599200,286
1658600100,266
1658601000,276
1658601900,287
1658602800,331
1658603700,284
1658604600,278
1658605500,244
1658606400,159
1658607300,100
1658608200,88
1658609100,116
1658610000,82
1658610900,89
1658611800,67
1658612700,97
1658613600,117
1658614500,113
1658615400,83
1658616300,109
1658617200,89
1658618100,126
1658619000,108
1658619900,97
1658620800,83
1658621700,100
1658622600,95
1658623500,133
1658624400,94
1658625300,97
1658626200,79
1658627100,95
1658628000,107
1658628900,105
1658629800,106
1658630700,281
1658631600,130
1658632500,92
1658633400,151
1658634300,133
1658635200,148
1658636100,228
1658637000,86
1658637900,137
1658638800,147
1658639700,111
1658640600,122
1658641500,159
1658642400,181
1658643300,190
1658644200,170
1658645100,176
1658646000,163
1658646900,204
1658647800,196
1658648700,175
1658649600,173
1658650500,180
1658651400,205
1658652300,213
1658653200,213
1658654100,189
1658655000,226
1658655900,375
1658656800,616
1658657700,609
1658658600,203
1658659500,227
1658660400,233
1658661300,266
1658662200,243
1658663100,227
1658664000,253
1658664900,243
1658665800,282
1658666700,285
1658667600,509
1658668500,557
1658669400,490
1658670300,277
1658671200,598
1658672100,639
1658673000,278
1658673900,271
1658674800,240
1658675700,230
1658676600,232
1658677500,205
1658678400,192
1658679300,215
1658680200,263
1658681100,271
1658682000,240
1658682900,249
1658683800,248
1658684700,499
1658685600,604
1658686500,305
1658687400,306
1658688300,281
1658689200,267
1658690100,336
1658691000,300
1658691900,319
1658692800,281
1658693700,251
1658694600,255
1658695500,199
1658696400,167
1658697300,168
1658698200,180
1658699100,141
1658700000,127
1658700900,97
1658701800,96
1658702700,122
1658703600,120
1658704500,146
1658705400,137
1658706300,105
1658707200,112
1658708100,106
1658709000,130
1658709900,134
1658710800,124
1658711700,113
1658712600,117
1658713500,101
1658714400,135
1658715300,122
1658716200,103
1658717100,113
1658718000,121
1658718900,113
1658719800,147
1658720700,121
1658721600,156
1658722500,95
1658723400,124
1658724300,146
1658725200,160
1658726100,116
1658727000,297
1658727900,458
1658728800,1597
1658729700,1000
1658730600,317
1658731500,706
1658732400,1169
1658733300,647
1658734200,540
1658735100,249
1658736000,207
1658736900,191
1658737800,205
1658738700,204
1658739600,294
1658740500,205
1658741400,218
1658742300,216
1658743200,622
1658744100,466
1658745000,223
1658745900,184
1658746800,222
1658747700,224
1658748600,209
1658749500,225
1658750400,209
1658751300,197
1658752200,215
1658753100,209
1658754000,257
1658754900,213
1658755800,226
1658756700,203
1658757600,235
1658758500,232
1658759400,257
1658760300,227
1658761200,213
1658762100,178
1658763000,219
1658763900,224
1658764800,261
1658765700,306
1658766600,295
1658767500,847
1658768400,1027
1658769300,1005
1658770200,1140
1658771100,1128
1658772000,867
1658772900,841
1658773800,753
1658774700,272
1658775600,335
1658776500,380
1658777400,306
1658778300,339
1658779200,268
1658780100,297
1658781000,235
1658781900,229
1658782800,199
1658783700,253
1658784600,206
1658785500,136
1658786400,123
1658787300,120
1658788200,136
1658789100,156
1658790000,100
1658790900,125
1658791800,118
1658792700,138
1658793600,155
1658794500,135
1658795400,133
1658796300,128
1658797200,118
1658798100,162
1658799000,127
1658799900,147
1658800800,121
1658801700,128
1658802600,125
1658803500,149
1658804400,106
1658805300,131
1658806200,116
1658807100,156
1658808000,177
1658808900,180
1658809800,842
1658810700,1021
1658811600,687
1658812500,668
1658813400,572
1658814300,593
1658815200,703
1658816100,685
1658817000,843
1658817900,1282
1658818800,1564
1658819700,1294
1658820600,1303
1658821500,1080
1658822400,624
1658823300,288
1658824200,286
1658825100,239
1658826000,244
1658826900,565
1658827800,767
1658828700,626
1658829600,472
1658830500,362
1658831400,188
1658832300,470
1658833200,1357
1658834100,1162
1658835000,978
1658835900,818
1658836800,1248
1658837700,708
1658838600,624
1658839500,288
1658840400,198
1658841300,196
1658842200,211
1658843100,216
1658844000,233
1658844900,190
1658845800,183
1658846700,194
1658847600,212
1658848500,214
1658849400,179
1658850300,189
1658851200,184
1658852100,198
1658853000,277
1658853900,401
1658854800,525
1658855700,336
1658856600,729
1658857500,676
1658858400,447
1658859300,294
1658860200,530
1658861100,531
1658862000,477
1658862900,322
1658863800,601
1658864700,583
1658865600,247
1658866500,264
1658867400,287
1658868300,186
1658869200,93
1658870100,103
1658871000,99
1658871900,103
1658872800,115
1658873700,83
1658874600,94
1658875500,97
1658876400,123
1658877300,120
1658878200,119
1658879100,88
1658880000,112
1658880900,89
1658881800,142
1658882700,120
1658883600,106
1658884500,87
1658885400,104
1658886300,90
1658887200,141
1658888100,125
1658889000,130
1658889900,98
1658890800,115
1658891700,128
1658892600,140
1658893500,117
1658894400,347
1658895300,247
1658896200,135
1658897100,195
1658898000,123
1658898900,284
1658899800,224
1658900700,495
1658901600,641
1658902500,698
1658903400,698
1658904300,707
1658905200,755
1658906100,754
1658907000,679
1658907900,291
1658908800,216
1658909700,232
1658910600,217
1658911500,242
1658912400,255
1658913300,601
1658914200,399
1658915100,1276
1658916000,967
1658916900,792
1658917800,256
1658918700,224
1658919600,215
1658920500,250
1658921400,231
1658922300,242
1658923200,199
1658924100,218
1658925000,205
1658925900,233
1658926800,250
1658927700,237
1658928600,202
1658929500,215
1658930400,200
1658931300,234
1658932200,232
1658933100,320
1658934000,309
1658934900,398
1658935800,248
1658936700,303
1658937600,320
1658938500,245
1658939400,223
1658940300,229
1658941200,257
1658942100,280
1658943000,267
1658943900,291
1658944800,285
1658945700,294
1658946600,305
1658947500,302
1658948400,290
1658949300,303
1658950200,296
1658951100,405
1658952000,333
1658952900,297
1658953800,264
1658954700,263
1658955600,213
1658956500,143
1658957400,132
1658958300,113
1658959200,120
1658960100,125
1658961000,145
1658961900,130
1658962800,115
1658963700,95
1658964600,112
1658965500,113
1658966400,150
1658967300,102
1658968200,110
1658969100,106
1658970000,110
1658970900,139
1658971800,126
1658972700,121
1658973600,103
1658974500,112
1658975400,118
1658976300,273
1658977200,140
1658978100,136
1658979000,124
1658979900,180
1658980800,218
1658981700,391
1658982600,191
1658983500,239
1658984400,200
1658985300,443
1658986200,461
1658987100,422
1658988000,215
1658988900,510
1658989800,565
1658990700,278
1658991600,290
1658992500,236
1658993400,159
1658994300,164
1658995200,186
1658996100,190
1658997000,156
1658997900,162
1658998800,322
1658999700,856
1659000600,381
1659001500,354
1659002400,204
1659003300,189
1659004200,234
1659005100,199
1659006000,177
1659006900,191
1659007800,192
1659008700,170
1659009600,219
1659010500,210
1659011400,250
1659012300,230
1659013200,237
1659014100,252
1659015000,269
1659015900,248
1659016800,316
1659017700,267
1659018600,341
1659019500,355
1659020400,325
1659021300,337
1659022200,266
1659023100,323
1659024000,303
1659024900,283
1659025800,274
1659026700,314
1659027600,298
1659028500,272
1659029400,633
1659030300,1156
1659031200,637
1659032100,303
1659033000,326
1659033900,780
1659034800,495
1659035700,463
1659036600,454
1659037500,803
1659038400,307
1659039300,258
1659040200,155
1659041100,136
1659042000,135
1659042900,109
1659043800,139
1659044700,127
1659045600,124
1659046500,110
1659047400,125
1659048300,104
1659049200,149
1659050100,104
1659051000,116
1659051900,99
1659052800,120
1659053700,125
1659054600,167
1659055500,121
1659056400,134
1659057300,132
1659058200,151
1659059100,171
1659060000,138
1659060900,139
1659061800,124
1659062700,144
1659063600,146
1659064500,168
1659065400,123
1659066300,150
1659067200,132
1659068100,432
1659069000,216
1659069900,208
1659070800,205
1659071700,111
1659072600,121
1659073500,122
1659074400,165
1659075300,150
1659076200,157
1659077100,132
1659078000,156
1659078900,153
1659079800,138
1659080700,136
1659081600,133
1659082500,143
1659083400,161
1659084300,213
1659085200,124
1659086100,156
1659087000,307
1659087900,193
1659088800,194
1659089700,217
1659090600,200
1659091500,224
1659092400,196
1659093300,245
1659094200,257
1659095100,259
1659096000,230
1659096900,335
1659097800,337
1659098700,375
1659099600,294
1659100500,309
1659101400,259
1659102300,204
1659103200,231
1659104100,193
1659105000,257
1659105900,596
1659106800,725
1659107700,475
1659108600,493
1659109500,278
1659110400,405
1659111300,343
1659112200,438
1659113100,884
1659114000,381
1659114900,418
1659115800,241
1659116700,646
1659117600,500
1659118500,281
1659119400,267
1659120300,255
1659121200,254
1659122100,317
1659123000,262
1659123900,279
1659124800,309
1659125700,287
1659126600,258
1659127500,264
1659128400,232
1659129300,165
1659130200,117
1659131100,100
1659132000,88
1659132900,121
1659133800,72
1659134700,97
1659135600,89
1659136500,90
1659137400,115
1659138300,90
1659139200,87
1659140100,90
1659141000,88
1659141900,110
1659142800,100
1659143700,91
1659144600,84
1659145500,83
1659146400,109
1659147300,129
1659148200,112
1659149100,254
1659150000,107
1659150900,120
1659151800,129
1659152700,146
1659153600,117
1659154500,293
1659155400,154
1659156300,248
1659157200,573
1659158100,324
1659159000,459
1659159900,221
1659160800,705
1659161700,227
1659162600,254
1659163500,204
1659164400,172
1659165300,131
1659166200,98
1659167100,129
1659168000,140
1659168900,114
1659169800,115
1659170700,163
1659171600,125
1659172500,181
1659173400,203
1659174300,612
1659175200,985
1659176100,418
1659177000,476
1659177900,605
1659178800,407
1659179700,202
1659180600,512
1659181500,533
1659182400,194
1659183300,162
1659184200,146
1659185100,144
1659186000,176
1659186900,191
1659187800,136
1659188700,155
1659189600,171
1659190500,206
1659191400,240
1659192300,231
1659193200,206
1659194100,238
1659195000,267
1659195900,519
1659196800,590
1659197700,298
1659198600,241
1659199500,229
1659200400,253
1659201300,291
1659202200,308
1659203100,277
1659204000,253
1659204900,296
1659205800,296
1659206700,307
1659207600,343
1659208500,342
1659209400,336
1659210300,349
1659211200,365
1659212100,297
1659213000,246
1659213900,231
1659214800,223
1659215700,249
1659216600,228
1659217500,214
1659218400,193
1659219300,85
1659220200,100
1659221100,126
1659222000,105
1659222900,96
1659223800,82
1659224700,109
1659225600,129
1659226500,97
1659227400,97
1659228300,103
1659229200,104
1659230100,126
1659231000,134
1659231900,103
1659232800,112
1659233700,88
1659234600,107
1659235500,282
1659236400,122
1659237300,136
1659238200,107
1659239100,159
1659240000,358
1659240900,797
1659241800,857
1659242700,672
1659243600,661
1659244500,587
1659245400,529
1659246300,437
1659247200,432
1659248100,174
1659249000,669
1659249900,353
1659250800,185
1659251700,169
1659252600,211
1659253500,153
1659254400,168
1659255300,178
1659256200,195
1659257100,184
1659258000,179
1659258900,194
1659259800,198
1659260700,415
1659261600,333
1659262500,118
1659263400,311
1659264300,401
1659265200,252
1659266100,178
1659267000,176
1659267900,231
1659268800,597
1659269700,320
1659270600,419
1659271500,198
1659272400,625
1659273300,366
1659274200,219
1659275100,240
1659276000,190
1659276900,177
1659277800,195
1659278700,191
1659279600,222
1659280500,208
1659281400,210
1659282300,227
1659283200,235
1659284100,266
1659285000,250
1659285900,230
1659286800,217
1659287700,271
1659288600,915
1659289500,871
1659290400,796
1659291300,656
1659292200,262
1659293100,254
1659294000,263
1659294900,312
1659295800,220
1659296700,214
1659297600,120
1659298500,80
1659299400,113
1659300300,83
1659301200,80
1659302100,94
1659303000,70
1659303900,105
1659304800,97
1659305700,71
1659306600,83
1659307500,92
1659308400,89
1659309300,117
1659310200,69
1659311100,85
1659312000,79
1659312900,74
1659313800,118
1659314700,103
1659315600,86
1659316500,100
1659317400,81
1659318300,113
1659319200,118
1659320100,94
1659321000,106
1659321900,92
1659322800,89
1659323700,123
1659324600,86
1659325500,116
1659326400,144
1659327300,128
1659328200,146
1659329100,153
1659330000,123
1659330900,118
1659331800,107
1659332700,249
1659333600,213
1659334500,274
1659335400,414
1659336300,845
1659337200,720
1659338100,743
1659339000,1052
1659339900,789
1659340800,488
1659341700,294
1659342600,787
1659343500,369
1659344400,253
1659345300,257
1659346200,224
1659347100,284
1659348000,400
1659348900,860
1659349800,710
1659350700,633
1659351600,262
1659352500,235
1659353400,267
1659354300,249
1659355200,205
1659356100,211
1659357000,222
1659357900,244
1659358800,645
1659359700,660
1659360600,692
1659361500,442
1659362400,265
1659363300,276
1659364200,249
1659365100,216
1659366000,207
1659366900,216
1659367800,233
1659368700,234
1659369600,198
1659370500,216
1659371400,211
1659372300,230
1659373200,245
1659374100,219
1659375000,617
1659375900,809
1659376800,801
1659377700,748
1659378600,217
1659379500,237
1659380400,222
1659381300,275
1659382200,277
1659383100,249
1659384000,219
1659384900,122
1659385800,153
1659386700,279
1659387600,234
1659388500,178
1659389400,107
1659390300,80
1659391200,99
1659392100,104
1659393000,119
1659393900,82
1659394800,80
1659395700,86
1659396600,92
1659397500,120
1659398400,99
1659399300,71
1659400200,90
1659401100,79
1659402000,112
1659402900,115
1659403800,79
1659404700,84
1659405600,85
1659406500,82
1659407400,121
1659408300,89
1659409200,110
1659410100,129
1659411000,117
1659411900,167
1659412800,168
1659413700,883
1659414600,999
1659415500,1020
1659416400,569
1659417300,415
1659418200,203
1659419100,657
1659420000,472
1659420900,571
1659421800,624
1659422700,613
1659423600,596
1659424500,574
1659425400,626
1659426300,642
1659427200,600
1659428100,599
1659429000,576
1659429900,631
1659430800,675
1659431700,551
1659432600,753
1659433500,626
1659434400,182
1659435300,225
1659436200,230
1659437100,230
1659438000,212
1659438900,227
1659439800,371
1659440700,356
1659441600,246
1659442500,218
1659443400,206
1659444300,231
1659445200,241
1659446100,235
1659447000,230
1659447900,208
1659448800,240
1659449700,211
1659450600,207
1659451500,232
1659452400,185
1659453300,210
1659454200,190
1659455100,198
1659456000,305
1659456900,279
1659457800,246
1659458700,260
1659459600,283
1659460500,307
1659461400,368
1659462300,449
1659463200,364
1659464100,378
1659465000,351
1659465900,369
1659466800,348
1659467700,294
1659468600,293
1659469500,289
1659470400,167
1659471300,106
1659472200,85
1659473100,87
1659474000,106
1659474900,118
1659475800,125
1659476700,103
1659477600,84
1659478500,109
1659479400,108
1659480300,123
1659481200,110
1659482100,83
1659483000,105
1659483900,99
1659484800,121
1659485700,120
1659486600,89
1659487500,90
1659488400,101
1659489300,91
1659490200,132
1659491100,110
1659492000,88
1659492900,104
1659493800,78
1659494700,123
1659495600,110
1659496500,90
1659497400,96
1659498300,101
1659499200,136
1659500100,114
1659501000,95
1659501900,144
1659502800,153
1659503700,167
1659504600,358
1659505500,834
1659506400,976
1659507300,1166
1659508200,887
1659509100,939
1659510000,397
1659510900,1320
1659511800,774
1659512700,765
1659513600,452
1659514500,277
1659515400,250
1659516300,218
1659517200,860
1659518100,737
1659519000,779
1659519900,176
1659520800,177
1659521700,197
1659522600,181
1659523500,181
1659524400,194
1659525300,169
1659526200,153
1659527100,164
1659528000,163
1659528900,192
1659529800,187
1659530700,184
1659531600,168
1659532500,156
1659533400,172
1659534300,191
1659535200,162
1659536100,170
1659537000,156
1659537900,330
1659538800,240
1659539700,208
1659540600,196
1659541500,200
1659542400,204
1659543300,500
1659544200,513
1659545100,420
1659546000,356
1659546900,677
1659547800,572
1659548700,269
1659549600,307
1659550500,380
1659551400,351
1659552300,489
1659553200,299
1659554100,264
1659555000,279
1659555900,303
1659556800,289
1659557700,212
1659558600,148
1659559500,119
1659560400,131
1659561300,105
1659562200,129
1659563100,140
1659564000,106
1659564900,111
1659565800,120
1659566700,115
1659567600,147
1659568500,110
1659569400,115
1659570300,111
1659571200,99
1659572100,138
1659573000,143
1659573900,105
1659574800,117
1659575700,98
1659576600,123
1659577500,140
1659578400,119
1659579300,122
1659580200,109
1659581100,107
1659582000,147
1659582900,114
1659583800,120
1659584700,135
1659585600,157
1659586500,145
1659587400,242
1659588300,192
1659589200,143
1659590100,119
1659591000,289
1659591900,254
1659592800,370
1659593700,598
1659594600,618
1659595500,744
1659596400,1123
1659597300,802
1659598200,277
1659599100,264
1659600000,292
1659600900,223
1659601800,201
1659602700,172
1659603600,149
1659604500,146
1659605400,161
1659606300,186
1659607200,310
1659608100,1429
1659609000,928
1659609900,282
1659610800,223
1659611700,217
1659612600,222
1659613500,221
1659614400,226
1659615300,430
1659616200,506
1659617100,447
1659618000,214
1659618900,479
1659619800,606
1659620700,224
1659621600,235
1659622500,199
1659623400,188
1659624300,199
1659625200,199
1659626100,239
1659627000,248
1659627900,202
1659628800,224
1659629700,940
1659630600,946
1659631500,780
1659632400,763
1659633300,749
1659634200,780
1659635100,730
1659636000,781
1659636900,692
1659637800,266
1659638700,312
1659639600,370
1659640500,775
1659641400,433
1659642300,484
1659643200,443
1659644100,689
1659645000,152
1659645900,149
1659646800,107
1659647700,104
1659648600,109
1659649500,108
1659650400,123
1659651300,116
1659652200,103
1659653100,107
1659654000,98
1659654900,119
1659655800,128
1659656700,85
1659657600,105
1659658500,114
1659659400,126
1659660300,155
1659661200,98
1659662100,102
1659663000,103
1659663900,92
1659664800,132
1659665700,121
1659666600,105
1659667500,125
1659668400,106
1659669300,124
1659670200,134
1659671100,102
1659672000,117
1659672900,143
1659673800,113
1659674700,307
1659675600,189
1659676500,142
1659677400,190
1659678300,260
1659679200,433
1659680100,1043
1659681000,942
1659681900,557
1659682800,406
1659683700,248
1659684600,283
1659685500,263
1659686400,261
1659687300,242
1659688200,264
1659689100,308
1659690000,293
1659690900,257
1659691800,264
1659692700,272
1659693600,296
1659694500,309
1659695400,266
1659696300,282
1659697200,288
1659698100,262
1659699000,306
1659699900,309
1659700800,265
1659701700,275
1659702600,272
1659703500,300
1659704400,306
1659705300,272
1659706200,273
1659707100,270
1659708000,272
1659708900,311
1659709800,280
1659710700,285
1659711600,282
1659712500,265
1659713400,338
1659714300,285
1659715200,267
1659716100,264
1659717000,261
1659717900,285
1659718800,303
1659719700,262
1659720600,272
1659721500,252
1659722400,271
1659723300,293
1659724200,283
1659725100,303
1659726000,293
1659726900,288
1659727800,915
1659728700,496
1659729600,566
1659730500,425
1659731400,849
1659732300,205
1659733200,119
1659734100,95
1659735000,96
1659735900,75
1659736800,83
1659737700,102
1659738600,93
1659739500,81
1659740400,83
1659741300,72
1659742200,103
1659743100,108
1659744000,88
1659744900,82
1659745800,74
1659746700,82
1659747600,110
1659748500,87
1659749400,88
1659750300,76
1659751200,93
1659752100,107
1659753000,98
1659753900,86
1659754800,94
1659755700,83
1659756600,101
1659757500,114
1659758400,101
1659759300,226
1659760200,163
1659761100,117
1659762000,127
1659762900,143
1659763800,169
1659764700,404
1659765600,890
1659766500,936
1659767400,626
1659768300,389
1659769200,386
1659770100,611
1659771000,631
1659771900,710
1659772800,650
1659773700,639
1659774600,452
1659775500,228
1659776400,216
1659777300,200
1659778200,215
1659779100,712
1659780000,348
1659780900,235
1659781800,529
1659782700,461
1659783600,461
1659784500,516
1659785400,1420
1659786300,1002
1659787200,751
1659788100,741
1659789000,515
1659789900,303
1659790800,538
1659791700,636
1659792600,705
1659793500,748
1659794400,280
1659795300,236
1659796200,197
1659797100,186
1659798000,176
1659798900,173
1659799800,205
1659800700,182
1659801600,199
1659802500,245
1659803400,228
1659804300,208
1659805200,218
1659806100,173
1659807000,274
1659807900,645
1659808800,652
1659809700,549
1659810600,284
1659811500,464
1659812400,728
1659813300,707
1659814200,330
1659815100,310
1659816000,342
1659816900,218
1659817800,224
1659818700,221
1659819600,255
1659820500,189
1659821400,136
1659822300,112
1659823200,100
1659824100,125
1659825000,116
1659825900,109
1659826800,90
1659827700,105
1659828600,117
1659829500,127
1659830400,102
1659831300,98
1659832200,97
1659833100,100
1659834000,124
1659834900,122
1659835800,105
1659836700,91
1659837600,103
1659838500,101
1659839400,108
1659840300,89
1659841200,80
1659842100,107
1659843000,96
1659843900,144
1659844800,139
1659845700,248
1659846600,113
1659847500,118
1659848400,107
1659849300,139
1659850200,94
1659851100,243
1659852000,545
1659852900,853
1659853800,821
1659854700,697
1659855600,931
1659856500,373
1659857400,678
1659858300,709
1659859200,1141
1659860100,876
1659861000,431
1659861900,425
1659862800,682
1659863700,677
1659864600,694
1659865500,881
1659866400,1049
1659867300,589
1659868200,465
1659869100,696
1659870000,673
1659870900,549
1659871800,317
1659872700,264
1659873600,232
1659874500,309
1659875400,229
1659876300,797
1659877200,1117
1659878100,776
1659879000,768
1659879900,304
1659880800,285
1659881700,261
1659882600,293
1659883500,261
1659884400,262
1659885300,238
1659886200,270
1659887100,283
1659888000,268
1659888900,260
1659889800,729
1659890700,1102
1659891600,1243
1659892500,682
1659893400,405
1659894300,424
1659895200,847
1659896100,715
1659897000,676
1659897900,626
1659898800,291
1659899700,240
1659900600,220
1659901500,232
1659902400,256
1659903300,185
1659904200,182
1659905100,103
1659906000,149
1659906900,108
1659907800,89
1659908700,101
1659909600,99
1659910500,124
1659911400,95
1659912300,100
1659913200,85
1659914100,98
1659915000,118
1659915900,113
1659916800,97
1659917700,82
1659918600,102
1659919500,109
1659920400,111
1659921300,85
1659922200,96
1659923100,89
1659924000,107
1659924900,86
1659925800,80
1659926700,87
1659927600,86
1659928500,128
1659929400,92
1659930300,107
1659931200,138
1659932100,100
1659933000,141
1659933900,100
1659934800,146
1659935700,124
1659936600,154
1659937500,351
1659938400,138
1659939300,138
1659940200,183
1659941100,160
1659942000,166
1659942900,154
1659943800,251
1659944700,284
1659945600,293
1659946500,337
1659947400,278
1659948300,283
1659949200,722
1659950100,392
1659951000,684
1659951900,649
1659952800,1285
1659953700,1082
1659954600,484
1659955500,353
1659956400,450
1659957300,233
1659958200,394
1659959100,352
1659960000,672
1659960900,245
1659961800,354
1659962700,311
1659963600,705
1659964500,178
1659965400,192
1659966300,182
1659967200,191
1659968100,223
1659969000,221
1659969900,222
1659970800,261
1659971700,272
1659972600,239
1659973500,229
1659974400,222
1659975300,246
1659976200,244
1659977100,222
1659978000,219
1659978900,215
1659979800,243
1659980700,567
1659981600,242
1659982500,180
1659983400,209
1659984300,213
1659985200,232
1659986100,217
1659987000,262
1659987900,206
1659988800,199
1659989700,197
1659990600,181
1659991500,146
1659992400,98
1659993300,104
1659994200,104
1659995100,71
1659996000,95
1659996900,78
1659997800,133
1659998700,82
1659999600,80
1660000500,79
1660001400,91
1660002300,112
1660003200,85
1660004100,97
1660005000,77
1660005900,95
1660006800,110
1660007700,75
1660008600,92
1660009500,78
1660010400,120
1660011300,93
1660012200,90
1660013100,78
1660014000,82
1660014900,106
1660015800,101
1660016700,124
1660017600,112
1660018500,453
1660019400,131
1660020300,109
1660021200,107
1660022100,101
1660023000,121
1660023900,149
1660024800,165
1660025700,149
1660026600,173
1660027500,546
1660028400,473
1660029300,748
1660030200,701
1660031100,661
1660032000,481
1660032900,796
1660033800,789
1660034700,441
1660035600,378
1660036500,163
1660037400,231
1660038300,531
1660039200,674
1660040100,467
1660041000,164
1660041900,185
1660042800,198
1660043700,197
1660044600,200
1660045500,238
1660046400,200
1660047300,195
1660048200,193
1660049100,231
1660050000,655
1660050900,418
1660051800,418
1660052700,265
1660053600,780
1660054500,325
1660055400,246
1660056300,196
1660057200,215
1660058100,236
1660059000,281
1660059900,237
1660060800,199
1660061700,222
1660062600,176
1660063500,169
1660064400,160
1660065300,173
1660066200,227
1660067100,224
1660068000,238
1660068900,240
1660069800,284
1660070700,326
1660071600,388
1660072500,332
1660073400,288
1660074300,288
1660075200,268
1660076100,297
1660077000,244
1660077900,231
1660078800,235
1660079700,246
1660080600,217
1660081500,86
1660082400,102
1660083300,71
1660084200,109
1660085100,95
1660086000,82
1660086900,90
1660087800,86
1660088700,116
1660089600,88
1660090500,87
1660091400,80
1660092300,80
1660093200,128
1660094100,89
1660095000,91
1660095900,71
1660096800,92
1660097700,110
1660098600,80
1660099500,94
1660100400,78
1660101300,94
1660102200,105
1660103100,103
1660104000,118
1660104900,99
1660105800,284
1660106700,124
1660107600,106
1660108500,86
1660109400,186
1660110300,935
1660111200,787
1660112100,406
1660113000,177
1660113900,521
1660114800,699
1660115700,669
1660116600,237
1660117500,220
1660118400,200
1660119300,168
1660120200,182
1660121100,111
1660122000,130
1660122900,113
1660123800,161
1660124700,118
1660125600,141
1660126500,135
1660127400,135
1660128300,141
1660129200,122
1660130100,119
1660131000,129
1660131900,146
1660132800,130
1660133700,123
1660134600,115
1660135500,116
1660136400,154
1660137300,132
1660138200,135
1660139100,134
1660140000,132
1660140900,153
1660141800,135
1660142700,735
1660143600,978
1660144500,1081
1660145400,381
1660146300,80
1660147200,154
1660148100,571
1660149000,345
1660149900,447
1660150800,227
1660151700,691
1660152600,1064
1660153500,1159
1660154400,893
1660155300,632
1660156200,308
1660157100,267
1660158000,309
1660158900,306
1660159800,285
1660160700,290
1660161600,287
1660162500,238
1660163400,201
1660164300,191
1660165200,196
1660166100,126
1660167000,135
1660167900,80
1660168800,95
1660169700,76
1660170600,112
1660171500,113
1660172400,99
1660173300,92
1660174200,81
1660175100,112
1660176000,97
1660176900,89
1660177800,101
1660178700,90
1660179600,121
1660180500,87
1660181400,102
1660182300,75
1660183200,96
1660184100,124
1660185000,101
1660185900,91
1660186800,80
1660187700,105
1660188600,110
1660189500,117
1660190400,140
1660191300,102
1660192200,280
1660193100,129
1660194000,110
1660194900,152
1660195800,655
1660196700,985
1660197600,559
1660198500,165
1660199400,135
1660200300,176
1660201200,456
1660202100,631
1660203000,414
1660203900,226
1660204800,543
1660205700,492
1660206600,195
1660207500,180
1660208400,174
1660209300,188
1660210200,1000
1660211100,212
1660212000,161
1660212900,178
1660213800,253
1660214700,308
1660215600,288
1660216500,312
1660217400,305
1660218300,271
1660219200,247
1660220100,204
1660221000,214
1660221900,242
1660222800,259
1660223700,234
1660224600,211
1660225500,198
1660226400,230
1660227300,212
1660228200,227
1660229100,613
1660230000,369
1660230900,638
1660231800,220
1660232700,651
1660233600,376
1660234500,202
1660235400,361
1660236300,232
1660237200,196
1660238100,209
1660239000,245
1660239900,317
1660240800,421
1660241700,955
1660242600,1060
1660243500,848
1660244400,399
1660245300,407
1660246200,310
1660247100,323
1660248000,317
1660248900,238
1660249800,677
1660250700,375
1660251600,336
1660252500,442
1660253400,630
1660254300,128
1660255200,95
1660256100,114
1660257000,131
1660257900,84
1660258800,101
1660259700,83
1660260600,117
1660261500,114
1660262400,100
1660263300,102
1660264200,87
1660265100,119
1660266000,110
1660266900,85
1660267800,104
1660268700,99
1660269600,130
1660270500,101
1660271400,85
1660272300,98
1660273200,99
1660274100,120
1660275000,111
1660275900,89
1660276800,97
1660277700,101
1660278600,273
1660279500,158
1660280400,129
1660281300,118
1660282200,512
1660283100,596
1660284000,576
1660284900,141
1660285800,147
1660286700,481
1660287600,638
1660288500,677
1660289400,654
1660290300,682
1660291200,690
1660292100,673
1660293000,677
1660293900,587
1660294800,204
1660295700,202
1660296600,169
1660297500,191
1660298400,223
1660299300,568
1660300200,212
1660301100,244
1660302000,257
1660302900,234
1660303800,268
1660304700,251
1660305600,234
1660306500,238
1660307400,231
1660308300,288
1660309200,255
1660310100,232
1660311000,240
1660311900,218
1660312800,321
1660313700,308
1660314600,246
1660315500,261
1660316400,577
1660317300,492
1660318200,464
1660319100,426
1660320000,672
1660320900,655
1660321800,549
1660322700,343
1660323600,306
1660324500,282
1660325400,339
1660326300,284
1660327200,323
1660328100,560
1660329000,376
1660329900,382
1660330800,358
1660331700,339
1660332600,341
1660333500,285
1660334400,239
1660335300,226
1660336200,225
1660337100,212
1660338000,161
1660338900,134
1660339800,93
1660340700,93
1660341600,97
1660342500,120
1660343400,108
1660344300,91
1660345200,92
1660346100,88
1660347000,119
1660347900,110
1660348800,94
1660349700,78
1660350600,76
1660351500,115
1660352400,78
1660353300,110
1660354200,109
1660355100,102
1660356000,128
1660356900,89
1660357800,100
1660358700,98
1660359600,102
1660360500,139
1660361400,95
1660362300,100
1660363200,88
1660364100,206
1660365000,212
1660365900,108
1660366800,108
1660367700,135
1660368600,149
1660369500,122
1660370400,314
1660371300,910
1660372200,777
1660373100,428
1660374000,210
1660374900,426
1660375800,580
1660376700,555
1660377600,726
1660378500,1104
1660379400,906
1660380300,433
1660381200,250
1660382100,242
1660383000,192
1660383900,166
1660384800,193
1660385700,499
1660386600,246
1660387500,330
1660388400,280
1660389300,285
1660390200,150
1660391100,148
1660392000,134
1660392900,273
1660393800,145
1660394700,154
1660395600,147
1660396500,131
1660397400,192
1660398300,177
1660399200,198
1660400100,161
1660401000,185
1660401900,218
1660402800,244
1660403700,243
1660404600,220
1660405500,232
1660406400,233
1660407300,282
1660408200,290
1660409100,249
1660410000,274
1660410900,377
1660411800,658
1660412700,519
1660413600,342
1660414500,1260
1660415400,1369
1660416300,847
1660417200,890
1660418100,845
1660419000,828
1660419900,677
1660420800,410
1660421700,303
1660422600,202
1660423500,112
1660424400,95
1660425300,111
1660426200,88
1660427100,82
1660428000,93
1660428900,96
1660429800,111
1660430700,80
1660431600,85
1660432500,86
1660433400,105
1660434300,101
1660435200,102
1660436100,76
1660437000,91
1660437900,107
1660438800,98
1660439700,92
1660440600,79
1660441500,104
1660442400,131
1660443300,99
1660444200,108
1660445100,101
1660446000,127
1660446900,135
1660447800,115
1660448700,139
1660449600,146
1660450500,230
1660451400,199
1660452300,123
1660453200,111
1660454100,92
1660455000,134
1660455900,133
1660456800,106
1660457700,107
1660458600,512
1660459500,1024
1660460400,621
1660461300,177
1660462200,603
1660463100,661
1660464000,631
1660464900,577
1660465800,336
1660466700,193
1660467600,630
1660468500,716
1660469400,1156
1660470300,893
1660471200,268
1660472100,307
1660473000,485
1660473900,691
1660474800,578
1660475700,525
1660476600,1520
1660477500,1121
1660478400,849
1660479300,819
1660480200,712
1660481100,502
1660482000,326
1660482900,340
1660483800,294
1660484700,176
1660485600,184
1660486500,160
1660487400,184
1660488300,196
1660489200,206
1660490100,247
1660491000,216
1660491900,233
1660492800,196
1660493700,324
1660494600,644
1660495500,480
1660496400,646
1660497300,545
1660498200,205
1660499100,755
1660500000,792
1660500900,680
1660501800,277
1660502700,608
1660503600,545
1660504500,353
1660505400,350
1660506300,360
1660507200,279
1660508100,265
1660509000,261
1660509900,146
1660510800,111
1660511700,69
1660512600,92
1660513500,100
1660514400,89
1660515300,84
1660516200,86
1660517100,101
1660518000,117
1660518900,98
1660519800,87
1660520700,101
1660521600,113
1660522500,127
1660523400,100
1660524300,97
1660525200,116
1660526100,111
1660527000,142
1660527900,109
1660528800,109
1660529700,101
1660530600,126
1660531500,127
1660532400,99
1660533300,104
1660534200,97
1660535100,137
1660536000,143
1660536900,380
1660537800,197
1660538700,106
1660539600,200
1660540500,151
1660541400,158
1660542300,140
1660543200,170
1660544100,227
1660545000,196
1660545900,212
1660546800,203
1660547700,205
1660548600,280
1660549500,212
1660550400,202
1660551300,189
1660552200,246
1660553100,465
1660554000,1184
1660554900,1129
1660555800,1348
1660556700,896
1660557600,1498
1660558500,685
1660559400,194
1660560300,199
1660561200,233
1660562100,244
1660563000,250
1660563900,243
1660564800,223
1660565700,189
1660566600,204
1660567500,188
1660568400,273
1660569300,222
1660570200,519
1660571100,917
1660572000,654
1660572900,699
1660573800,726
1660574700,244
1660575600,195
1660576500,560
1660577400,349
1660578300,446
1660579200,201
1660580100,623
1660581000,428
1660581900,206
1660582800,257
1660583700,219
1660584600,462
1660585500,894
1660586400,1070
1660587300,748
1660588200,709
1660589100,427
1660590000,326
1660590900,364
1660591800,260
1660592700,203
1660593600,232
1660594500,164
1660595400,117
1660596300,99
1660597200,78
1660598100,99
1660599000,117
1660599900,93
1660600800,93
1660601700,73
1660602600,121
1660603500,85
1660604400,86
1660605300,90
1660606200,103
1660607100,111
1660608000,77
1660608900,88
1660609800,77
1660610700,120
1660611600,99
1660612500,89
1660613400,90
1660614300,88
1660615200,114
1660616100,72
1660617000,93
1660617900,89
1660618800,118
1660619700,93
1660620600,77
1660621500,109
1660622400,138
1660623300,490
1660624200,151
1660625100,473
1660626000,291
1660626900,441
1660627800,296
1660628700,664
1660629600,227
1660630500,195
1660631400,216
1660632300,613
1660633200,628
1660634100,695
1660635000,750
1660635900,853
1660636800,478
1660637700,1032
1660638600,390
1660639500,383
1660640400,769
1660641300,1988
1660642200,722
1660643100,377
1660644000,374
1660644900,304
1660645800,202
1660646700,157
1660647600,175
1660648500,188
1660649400,154
1660650300,141
1660651200,148
1660652100,155
1660653000,154
1660653900,145
1660654800,143
1660655700,144
1660656600,157
1660657500,155
1660658400,142
1660659300,149
1660660200,153
1660661100,161
1660662000,185
1660662900,136
1660663800,169
1660664700,168
1660665600,196
1660666500,166
1660667400,177
1660668300,199
1660669200,221
1660670100,214
1660671000,207
1660671900,679
1660672800,816
1660673700,1023
1660674600,511
1660675500,692
1660676400,322
1660677300,353
1660678200,380
1660679100,301
1660680000,246
1660680900,189
1660681800,163
1660682700,125
1660683600,75
1660684500,89
1660685400,77
1660686300,107
1660687200,112
1660688100,72
1660689000,88
1660689900,75
1660690800,111
1660691700,98
1660692600,85
1660693500,86
1660694400,78
1660695300,117
1660696200,81
1660697100,86
1660698000,95
1660698900,86
1660699800,114
1660700700,69
1660701600,87
1660702500,81
1660703400,106
1660704300,110
1660705200,68
1660706100,83
1660707000,75
1660707900,131
1660708800,305
1660709700,269
1660710600,828
1660711500,847
1660712400,1190
1660713300,734
1660714200,708
1660715100,541
1660716000,836
1660716900,641
1660717800,591
1660718700,1003
1660719600,686
1660720500,387
1660721400,252
1660722300,254
1660723200,249
1660724100,244
1660725000,274
1660725900,248
1660726800,230
1660727700,433
1660728600,708
1660729500,686
1660730400,725
1660731300,685
1660732200,494
1660733100,209
1660734000,242
1660734900,232
1660735800,211
1660736700,271
1660737600,636
1660738500,666
1660739400,688
1660740300,434
1660741200,194
1660742100,218
1660743000,191
1660743900,210
1660744800,196
1660745700,198
1660746600,211
1660747500,184
1660748400,189
1660749300,182
1660750200,214
1660751100,197
1660752000,181
1660752900,185
1660753800,187
1660754700,395
1660755600,764
1660756500,441
1660757400,350
1660758300,360
1660759200,731
1660760100,217
1660761000,256
1660761900,229
1660762800,291
1660763700,327
1660764600,246
1660765500,259
1660766400,243
1660767300,233
1660768200,222
1660769100,122
1660770000,90
1660770900,77
1660771800,121
1660772700,112
1660773600,91
1660774500,87
1660775400,78
1660776300,111
1660777200,94
1660778100,102
1660779000,84
1660779900,85
1660780800,107
1660781700,88
1660782600,91
1660783500,89
1660784400,99
1660785300,109
1660786200,95
1660787100,92
1660788000,73
1660788900,101
1660789800,110
1660790700,97
1660791600,88
1660792500,75
1660793400,88
1660794300,143
1660795200,138
1660796100,94
1660797000,234
1660797900,150
1660798800,456
1660799700,515
1660800600,336
1660801500,130
1660802400,422
1660803300,579
1660804200,209
1660805100,198
1660806000,190
1660806900,208
1660807800,203
1660808700,252
1660809600,197
1660810500,267
1660811400,640
1660812300,394
1660813200,369
1660814100,348
1660815000,641
1660815900,789
1660816800,310
1660817700,506
1660818600,338
1660819500,404
1660820400,640
1660821300,1191
1660822200,635
1660823100,225
1660824000,200
1660824900,234
1660825800,227
1660826700,235
1660827600,183
1660828500,194
1660829400,185
1660830300,233
1660831200,202
1660832100,168
1660833000,178
1660833900,197
1660834800,312
1660835700,826
1660836600,545
1660837500,300
1660838400,336
1660839300,737
1660840200,211
1660841100,303
1660842000,270
1660842900,319
1660843800,242
1660844700,224
1660845600,230
1660846500,258
1660847400,469
1660848300,381
1660849200,343
1660850100,308
1660851000,282
1660851900,297
1660852800,299
1660853700,208
1660854600,185
1660855500,173
1660856400,248
1660857300,146
1660858200,96
1660859100,100
1660860000,79
1660860900,133
1660861800,83
1660862700,94
1660863600,97
1660864500,87
1660865400,116
1660866300,85
1660867200,84
1660868100,97
1660869000,96
1660869900,129
1660870800,82
1660871700,106
1660872600,95
1660873500,104
1660874400,142
1660875300,99
1660876200,100
1660877100,97
1660878000,104
1660878900,135
1660879800,88
1660880700,117
1660881600,105
1660882500,155
1660883400,173
1660884300,316
1660885200,344
1660886100,621
1660887000,476
1660887900,227
1660888800,531
1660889700,471
1660890600,215
1660891500,227
1660892400,233
1660893300,222
1660894200,225
1660895100,211
1660896000,232
1660896900,292
1660897800,199
1660898700,225
1660899600,202
1660900500,631
1660901400,175
1660902300,155
1660903200,144
1660904100,122
1660905000,136
1660905900,144
1660906800,112
1660907700,122
1660908600,113
1660909500,149
1660910400,164
1660911300,123
1660912200,121
1660913100,113
1660914000,149
1660914900,151
1660915800,151
1660916700,206
1660917600,180
1660918500,244
1660919400,271
1660920300,377
1660921200,287
1660922100,235
1660923000,281
1660923900,251
1660924800,232
1660925700,264
1660926600,237
1660927500,316
1660928400,304
1660929300,265
1660930200,239
1660931100,238
1660932000,212
1660932900,224
1660933800,509
1660934700,667
1660935600,327
1660936500,438
1660937400,367
1660938300,372
1660939200,349
1660940100,340
1660941000,328
1660941900,212
1660942800,138
1660943700,89
1660944600,107
1660945500,147
1660946400,90
1660947300,97
1660948200,78
1660949100,85
1660950000,113
1660950900,99
1660951800,91
1660952700,82
1660953600,83
1660954500,118
1660955400,83
1660956300,99
1660957200,88
1660958100,83
1660959000,112
1660959900,87
1660960800,94
1660961700,86
1660962600,89
1660963500,130
1660964400,78
1660965300,90
1660966200,79
1660967100,84
1660968000,121
1660968900,112
1660969800,139
1660970700,131
1660971600,265
1660972500,992
1660973400,1199
1660974300,1129
1660975200,906
1660976100,629
1660977000,419
1660977900,742
1660978800,605
1660979700,640
1660980600,658
1660981500,727
1660982400,350
1660983300,224
1660984200,250
1660985100,212
1660986000,233
1660986900,203
1660987800,706
1660988700,671
1660989600,690
1660990500,259
1660991400,277
1660992300,303
1660993200,583
1660994100,490
1660995000,465
1660995900,283
1660996800,756
1660997700,412
1660998600,266
1660999500,258
1661000400,270
1661001300,281
1661002200,257
1661003100,245
1661004000,451
1661004900,663
1661005800,683
1661006700,664
1661007600,537
1661008500,574
1661009400,333
1661010300,109
1661011200,69
1661012100,67
1661013000,71
1661013900,91
1661014800,98
1661015700,68
1661016600,75
1661017500,213
1661018400,572
1661019300,545
1661020200,316
1661021100,384
1661022000,327
1661022900,378
1661023800,214
1661024700,578
1661025600,142
1661026500,306
1661027400,140
1661028300,594
1661029200,162
1661030100,70
1661031000,77
1661031900,116
1661032800,79
1661033700,77
1661034600,59
1661035500,91
1661036400,90
1661037300,92
1661038200,74
1661039100,76
1661040000,86
1661040900,97
1661041800,78
1661042700,81
1661043600,84
1661044500,96
1661045400,90
1661046300,86
1661047200,63
1661048100,94
1661049000,102
1661049900,96
1661050800,148
1661051700,237
1661052600,63
1661053500,78
1661054400,50
1661055300,48
1661056200,33
1661057100,45
1661058000,70
1661058900,56
1661059800,41
1661060700,34
1661061600,44
1661062500,63
1661063400,64
1661064300,53
1661065200,32
1661066100,52
1661067000,53
1661067900,63
1661068800,46
1661069700,48
1661070600,43
1661071500,64
1661072400,52
1661073300,35
1661074200,51
1661075100,57
1661076000,66
1661076900,56
1661077800,29
1661078700,51
1661079600,42
1661080500,85
1661081400,51
1661082300,39
1661083200,45
1661084100,38
1661085000,72
1661085900,51
1661086800,48
1661087700,52
1661088600,41
1661089500,78
1661090400,29
1661091300,53
1661092200,44
1661093100,67
1661094000,66
1661094900,37
1661095800,44
1661096700,35
1661097600,67
1661098500,74
1661099400,41
1661100300,59
1661101200,28
1661102100,76
1661103000,46
1661103900,58
1661104800,44
1661105700,46
1661106600,67
1661107500,48
1661108400,45
1661109300,30
1661110200,51
1661111100,78
1661112000,47
1661112900,51
1661113800,30
1661114700,51
1661115600,64
1661116500,69
1661117400,43
1661118300,42
1661119200,48
1661120100,63
1661121000,53
1661121900,45
1661122800,51
1661123700,55
1661124600,65
1661125500,53
1661126400,29
1661127300,50
1661128200,52
1661129100,83
1661130000,46
1661130900,35
1661131800,45
1661132700,47
1661133600,71
1661134500,49
1661135400,43
1661136300,49
1661137200,40
1661138100,78
1661139000,32
1661139900,57
1661140800,51
1661141700,60
1661142600,69
1661143500,34
1661144400,47
1661145300,39
1661146200,52
1661147100,84
1661148000,40
1661148900,49
1661149800,33
1661150700,62
1661151600,66
1661152500,36
1661153400,56
1661154300,44
1661155200,62
1661156100,63
1661157000,37
1661157900,51
1661158800,28
1661159700,73
1661160600,60
1661161500,47
1661162400,41
1661163300,39
1661164200,66
1661165100,52
1661166000,53
1661166900,51
1661167800,39
1661168700,70
1661169600,47
1661170500,50
1661171400,32
1661172300,57
1661173200,73
1661174100,56
1661175000,45
1661175900,35
1661176800,46
1661177700,66
1661178600,63
1661179500,56
1661180400,30
1661181300,51
1661182200,59
1661183100,60
1661184000,41
1661184900,46
1661185800,47
1661186700,62
1661187600,55
1661188500,40
1661189400,39
1661190300,54
1661191200,71
1661192100,68
1661193000,35
1661193900,44
1661194800,43
1661195700,66
1661196600,60
1661197500,43
1661198400,43
1661199300,48
1661200200,65
1661201100,56
1661202000,34
1661202900,58
1661203800,48
1661204700,69
1661205600,49
1661206500,32
1661207400,46
1661208300,51
1661209200,78
1661210100,54
1661211000,26
1661211900,47
1661212800,41
1661213700,74
1661214600,49
1661215500,45
1661216400,52
1661217300,43
1661218200,72
1661219100,48
1661220000,34
1661220900,48
1661221800,48
1661222700,85
1661223600,44
1661224500,39
1661225400,46
1661226300,39
1661227200,74
1661228100,51
1661229000,49
1661229900,50
1661230800,37
1661231700,78
1661232600,39
1661233500,40
1661234400,48
1661235300,42
1661236200,82
1661237100,35
1661238000,46
1661238900,41
1661239800,36
1661240700,77
1661241600,46
1661242500,56
1661243400,40
1661244300,40
1661245200,74
1661246100,41
1661247000,48
1661247900,44
1661248800,52
1661249700,77
1661250600,44
1661251500,48
1661252400,34
1661253300,46
1661254200,80
1661255100,56
1661256000,48
1661256900,32
1661257800,45
1661258700,73
1661259600,43
1661260500,55
1661261400,37
1661262300,44
1661263200,71
1661264100,46
1661265000,47
1661265900,31
1661266800,58
1661267700,76
1661268600,49
1661269500,46
1661270400,32
1661271300,46
1661272200,63
1661273100,61
1661274000,54
1661274900,31
1661275800,48
1661276700,57
1661277600,57
1661278500,45
1661279400,47
1661280300,51
1661281200,56
1661282100,62
1661283000,36
1661283900,41
1661284800,49
1661285700,63
1661286600,72
1661287500,30
1661288400,45
1661289300,44
1661290200,57
1661291100,69
1661292000,43
1661292900,47
1661293800,43
1661294700,54
1661295600,66
1661296500,31
1661297400,52
1661298300,48
1661299200,64
1661300100,64
1661301000,34
1661301900,46
1661302800,36
1661303700,61
1661304600,75
1661305500,40
1661306400,49
1661307300,30
1661308200,63
1661309100,60
1661310000,40
1661310900,53
1661311800,38
1661312700,54
1661313600,63
1661314500,40
1661315400,45
1661316300,34
1661317200,62
1661318100,66
1661319000,53
1661319900,35
1661320800,43
1661321700,49
1661322600,65
1661323500,48
1661324400,44
1661325300,52
1661326200,46
1661327100,65
1661328000,53
1661328900,29
1661329800,50
1661330700,46
1661331600,80
1661332500,46
1661333400,36
1661334300,44
1661335200,33
1661336100,80
1661337000,55
1661337900,37
1661338800,50
1661339700,28
1661340600,79
1661341500,41
1661342400,56
1661343300,47
1661344200,42
1661345100,71
1661346000,44
1661346900,46
1661347800,37
1661348700,52
1661349600,78
1661350500,48
1661351400,49
1661352300,30
1661353200,51
1661354100,56
1661355000,75
1661355900,42
1661356800,44
1661357700,43
1661358600,60
1661359500,60
1661360400,41
1661361300,55
1661362200,38
1661363100,56
1661364000,65
1661364900,32
1661365800,49
1661366700,36
1661367600,80
1661368500,54
1661369400,44
1661370300,44
1661371200,36
1661372100,65
1661373000,62
1661373900,57
1661374800,38
1661375700,42
1661376600,60
1661377500,60
1661378400,43
1661379300,49
1661380200,54
1661381100,47
1661382000,74
1661382900,29
1661383800,50
1661384700,30
1661385600,72
1661386500,69
1661387400,37
1661388300,40
1661389200,37
1661390100,55
1661391000,61
1661391900,53
1661392800,49
1661393700,40
1661394600,56
1661395500,59
1661396400,51
1661397300,29
1661398200,56
1661399100,51
1661400000,77
1661400900,44
1661401800,36
1661402700,43
1661403600,38
1661404500,78
1661405400,56
1661406300,41
1661407200,49
1661408100,31
1661409000,78
1661409900,39
1661410800,45
1661411700,52
1661412600,39
1661413500,70
1661414400,42
1661415300,45
1661416200,39
1661417100,40
1661418000,82
1661418900,51
1661419800,50
1661420700,28
1661421600,49
1661422500,60
1661423400,61
1661424300,50
1661425200,43
1661426100,44
1661427000,59
1661427900,56
1661428800,39
1661429700,46
1661430600,56
1661431500,57
1661432400,66
1661433300,27
1661434200,51
1661435100,32
1661436000,79
1661436900,65
1661437800,34
1661438700,43
1661439600,34
1661440500,69
1661441400,57
1661442300,55
1661443200,47
1661444100,37
1661445000,80
1661445900,45
1661446800,51
1661447700,38
1661448600,57
1661449500,57
1661450400,61
1661451300,44
1661452200,35
1661453100,45
1661454000,61
1661454900,72
1661455800,40
1661456700,40
1661457600,47
1661458500,47
1661459400,76
1661460300,40
1661461200,54
1661462100,35
1661463000,54
1661463900,62
1661464800,35
1661465700,52
1661466600,44
1661467500,60
1661468400,65
1661469300,38
1661470200,49
1661471100,30
1661472000,71
1661472900,65
1661473800,50
1661474700,34
1661475600,44
1661476500,56
1661477400,59
1661478300,54
1661479200,46
1661480100,45
1661481000,55
1661481900,62
1661482800,46
1661483700,31
1661484600,60
1661485500,52
1661486400,75
1661487300,34
1661488200,39
1661489100,38
1661490000,50
1661490900,77
1661491800,44
1661492700,47
1661493600,37
1661494500,53
1661495400,69
1661496300,31
1661497200,58
1661498100,39
1661499000,62
1661499900,60
1661500800,44
1661501700,40
1661502600,36
1661503500,64
1661504400,68
1661505300,45
1661506200,39
1661507100,37
1661508000,63
1661508900,55
1661509800,59
1661510700,36
1661511600,48
1661512500,50
1661513400,59
1661514300,41
1661515200,38
1661516100,52
1661517000,52
1661517900,70
1661518800,39
1661519700,37
1661520600,49
1661521500,47
1661522400,86
1661523300,32
1661524200,50
1661525100,37
1661526000,58
1661526900,67
1661527800,41
1661528700,56
1661529600,40
1661530500,56
1661531400,70
1661532300,35
1661533200,51
1661534100,37
1661535000,74
1661535900,55
1661536800,48
1661537700,38
1661538600,34
1661539500,56
1661540400,69
1661541300,53
1661542200,34
1661543100,43
1661544000,57
1661544900,59
1661545800,53
1661546700,39
1661547600,57
1661548500,45
1661549400,72
1661550300,38
1661551200,41
1661552100,46
1661553000,60
1661553900,77
1661554800,36
1661555700,43
1661556600,45
1661557500,48
1661558400,75
1661559300,39
1661560200,61
1661561100,30
1661562000,61
1661562900,65
1661563800,33
1661564700,42
1661565600,41
1661566500,67
1661567400,72
1661568300,36
1661569200,50
1661570100,28
1661571000,60
1661571900,62
1661572800,58
1661573700,45
1661574600,37
1661575500,54
1661576400,61
1661577300,44
1661578200,41
1661579100,45
1661580000,67
1661580900,58
1661581800,51
1661582700,28
1661583600,50
1661584500,44
1661585400,73
1661586300,57
1661587200,36
1661588100,46
1661589000,38
1661589900,64
1661590800,51
1661591700,33
1661592600,59
1661593500,36
1661594400,81
1661595300,43
1661596200,42
1661597100,43
1661598000,40
1661598900,83
1661599800,47
1661600700,44
1661601600,43
1661602500,38
1661603400,78
1661604300,37
1661605200,61
1661606100,35
1661607000,54
1661607900,65
1661608800,48
1661609700,44
1661610600,39
1661611500,59
1661612400,69
1661613300,48
1661614200,37
1661615100,34
1661616000,53
1661616900,63
1661617800,63
1661618700,34
1661619600,50
1661620500,41
1661621400,72
1661622300,47
1661623200,40
1661624100,56
1661625000,43
1661625900,73
1661626800,45
1661627700,37
1661628600,50
1661629500,41
1661630400,87
1661631300,36
1661632200,47
1661633100,40
1661634000,43
1661634900,76
1661635800,50
1661636700,52
1661637600,40
1661638500,43
1661639400,73
1661640300,34
1661641200,49
1661642100,42
1661643000,62
1661643900,66
1661644800,49
1661645700,45
1661646600,36
1661647500,47
1661648400,76
1661649300,59
1661650200,45
1661651100,34
1661652000,54
1661652900,58
1661653800,57
1661654700,39
1661655600,56
1661656500,42
1661657400,68
1661658300,53
1661659200,35
1661660100,46
1661661000,41
1661661900,81
1661662800,57
1661663700,34
1661664600,45
1661665500,25
1661666400,76
1661667300,44
1661668200,57
1661669100,45
1661670000,41
1661670900,70
1661671800,46
1661672700,44
1661673600,38
1661674500,52
1661675400,75
1661676300,48
1661677200,49
1661678100,28
1661679000,50
1661679900,61
1661680800,69
1661681700,48
1661682600,38
1661683500,44
1661684400,60
1661685300,57
1661686200,48
1661687100,48
1661688000,55
1661688900,56
1661689800,60
1661690700,26
1661691600,47
1661692500,41
1661693400,79
1661694300,57
1661695200,40
1661696100,46
1661697000,42
1661697900,70
1661698800,56
1661699700,51
1661700600,44
1661701500,36
1661702400,75
1661703300,41
1661704200,54
1661705100,42
1661706000,56
1661706900,59
1661707800,60
1661708700,40
1661709600,42
1661710500,48
1661711400,71
1661712300,60
1661713200,33
1661714100,47
1661715000,34
1661715900,64
1661716800,62
1661717700,45
1661718600,49
1661719500,31
1661720400,74
1661721300,49
1661722200,42
1661723100,51
1661724000,47
1661724900,69
1661725800,47
1661726700,48
1661727600,37
1661728500,42
1661729400,75
1661730300,60
1661731200,49
1661732100,31
1661733000,49
1661733900,55
1661734800,63
1661735700,48
1661736600,48
1661737500,45
1661738400,52
1661739300,65
1661740200,36
1661741100,37
1661742000,51
1661742900,59
1661743800,69
1661744700,34
1661745600,44
1661746500,43
1661747400,51
1661748300,73
1661749200,43
1661750100,51
1661751000,41
1661751900,53
1661752800,70
1661753700,31
1661754600,51
1661755500,40
1661756400,65
1661757300,68
1661758200,35
1661759100,48
1661760000,31
1661760900,55
1661761800,77
1661762700,50
1661763600,46
1661764500,32
1661765400,51
1661766300,58
1661767200,47
1661768100,48
1661769000,48
1661769900,55
1661770800,61
1661771700,49
1661772600,35
1661773500,45
1661774400,56
1661775300,77
1661776200,50
1661777100,33
1661778000,48
1661778900,41
1661779800,75
1661780700,57
1661781600,44
1661782500,50
1661783400,33
1661784300,77
1661785200,43
1661786100,42
1661787000,58
1661787900,41
1661788800,77
1661789700,41
1661790600,43
1661791500,39
1661792400,32
1661793300,87
1661794200,50
1661795100,49
1661796000,37
1661796900,41
1661797800,71
1661798700,44
1661799600,55
1661800500,48
1661801400,43
1661802300,67
1661803200,49
1661804100,48
1661805000,31
1661805900,56
1661806800,69
1661807700,61
1661808600,46
1661809500,33
1661810400,45
1661811300,54
1661812200,63
1661813100,57
1661814000,39
1661814900,48
1661815800,43
1661816700,66
1661817600,37
1661818500,40
1661819400,52
1661820300,56
1661821200,72
1661822100,40
1661823000,39
1661823900,49
1661824800,38
1661825700,80
1661826600,42
1661827500,55
1661828400,42
1661829300,40
1661830200,74
1661831100,39
1661832000,44
1661832900,44
1661833800,46
1661834700,86
1661835600,40
1661836500,46
1661837400,34
1661838300,45
1661839200,65
1661840100,52
1661841000,53
1661841900,34
1661842800,41
1661843700,65
1661844600,53
1661845500,47
1661846400,29
1661847300,59
1661848200,56
1661849100,71
1661850000,40
1661850900,39
1661851800,44
1661852700,47
1661853600,79
1661854500,47
1661855400,44
1661856300,47
1661857200,41
1661858100,80
1661859000,31
1661859900,57
1661860800,47
1661861700,51
1661862600,74
1661863500,39
1661864400,42
1661865300,38
1661866200,50
1661867100,80
1661868000,38
1661868900,53
1661869800,29
1661870700,50
1661871600,62
1661872500,59
1661873400,48
1661874300,45
1661875200,45
1661876100,60
1661877000,56
1661877900,38
1661878800,40
1661879700,57
1661880600,62
1661881500,65
1661882400,29
1661883300,50
1661884200,34
1661885100,63
1661886000,71
1661886900,46
1661887800,46
1661888700,35
1661889600,61
1661890500,64
1661891400,41
1661892300,42
1661893200,45
1661894100,63
1661895000,57
1661895900,50
1661896800,32
1661897700,44
1661898600,49
1661899500,74
1661900400,60
1661901300,36
1661902200,44
1661903100,44
1661904000,63
1661904900,58
1661905800,30
1661906700,60
1661907600,46
1661908500,66
1661909400,58
1661910300,35
1661911200,43
1661912100,41
1661913000,58
1661913900,79
1661914800,36
1661915700,49
1661916600,32
1661917500,54
1661918400,62
1661919300,37
1661920200,43
1661921100,44
1661922000,63
1661922900,67
1661923800,36
1661924700,48
1661925600,28
1661926500,52
1661927400,61
1661928300,59
1661929200,50
1661930100,36
1661931000,42
1661931900,61
1661932800,51
1661933700,46
1661934600,35
1661935500,58
1661936400,54
1661937300,65
1661938200,36
1661939100,40
1661940000,47
1661940900,50
1661941800,75
1661942700,40
1661943600,36
1661944500,47
1661945400,43
1661946300,75
1661947200,29
1661948100,55
1661949000,46
1661949900,50
1661950800,71
1661951700,36
1661952600,45
1661953500,36
1661954400,46
1661955300,86
1661956200,47
1661957100,48
1661958000,29
1661958900,50
1661959800,61
1661960700,55
1661961600,53
1661962500,44
1661963400,44
1661964300,58
1661965200,60
1661966100,41
1661967000,37
1661967900,49
1661968800,57
1661969700,71
1661970600,28
1661971500,50
1661972400,36
1661973300,59
1661974200,66
1661975100,46
1661976000,52
1661976900,34
1661977800,54
1661978700,72
1661979600,34
1661980500,51
1661981400,35
1661982300,64
1661983200,68
1661984100,47
1661985000,42
1661985900,39
1661986800,43
1661987700,64
1661988600,60
1661989500,56
1661990400,32
1661991300,50
1661992200,53
1661993100,57
1661994000,34
1661994900,42
1661995800,54
1661996700,61
1661997600,66
1661998500,36
1661999400,43
1662000300,43
1662001200,46
1662002100,74
1662003000,39
1662003900,56
1662004800,35
1662005700,50
1662006600,71
1662007500,35
1662008400,44
1662009300,35
1662010200,54
1662011100,82
1662012000,42
1662012900,47
1662013800,28
1662014700,48
1662015600,58
1662016500,62
1662017400,50
1662018300,38
1662019200,41
1662020100,51
1662021000,63
1662021900,40
1662022800,36
1662023700,57
1662024600,53
1662025500,73
1662026400,29
1662027300,47
1662028200,41
1662029100,47
1662030000,79
1662030900,44
1662031800,46
1662032700,37
1662033600,44
1662034500,74
1662035400,35
1662036300,65
1662037200,37
1662038100,53
1662039000,64
1662039900,53
1662040800,42
1662041700,37
1662042600,49
1662043500,66
1662044400,56
1662045300,41
1662046200,36
1662047100,50
1662048000,52
1662048900,66
1662049800,40
1662050700,54
1662051600,40
1662052500,57
1662053400,62
1662054300,35
1662055200,43
1662056100,49
1662057000,62
1662057900,70
1662058800,31
1662059700,50
1662060600,31
1662061500,57
1662062400,74
1662063300,48
1662064200,45
1662065100,35
1662066000,52
1662066900,71
1662067800,35
1662068700,49
1662069600,36
1662070500,58
1662071400,62
1662072300,50
1662073200,39
1662074100,37
1662075000,48
1662075900,73
1662076800,60
1662077700,42
1662078600,35
1662079500,51
1662080400,58
1662081300,58
1662082200,35
1662083100,57
1662084000,46
1662084900,63
1662085800,58
1662086700,33
1662087600,44
1662088500,38
1662089400,70
1662090300,71
1662091200,34
1662092100,51
1662093000,28
1662093900,62
1662094800,51
1662095700,43
1662096600,53
1662097500,42
1662098400,57
1662099300,56
1662100200,43
1662101100,42
1662102000,35
1662102900,68
1662103800,64
1662104700,51
1662105600,29
1662106500,47
1662107400,46
1662108300,66
1662109200,45
1662110100,43
1662111000,50
1662111900,45
1662112800,65
1662113700,52
1662114600,28
1662115500,49
1662116400,45
1662117300,85
1662118200,42
1662119100,35
1662120000,41
1662120900,26
1662121800,70
1662122700,56
1662123600,72
1662124500,56
1662125400,43
1662126300,89
1662127200,55
1662128100,60
1662129000,56
1662129900,57
1662130800,84
1662131700,60
1662132600,56
1662133500,43
1662134400,47
1662135300,81
1662136200,62
1662137100,61
1662138000,38
1662138900,52
1662139800,66
1662140700,60
1662141600,60
1662142500,49
1662143400,59
1662144300,59
1662145200,66
1662146100,31
1662147000,37
1662147900,40
1662148800,60
1662149700,95
1662150600,47
1662151500,57
1662152400,45
1662153300,68
1662154200,78
1662155100,53
1662156000,67
1662156900,44
1662157800,69
1662158700,69
1662159600,57
1662160500,42
1662161400,57
1662162300,70
1662163200,72
1662164100,56
1662165000,36
1662165900,60
1662166800,46
1662167700,79
1662168600,67
1662169500,44
1662170400,59
1662171300,37
1662172200,67
1662173100,42
1662174000,30
1662174900,49
1662175800,72
1662176700,94
1662177600,52
1662178500,50
1662179400,58
1662180300,38
1662181200,85
1662182100,61
1662183000,66
1662183900,46
1662184800,47
1662185700,86
1662186600,41
1662187500,59
1662188400,42
1662189300,62
1662190200,78
1662191100,51
1662192000,59
1662192900,35
1662193800,54
1662194700,61
1662195600,75
1662196500,59
1662197400,40
1662198300,41
1662199200,45
1662200100,65
1662201000,26
1662201900,56
1662202800,38
1662203700,67
1662204600,57
1662205500,42
1662206400,43
1662207300,35
1662208200,57
1662209100,69
1662210000,53
1662210900,37
1662211800,41
1662212700,54
1662213600,64
1662214500,49
1662215400,36
1662216300,62
1662217200,37
1662218100,80
1662219000,32
1662219900,45
1662220800,41
1662221700,45
1662222600,85
1662223500,42
1662224400,43
1662225300,35
1662226200,37
1662227100,78
1662228000,36
1662228900,57
1662229800,38
1662230700,50
1662231600,63
1662232500,52
1662233400,41
1662234300,35
1662235200,47
1662236100,72
1662237000,60
1662237900,45
1662238800,33
1662239700,51
1662240600,52
1662241500,64
1662242400,42
1662243300,53
1662244200,47
1662245100,52
1662246000,67
1662246900,34
1662247800,44
1662248700,41
1662249600,60
1662250500,77
1662251400,26
1662252300,48
1662253200,33
1662254100,58
1662255000,67
1662255900,38
1662256800,53
1662257700,44
1662258600,51
1662259500,68
1662260400,41
1662261300,47
1662262200,33
1662263100,53
1662264000,67
1662264900,65
1662265800,31
1662266700,47
1662267600,38
1662268500,66
1662269400,54
1662270300,34
1662271200,53
1662272100,42
1662273000,64
1662273900,58
1662274800,35
1662275700,43
1662276600,25
1662277500,65
1662278400,61
1662279300,57
1662280200,37
1662281100,40
1662282000,56
1662282900,58
1662283800,44
1662284700,37
1662285600,49
1662286500,63
1662287400,64
1662288300,51
1662289200,28
1662290100,49
1662291000,33
1662291900,79
1662292800,48
1662293700,53
1662294600,43
1662295500,35
1662296400,72
1662297300,44
1662298200,42
1662299100,43
1662300000,39
1662300900,88
1662301800,42
1662302700,49
1662303600,33
1662304500,46
1662305400,61
1662306300,53
1662307200,47
1662308100,94
1662309000,363
1662309900,893
1662310800,410
1662311700,573
1662312600,521
1662313500,931
1662314400,496
1662315300,479
1662316200,466
1662317100,567
1662318000,759
1662318900,504
1662319800,514
1662320700,689
1662321600,802
1662322500,325
1662323400,328
1662324300,375
1662325200,277
1662326100,275
1662327000,298
1662327900,311
1662328800,313
1662329700,250
1662330600,252
1662331500,110
1662332400,113
1662333300,114
1662334200,116
1662335100,105
1662336000,90
1662336900,117
1662337800,107
1662338700,132
1662339600,128
1662340500,90
1662341400,96
1662342300,95
1662343200,121
1662344100,77
1662345000,99
1662345900,80
1662346800,102
1662347700,127
1662348600,101
1662349500,94
1662350400,90
1662351300,93
1662352200,119
1662353100,134
1662354000,135
1662354900,120
1662355800,129
1662356700,119
1662357600,355
1662358500,313
1662359400,891
1662360300,766
1662361200,780
1662362100,794
1662363000,690
1662363900,284
1662364800,266
1662365700,252
1662366600,308
1662367500,238
1662368400,240
1662369300,381
1662370200,375
1662371100,618
1662372000,701
1662372900,342
1662373800,574
1662374700,677
1662375600,448
1662376500,981
1662377400,925
1662378300,849
1662379200,562
1662380100,378
1662381000,372
1662381900,367
1662382800,331
1662383700,400
1662384600,919
1662385500,864
1662386400,835
1662387300,459
1662388200,348
1662389100,328
1662390000,407
1662390900,337
1662391800,309
1662392700,395
1662393600,716
1662394500,1074
1662395400,873
1662396300,880
1662397200,716
1662398100,447
1662399000,425
1662399900,557
1662400800,485
1662401700,840
1662402600,997
1662403500,1103
1662404400,509
1662405300,454
1662406200,406
1662407100,411
1662408000,624
1662408900,708
1662409800,337
1662410700,173
1662411600,153
1662412500,140
1662413400,175
1662414300,132
1662415200,98
1662416100,113
1662417000,105
1662417900,123
1662418800,134
1662419700,96
1662420600,115
1662421500,95
1662422400,106
1662423300,130
1662424200,108
1662425100,121
1662426000,95
1662426900,100
1662427800,106
1662428700,110
1662429600,88
1662430500,97
1662431400,105
1662432300,107
1662433200,116
1662434100,111
1662435000,104
1662435900,96
1662436800,97
1662437700,163
1662438600,359
1662439500,191
1662440400,107
1662441300,100
1662442200,297
1662443100,146
1662444000,224
1662444900,158
1662445800,125
1662446700,157
1662447600,270
1662448500,592
1662449400,658
1662450300,707
1662451200,703
1662452100,618
1662453000,1243
1662453900,1214
1662454800,1213
1662455700,1489
1662456600,1466
1662457500,869
1662458400,767
1662459300,546
1662460200,258
1662461100,288
1662462000,264
1662462900,233
1662463800,642
1662464700,1154
1662465600,856
1662466500,824
1662467400,703
1662468300,369
1662469200,321
1662470100,747
1662471000,769
1662471900,778
1662472800,750
1662473700,744
1662474600,811
1662475500,630
1662476400,358
1662477300,247
1662478200,254
1662479100,255
1662480000,270
1662480900,257
1662481800,792
1662482700,1198
1662483600,872
1662484500,796
1662485400,815
1662486300,1132
1662487200,628
1662488100,634
1662489000,401
1662489900,954
1662490800,395
1662491700,351
1662492600,440
1662493500,406
1662494400,358
1662495300,281
1662496200,306
1662497100,297
1662498000,286
1662498900,189
1662499800,180
1662500700,142
1662501600,123
1662502500,125
1662503400,150
1662504300,151
1662505200,130
1662506100,125
1662507000,124
1662507900,134
1662508800,149
1662509700,121
1662510600,120
1662511500,126
1662512400,135
1662513300,175
1662514200,126
1662515100,99
1662516000,113
1662516900,104
1662517800,138
1662518700,130
1662519600,117
1662520500,127
1662521400,107
1662522300,131
1662523200,151
1662524100,372
1662525000,239
1662525900,233
1662526800,302
1662527700,268
1662528600,208
1662529500,181
1662530400,202
1662531300,200
1662532200,270
1662533100,255
1662534000,192
1662534900,168
1662535800,158
1662536700,187
1662537600,183
1662538500,176
1662539400,205
1662540300,154
1662541200,304
1662542100,728
1662543000,241
1662543900,174
1662544800,184
1662545700,209
1662546600,222
1662547500,191
1662548400,187
1662549300,210
1662550200,196
1662551100,211
1662552000,199
1662552900,184
1662553800,173
1662554700,186
1662555600,196
1662556500,200
1662557400,196
1662558300,185
1662559200,222
1662560100,184
1662561000,215
1662561900,182
1662562800,184
1662563700,189
1662564600,185
1662565500,220
1662566400,179
1662567300,175
1662568200,209
1662569100,193
1662570000,235
1662570900,216
1662571800,210
1662572700,261
1662573600,298
1662574500,318
1662575400,306
1662576300,288
1662577200,297
1662578100,301
1662579000,313
1662579900,316
1662580800,303
1662581700,244
1662582600,277
1662583500,298
1662584400,286
1662585300,258
1662586200,203
1662587100,107
1662588000,105
1662588900,135
1662589800,107
1662590700,79
1662591600,92
1662592500,92
1662593400,113
1662594300,140
1662595200,95
1662596100,102
1662597000,85
1662597900,107
1662598800,158
1662599700,140
1662600600,104
1662601500,104
1662602400,98
1662603300,128
1662604200,87
1662605100,109
1662606000,103
1662606900,155
1662607800,133
1662608700,144
1662609600,264
1662610500,103
1662611400,122
1662612300,160
1662613200,141
1662614100,135
1662615000,115
1662615900,136
1662616800,217
1662617700,572
1662618600,315
1662619500,212
1662620400,741
1662621300,358
1662622200,413
1662623100,378
1662624000,789
1662624900,335
1662625800,242
1662626700,280
1662627600,258
1662628500,246
1662629400,542
1662630300,354
1662631200,281
1662632100,280
1662633000,270
1662633900,305
1662634800,237
1662635700,204
1662636600,272
1662637500,254
1662638400,225
1662639300,259
1662640200,240
1662641100,281
1662642000,255
1662642900,265
1662643800,280
1662644700,297
1662645600,368
1662646500,363
1662647400,682
1662648300,513
1662649200,559
1662650100,391
1662651000,859
1662651900,372
1662652800,301
1662653700,324
1662654600,319
1662655500,339
1662656400,357
1662657300,303
1662658200,320
1662659100,318
1662660000,384
1662660900,358
1662661800,314
1662662700,303
1662663600,297
1662664500,333
1662665400,280
1662666300,292
1662667200,288
1662668100,248
1662669000,243
1662669900,192
1662670800,127
1662671700,104
1662672600,131
1662673500,138
1662674400,97
1662675300,103
1662676200,88
1662677100,114
1662678000,115
1662678900,119
1662679800,107
1662680700,90
1662681600,132
1662682500,98
1662683400,128
1662684300,87
1662685200,97
1662686100,110
1662687000,169
1662687900,137
1662688800,92
1662689700,105
1662690600,88
1662691500,95
1662692400,124
1662693300,101
1662694200,117
1662695100,106
1662696000,168
1662696900,239
1662697800,127
1662698700,131
1662699600,106
1662700500,184
1662701400,756
1662702300,612
1662703200,627
1662704100,690
1662705000,693
1662705900,679
1662706800,492
1662707700,221
1662708600,232
1662709500,243
1662710400,218
1662711300,272
1662712200,239
1662713100,204
1662714000,216
1662714900,210
1662715800,257
1662716700,246
1662717600,791
1662718500,327
1662719400,223
1662720300,241
1662721200,271
1662722100,236
1662723000,219
1662723900,206
1662724800,221
1662725700,417
1662726600,587
1662727500,452
1662728400,207
1662729300,444
1662730200,670
1662731100,195
1662732000,215
1662732900,135
1662733800,140
1662734700,158
1662735600,169
1662736500,126
1662737400,125
1662738300,131
1662739200,149
1662740100,148
1662741000,141
1662741900,125
1662742800,138
1662743700,145
1662744600,296
1662745500,296
1662746400,325
1662747300,336
1662748200,343
1662749100,350
1662750000,321
1662750900,330
1662751800,305
1662752700,311
1662753600,348
1662754500,299
1662755400,291
1662756300,216
1662757200,164
1662758100,125
1662759000,85
1662759900,109
1662760800,95
1662761700,109
1662762600,164
1662763500,98
1662764400,107
1662765300,86
1662766200,111
1662767100,125
1662768000,125
1662768900,96
1662769800,98
1662770700,102
1662771600,114
1662772500,118
1662773400,108
1662774300,130
1662775200,114
1662776100,102
1662777000,128
1662777900,88
1662778800,103
1662779700,95
1662780600,107
1662781500,133
1662782400,254
1662783300,109
1662784200,130
1662785100,123
1662786000,133
1662786900,92
1662787800,130
1662788700,111
1662789600,127
1662790500,583
1662791400,351
1662792300,170
1662793200,185
1662794100,208
1662795000,239
1662795900,236
1662796800,221
1662797700,186
1662798600,180
1662799500,210
1662800400,193
1662801300,192
1662802200,229
1662803100,453
1662804000,784
1662804900,889
1662805800,277
1662806700,207
1662807600,222
1662808500,221
1662809400,227
1662810300,225
1662811200,628
1662812100,401
1662813000,391
1662813900,333
1662814800,731
1662815700,605
1662816600,643
1662817500,674
1662818400,715
1662819300,483
1662820200,211
1662821100,469
1662822000,193
1662822900,202
1662823800,231
1662824700,200
1662825600,211
1662826500,202
1662827400,210
1662828300,313
1662829200,250
1662830100,255
1662831000,271
1662831900,293
1662832800,305
1662833700,375
1662834600,377
1662835500,352
1662836400,304
1662837300,292
1662838200,359
1662839100,321
1662840000,281
1662840900,253
1662841800,216
1662842700,192
1662843600,196
1662844500,100
1662845400,108
1662846300,87
1662847200,106
1662848100,139
1662849000,89
1662849900,108
1662850800,145
1662851700,101
1662852600,144
1662853500,105
1662854400,126
1662855300,95
1662856200,106
1662857100,129
1662858000,111
1662858900,117
1662859800,100
1662860700,108
1662861600,99
1662862500,116
1662863400,130
1662864300,87
1662865200,99
1662866100,112
1662867000,122
1662867900,119
1662868800,87
1662869700,185
1662870600,206
1662871500,176
1662872400,180
1662873300,150
1662874200,159
1662875100,181
1662876000,348
1662876900,871
1662877800,835
1662878700,747
1662879600,824
1662880500,816
1662881400,476
1662882300,192
1662883200,209
1662884100,168
1662885000,251
1662885900,180
1662886800,174
1662887700,153
1662888600,175
1662889500,193
1662890400,208
1662891300,452
1662892200,443
1662893100,763
1662894000,459
1662894900,255
1662895800,430
1662896700,703
1662897600,228
1662898500,231
1662899400,226
1662900300,228
1662901200,288
1662902100,198
1662903000,200
1662903900,203
1662904800,200
1662905700,224
1662906600,196
1662907500,204
1662908400,239
1662909300,256
1662910200,291
1662911100,275
1662912000,254
1662912900,287
1662913800,265
1662914700,297
1662915600,319
1662916500,318
1662917400,474
1662918300,297
1662919200,360
1662920100,350
1662921000,344
1662921900,311
1662922800,315
1662923700,355
1662924600,374
1662925500,393
1662926400,285
1662927300,277
1662928200,274
1662929100,278
1662930000,264
1662930900,236
1662931800,231
1662932700,217
1662933600,164
1662934500,135
1662935400,131
1662936300,110
1662937200,107
1662938100,99
1662939000,109
1662939900,145
1662940800,118
1662941700,105
1662942600,106
1662943500,103
1662944400,127
1662945300,126
1662946200,118
1662947100,111
1662948000,110
1662948900,112
1662949800,131
1662950700,97
1662951600,89
1662952500,91
1662953400,115
1662954300,122
1662955200,126
1662956100,90
1662957000,167
1662957900,177
1662958800,301
1662959700,167
1662960600,147
1662961500,240
1662962400,272
1662963300,600
1662964200,1112
1662965100,1202
1662966000,570
1662966900,314
1662967800,460
1662968700,297
1662969600,297
1662970500,346
1662971400,299
1662972300,281
1662973200,288
1662974100,293
1662975000,841
1662975900,486
1662976800,584
1662977700,503
1662978600,323
1662979500,737
1662980400,438
1662981300,271
1662982200,275
1662983100,294
1662984000,339
1662984900,270
1662985800,292
1662986700,268
1662987600,296
1662988500,309
1662989400,283
1662990300,277
1662991200,280
1662992100,290
1662993000,298
1662993900,310
1662994800,323
1662995700,274
1662996600,311
1662997500,403
1662998400,752
1662999300,718
1663000200,375
1663001100,524
1663002000,1482
1663002900,962
1663003800,826
1663004700,822
1663005600,928
1663006500,932
1663007400,697
1663008300,500
1663009200,441
1663010100,441
1663011000,447
1663011900,420
1663012800,426
1663013700,368
1663014600,364
1663015500,364
1663016400,319
1663017300,371
1663018200,356
1663019100,173
1663020000,115
1663020900,95
1663021800,117
1663022700,118
1663023600,122
1663024500,133
1663025400,102
1663026300,114
1663027200,134
1663028100,132
1663029000,113
1663029900,109
1663030800,112
1663031700,112
1663032600,145
1663033500,102
1663034400,111
1663035300,156
1663036200,158
1663037100,145
1663038000,121
1663038900,112
1663039800,121
1663040700,120
1663041600,147
1663042500,442
1663043400,567
1663044300,242
1663045200,714
1663046100,464
1663047000,319
1663047900,516
1663048800,634
1663049700,288
1663050600,308
1663051500,337
1663052400,811
1663053300,639
1663054200,781
1663055100,646
1663056000,701
1663056900,755
1663057800,732
1663058700,639
1663059600,565
1663060500,925
1663061400,1459
1663062300,688
1663063200,773
1663064100,644
1663065000,533
1663065900,261
1663066800,610
1663067700,500
1663068600,398
1663069500,256
1663070400,257
1663071300,285
1663072200,282
1663073100,250
1663074000,254
1663074900,249
1663075800,282
1663076700,323
1663077600,305
1663078500,318
1663079400,289
1663080300,288
1663081200,298
1663082100,273
1663083000,270
1663083900,272
1663084800,285
1663085700,310
1663086600,537
1663087500,554
1663088400,520
1663089300,376
1663090200,831
1663091100,630
1663092000,392
1663092900,456
1663093800,460
1663094700,403
1663095600,488
1663096500,477
1663097400,463
1663098300,445
1663099200,380
1663100100,370
1663101000,415
1663101900,361
1663102800,338
1663103700,338
1663104600,274
1663105500,235
1663106400,231
1663107300,101
1663108200,112
1663109100,134
1663110000,136
1663110900,141
1663111800,97
1663112700,113
1663113600,113
1663114500,111
1663115400,149
1663116300,121
1663117200,118
1663118100,114
1663119000,108
1663119900,119
1663120800,128
1663121700,109
1663122600,123
1663123500,115
1663124400,105
1663125300,140
1663126200,189
1663127100,192
1663128000,137
1663128900,262
1663129800,221
1663130700,255
1663131600,188
1663132500,205
1663133400,423
1663134300,721
1663135200,705
1663136100,374
1663137000,265
1663137900,297
1663138800,301
1663139700,298
1663140600,293
1663141500,251
1663142400,212
1663143300,225
1663144200,230
1663145100,263
1663146000,238
1663146900,238
1663147800,251
1663148700,251
1663149600,561
1663150500,626
1663151400,344
1663152300,345
1663153200,380
1663154100,758
1663155000,1246
1663155900,897
1663156800,779
1663157700,437
1663158600,846
1663159500,672
1663160400,602
1663161300,377
1663162200,842
1663163100,471
1663164000,327
1663164900,365
1663165800,584
1663166700,1154
1663167600,910
1663168500,735
1663169400,704
1663170300,365
1663171200,730
1663172100,816
1663173000,720
1663173900,344
1663174800,341
1663175700,568
1663176600,829
1663177500,803
1663178400,864
1663179300,843
1663180200,1157
1663181100,771
1663182000,530
1663182900,380
1663183800,381
1663184700,417
1663185600,407
1663186500,407
1663187400,356
1663188300,349
1663189200,329
1663190100,299
1663191000,281
1663191900,218
1663192800,175
1663193700,120
1663194600,141
1663195500,141
1663196400,100
1663197300,130
1663198200,99
1663199100,134
1663200000,134
1663200900,103
1663201800,132
1663202700,99
1663203600,141
1663204500,138
1663205400,108
1663206300,123
1663207200,88
1663208100,122
1663209000,105
1663209900,125
1663210800,103
1663211700,113
1663212600,119
1663213500,136
1663214400,143
1663215300,203
1663216200,395
1663217100,214
1663218000,270
1663218900,276
1663219800,250
1663220700,239
1663221600,227
1663222500,253
1663223400,254
1663224300,319
1663225200,222
1663226100,274
1663227000,222
1663227900,245
1663228800,236
1663229700,253
1663230600,213
1663231500,236
1663232400,212
1663233300,341
1663234200,265
1663235100,251
1663236000,154
1663236900,168
1663237800,158
1663238700,250
1663239600,184
1663240500,176
1663241400,161
1663242300,189
1663243200,200
1663244100,230
1663245000,187
1663245900,191
1663246800,184
1663247700,185
1663248600,219
1663249500,190
1663250400,197
1663251300,205
1663252200,220
1663253100,196
1663254000,214
1663254900,185
1663255800,290
1663256700,264
1663257600,228
1663258500,253
1663259400,289
1663260300,272
1663261200,281
1663262100,689
1663263000,879
1663263900,818
1663264800,652
1663265700,434
1663266600,417
1663267500,392
1663268400,411
1663269300,406
1663270200,381
1663271100,393
1663272000,383
1663272900,354
1663273800,372
1663274700,253
1663275600,271
1663276500,254
1663277400,276
1663278300,250
1663279200,112
1663280100,106
1663281000,105
1663281900,112
1663282800,114
1663283700,124
1663284600,118
1663285500,88
1663286400,109
1663287300,91
1663288200,131
1663289100,114
1663290000,105
1663290900,101
1663291800,91
1663292700,111
1663293600,122
1663294500,108
1663295400,102
1663296300,87
1663297200,281
1663298100,130
1663299000,143
1663299900,138
1663300800,234
1663301700,192
1663302600,218
1663303500,240
1663304400,394
1663305300,579
1663306200,453
1663307100,238
1663308000,646
1663308900,560
1663309800,276
1663310700,268
1663311600,295
1663312500,267
1663313400,325
1663314300,430
1663315200,587
1663316100,604
1663317000,997
1663317900,752
1663318800,611
1663319700,630
1663320600,621
1663321500,423
1663322400,525
1663323300,439
1663324200,309
1663325100,731
1663326000,332
1663326900,394
1663327800,288
1663328700,785
1663329600,373
1663330500,280
1663331400,289
1663332300,326
1663333200,352
1663334100,343
1663335000,277
1663335900,293
1663336800,227
1663337700,222
1663338600,216
1663339500,221
1663340400,210
1663341300,195
1663342200,219
1663343100,220
1663344000,283
1663344900,569
1663345800,328
1663346700,367
1663347600,345
1663348500,365
1663349400,355
1663350300,386
1663351200,320
1663352100,361
1663353000,497
1663353900,470
1663354800,439
1663355700,368
1663356600,401
1663357500,397
1663358400,393
1663359300,351
1663360200,321
1663361100,366
1663362000,318
1663362900,330
1663363800,285
1663364700,296
1663365600,288
1663366500,252
1663367400,166
1663368300,128
1663369200,127
1663370100,164
1663371000,134
1663371900,127
1663372800,164
1663373700,123
1663374600,133
1663375500,126
1663376400,116
1663377300,163
1663378200,108
1663379100,116
1663380000,104
1663380900,110
1663381800,142
1663382700,137
1663383600,277
1663384500,117
1663385400,141
1663386300,147
1663387200,311
1663388100,537
1663389000,1060
1663389900,728
1663390800,231
1663391700,236
1663392600,248
1663393500,248
1663394400,254
1663395300,247
1663396200,282
1663397100,293
1663398000,313
1663398900,322
1663399800,302
1663400700,296
1663401600,868
1663402500,1318
1663403400,973
1663404300,359
1663405200,640
1663406100,696
1663407000,336
1663407900,537
1663408800,969
1663409700,1351
1663410600,589
1663411500,547
1663412400,470
1663413300,325
1663414200,268
1663415100,273
1663416000,288
1663416900,260
1663417800,310
1663418700,309
1663419600,280
1663420500,301
1663421400,305
1663422300,389
1663423200,386
1663424100,334
1663425000,340
1663425900,374
1663426800,382
1663427700,366
1663428600,355
1663429500,323
1663430400,309
1663431300,334
1663432200,290
1663433100,306
1663434000,308
1663434900,647
1663435800,547
1663436700,353
1663437600,360
1663438500,349
1663439400,364
1663440300,365
1663441200,376
1663442100,308
1663443000,298
1663443900,314
1663444800,299
1663445700,322
1663446600,261
1663447500,95
1663448400,89
1663449300,81
1663450200,188
1663451100,150
1663452000,113
1663452900,119
1663453800,91
1663454700,101
1663455600,158
1663456500,152
1663457400,110
1663458300,107
1663459200,123
1663460100,115
1663461000,119
1663461900,157
1663462800,117
1663463700,103
1663464600,105
1663465500,124
1663466400,109
1663467300,126
1663468200,148
1663469100,103
1663470000,120
1663470900,125
1663471800,110
1663472700,117
1663473600,255
1663474500,403
1663475400,259
1663476300,257
1663477200,183
1663478100,174
1663479000,163
1663479900,184
1663480800,243
1663481700,227
1663482600,243
1663483500,164
1663484400,133
1663485300,169
1663486200,133
1663487100,140
1663488000,122
1663488900,154
1663489800,170
1663490700,184
1663491600,158
1663492500,177
1663493400,540
1663494300,374
1663495200,613
1663496100,316
1663497000,627
1663497900,439
1663498800,171
1663499700,196
1663500600,181
1663501500,177
1663502400,180
1663503300,162
1663504200,186
1663505100,195
1663506000,196
1663506900,200
1663507800,214
1663508700,178
1663509600,187
1663510500,193
1663511400,179
1663512300,186
1663513200,179
1663514100,204
1663515000,229
1663515900,188
1663516800,187
1663517700,176
1663518600,205
1663519500,192
1663520400,176
1663521300,482
1663522200,350
1663523100,999
1663524000,808
1663524900,803
1663525800,487
1663526700,497
1663527600,468
1663528500,827
1663529400,323
1663530300,263
1663531200,276
1663532100,267
1663533000,251
1663533900,281
1663534800,265
1663535700,170
1663536600,65
1663537500,82
1663538400,75
1663539300,119
1663540200,99
1663541100,94
1663542000,92
1663542900,82
1663543800,117
1663544700,96
1663545600,93
1663546500,81
1663547400,93
1663548300,101
1663549200,124
1663550100,104
1663551000,81
1663551900,98
1663552800,77
1663553700,124
1663554600,88
1663555500,91
1663556400,83
1663557300,81
1663558200,109
1663559100,114
1663560000,136
1663560900,94
1663561800,139
1663562700,228
1663563600,258
1663564500,170
1663565400,142
1663566300,243
1663567200,748
1663568100,1074
1663569000,1046
1663569900,932
1663570800,877
1663571700,599
1663572600,534
1663573500,524
1663574400,192
1663575300,443
1663576200,926
1663577100,1190
1663578000,1150
1663578900,947
1663579800,197
1663580700,355
1663581600,695
1663582500,233
1663583400,185
1663584300,123
1663585200,124
1663586100,215
1663587000,154
1663587900,161
1663588800,147
1663589700,135
1663590600,130
1663591500,132
1663592400,170
1663593300,178
1663594200,143
1663595100,151
1663596000,151
1663596900,125
1663597800,179
1663598700,139
1663599600,142
1663600500,155
1663601400,136
1663602300,173
1663603200,150
1663604100,151
1663605000,137
1663605900,180
1663606800,169
1663607700,178
1663608600,208
1663609500,345
1663610400,307
1663611300,294
1663612200,342
1663613100,303
1663614000,381
1663614900,304
1663615800,294
1663616700,351
1663617600,420
1663618500,793
1663619400,564
1663620300,350
1663621200,617
1663622100,670
1663623000,308
1663623900,252
1663624800,119
1663625700,79
1663626600,113
1663627500,104
1663628400,81
1663629300,91
1663630200,83
1663631100,105
1663632000,132
1663632900,152
1663633800,102
1663634700,84
1663635600,101
1663636500,102
1663637400,101
1663638300,119
1663639200,123
1663640100,107
1663641000,120
1663641900,117
1663642800,78
1663643700,93
1663644600,150
1663645500,109
1663646400,157
1663647300,580
1663648200,287
1663649100,197
1663650000,220
1663650900,244
1663651800,249
1663652700,240
1663653600,244
1663654500,247
1663655400,249
1663656300,537
1663657200,605
1663658100,603
1663659000,729
1663659900,649
1663660800,759
1663661700,723
1663662600,741
1663663500,1039
1663664400,1144
1663665300,1746
1663666200,1811
1663667100,964
1663668000,573
1663668900,914
1663669800,349
1663670700,356
1663671600,364
1663672500,216
1663673400,162
1663674300,176
1663675200,167
1663676100,182
1663677000,172
1663677900,205
1663678800,202
1663679700,189
1663680600,177
1663681500,187
1663682400,192
1663683300,508
1663684200,623
1663685100,959
1663686000,779
1663686900,711
1663687800,710
1663688700,682
1663689600,656
1663690500,669
1663691400,697
1663692300,500
1663693200,229
1663694100,232
1663695000,656
1663695900,737
1663696800,824
1663697700,787
1663698600,421
1663699500,305
1663700400,285
1663701300,286
1663702200,294
1663703100,295
1663704000,273
1663704900,251
1663705800,214
1663706700,209
1663707600,123
1663708500,70
1663709400,93
1663710300,80
1663711200,85
1663712100,119
1663713000,84
1663713900,100
1663714800,84
1663715700,86
1663716600,115
1663717500,95
1663718400,97
1663719300,77
1663720200,95
1663721100,97
1663722000,132
1663722900,94
1663723800,85
1663724700,103
1663725600,84
1663726500,117
1663727400,94
1663728300,87
1663729200,94
1663730100,91
1663731000,128
1663731900,142
1663732800,269
1663733700,427
1663734600,237
1663735500,228
1663736400,243
1663737300,419
1663738200,609
1663739100,470
1663740000,255
1663740900,659
1663741800,541
1663742700,225
1663743600,284
1663744500,234
1663745400,278
1663746300,294
1663747200,224
1663748100,322
1663749000,356
1663749900,299
1663750800,332
1663751700,386
1663752600,286
1663753500,177
1663754400,203
1663755300,182
1663756200,191
1663757100,164
1663758000,232
1663758900,420
1663759800,176
1663760700,222
1663761600,159
1663762500,153
1663763400,148
1663764300,327
1663765200,209
1663766100,184
1663767000,230
1663767900,337
1663768800,245
1663769700,435
1663770600,655
1663771500,546
1663772400,257
1663773300,492
1663774200,576
1663775100,172
1663776000,207
1663776900,214
1663777800,284
1663778700,240
1663779600,208
1663780500,320
1663781400,1073
1663782300,1172
1663783200,710
1663784100,319
1663785000,346
1663785900,365
1663786800,301
1663787700,303
1663788600,309
1663789500,286
1663790400,297
1663791300,255
1663792200,323
1663793100,264
1663794000,216
1663794900,92
1663795800,93
1663796700,88
1663797600,84
1663798500,120
1663799400,89
1663800300,96
1663801200,85
1663802100,106
1663803000,114
1663803900,115
1663804800,120
1663805700,106
1663806600,137
1663807500,111
1663808400,117
1663809300,95
1663810200,111
1663811100,124
1663812000,132
1663812900,114
1663813800,111
1663814700,127
1663815600,301
1663816500,122
1663817400,123
1663818300,162
1663819200,181
1663820100,757
1663821000,1100
1663821900,807
1663822800,690
1663823700,704
1663824600,455
1663825500,748
1663826400,528
1663827300,292
1663828200,580
1663829100,782
1663830000,712
1663830900,887
1663831800,851
1663832700,759
1663833600,592
1663834500,298
1663835400,430
1663836300,672
1663837200,683
1663838100,672
1663839000,529
1663839900,554
1663840800,555
1663841700,490
1663842600,200
1663843500,219
1663844400,222
1663845300,200
1663846200,207
1663847100,229
1663848000,221
1663848900,232
1663849800,178
1663850700,159
1663851600,153
1663852500,197
1663853400,208
1663854300,205
1663855200,289
1663856100,223
1663857000,255
1663857900,216
1663858800,231
1663859700,212
1663860600,256
1663861500,216
1663862400,269
1663863300,291
1663864200,281
1663865100,289
1663866000,279
1663866900,429
1663867800,402
1663868700,394
1663869600,363
1663870500,390
1663871400,425
1663872300,412
1663873200,390
1663874100,351
1663875000,340
1663875900,341
1663876800,355
1663877700,396
1663878600,347
1663879500,270
1663880400,282
1663881300,603
1663882200,438
1663883100,453
1663884000,221
1663884900,527
1663885800,398
1663886700,116
1663887600,112
1663888500,107
1663889400,119
1663890300,138
1663891200,102
1663892100,128
1663893000,109
1663893900,122
1663894800,113
1663895700,90
1663896600,104
1663897500,110
1663898400,154
1663899300,111
1663900200,127
1663901100,253
1663902000,146
1663902900,150
1663903800,139
1663904700,156
1663905600,200
1663906500,474
1663907400,536
1663908300,322
1663909200,221
1663910100,225
1663911000,278
1663911900,256
1663912800,284
1663913700,221
1663914600,245
1663915500,333
1663916400,972
1663917300,822
1663918200,649
1663919100,329
1663920000,316
1663920900,260
1663921800,222
1663922700,188
1663923600,204
1663924500,227
1663925400,556
1663926300,386
1663927200,441
1663928100,880
1663929000,549
1663929900,254
1663930800,654
1663931700,484
1663932600,255
1663933500,224
1663934400,214
1663935300,184
1663936200,230
1663937100,194
1663938000,185
1663938900,212
1663939800,203
1663940700,234
1663941600,182
1663942500,200
1663943400,224
1663944300,218
1663945200,207
1663946100,453
1663947000,1007
1663947900,586
1663948800,414
1663949700,202
1663950600,637
1663951500,619
1663952400,714
1663953300,592
1663954200,292
1663955100,264
1663956000,301
1663956900,325
1663957800,344
1663958700,313
1663959600,291
1663960500,305
1663961400,301
1663962300,284
1663963200,281
1663964100,276
1663965000,242
1663965900,420
1663966800,525
1663967700,382
1663968600,144
1663969500,419
1663970400,512
1663971300,96
1663972200,129
1663973100,127
1663974000,140
1663974900,122
1663975800,113
1663976700,116
1663977600,123
1663978500,127
1663979400,105
1663980300,115
1663981200,112
1663982100,157
1663983000,109
1663983900,110
1663984800,112
1663985700,113
1663986600,137
1663987500,90
1663988400,290
1663989300,113
1663990200,168
1663991100,186
1663992000,181
1663992900,381
1663993800,237
1663994700,317
1663995600,213
1663996500,222
1663997400,223
1663998300,250
1663999200,238
1664000100,205
1664001000,213
1664001900,215
1664002800,311
1664003700,845
1664004600,763
1664005500,220
1664006400,427
1664007300,579
1664008200,166
1664009100,181
1664010000,341
1664010900,293
1664011800,477
1664012700,612
1664013600,488
1664014500,384
1664015400,729
1664016300,191
1664017200,204
1664018100,400
1664019000,527
1664019900,445
1664020800,226
1664021700,433
1664022600,618
1664023500,204
1664024400,188
1664025300,205
1664026200,230
1664027100,210
1664028000,227
1664028900,199
1664029800,178
1664030700,186
1664031600,199
1664032500,204
1664033400,354
1664034300,228
1664035200,338
1664036100,191
1664037000,314
1664037900,311
1664038800,388
1664039700,430
1664040600,553
1664041500,1127
1664042400,1090
1664043300,883
1664044200,911
1664045100,892
1664046000,794
1664046900,696
1664047800,394
1664048700,367
1664049600,317
1664050500,238
1664051400,252
1664052300,239
1664053200,279
1664054100,171
1664055000,89
1664055900,142
1664056800,141
1664057700,169
1664058600,125
1664059500,118
1664060400,98
1664061300,165
1664062200,161
1664063100,125
1664064000,113
1664064900,140
1664065800,146
1664066700,111
1664067600,166
1664068500,116
1664069400,153
1664070300,120
1664071200,131
1664072100,117
1664073000,126
1664073900,214
1664074800,296
1664075700,144
1664076600,142
1664077500,170
1664078400,232
1664079300,371
1664080200,262
1664081100,279
1664082000,235
1664082900,205
1664083800,224
1664084700,208
1664085600,242
1664086500,239
1664087400,404
1664088300,235
1664089200,159
1664090100,455
1664091000,1082
1664091900,829
1664092800,1187
1664093700,629
1664094600,294
1664095500,485
1664096400,624
1664097300,247
1664098200,765
1664099100,1136
1664100000,1032
1664100900,783
1664101800,319
1664102700,199
1664103600,423
1664104500,216
1664105400,220
1664106300,212
1664107200,204
1664108100,166
1664109000,161
1664109900,192
1664110800,200
1664111700,237
1664112600,190
1664113500,241
1664114400,242
1664115300,258
1664116200,249
1664117100,265
1664118000,245
1664118900,219
1664119800,285
1664120700,294
1664121600,429
1664122500,267
1664123400,279
1664124300,370
1664125200,355
1664126100,396
1664127000,407
1664127900,395
1664128800,374
1664129700,367
1664130600,340
1664131500,408
1664132400,398
1664133300,378
1664134200,345
1664135100,308
1664136000,256
1664136900,273
1664137800,261
1664138700,213
1664139600,197
1664140500,108
1664141400,124
1664142300,102
1664143200,93
1664144100,108
1664145000,114
1664145900,125
1664146800,95
1664147700,118
1664148600,100
1664149500,137
1664150400,109
1664151300,96
1664152200,104
1664153100,99
1664154000,146
1664154900,90
1664155800,105
1664156700,119
1664157600,125
1664158500,125
1664159400,95
1664160300,122
1664161200,89
1664162100,129
1664163000,99
1664163900,120
1664164800,152
1664165700,349
1664166600,439
1664167500,592
1664168400,554
1664169300,435
1664170200,252
1664171100,491
1664172000,531
1664172900,153
1664173800,180
1664174700,266
1664175600,243
1664176500,228
1664177400,204
1664178300,213
1664179200,227
1664180100,225
1664181000,198
1664181900,213
1664182800,223
1664183700,250
1664184600,217
1664185500,264
1664186400,496
1664187300,308
1664188200,220
1664189100,202
1664190000,208
1664190900,206
1664191800,218
1664192700,218
1664193600,462
1664194500,659
1664195400,553
1664196300,229
1664197200,266
1664198100,144
1664199000,177
1664199900,155
1664200800,153
1664201700,124
1664202600,131
1664203500,122
1664204400,151
1664205300,138
1664206200,134
1664207100,140
1664208000,132
1664208900,166
1664209800,122
1664210700,146
1664211600,165
1664212500,336
1664213400,306
1664214300,313
1664215200,376
1664216100,374
1664217000,430
1664217900,373
1664218800,360
1664219700,366
1664220600,395
1664221500,410
1664222400,373
1664223300,359
1664224200,256
1664225100,268
1664226000,284
1664226900,148
1664227800,111
1664228700,119
1664229600,120
1664230500,145
1664231400,115
1664232300,114
1664233200,112
1664234100,123
1664235000,144
1664235900,103
1664236800,114
1664237700,99
1664238600,140
1664239500,136
1664240400,110
1664241300,118
1664242200,112
1664243100,150
1664244000,103
1664244900,105
1664245800,118
1664246700,125
1664247600,122
1664248500,122
1664249400,140
1664250300,114
1664251200,142
1664252100,589
1664253000,363
1664253900,591
1664254800,493
1664255700,279
1664256600,627
1664257500,1315
1664258400,696
1664259300,709
1664260200,596
1664261100,618
1664262000,624
1664262900,793
1664263800,1402
1664264700,1353
1664265600,806
1664266500,652
1664267400,666
1664268300,698
1664269200,635
1664270100,1171
1664271000,1044
1664271900,1083
1664272800,909
1664273700,819
1664274600,787
1664275500,342
1664276400,501
1664277300,472
1664278200,419
1664279100,238
1664280000,522
1664280900,604
1664281800,211
1664282700,214
1664283600,221
1664284500,225
1664285400,260
1664286300,221
1664287200,234
1664288100,209
1664289000,242
1664289900,223
1664290800,222
1664291700,224
1664292600,212
1664293500,250
1664294400,336
1664295300,243
1664296200,202
1664297100,311
1664298000,311
1664298900,266
1664299800,385
1664300700,354
1664301600,375
1664302500,450
1664303400,429
1664304300,355
1664305200,354
1664306100,355
1664307000,408
1664307900,365
1664308800,270
1664309700,124
1664310600,146
1664311500,123
1664312400,113
1664313300,117
1664314200,121
1664315100,160
1664316000,120
1664316900,116
1664317800,117
1664318700,128
1664319600,141
1664320500,101
1664321400,124
1664322300,109
1664323200,160
1664324100,121
1664325000,122
1664325900,149
1664326800,143
1664327700,151
1664328600,105
1664329500,115
1664330400,107
1664331300,140
1664332200,213
1664333100,135
1664334000,120
1664334900,123
1664335800,158
1664336700,130
1664337600,242
1664338500,442
1664339400,254
1664340300,317
1664341200,243
1664342100,232
1664343000,216
1664343900,372
1664344800,295
1664345700,281
1664346600,282
1664347500,441
1664348400,282
1664349300,213
1664350200,229
1664351100,263
1664352000,226
1664352900,250
1664353800,245
1664354700,231
1664355600,207
1664356500,203
1664357400,236
1664358300,217
1664359200,229
1664360100,356
1664361000,1057
1664361900,1099
1664362800,412
1664363700,383
1664364600,408
1664365500,271
1664366400,258
1664367300,540
1664368200,486
1664369100,439
1664370000,257
1664370900,696
1664371800,453
1664372700,235
1664373600,258
1664374500,255
1664375400,277
1664376300,225
1664377200,312
1664378100,326
1664379000,299
1664379900,275
1664380800,325
1664381700,395
1664382600,371
1664383500,439
1664384400,421
1664385300,468
1664386200,374
1664387100,361
1664388000,373
1664388900,345
1664389800,370
1664390700,373
1664391600,359
1664392500,345
1664393400,284
1664394300,266
1664395200,288
1664396100,287
1664397000,289
1664397900,297
1664398800,252
1664399700,250
1664400600,141
1664401500,118
1664402400,91
1664403300,126
1664404200,110
1664405100,105
1664406000,102
1664406900,96
1664407800,125
1664408700,87
1664409600,100
1664410500,86
1664411400,115
1664412300,114
1664413200,124
1664414100,156
1664415000,100
1664415900,139
1664416800,97
1664417700,102
1664418600,83
1664419500,112
1664420400,275
1664421300,112
1664422200,113
1664423100,149
1664424000,185
1664424900,257
1664425800,177
1664426700,234
1664427600,179
1664428500,185
1664429400,212
1664430300,241
1664431200,221
1664432100,222
1664433000,256
1664433900,290
1664434800,196
1664435700,235
1664436600,257
1664437500,271
1664438400,368
1664439300,249
1664440200,235
1664441100,344
1664442000,262
1664442900,309
1664443800,485
1664444700,721
1664445600,594
1664446500,429
1664447400,571
1664448300,706
1664449200,348
1664450100,552
1664451000,577
1664451900,289
1664452800,294
1664453700,284
1664454600,258
1664455500,296
1664456400,317
1664457300,347
1664458200,313
1664459100,329
1664460000,342
1664460900,409
1664461800,378
1664462700,347
1664463600,430
1664464500,400
1664465400,437
1664466300,399
1664467200,465
1664468100,825
1664469000,501
1664469900,959
1664470800,629
1664471700,460
1664472600,680
1664473500,922
1664474400,457
1664475300,406
1664476200,365
1664477100,417
1664478000,379
1664478900,372
1664479800,373
1664480700,391
1664481600,345
1664482500,348
1664483400,304
1664484300,310
1664485200,332
1664486100,309
1664487000,254
1664487900,175
1664488800,166
1664489700,156
1664490600,154
1664491500,132
1664492400,117
1664493300,172
1664494200,143
1664495100,146
1664496000,130
1664496900,190
1664497800,165
1664498700,138
1664499600,141
1664500500,114
1664501400,151
1664502300,142
1664503200,138
1664504100,163
1664505000,167
1664505900,170
1664506800,324
1664507700,139
1664508600,172
1664509500,236
1664510400,253
1664511300,338
1664512200,210
1664513100,252
1664514000,238
1664514900,233
1664515800,213
1664516700,257
1664517600,269
1664518500,617
1664519400,791
1664520300,714
1664521200,724
1664522100,851
1664523000,542
1664523900,298
1664524800,266
1664525700,282
1664526600,968
1664527500,797
1664528400,536
1664529300,522
1664530200,370
1664531100,342
1664532000,402
1664532900,275
1664533800,412
1664534700,607
1664535600,643
1664536500,516
1664537400,340
1664538300,603
1664539200,644
1664540100,256
1664541000,613
1664541900,665
1664542800,744
1664543700,744
1664544600,722
1664545500,770
1664546400,753
1664547300,718
1664548200,413
1664549100,232
1664550000,241
1664550900,294
1664551800,262
1664552700,289
1664553600,255
1664554500,286
1664555400,283
1664556300,256
1664557200,350
1664558100,302
1664559000,359
1664559900,358
1664560800,367
1664561700,389
1664562600,410
1664563500,403
1664564400,371
1664565300,398
1664566200,364
1664567100,383
1664568000,495
1664568900,334
1664569800,287
1664570700,293
1664571600,242
1664572500,162
1664573400,88
1664574300,126
1664575200,103
1664576100,151
1664577000,104
1664577900,106
1664578800,113
1664579700,108
1664580600,140
1664581500,100
1664582400,114
1664583300,88
1664584200,121
1664585100,98
1664586000,115
1664586900,94
1664587800,101
1664588700,126
1664589600,112
1664590500,112
1664591400,93
1664592300,111
1664593200,288
1664594100,127
1664595000,132
1664595900,169
1664596800,203
1664597700,329
1664598600,204
1664599500,244
1664600400,186
1664601300,178
1664602200,209
1664603100,644
1664604000,395
1664604900,324
1664605800,454
1664606700,712
1664607600,272
1664608500,210
1664609400,246
1664610300,343
1664611200,277
1664612100,298
1664613000,296
1664613900,414
1664614800,358
1664615700,442
1664616600,789
1664617500,538
1664618400,536
1664619300,614
1664620200,558
1664621100,189
1664622000,226
1664622900,206
1664623800,179
1664624700,169
1664625600,152
1664626500,217
1664627400,222
1664628300,202
1664629200,194
1664630100,215
1664631000,264
1664631900,232
1664632800,224
1664633700,210
1664634600,234
1664635500,232
1664636400,356
1664637300,306
1664638200,346
1664639100,341
1664640000,361
1664640900,357
1664641800,316
1664642700,316
1664643600,555
1664644500,872
1664645400,905
1664646300,737
1664647200,713
1664648100,599
1664649000,323
1664649900,602
1664650800,770
1664651700,335
1664652600,362
1664653500,316
1664654400,261
1664655300,225
1664656200,227
1664657100,241
1664658000,227
1664658900,220
1664659800,213
1664660700,245
1664661600,200
1664662500,103
1664663400,83
1664664300,115
1664665200,114
1664666100,122
1664667000,81
1664667900,102
1664668800,89
1664669700,127
1664670600,96
1664671500,92
1664672400,101
1664673300,122
1664674200,149
1664675100,93
1664676000,110
1664676900,100
1664677800,120
1664678700,135
1664679600,106
1664680500,112
1664681400,312
1664682300,658
1664683200,409
1664684100,436
1664685000,363
1664685900,346
1664686800,358
1664687700,303
1664688600,348
1664689500,296
1664690400,319
1664691300,233
1664692200,154
1664693100,133
1664694000,184
1664694900,153
1664695800,157
1664696700,148
1664697600,138
1664698500,152
1664699400,187
1664700300,175
1664701200,155
1664702100,155
1664703000,278
1664703900,348
1664704800,212
1664705700,213
1664706600,565
1664707500,666
1664708400,724
1664709300,567
1664710200,396
1664711100,351
1664712000,751
1664712900,228
1664713800,263
1664714700,233
1664715600,268
1664716500,353
1664717400,319
1664718300,277
1664719200,284
1664720100,268
1664721000,300
1664721900,274
1664722800,253
1664723700,237
1664724600,251
1664725500,261
1664726400,250
1664727300,260
1664728200,305
1664729100,333
1664730000,279
1664730900,304
1664731800,290
1664732700,294
1664733600,315
1664734500,777
1664735400,323
1664736300,382
1664737200,379
1664738100,336
1664739000,315
1664739900,231
1664740800,192
1664741700,200
1664742600,162
1664743500,103
1664744400,119
1664745300,137
1664746200,114
1664747100,118
1664748000,126
1664748900,134
1664749800,145
1664750700,112
1664751600,120
1664752500,114
1664753400,116
1664754300,127
1664755200,98
1664756100,123
1664757000,112
1664757900,140
1664758800,118
1664759700,108
1664760600,116
1664761500,103
1664762400,149
1664763300,103
1664764200,128
1664765100,109
1664766000,127
1664766900,127
1664767800,123
1664768700,124
1664769600,126
1664770500,142
1664771400,176
1664772300,193
1664773200,170
1664774100,280
1664775000,408
1664775900,205
1664776800,199
1664777700,171
1664778600,542
1664779500,1092
1664780400,487
1664781300,252
1664782200,247
1664783100,200
1664784000,233
1664784900,240
1664785800,718
1664786700,333
1664787600,330
1664788500,1103
1664789400,1244
1664790300,486
1664791200,193
1664792100,253
1664793000,242
1664793900,281
1664794800,249
1664795700,220
1664796600,188
1664797500,209
1664798400,230
1664799300,444
1664800200,492
1664801100,410
1664802000,622
1664802900,1219
1664803800,883
1664804700,203
1664805600,227
1664806500,204
1664807400,220
1664808300,188
1664809200,239
1664810100,324
1664811000,245
1664811900,207
1664812800,195
1664813700,173
1664814600,210
1664815500,261
1664816400,317
1664817300,323
1664818200,294
1664819100,339
1664820000,360
1664820900,454
1664821800,440
1664822700,496
1664823600,498
1664824500,508
1664825400,474
1664826300,488
1664827200,410
1664828100,452
1664829000,445
1664829900,426
1664830800,334
1664831700,331
1664832600,307
1664833500,257
1664834400,631
1664835300,225
1664836200,322
1664837100,128
1664838000,639
1664838900,212
1664839800,105
1664840700,121
1664841600,109
1664842500,119
1664843400,88
1664844300,105
1664845200,115
1664846100,117
1664847000,85
1664847900,106
1664848800,95
1664849700,144
1664850600,97
1664851500,106
1664852400,103
1664853300,176
1664854200,147
1664855100,120
1664856000,134
1664856900,305
1664857800,483
1664858700,246
1664859600,279
1664860500,279
1664861400,339
1664862300,556
1664863200,866
1664864100,715
1664865000,735
1664865900,1011
1664866800,1313
1664867700,628
1664868600,307
1664869500,294
1664870400,294
1664871300,309
1664872200,269
1664873100,337
1664874000,1421
1664874900,1355
1664875800,794
1664876700,1000
1664877600,1267
1664878500,558
1664879400,882
1664880300,320
1664881200,221
1664882100,188
1664883000,196
1664883900,235
1664884800,217
1664885700,243
1664886600,224
1664887500,217
1664888400,250
1664889300,211
1664890200,217
1664891100,207
1664892000,230
1664892900,243
1664893800,230
1664894700,741
1664895600,1171
1664896500,830
1664897400,422
1664898300,414
1664899200,373
1664900100,543
1664901000,375
1664901900,346
1664902800,356
1664903700,727
1664904600,1171
1664905500,1436
1664906400,973
1664907300,655
1664908200,428
1664909100,909
1664910000,465
1664910900,318
1664911800,283
1664912700,292
1664913600,249
1664914500,230
1664915400,128
1664916300,97
1664917200,115
1664918100,107
1664919000,142
1664919900,128
1664920800,123
1664921700,107
1664922600,115
1664923500,132
1664924400,122
1664925300,108
1664926200,107
1664927100,113
1664928000,129
1664928900,110
1664929800,83
1664930700,100
1664931600,81
1664932500,133
1664933400,84
1664934300,102
1664935200,83
1664936100,114
1664937000,119
1664937900,107
1664938800,81
1664939700,100
1664940600,97
1664941500,184
1664942400,312
1664943300,297
1664944200,166
1664945100,243
1664946000,200
1664946900,246
1664947800,223
1664948700,455
1664949600,605
1664950500,509
1664951400,284
1664952300,1050
1664953200,1268
1664954100,915
1664955000,284
1664955900,197
1664956800,194
1664957700,198
1664958600,370
1664959500,496
1664960400,651
1664961300,647
1664962200,628
1664963100,674
1664964000,858
1664964900,723
1664965800,443
1664966700,724
1664967600,244
1664968500,489
1664969400,231
1664970300,274
1664971200,278
1664972100,224
1664973000,192
1664973900,297
1664974800,854
1664975700,1133
1664976600,829
1664977500,734
1664978400,760
1664979300,732
1664980200,745
1664981100,731
1664982000,572
1664982900,267
1664983800,285
1664984700,263
1664985600,278
1664986500,285
1664987400,618
1664988300,398
1664989200,697
1664990100,992
1664991000,621
1664991900,519
1664992800,764
1664993700,874
1664994600,356
1664995500,349
1664996400,276
1664997300,290
1664998200,291
1664999100,316
1665000000,299
1665000900,181
1665001800,96
1665002700,112
1665003600,118
1665004500,95
1665005400,102
1665006300,97
1665007200,125
1665008100,118
1665009000,100
1665009900,91
1665010800,101
1665011700,109
1665012600,127
1665013500,96
1665014400,112
1665015300,101
1665016200,112
1665017100,105
1665018000,91
1665018900,98
1665019800,82
1665020700,123
1665021600,92
1665022500,109
1665023400,89
1665024300,281
1665025200,113
1665026100,123
1665027000,109
1665027900,197
1665028800,431
1665029700,1271
1665030600,949
1665031500,765
1665032400,692
1665033300,681
1665034200,723
1665035100,663
1665036000,660
1665036900,345
1665037800,227
1665038700,246
1665039600,230
1665040500,219
1665041400,272
1665042300,204
1665043200,180
1665044100,151
1665045000,168
1665045900,789
1665046800,217
1665047700,594
1665048600,629
1665049500,657
1665050400,498
1665051300,348
1665052200,563
1665053100,272
1665054000,567
1665054900,1054
1665055800,727
1665056700,697
1665057600,325
1665058500,202
1665059400,189
1665060300,214
1665061200,235
1665062100,184
1665063000,185
1665063900,171
1665064800,170
1665065700,187
1665066600,182
1665067500,205
1665068400,176
1665069300,715
1665070200,955
1665071100,601
1665072000,489
1665072900,340
1665073800,837
1665074700,377
1665075600,350
1665076500,348
1665077400,359
1665078300,361
1665079200,401
1665080100,343
1665081000,329
1665081900,329
1665082800,312
1665083700,276
1665084600,254
1665085500,260
1665086400,255
1665087300,252
1665088200,205
1665089100,208
1665090000,180
1665090900,227
1665091800,121
1665092700,92
1665093600,75
1665094500,94
1665095400,72
1665096300,117
1665097200,76
1665098100,134
1665099000,113
1665099900,93
1665100800,133
1665101700,90
1665102600,99
1665103500,99
1665104400,119
1665105300,150
1665106200,150
1665107100,99
1665108000,116
1665108900,113
1665109800,135
1665110700,196
1665111600,187
1665112500,87
1665113400,140
1665114300,156
1665115200,250
1665116100,1044
1665117000,1044
1665117900,761
1665118800,728
1665119700,703
1665120600,689
1665121500,632
1665122400,641
1665123300,354
1665124200,229
1665125100,218
1665126000,199
1665126900,240
1665127800,194
1665128700,182
1665129600,258
1665130500,728
1665131400,364
1665132300,270
1665133200,285
1665134100,784
1665135000,536
1665135900,473
1665136800,462
1665137700,946
1665138600,568
1665139500,337
1665140400,229
1665141300,189
1665142200,161
1665143100,109
1665144000,183
1665144900,154
1665145800,163
1665146700,150
1665147600,154
1665148500,174
1665149400,162
1665150300,175
1665151200,147
1665152100,336
1665153000,216
1665153900,172
1665154800,151
1665155700,365
1665156600,605
1665157500,434
1665158400,493
1665159300,352
1665160200,807
1665161100,334
1665162000,474
1665162900,745
1665163800,391
1665164700,375
1665165600,409
1665166500,419
1665167400,405
1665168300,371
1665169200,385
1665170100,365
1665171000,359
1665171900,370
1665172800,344
1665173700,274
1665174600,265
1665175500,227
1665176400,218
1665177300,87
1665178200,86
1665179100,101
1665180000,86
1665180900,75
1665181800,93
1665182700,117
1665183600,130
1665184500,110
1665185400,87
1665186300,95
1665187200,97
1665188100,126
1665189000,83
1665189900,102
1665190800,95
1665191700,123
1665192600,99
1665193500,96
1665194400,87
1665195300,87
1665196200,107
1665197100,324
1665198000,167
1665198900,118
1665199800,106
1665200700,182
1665201600,265
1665202500,440
1665203400,168
1665204300,217
1665205200,200
1665206100,158
1665207000,163
1665207900,164
1665208800,201
1665209700,134
1665210600,118
1665211500,116
1665212400,146
1665213300,142
1665214200,142
1665215100,110
1665216000,153
1665216900,388
1665217800,558
1665218700,448
1665219600,266
1665220500,420
1665221400,905
1665222300,683
1665223200,581
1665224100,716
1665225000,471
1665225900,241
1665226800,183
1665227700,194
1665228600,182
1665229500,220
1665230400,257
1665231300,214
1665232200,203
1665233100,214
1665234000,223
1665234900,206
1665235800,216
1665236700,227
1665237600,221
1665238500,244
1665239400,255
1665240300,232
1665241200,239
1665242100,219
1665243000,210
1665243900,250
1665244800,267
1665245700,288
1665246600,275
1665247500,266
1665248400,733
1665249300,774
1665250200,1153
1665251100,935
1665252000,356
1665252900,379
1665253800,338
1665254700,357
1665255600,342
1665256500,341
1665257400,357
1665258300,356
1665259200,494
1665260100,600
1665261000,366
1665261900,195
1665262800,600
1665263700,337
1665264600,135
1665265500,149
1665266400,210
1665267300,151
1665268200,149
1665269100,141
1665270000,130
1665270900,143
1665271800,199
1665272700,141
1665273600,152
1665274500,136
1665275400,167
1665276300,145
1665277200,126
1665278100,182
1665279000,124
1665279900,149
1665280800,144
1665281700,132
1665282600,124
1665283500,263
1665284400,260
1665285300,187
1665286200,172
1665287100,207
1665288000,507
1665288900,1052
1665289800,1065
1665290700,771
1665291600,704
1665292500,705
1665293400,514
1665294300,265
1665295200,260
1665296100,243
1665297000,287
1665297900,246
1665298800,292
1665299700,266
1665300600,338
1665301500,1065
1665302400,727
1665303300,741
1665304200,662
1665305100,659
1665306000,545
1665306900,618
1665307800,644
1665308700,397
1665309600,272
1665310500,406
1665311400,573
1665312300,667
1665313200,349
1665314100,287
1665315000,314
1665315900,734
1665316800,721
1665317700,676
1665318600,496
1665319500,232
1665320400,252
1665321300,243
1665322200,274
1665323100,234
1665324000,233
1665324900,231
1665325800,382
1665326700,315
1665327600,231
1665328500,369
1665329400,257
1665330300,294
1665331200,332
1665332100,300
1665333000,259
1665333900,279
1665334800,276
1665335700,310
1665336600,318
1665337500,352
1665338400,528
1665339300,658
1665340200,393
1665341100,350
1665342000,342
1665342900,383
1665343800,369
1665344700,392
1665345600,325
1665346500,271
1665347400,266
1665348300,254
1665349200,208
1665350100,140
1665351000,144
1665351900,169
1665352800,172
1665353700,167
1665354600,177
1665355500,131
1665356400,132
1665357300,127
1665358200,195
1665359100,166
1665360000,133
1665360900,138
1665361800,121
1665362700,134
1665363600,176
1665364500,170
1665365400,136
1665366300,149
1665367200,127
1665368100,164
1665369000,111
1665369900,175
1665370800,132
1665371700,133
1665372600,162
1665373500,139
1665374400,133
1665375300,150
1665376200,278
1665377100,280
1665378000,239
1665378900,211
1665379800,200
1665380700,200
1665381600,937
1665382500,444
1665383400,747
1665384300,442
1665385200,376
1665386100,456
1665387000,863
1665387900,329
1665388800,228
1665389700,229
1665390600,240
1665391500,405
1665392400,561
1665393300,326
1665394200,656
1665395100,548
1665396000,301
1665396900,347
1665397800,336
1665398700,286
1665399600,265
1665400500,466
1665401400,1166
1665402300,1323
1665403200,1054
1665404100,901
1665405000,1125
1665405900,1004
1665406800,333
1665407700,375
1665408600,414
1665409500,378
1665410400,347
1665411300,494
1665412200,321
1665413100,353
1665414000,355
1665414900,397
1665415800,941
1665416700,675
1665417600,764
1665418500,766
1665419400,692
1665420300,703
1665421200,726
1665422100,759
1665423000,1523
1665423900,1411
1665424800,516
1665425700,374
1665426600,368
1665427500,386
1665428400,392
1665429300,361
1665430200,348
1665431100,241
1665432000,162
1665432900,109
1665433800,100
1665434700,117
1665435600,96
1665436500,124
1665437400,97
1665438300,100
1665439200,81
1665440100,99
1665441000,118
1665441900,115
1665442800,81
1665443700,110
1665444600,79
1665445500,129
1665446400,88
1665447300,96
1665448200,104
1665449100,103
1665450000,124
1665450900,96
1665451800,94
1665452700,94
1665453600,95
1665454500,113
1665455400,100
1665456300,103
1665457200,104
1665458100,82
1665459000,120
1665459900,94
1665460800,143
1665461700,941
1665462600,696
1665463500,694
1665464400,703
1665465300,276
1665466200,225
1665467100,243
1665468000,256
1665468900,252
1665469800,252
1665470700,299
1665471600,289
1665472500,338
1665473400,306
1665474300,286
1665475200,310
1665476100,648
1665477000,648
1665477900,1119
1665478800,813
1665479700,1391
1665480600,1232
1665481500,1233
1665482400,511
1665483300,398
1665484200,297
1665485100,276
1665486000,293
1665486900,270
1665487800,281
1665488700,207
1665489600,211
1665490500,206
1665491400,201
1665492300,199
1665493200,192
1665494100,191
1665495000,203
1665495900,159
1665496800,163
1665497700,151
1665498600,136
1665499500,214
1665500400,138
1665501300,157
1665502200,231
1665503100,278
1665504000,272
1665504900,353
1665505800,279
1665506700,276
1665507600,643
1665508500,827
1665509400,805
1665510300,1062
1665511200,653
1665512100,555
1665513000,362
1665513900,912
1665514800,448
1665515700,314
1665516600,352
1665517500,295
1665518400,266
1665519300,254
1665520200,317
1665521100,234
1665522000,216
1665522900,161
1665523800,112
1665524700,117
1665525600,100
1665526500,121
1665527400,103
1665528300,111
1665529200,80
1665530100,110
1665531000,102
1665531900,135
1665532800,104
1665533700,105
1665534600,96
1665535500,123
1665536400,113
1665537300,109
1665538200,88
1665539100,88
1665540000,93
1665540900,120
1665541800,98
1665542700,110
1665543600,91
1665544500,96
1665545400,142
1665546300,111
1665547200,643
1665548100,577
1665549000,620
1665549900,713
1665550800,481
1665551700,183
1665552600,200
1665553500,159
1665554400,227
1665555300,282
1665556200,807
1665557100,427
1665558000,396
1665558900,344
1665559800,815
1665560700,353
1665561600,365
1665562500,327
1665563400,295
1665564300,590
1665565200,1072
1665566100,1009
1665567000,793
1665567900,721
1665568800,743
1665569700,1006
1665570600,729
1665571500,333
1665572400,325
1665573300,203
1665574200,228
1665575100,233
1665576000,179
1665576900,186
1665577800,227
1665578700,242
1665579600,277
1665580500,267
1665581400,255
1665582300,255
1665583200,288
1665584100,287
1665585000,246
1665585900,273
1665586800,260
1665587700,251
1665588600,249
1665589500,294
1665590400,296
1665591300,486
1665592200,545
1665593100,545
1665594000,423
1665594900,852
1665595800,567
1665596700,489
1665597600,405
1665598500,424
1665599400,387
1665600300,344
1665601200,377
1665602100,374
1665603000,254
1665603900,252
1665604800,255
1665605700,257
1665606600,127
1665607500,119
1665608400,97
1665609300,117
1665610200,123
1665611100,128
1665612000,86
1665612900,105
1665613800,123
1665614700,167
1665615600,120
1665616500,127
1665617400,125
1665618300,139
1665619200,85
1665620100,131
1665621000,154
1665621900,113
1665622800,125
1665623700,109
1665624600,87
1665625500,104
1665626400,187
1665627300,143
1665628200,97
1665629100,286
1665630000,117
1665630900,159
1665631800,161
1665632700,164
1665633600,217
1665634500,962
1665635400,641
1665636300,679
1665637200,669
1665638100,359
1665639000,268
1665639900,175
1665640800,186
1665641700,239
1665642600,243
1665643500,268
1665644400,254
1665645300,236
1665646200,214
1665647100,568
1665648000,1151
1665648900,886
1665649800,773
1665650700,599
1665651600,325
1665652500,292
1665653400,309
1665654300,299
1665655200,280
1665656100,278
1665657000,849
1665657900,853
1665658800,380
1665659700,247
1665660600,184
1665661500,639
1665662400,625
1665663300,681
1665664200,654
1665665100,247
1665666000,192
1665666900,177
1665667800,188
1665668700,236
1665669600,170
1665670500,159
1665671400,195
1665672300,177
1665673200,165
1665674100,394
1665675000,406
1665675900,869
1665676800,423
1665677700,375
1665678600,386
1665679500,830
1665680400,684
1665681300,508
1665682200,353
1665683100,362
1665684000,384
1665684900,354
1665685800,350
1665686700,411
1665687600,356
1665688500,380
1665689400,355
1665690300,350
1665691200,294
1665692100,281
1665693000,313
1665693900,254
1665694800,131
1665695700,132
1665696600,153
1665697500,122
1665698400,127
1665699300,145
1665700200,128
1665701100,143
1665702000,131
1665702900,127
1665703800,114
1665704700,134
1665705600,146
1665706500,128
1665707400,130
1665708300,147
1665709200,141
1665710100,114
1665711000,110
1665711900,116
1665712800,103
1665713700,128
1665714600,126
1665715500,321
1665716400,246
1665717300,146
1665718200,162
1665719100,123
1665720000,210
1665720900,902
1665721800,1120
1665722700,845
1665723600,708
1665724500,343
1665725400,219
1665726300,248
1665727200,212
1665728100,219
1665729000,223
1665729900,412
1665730800,604
1665731700,310
1665732600,290
1665733500,277
1665734400,696
1665735300,691
1665736200,708
1665737100,234
1665738000,236
1665738900,778
1665739800,603
1665740700,492
1665741600,673
1665742500,1195
1665743400,760
1665744300,535
1665745200,346
1665746100,792
1665747000,346
1665747900,243
1665748800,285
1665749700,236
1665750600,385
1665751500,1002
1665752400,898
1665753300,311
1665754200,279
1665755100,380
1665756000,317
1665756900,311
1665757800,478
1665758700,258
1665759600,275
1665760500,390
1665761400,398
1665762300,507
1665763200,806
1665764100,842
1665765000,850
1665765900,866
1665766800,905
1665767700,921
1665768600,863
1665769500,823
1665770400,534
1665771300,361
1665772200,422
1665773100,367
1665774000,317
1665774900,284
1665775800,281
1665776700,340
1665777600,260
1665778500,172
1665779400,122
1665780300,130
1665781200,139
1665782100,108
1665783000,133
1665783900,154
1665784800,141
1665785700,137
1665786600,132
1665787500,118
1665788400,107
1665789300,148
1665790200,120
1665791100,134
1665792000,108
1665792900,126
1665793800,126
1665794700,125
1665795600,131
1665796500,101
1665797400,95
1665798300,119
1665799200,130
1665800100,102
1665801000,105
1665801900,290
1665802800,147
1665803700,113
1665804600,155
1665805500,166
1665806400,324
1665807300,375
1665808200,517
1665809100,532
1665810000,496
1665810900,354
1665811800,728
1665812700,674
1665813600,370
1665814500,322
1665815400,340
1665816300,372
1665817200,304
1665818100,237
1665819000,392
1665819900,244
1665820800,505
1665821700,430
1665822600,479
1665823500,349
1665824400,717
1665825300,477
1665826200,515
1665827100,365
1665828000,349
1665828900,421
1665829800,661
1665830700,349
1665831600,738
1665832500,378
1665833400,505
1665834300,314
1665835200,905
1665836100,467
1665837000,309
1665837900,275
1665838800,263
1665839700,296
1665840600,390
1665841500,331
1665842400,347
1665843300,291
1665844200,308
1665845100,328
1665846000,462
1665846900,481
1665847800,719
1665848700,463
1665849600,602
1665850500,513
1665851400,918
1665852300,376
1665853200,363
1665854100,384
1665855000,396
1665855900,380
1665856800,377
1665857700,459
1665858600,340
1665859500,295
1665860400,297
1665861300,288
1665862200,327
1665863100,235
1665864000,125
1665864900,165
1665865800,117
1665866700,145
1665867600,145
1665868500,158
1665869400,113
1665870300,126
1665871200,150
1665872100,124
1665873000,120
1665873900,117
1665874800,163
1665875700,139
1665876600,126
1665877500,132
1665878400,128
1665879300,144
1665880200,113
1665881100,134
1665882000,121
1665882900,110
1665883800,147
1665884700,133
1665885600,123
1665886500,120
1665887400,135
1665888300,297
1665889200,124
1665890100,112
1665891000,147
1665891900,162
1665892800,203
1665893700,907
1665894600,1192
1665895500,785
1665896400,681
1665897300,229
1665898200,265
1665899100,718
1665900000,406
1665900900,279
1665901800,280
1665902700,745
1665903600,323
1665904500,235
1665905400,236
1665906300,247
1665907200,214
1665908100,220
1665909000,420
1665909900,295
1665910800,258
1665911700,253
1665912600,279
1665913500,289
1665914400,311
1665915300,263
1665916200,296
1665917100,443
1665918000,303
1665918900,227
1665919800,223
1665920700,233
1665921600,233
1665922500,275
1665923400,214
1665924300,218
1665925200,228
1665926100,241
1665927000,238
1665927900,234
1665928800,298
1665929700,317
1665930600,328
1665931500,287
1665932400,309
1665933300,286
1665934200,310
1665935100,589
1665936000,700
1665936900,584
1665937800,866
1665938700,590
1665939600,277
1665940500,266
1665941400,308
1665942300,372
1665943200,371
1665944100,383
1665945000,351
1665945900,339
1665946800,348
1665947700,302
1665948600,344
1665949500,321
1665950400,279
1665951300,209
1665952200,189
1665953100,114
1665954000,106
1665954900,126
1665955800,133
1665956700,97
1665957600,113
1665958500,115
1665959400,109
1665960300,129
1665961200,123
1665962100,109
1665963000,112
1665963900,119
1665964800,134
1665965700,98
1665966600,113
1665967500,115
1665968400,106
1665969300,128
1665970200,118
1665971100,109
1665972000,113
1665972900,109
1665973800,174
1665974700,103
1665975600,106
1665976500,111
1665977400,112
1665978300,125
1665979200,110
1665980100,168
1665981000,249
1665981900,275
1665982800,317
1665983700,693
1665984600,1342
1665985500,813
1665986400,610
1665987300,306
1665988200,322
1665989100,350
1665990000,787
1665990900,560
1665991800,554
1665992700,362
1665993600,829
1665994500,413
1665995400,278
1665996300,323
1665997200,674
1665998100,654
1665999000,426
1665999900,297
1666000800,308
1666001700,397
1666002600,274
1666003500,261
1666004400,245
1666005300,311
1666006200,221
1666007100,243
1666008000,259
1666008900,256
1666009800,1065
1666010700,953
1666011600,832
1666012500,792
1666013400,373
1666014300,328
1666015200,264
1666016100,252
1666017000,255
1666017900,1037
1666018800,507
1666019700,284
1666020600,368
1666021500,847
1666022400,758
1666023300,855
1666024200,973
1666025100,1262
1666026000,1041
1666026900,743
1666027800,485
1666028700,379
1666029600,360
1666030500,380
1666031400,640
1666032300,753
1666033200,569
1666034100,291
1666035000,272
1666035900,269
1666036800,250
1666037700,213
1666038600,155
1666039500,146
1666040400,139
1666041300,139
1666042200,113
1666043100,118
1666044000,98
1666044900,106
1666045800,121
1666046700,106
1666047600,99
1666048500,104
1666049400,134
1666050300,124
1666051200,99
1666052100,113
1666053000,104
1666053900,99
1666054800,129
1666055700,117
1666056600,101
1666057500,101
1666058400,143
1666059300,138
1666060200,100
1666061100,97
1666062000,120
1666062900,96
1666063800,128
1666064700,128
1666065600,179
1666066500,524
1666067400,244
1666068300,250
1666069200,201
1666070100,237
1666071000,802
1666071900,636
1666072800,705
1666073700,633
1666074600,471
1666075500,496
1666076400,512
1666077300,468
1666078200,366
1666079100,401
1666080000,409
1666080900,422
1666081800,666
1666082700,1759
1666083600,2114
1666084500,1884
1666085400,1081
1666086300,1336
1666087200,1287
1666088100,921
1666089000,850
1666089900,507
1666090800,338
1666091700,237
1666092600,251
1666093500,206
1666094400,180
1666095300,354
1666096200,224
1666097100,201
1666098000,216
1666098900,247
1666099800,679
1666100700,406
1666101600,403
1666102500,385
1666103400,821
1666104300,377
1666105200,265
1666106100,282
1666107000,256
1666107900,257
1666108800,339
1666109700,351
1666110600,331
1666111500,300
1666112400,696
1666113300,956
1666114200,885
1666115100,828
1666116000,513
1666116900,354
1666117800,355
1666118700,344
1666119600,309
1666120500,295
1666121400,301
1666122300,247
1666123200,213
1666124100,257
1666125000,210
1666125900,134
1666126800,178
1666127700,150
1666128600,129
1666129500,114
1666130400,136
1666131300,148
1666132200,117
1666133100,133
1666134000,130
1666134900,122
1666135800,149
1666136700,145
1666137600,104
1666138500,103
1666139400,114
1666140300,142
1666141200,116
1666142100,111
1666143000,126
1666143900,122
1666144800,138
1666145700,146
1666146600,114
1666147500,108
1666148400,109
1666149300,147
1666150200,144
1666151100,166
1666152000,597
1666152900,286
1666153800,196
1666154700,230
1666155600,284
1666156500,187
1666157400,122
1666158300,148
1666159200,132
1666160100,121
1666161000,165
1666161900,199
1666162800,205
1666163700,183
1666164600,194
1666165500,549
1666166400,438
1666167300,449
1666168200,580
1666169100,649
1666170000,916
1666170900,858
1666171800,605
1666172700,441
1666173600,263
1666174500,271
1666175400,208
1666176300,230
1666177200,480
1666178100,236
1666179000,210
1666179900,233
1666180800,207
1666181700,201
1666182600,187
1666183500,242
1666184400,746
1666185300,880
1666186200,1340
1666187100,1001
1666188000,1024
1666188900,359
1666189800,315
1666190700,285
1666191600,284
1666192500,318
1666193400,286
1666194300,847
1666195200,1059
1666196100,562
1666197000,736
1666197900,451
1666198800,401
1666199700,364
1666200600,378
1666201500,454
1666202400,461
1666203300,407
1666204200,429
1666205100,443
1666206000,395
1666206900,356
1666207800,359
1666208700,388
1666209600,562
1666210500,273
1666211400,364
1666212300,137
1666213200,635
1666214100,329
1666215000,141
1666215900,121
1666216800,105
1666217700,151
1666218600,112
1666219500,103
1666220400,119
1666221300,122
1666222200,131
1666223100,115
1666224000,124
1666224900,125
1666225800,118
1666226700,124
1666227600,147
1666228500,103
1666229400,112
1666230300,114
1666231200,124
1666232100,124
1666233000,107
1666233900,139
1666234800,133
1666235700,259
1666236600,173
1666237500,196
1666238400,365
1666239300,341
1666240200,208
1666241100,377
1666242000,317
1666242900,207
1666243800,183
1666244700,153
1666245600,176
1666246500,163
1666247400,155
1666248300,146
1666249200,163
1666250100,200
1666251000,162
1666251900,223
1666252800,164
1666253700,172
1666254600,176
1666255500,161
1666256400,160
1666257300,138
1666258200,141
1666259100,166
1666260000,203
1666260900,320
1666261800,583
1666262700,541
1666263600,806
1666264500,487
1666265400,411
1666266300,572
1666267200,1116
1666268100,546
1666269000,457
1666269900,274
1666270800,215
1666271700,197
1666272600,210
1666273500,189
1666274400,159
1666275300,190
1666276200,176
1666277100,169
1666278000,185
1666278900,242
1666279800,215
1666280700,253
1666281600,524
1666282500,716
1666283400,600
1666284300,361
1666285200,625
1666286100,820
1666287000,389
1666287900,400
1666288800,412
1666289700,395
1666290600,381
1666291500,406
1666292400,400
1666293300,398
1666294200,411
1666295100,415
1666296000,415
1666296900,331
1666297800,315
1666298700,381
1666299600,362
1666300500,315
1666301400,329
1666302300,157
1666303200,111
1666304100,115
1666305000,129
1666305900,142
1666306800,116
1666307700,134
1666308600,126
1666309500,126
1666310400,131
1666311300,144
1666312200,108
1666313100,113
1666314000,128
1666314900,129
1666315800,127
1666316700,118
1666317600,129
1666318500,125
1666319400,126
1666320300,276
1666321200,168
1666322100,119
1666323000,130
1666323900,191
1666324800,399
1666325700,374
1666326600,234
1666327500,244
1666328400,175
1666329300,180
1666330200,232
1666331100,226
1666332000,243
1666332900,278
1666333800,327
1666334700,291
1666335600,279
1666336500,236
1666337400,220
1666338300,211
1666339200,216
1666340100,317
1666341000,197
1666341900,190
1666342800,363
1666343700,856
1666344600,1264
1666345500,897
1666346400,641
1666347300,402
1666348200,223
1666349100,200
1666350000,231
1666350900,207
1666351800,210
1666352700,232
1666353600,452
1666354500,630
1666355400,430
1666356300,218
1666357200,479
1666358100,616
1666359000,187
1666359900,203
1666360800,163
1666361700,201
1666362600,273
1666363500,230
1666364400,245
1666365300,280
1666366200,258
1666367100,276
1666368000,279
1666368900,334
1666369800,304
1666370700,368
1666371600,925
1666372500,517
1666373400,364
1666374300,371
1666375200,417
1666376100,356
1666377000,323
1666377900,280
1666378800,303
1666379700,334
1666380600,328
1666381500,317
1666382400,288
1666383300,113
1666384200,124
1666385100,165
1666386000,113
1666386900,126
1666387800,128
1666388700,147
1666389600,158
1666390500,114
1666391400,133
1666392300,122
1666393200,119
1666394100,145
1666395000,133
1666395900,124
1666396800,105
1666397700,129
1666398600,157
1666399500,126
1666400400,118
1666401300,124
1666402200,100
1666403100,122
1666404000,117
1666404900,115
1666405800,105
1666406700,253
1666407600,179
1666408500,145
1666409400,137
1666410300,188
1666411200,268
1666412100,660
1666413000,632
1666413900,324
1666414800,236
1666415700,197
1666416600,189
1666417500,238
1666418400,229
1666419300,273
1666420200,761
1666421100,437
1666422000,406
1666422900,299
1666423800,835
1666424700,468
1666425600,305
1666426500,298
1666427400,299
1666428300,274
1666429200,520
1666430100,1084
1666431000,876
1666431900,891
1666432800,1219
1666433700,1009
1666434600,919
1666435500,1521
1666436400,1479
1666437300,310
1666438200,258
1666439100,257
1666440000,222
1666440900,244
1666441800,301
1666442700,159
1666443600,158
1666444500,205
1666445400,245
1666446300,187
1666447200,205
1666448100,292
1666449000,433
1666449900,616
1666450800,645
1666451700,563
1666452600,277
1666453500,522
1666454400,965
1666455300,1090
1666456200,1094
1666457100,833
1666458000,788
1666458900,365
1666459800,365
1666460700,403
1666461600,385
1666462500,322
1666463400,332
1666464300,339
1666465200,370
1666466100,312
1666467000,329
1666467900,299
1666468800,254
1666469700,174
1666470600,150
1666471500,133
1666472400,121
1666473300,151
1666474200,129
1666475100,112
1666476000,119
1666476900,141
1666477800,142
1666478700,123
1666479600,129
1666480500,145
1666481400,109
1666482300,140
1666483200,133
1666484100,113
1666485000,120
1666485900,108
1666486800,166
1666487700,121
1666488600,115
1666489500,141
1666490400,138
1666491300,145
1666492200,123
1666493100,283
1666494000,124
1666494900,117
1666495800,148
1666496700,455
1666497600,466
1666498500,571
1666499400,1097
1666500300,928
1666501200,734
1666502100,692
1666503000,708
1666503900,458
1666504800,261
1666505700,655
1666506600,465
1666507500,478
1666508400,322
1666509300,806
1666510200,674
1666511100,1176
1666512000,1150
1666512900,752
1666513800,726
1666514700,513
1666515600,253
1666516500,291
1666517400,330
1666518300,261
1666519200,314
1666520100,716
1666521000,1448
1666521900,497
1666522800,314
1666523700,274
1666524600,325
1666525500,830
1666526400,444
1666527300,413
1666528200,508
1666529100,921
1666530000,322
1666530900,308
1666531800,343
1666532700,321
1666533600,307
1666534500,293
1666535400,303
1666536300,315
1666537200,295
1666538100,751
1666539000,927
1666539900,2048
1666540800,1642
1666541700,974
1666542600,877
1666543500,826
1666544400,847
1666545300,843
1666546200,382
1666547100,261
1666548000,299
1666548900,276
1666549800,324
1666550700,290
1666551600,319
1666552500,564
1666553400,714
1666554300,676
1666555200,295
1666556100,640
1666557000,703
1666557900,324
1666558800,152
1666559700,121
1666560600,206
1666561500,113
1666562400,110
1666563300,144
1666564200,114
1666565100,113
1666566000,116
1666566900,135
1666567800,126
1666568700,118
1666569600,110
1666570500,115
1666571400,103
1666572300,130
1666573200,137
1666574100,102
1666575000,120
1666575900,120
1666576800,139
1666577700,117
1666578600,94
1666579500,111
1666580400,89
1666581300,108
1666582200,122
1666583100,111
1666584000,109
1666584900,104
1666585800,150
1666586700,205
1666587600,125
1666588500,133
1666589400,287
1666590300,1273
1666591200,1101
1666592100,763
1666593000,564
1666593900,372
1666594800,1064
1666595700,1105
1666596600,1065
1666597500,496
1666598400,583
1666599300,910
1666600200,337
1666601100,260
1666602000,599
1666602900,327
1666603800,279
1666604700,350
1666605600,435
1666606500,655
1666607400,541
1666608300,528
1666609200,840
1666610100,766
1666611000,792
1666611900,770
1666612800,305
1666613700,333
1666614600,321
1666615500,258
1666616400,281
1666617300,469
1666618200,423
1666619100,422
1666620000,285
1666620900,294
1666621800,270
1666622700,963
1666623600,789
1666624500,714
1666625400,335
1666626300,678
1666627200,1272
1666628100,860
1666629000,797
1666629900,482
1666630800,371
1666631700,372
1666632600,367
1666633500,470
1666634400,422
1666635300,437
1666636200,584
1666637100,812
1666638000,593
1666638900,395
1666639800,741
1666640700,647
1666641600,318
1666642500,349
1666643400,276
1666644300,164
1666645200,210
1666646100,157
1666647000,137
1666647900,129
1666648800,149
1666649700,139
1666650600,138
1666651500,138
1666652400,132
1666653300,114
1666654200,114
1666655100,152
1666656000,123
1666656900,125
1666657800,128
1666658700,148
1666659600,133
1666660500,137
1666661400,129
1666662300,129
1666663200,116
1666664100,132
1666665000,158
1666665900,125
1666666800,135
1666667700,137
1666668600,138
1666669500,145
1666670400,117
1666671300,140
1666672200,136
1666673100,201
1666674000,250
1666674900,591
1666675800,206
1666676700,141
1666677600,172
1666678500,181
1666679400,365
1666680300,687
1666681200,775
1666682100,750
1666683000,380
1666683900,258
1666684800,240
1666685700,238
1666686600,258
1666687500,264
1666688400,219
1666689300,210
1666690200,365
1666691100,1304
1666692000,1418
1666692900,1056
1666693800,638
1666694700,726
1666695600,610
1666696500,332
1666697400,248
1666698300,244
1666699200,227
1666700100,319
1666701000,260
1666701900,284
1666702800,590
1666703700,341
1666704600,288
1666705500,158
1666706400,711
1666707300,170
1666708200,115
1666709100,94
1666710000,109
1666710900,108
1666711800,72
1666712700,84
1666713600,86
1666714500,87
1666715400,103
1666716300,177
1666717200,271
1666718100,297
1666719000,390
1666719900,337
1666720800,349
1666721700,342
1666722600,389
1666723500,330
1666724400,362
1666725300,374
1666726200,398
1666727100,380
1666728000,364
1666728900,399
1666729800,425
1666730700,287
1666731600,133
1666732500,128
1666733400,134
1666734300,132
1666735200,141
1666736100,109
1666737000,109
1666737900,126
1666738800,148
1666739700,109
1666740600,112
1666741500,122
1666742400,139
1666743300,142
1666744200,103
1666745100,150
1666746000,119
1666746900,127
1666747800,141
1666748700,118
1666749600,93
1666750500,100
1666751400,129
1666752300,140
1666753200,104
1666754100,101
1666755000,137
1666755900,154
1666756800,136
1666757700,134
1666758600,134
1666759500,375
1666760400,479
1666761300,282
1666762200,221
1666763100,209
1666764000,166
1666764900,183
1666765800,249
1666766700,1087
1666767600,881
1666768500,856
1666769400,659
1666770300,1123
1666771200,1173
1666772100,1004
1666773000,680
1666773900,632
1666774800,240
1666775700,229
1666776600,234
1666777500,213
1666778400,153
1666779300,187
1666780200,196
1666781100,160
1666782000,183
1666782900,187
1666783800,204
1666784700,1059
1666785600,584
1666786500,559
1666787400,297
1666788300,190
1666789200,170
1666790100,177
1666791000,154
1666791900,188
1666792800,681
1666793700,347
1666794600,352
1666795500,342
1666796400,745
1666797300,570
1666798200,1176
1666799100,946
1666800000,824
1666800900,822
1666801800,380
1666802700,289
1666803600,360
1666804500,447
1666805400,324
1666806300,341
1666807200,517
1666808100,786
1666809000,928
1666809900,978
1666810800,964
1666811700,1025
1666812600,651
1666813500,381
1666814400,402
1666815300,415
1666816200,422
1666817100,384
1666818000,382
1666818900,313
1666819800,296
1666820700,299
1666821600,279
1666822500,173
1666823400,153
1666824300,187
1666825200,174
1666826100,172
1666827000,160
1666827900,186
1666828800,167
1666829700,175
1666830600,166
1666831500,159
1666832400,153
1666833300,172
1666834200,197
1666835100,170
1666836000,158
1666836900,177
1666837800,158
1666838700,183
1666839600,167
1666840500,165
1666841400,166
1666842300,147
1666843200,164
1666844100,118
1666845000,108
1666845900,143
1666846800,480
1666847700,366
1666848600,195
1666849500,206
1666850400,214
1666851300,255
1666852200,272
1666853100,280
1666854000,262
1666854900,246
1666855800,268
1666856700,260
1666857600,235
1666858500,204
1666859400,200
1666860300,193
1666861200,206
1666862100,226
1666863000,178
1666863900,207
1666864800,195
1666865700,540
1666866600,601
1666867500,467
1666868400,803
1666869300,1330
1666870200,1342
1666871100,810
1666872000,396
1666872900,264
1666873800,284
1666874700,241
1666875600,218
1666876500,160
1666877400,175
1666878300,198
1666879200,194
1666880100,243
1666881000,268
1666881900,231
1666882800,393
1666883700,302
1666884600,385
1666885500,601
1666886400,323
1666887300,327
1666888200,293
1666889100,377
1666890000,433
1666890900,633
1666891800,741
1666892700,580
1666893600,431
1666894500,679
1666895400,759
1666896300,336
1666897200,350
1666898100,353
1666899000,343
1666899900,373
1666900800,336
1666901700,393
1666902600,339
1666903500,286
1666904400,277
1666905300,258
1666906200,235
1666907100,583
1666908000,253
1666908900,252
1666909800,268
1666910700,622
1666911600,136
1666912500,192
1666913400,130
1666914300,127
1666915200,133
1666916100,104
1666917000,130
1666917900,160
1666918800,146
1666919700,113
1666920600,113
1666921500,157
1666922400,139
1666923300,150
1666924200,143
1666925100,101
1666926000,133
1666926900,152
1666927800,155
1666928700,317
1666929600,128
1666930500,169
1666931400,123
1666932300,165
1666933200,713
1666934100,746
1666935000,639
1666935900,751
1666936800,694
1666937700,616
1666938600,628
1666939500,226
1666940400,222
1666941300,231
1666942200,193
1666943100,287
1666944000,656
1666944900,304
1666945800,232
1666946700,363
1666947600,719
1666948500,261
1666949400,261
1666950300,211
1666951200,214
1666952100,571
1666953000,583
1666953900,563
1666954800,560
1666955700,214
1666956600,583
1666957500,808
1666958400,435
1666959300,282
1666960200,448
1666961100,1085
1666962000,806
1666962900,409
1666963800,315
1666964700,269
1666965600,249
1666966500,248
1666967400,248
1666968300,383
1666969200,277
1666970100,265
1666971000,441
1666971900,373
1666972800,306
1666973700,276
1666974600,327
1666975500,351
1666976400,329
1666977300,367
1666978200,326
1666979100,385
1666980000,337
1666980900,359
1666981800,804
1666982700,502
1666983600,484
1666984500,328
1666985400,318
1666986300,318
1666987200,300
1666988100,353
1666989000,318
1666989900,277
1666990800,220
1666991700,159
1666992600,180
1666993500,111
1666994400,131
1666995300,122
1666996200,138
1666997100,126
1666998000,132
1666998900,114
1666999800,110
1667000700,153
1667001600,115
1667002500,100
1667003400,131
1667004300,109
1667005200,147
1667006100,128
1667007000,119
1667007900,113
1667008800,101
1667009700,155
1667010600,115
1667011500,98
1667012400,102
1667013300,108
1667014200,128
1667015100,328
1667016000,152
1667016900,127
1667017800,136
1667018700,196
1667019600,543
1667020500,983
1667021400,1004
1667022300,809
1667023200,731
1667024100,998
1667025000,459
1667025900,394
1667026800,345
1667027700,454
1667028600,721
1667029500,428
1667030400,473
1667031300,272
1667032200,748
1667033100,498
1667034000,261
1667034900,271
1667035800,281
1667036700,216
1667037600,223
1667038500,234
1667039400,212
1667040300,344
1667041200,564
1667042100,878
1667043000,266
1667043900,325
1667044800,358
1667045700,286
1667046600,242
1667047500,260
1667048400,228
1667049300,246
1667050200,258
1667051100,322
1667052000,377
1667052900,216
1667053800,226
1667054700,231
1667055600,236
1667056500,243
1667057400,260
1667058300,351
1667059200,325
1667060100,321
1667061000,307
1667061900,364
1667062800,426
1667063700,423
1667064600,468
1667065500,401
1667066400,378
1667067300,343
1667068200,488
1667069100,381
1667070000,351
1667070900,379
1667071800,432
1667072700,324
1667073600,340
1667074500,320
1667075400,301
1667076300,263
1667077200,272
1667078100,216
1667079000,99
1667079900,145
1667080800,135
1667081700,143
1667082600,105
1667083500,101
1667084400,134
1667085300,105
1667086200,124
1667087100,112
1667088000,107
1667088900,99
1667089800,95
1667090700,143
1667091600,101
1667092500,102
1667093400,125
1667094300,125
1667095200,142
1667096100,123
1667097000,123
1667097900,113
1667098800,109
1667099700,156
1667100600,126
1667101500,181
1667102400,142
1667103300,146
1667104200,167
1667105100,153
1667106000,459
1667106900,1378
1667107800,979
1667108700,817
1667109600,435
1667110500,451
1667111400,682
1667112300,789
1667113200,813
1667114100,813
1667115000,819
1667115900,313
1667116800,369
1667117700,305
1667118600,417
1667119500,832
1667120400,274
1667121300,281
1667122200,361
1667123100,415
1667124000,604
1667124900,274
1667125800,263
1667126700,666
1667127600,727
1667128500,1019
1667129400,710
1667130300,325
1667131200,293
1667132100,257
1667133000,267
1667133900,285
1667134800,307
1667135700,241
1667136600,269
1667137500,236
1667138400,224
1667139300,632
1667140200,1140
1667141100,818
1667142000,757
1667142900,735
1667143800,735
1667144700,595
1667145600,320
1667146500,305
1667147400,292
1667148300,352
1667149200,293
1667150100,313
1667151000,731
1667151900,807
1667152800,600
1667153700,524
1667154600,716
1667155500,717
1667156400,381
1667157300,318
1667158200,294
1667159100,282
1667160000,269
1667160900,303
1667161800,292
1667162700,302
1667163600,315
1667164500,227
1667165400,195
1667166300,154
1667167200,145
1667168100,114
1667169000,95
1667169900,108
1667170800,120
1667171700,94
1667172600,108
1667173500,102
1667174400,96
1667175300,129
1667176200,130
1667177100,102
1667178000,102
1667178900,112
1667179800,128
1667180700,97
1667181600,105
1667182500,123
1667183400,101
1667184300,124
1667185200,131
1667186100,110
1667187000,103
1667187900,94
1667188800,149
1667189700,101
1667190600,112
1667191500,139
1667192400,111
1667193300,151
1667194200,183
1667195100,192
1667196000,162
1667196900,146
1667197800,329
1667198700,210
1667199600,358
1667200500,141
1667201400,197
1667202300,282
1667203200,613
1667204100,1184
1667205000,829
1667205900,659
1667206800,623
1667207700,471
1667208600,258
1667209500,245
1667210400,290
1667211300,801
1667212200,787
1667213100,506
1667214000,598
1667214900,446
1667215800,468
1667216700,603
1667217600,509
1667218500,369
1667219400,195
1667220300,218
1667221200,268
1667222100,214
1667223000,861
1667223900,859
1667224800,403
1667225700,491
1667226600,893
1667227500,526
1667228400,231
1667229300,317
1667230200,309
1667231100,295
1667232000,297
1667232900,298
1667233800,309
1667234700,301
1667235600,323
1667236500,323
1667237400,307
1667238300,392
1667239200,850
1667240100,527
1667241000,449
1667241900,555
1667242800,836
1667243700,373
1667244600,339
1667245500,366
1667246400,339
1667247300,346
1667248200,261
1667249100,179
1667250000,108
1667250900,119
1667251800,192
1667252700,151
1667253600,120
1667254500,120
1667255400,137
1667256300,129
1667257200,126
1667258100,131
1667259000,121
1667259900,118
1667260800,133
1667261700,161
1667262600,101
1667263500,112
1667264400,115
1667265300,141
1667266200,132
1667267100,103
1667268000,135
1667268900,111
1667269800,129
1667270700,139
1667271600,137
1667272500,114
1667273400,102
1667274300,130
1667275200,117
1667276100,98
1667277000,99
1667277900,117
1667278800,183
1667279700,623
1667280600,177
1667281500,169
1667282400,140
1667283300,187
1667284200,215
1667285100,201
1667286000,183
1667286900,226
1667287800,240
1667288700,254
1667289600,222
1667290500,220
1667291400,271
1667292300,265
1667293200,572
1667294100,1075
1667295000,849
1667295900,642
1667296800,885
1667297700,1248
1667298600,774
1667299500,645
1667300400,413
1667301300,309
1667302200,233
1667303100,159
1667304000,188
1667304900,235
1667305800,251
1667306700,243
1667307600,179
1667308500,96
1667309400,99
1667310300,153
1667311200,115
1667312100,118
1667313000,212
1667313900,157
1667314800,123
1667315700,161
1667316600,138
1667317500,121
1667318400,142
1667319300,214
1667320200,151
1667321100,145
1667322000,165
1667322900,204
1667323800,306
1667324700,350
1667325600,446
1667326500,338
1667327400,273
1667328300,296
1667329200,297
1667330100,324
1667331000,402
1667331900,337
1667332800,310
1667333700,304
1667334600,296
1667335500,211
1667336400,143
1667337300,126
1667338200,144
1667339100,137
1667340000,123
1667340900,121
1667341800,108
1667342700,114
1667343600,148
1667344500,108
1667345400,108
1667346300,103
1667347200,148
1667348100,137
1667349000,116
1667349900,108
1667350800,130
1667351700,105
1667352600,137
1667353500,118
1667354400,119
1667355300,100
1667356200,116
1667357100,163
1667358000,120
1667358900,104
1667359800,121
1667360700,153
1667361600,129
1667362500,108
1667363400,121
1667364300,104
1667365200,139
1667366100,212
1667367000,234
1667367900,274
1667368800,292
1667369700,238
1667370600,250
1667371500,240
1667372400,240
1667373300,404
1667374200,721
1667375100,576
1667376000,654
1667376900,916
1667377800,759
1667378700,359
1667379600,334
1667380500,342
1667381400,372
1667382300,406
1667383200,312
1667384100,307
1667385000,329
1667385900,1012
1667386800,944
1667387700,837
1667388600,631
1667389500,641
1667390400,320
1667391300,583
1667392200,737
1667393100,665
1667394000,293
1667394900,296
1667395800,313
1667396700,325
1667397600,349
1667398500,336
1667399400,355
1667400300,344
1667401200,404
1667402100,491
1667403000,386
1667403900,281
1667404800,274
1667405700,325
1667406600,296
1667407500,347
1667408400,343
1667409300,336
1667410200,283
1667411100,343
1667412000,393
1667412900,607
1667413800,724
1667414700,565
1667415600,359
1667416500,944
1667417400,678
1667418300,338
1667419200,308
1667420100,326
1667421000,321
1667421900,354
1667422800,320
1667423700,270
1667424600,257
1667425500,234
1667426400,240
1667427300,238
1667428200,189
1667429100,115
1667430000,104
1667430900,131
1667431800,152
1667432700,96
1667433600,106
1667434500,123
1667435400,106
1667436300,135
1667437200,114
1667438100,155
1667439000,143
1667439900,135
1667440800,130
1667441700,174
1667442600,130
1667443500,127
1667444400,131
1667445300,146
1667446200,144
1667447100,148
1667448000,128
1667448900,122
1667449800,97
1667450700,104
1667451600,176
1667452500,165
1667453400,151
1667454300,170
1667455200,164
1667456100,200
1667457000,427
1667457900,211
1667458800,168
1667459700,193
1667460600,454
1667461500,1082
1667462400,1175
1667463300,821
1667464200,545
1667465100,326
1667466000,374
1667466900,435
1667467800,439
1667468700,432
1667469600,802
1667470500,540
1667471400,1429
1667472300,1700
1667473200,1308
1667474100,1013
1667475000,1469
1667475900,1064
1667476800,830
1667477700,784
1667478600,469
1667479500,299
1667480400,267
1667481300,314
1667482200,268
1667483100,255
1667484000,287
1667484900,313
1667485800,246
1667486700,165
1667487600,171
1667488500,161
1667489400,156
1667490300,163
1667491200,345
1667492100,783
1667493000,1036
1667493900,1090
1667494800,433
1667495700,347
1667496600,382
1667497500,722
1667498400,553
1667499300,769
1667500200,631
1667501100,419
1667502000,813
1667502900,687
1667503800,314
1667504700,295
1667505600,321
1667506500,324
1667507400,367
1667508300,333
1667509200,287
1667510100,307
1667511000,316
1667511900,243
1667512800,249
1667513700,229
1667514600,232
1667515500,241
1667516400,237
1667517300,161
1667518200,102
1667519100,98
1667520000,109
1667520900,135
1667521800,96
1667522700,103
1667523600,123
1667524500,114
1667525400,134
1667526300,125
1667527200,134
1667528100,103
1667529000,99
1667529900,111
1667530800,152
1667531700,103
1667532600,113
1667533500,135
1667534400,122
1667535300,134
1667536200,131
1667537100,151
1667538000,127
1667538900,130
1667539800,154
1667540700,486
1667541600,204
1667542500,213
1667543400,233
1667544300,245
1667545200,426
1667546100,710
1667547000,364
1667547900,840
1667548800,985
1667549700,1079
1667550600,928
1667551500,367
1667552400,426
1667553300,337
1667554200,370
1667555100,472
1667556000,720
1667556900,725
1667557800,784
1667558700,805
1667559600,791
1667560500,759
1667561400,555
1667562300,428
1667563200,222
1667564100,238
1667565000,258
1667565900,216
1667566800,226
1667567700,194
1667568600,185
1667569500,188
1667570400,233
1667571300,172
1667572200,180
1667573100,289
1667574000,264
1667574900,244
1667575800,214
1667576700,252
1667577600,276
1667578500,270
1667579400,314
1667580300,323
1667581200,507
1667582100,796
1667583000,606
1667583900,443
1667584800,616
1667585700,900
1667586600,516
1667587500,412
1667588400,402
1667589300,408
1667590200,438
1667591100,411
1667592000,366
1667592900,361
1667593800,436
1667594700,382
1667595600,370
1667596500,342
1667597400,294
1667598300,327
1667599200,263
1667600100,203
1667601000,106
1667601900,100
1667602800,109
1667603700,124
1667604600,125
1667605500,117
1667606400,117
1667607300,122
1667608200,120
1667609100,120
1667610000,163
1667610900,110
1667611800,111
1667612700,121
1667613600,127
1667614500,130
1667615400,116
1667616300,109
1667617200,127
1667618100,108
1667619000,136
1667619900,175
1667620800,117
1667621700,107
1667622600,102
1667623500,123
1667624400,127
1667625300,227
1667626200,300
1667627100,195
1667628000,184
1667628900,442
1667629800,557
1667630700,959
1667631600,882
1667632500,354
1667633400,366
1667634300,330
1667635200,322
1667636100,299
1667637000,296
1667637900,384
1667638800,603
1667639700,1213
1667640600,764
1667641500,700
1667642400,318
1667643300,349
1667644200,588
1667645100,584
1667646000,464
1667646900,491
1667647800,1023
1667648700,1416
1667649600,917
1667650500,740
1667651400,712
1667652300,562
1667653200,526
1667654100,538
1667655000,468
1667655900,247
1667656800,260
1667657700,217
1667658600,254
1667659500,279
1667660400,287
1667661300,352
1667662200,273
1667663100,383
1667664000,373
1667664900,401
1667665800,331
1667666700,489
1667667600,555
1667668500,571
1667669400,598
1667670300,527
1667671200,489
1667672100,481
1667673000,536
1667673900,831
1667674800,1327
1667675700,1191
1667676600,938
1667677500,941
1667678400,730
1667679300,480
1667680200,425
1667681100,454
1667682000,409
1667682900,710
1667683800,380
1667684700,467
1667685600,359
1667686500,224
1667687400,224
1667688300,143
1667689200,139
1667690100,101
1667691000,99
1667691900,107
1667692800,130
1667693700,155
1667694600,130
1667695500,132
1667696400,136
1667697300,116
1667698200,147
1667699100,146
1667700000,114
1667700900,115
1667701800,122
1667702700,145
1667703600,155
1667704500,113
1667705400,147
1667706300,126
1667707200,114
1667708100,133
1667709000,139
1667709900,120
1667710800,105
1667711700,197
1667712600,284
1667713500,236
1667714400,174
1667715300,171
1667716200,140
1667717100,142
1667718000,182
1667718900,226
1667719800,235
1667720700,215
1667721600,223
1667722500,259
1667723400,251
1667724300,228
1667725200,234
1667726100,218
1667727000,215
1667727900,237
1667728800,274
1667729700,1514
1667730600,1869
1667731500,1388
1667732400,1210
1667733300,1360
1667734200,782
1667735100,285
1667736000,271
1667736900,229
1667737800,225
1667738700,239
1667739600,192
1667740500,189
1667741400,174
1667742300,189
1667743200,196
1667744100,178
1667745000,186
1667745900,188
1667746800,205
1667747700,253
1667748600,240
1667749500,227
1667750400,292
1667751300,451
1667752200,486
1667753100,428
1667754000,424
1667754900,410
1667755800,457
1667756700,501
1667757600,432
1667758500,477
1667759400,630
1667760300,493
1667761200,496
1667762100,550
1667763000,540
1667763900,492
1667764800,492
1667765700,509
1667766600,481
1667767500,522
1667768400,499
1667769300,322
1667770200,295
1667771100,280
1667772000,333
1667772900,315
1667773800,200
1667774700,113
1667775600,127
1667776500,108
1667777400,127
1667778300,131
1667779200,119
1667780100,113
1667781000,114
1667781900,148
1667782800,127
1667783700,112
1667784600,99
1667785500,133
1667786400,103
1667787300,136
1667788200,110
1667789100,131
1667790000,113
1667790900,117
1667791800,125
1667792700,135
1667793600,101
1667794500,108
1667795400,140
1667796300,138
1667797200,152
1667798100,135
1667799000,179
1667799900,184
1667800800,300
1667801700,180
1667802600,198
1667803500,228
1667804400,416
1667805300,215
1667806200,225
1667807100,307
1667808000,282
1667808900,379
1667809800,300
1667810700,276
1667811600,282
1667812500,339
1667813400,434
1667814300,828
1667815200,495
1667816100,369
1667817000,433
1667817900,1289
1667818800,503
1667819700,586
1667820600,392
1667821500,263
1667822400,244
1667823300,270
1667824200,281
1667825100,271
1667826000,311
1667826900,278
1667827800,254
1667828700,257
1667829600,245
1667830500,280
1667831400,300
1667832300,258
1667833200,232
1667834100,288
1667835000,292
1667835900,280
1667836800,308
1667837700,350
1667838600,344
1667839500,333
1667840400,337
1667841300,328
1667842200,353
1667843100,558
1667844000,317
1667844900,322
1667845800,340
1667846700,354
1667847600,390
1667848500,406
1667849400,401
1667850300,365
1667851200,344
1667852100,370
1667853000,356
1667853900,364
1667854800,355
1667855700,336
1667856600,310
1667857500,227
1667858400,213
1667859300,165
1667860200,123
1667861100,138
1667862000,150
1667862900,140
1667863800,150
1667864700,157
1667865600,132
1667866500,132
1667867400,126
1667868300,173
1667869200,160
1667870100,143
1667871000,127
1667871900,152
1667872800,129
1667873700,160
1667874600,134
1667875500,158
1667876400,128
1667877300,145
1667878200,154
1667879100,156
1667880000,113
1667880900,127
1667881800,129
1667882700,139
1667883600,223
1667884500,640
1667885400,330
1667886300,717
1667887200,546
1667888100,529
1667889000,283
1667889900,676
1667890800,586
1667891700,542
1667892600,713
1667893500,385
1667894400,315
1667895300,335
1667896200,299
1667897100,342
1667898000,956
1667898900,489
1667899800,472
1667900700,395
1667901600,908
1667902500,1410
1667903400,1105
1667904300,470
1667905200,394
1667906100,360
1667907000,358
1667907900,353
1667908800,249
1667909700,282
1667910600,279
1667911500,304
1667912400,314
1667913300,306
1667914200,228
1667915100,251
1667916000,236
1667916900,226
1667917800,260
1667918700,250
1667919600,230
1667920500,233
1667921400,244
1667922300,253
1667923200,270
1667924100,322
1667925000,412
1667925900,897
1667926800,583
1667927700,448
1667928600,625
1667929500,883
1667930400,369
1667931300,373
1667932200,422
1667933100,424
1667934000,394
1667934900,412
1667935800,403
1667936700,397
1667937600,553
1667938500,452
1667939400,370
1667940300,327
1667941200,380
1667942100,265
1667943000,158
1667943900,148
1667944800,131
1667945700,100
1667946600,110
1667947500,131
1667948400,117
1667949300,105
1667950200,114
1667951100,119
1667952000,138
1667952900,103
1667953800,100
1667954700,115
1667955600,104
1667956500,111
1667957400,136
1667958300,111
1667959200,113
1667960100,99
1667961000,132
1667961900,132
1667962800,101
1667963700,120
1667964600,137
1667965500,105
1667966400,120
1667967300,135
1667968200,124
1667969100,114
1667970000,652
1667970900,278
1667971800,214
1667972700,243
1667973600,192
1667974500,197
1667975400,239
1667976300,233
1667977200,179
1667978100,218
1667979000,189
1667979900,175
1667980800,198
1667981700,212
1667982600,185
1667983500,200
1667984400,213
1667985300,183
1667986200,223
1667987100,230
1667988000,213
1667988900,174
1667989800,176
1667990700,327
1667991600,220
1667992500,317
1667993400,719
1667994300,347
1667995200,708
1667996100,670
1667997000,723
1667997900,355
1667998800,314
1667999700,253
1668000600,221
1668001500,273
1668002400,233
1668003300,249
1668004200,269
1668005100,254
1668006000,296
1668006900,262
1668007800,305
1668008700,313
1668009600,303
1668010500,365
1668011400,332
1668012300,337
1668013200,330
1668014100,349
1668015000,337
1668015900,347
1668016800,347
1668017700,927
1668018600,1414
1668019500,1105
1668020400,937
1668021300,807
1668022200,731
1668023100,512
1668024000,474
1668024900,432
1668025800,390
1668026700,360
1668027600,376
1668028500,298
1668029400,300
1668030300,172
1668031200,132
1668032100,118
1668033000,116
1668033900,124
1668034800,136
1668035700,115
1668036600,125
1668037500,112
1668038400,116
1668039300,118
1668040200,148
1668041100,102
1668042000,110
1668042900,127
1668043800,111
1668044700,135
1668045600,118
1668046500,127
1668047400,99
1668048300,99
1668049200,147
1668050100,154
1668051000,129
1668051900,167
1668052800,147
1668053700,124
1668054600,149
1668055500,121
1668056400,375
1668057300,564
1668058200,235
1668059100,287
1668060000,252
1668060900,209
1668061800,451
1668062700,647
1668063600,469
1668064500,240
1668065400,499
1668066300,645
1668067200,192
1668068100,196
1668069000,206
1668069900,218
1668070800,200
1668071700,240
1668072600,459
1668073500,478
1668074400,233
1668075300,207
1668076200,196
1668077100,719
1668078000,1153
1668078900,1412
1668079800,834
1668080700,320
1668081600,280
1668082500,296
1668083400,266
1668084300,297
1668085200,485
1668086100,369
1668087000,251
1668087900,239
1668088800,270
1668089700,245
1668090600,227
1668091500,249
1668092400,279
1668093300,280
1668094200,337
1668095100,320
1668096000,431
1668096900,399
1668097800,549
1668098700,887
1668099600,552
1668100500,358
1668101400,453
1668102300,891
1668103200,435
1668104100,671
1668105000,1269
1668105900,1199
1668106800,856
1668107700,763
1668108600,772
1668109500,393
1668110400,521
1668111300,396
1668112200,367
1668113100,296
1668114000,290
1668114900,291
1668115800,258
1668116700,252
1668117600,158
1668118500,172
1668119400,112
1668120300,128
1668121200,110
1668122100,134
1668123000,141
1668123900,111
1668124800,104
1668125700,128
1668126600,108
1668127500,120
1668128400,139
1668129300,116
1668130200,106
1668131100,105
1668132000,123
1668132900,144
1668133800,104
1668134700,111
1668135600,140
1668136500,108
1668137400,140
1668138300,284
1668139200,146
1668140100,131
1668141000,130
1668141900,156
1668142800,223
1668143700,985
1668144600,1110
1668145500,993
1668146400,628
1668147300,575
1668148200,431
1668149100,680
1668150000,421
1668150900,414
1668151800,361
1668152700,771
1668153600,444
1668154500,810
1668155400,686
1668156300,741
1668157200,419
1668158100,307
1668159000,282
1668159900,273
1668160800,569
1668161700,958
1668162600,633
1668163500,314
1668164400,255
1668165300,260
1668166200,226
1668167100,277
1668168000,261
1668168900,301
1668169800,271
1668170700,316
1668171600,323
1668172500,297
1668173400,329
1668174300,792
1668175200,770
1668176100,803
1668177000,827
1668177900,793
1668178800,708
1668179700,378
1668180600,302
1668181500,359
1668182400,323
1668183300,326
1668184200,411
1668185100,466
1668186000,755
1668186900,729
1668187800,796
1668188700,571
1668189600,621
1668190500,451
1668191400,926
1668192300,626
1668193200,377
1668194100,422
1668195000,447
1668195900,378
1668196800,461
1668197700,362
1668198600,376
1668199500,740
1668200400,282
1668201300,307
1668202200,283
1668203100,281
1668204000,290
1668204900,308
1668205800,204
1668206700,117
1668207600,115
1668208500,106
1668209400,107
1668210300,121
1668211200,133
1668212100,127
1668213000,108
1668213900,108
1668214800,113
1668215700,152
1668216600,142
1668217500,123
1668218400,136
1668219300,128
1668220200,138
1668221100,136
1668222000,120
1668222900,124
1668223800,150
1668224700,328
1668225600,171
1668226500,129
1668227400,143
1668228300,135
1668229200,375
1668230100,462
1668231000,229
1668231900,275
1668232800,234
1668233700,244
1668234600,228
1668235500,282
1668236400,270
1668237300,282
1668238200,263
1668239100,268
1668240000,326
1668240900,315
1668241800,293
1668242700,282
1668243600,305
1668244500,278
1668245400,291
1668246300,345
1668247200,318
1668248100,298
1668249000,324
1668249900,1845
1668250800,1395
1668251700,807
1668252600,646
1668253500,608
1668254400,556
1668255300,354
1668256200,796
1668257100,528
1668258000,331
1668258900,363
1668259800,383
1668260700,413
1668261600,348
1668262500,371
1668263400,394
1668264300,398
1668265200,483
1668266100,476
1668267000,401
1668267900,508
1668268800,385
1668269700,355
1668270600,367
1668271500,459
1668272400,575
1668273300,679
1668274200,856
1668275100,785
1668276000,550
1668276900,478
1668277800,574
1668278700,575
1668279600,496
1668280500,482
1668281400,384
1668282300,537
1668283200,422
1668284100,406
1668285000,361
1668285900,425
1668286800,312
1668287700,164
1668288600,143
1668289500,137
1668290400,130
1668291300,132
1668292200,170
1668293100,166
1668294000,130
1668294900,144
1668295800,138
1668296700,126
1668297600,160
1668298500,138
1668299400,124
1668300300,127
1668301200,156
1668302100,145
1668303000,138
1668303900,134
1668304800,128
1668305700,116
1668306600,145
1668307500,152
1668308400,123
1668309300,134
1668310200,154
1668311100,168
1668312000,164
1668312900,290
1668313800,154
1668314700,186
1668315600,827
1668316500,1133
1668317400,699
1668318300,334
1668319200,296
1668320100,295
1668321000,299
1668321900,309
1668322800,294
1668323700,329
1668324600,375
1668325500,740
1668326400,790
1668327300,1312
1668328200,991
1668329100,958
1668330000,719
1668330900,1043
1668331800,549
1668332700,317
1668333600,302
1668334500,301
1668335400,620
1668336300,576
1668337200,696
1668338100,718
1668339000,293
1668339900,301
1668340800,432
1668341700,730
1668342600,573
1668343500,348
1668344400,629
1668345300,711
1668346200,342
1668347100,407
1668348000,445
1668348900,281
1668349800,320
1668350700,319
1668351600,318
1668352500,334
1668353400,304
1668354300,346
1668355200,388
1668356100,407
1668357000,441
1668357900,447
1668358800,804
1668359700,663
1668360600,689
1668361500,431
1668362400,880
1668363300,708
1668364200,441
1668365100,495
1668366000,469
1668366900,453
1668367800,445
1668368700,481
1668369600,537
1668370500,481
1668371400,453
1668372300,458
1668373200,428
1668374100,477
1668375000,446
1668375900,439
1668376800,456
1668377700,437
1668378600,247
1668379500,146
1668380400,138
1668381300,123
1668382200,107
1668383100,124
1668384000,133
1668384900,102
1668385800,126
1668386700,120
1668387600,118
1668388500,149
1668389400,128
1668390300,102
1668391200,115
1668392100,113
1668393000,123
1668393900,124
1668394800,121
1668395700,105
1668396600,114
1668397500,136
1668398400,144
1668399300,100
1668400200,140
1668401100,114
1668402000,107
1668402900,179
1668403800,170
1668404700,166
1668405600,368
1668406500,224
1668407400,327
1668408300,240
1668409200,606
1668410100,602
1668411000,673
1668411900,483
1668412800,216
1668413700,234
1668414600,669
1668415500,386
1668416400,180
1668417300,479
1668418200,555
1668419100,155
1668420000,185
1668420900,622
1668421800,673
1668422700,563
1668423600,449
1668424500,264
1668425400,255
1668426300,247
1668427200,232
1668428100,208
1668429000,282
1668429900,509
1668430800,220
1668431700,260
1668432600,237
1668433500,351
1668434400,529
1668435300,244
1668436200,271
1668437100,301
1668438000,252
1668438900,591
1668439800,342
1668440700,335
1668441600,319
1668442500,295
1668443400,314
1668444300,327
1668445200,293
1668446100,314
1668447000,469
1668447900,384
1668448800,320
1668449700,537
1668450600,374
1668451500,369
1668452400,335
1668453300,383
1668454200,787
1668455100,360
1668456000,343
1668456900,331
1668457800,285
1668458700,288
1668459600,368
1668460500,322
1668461400,301
1668462300,313
1668463200,302
1668464100,306
1668465000,299
1668465900,499
1668466800,656
1668467700,475
1668468600,273
1668469500,515
1668470400,699
1668471300,245
1668472200,223
1668473100,241
1668474000,301
1668474900,314
1668475800,286
1668476700,286
1668477600,289
1668478500,278
1668479400,208
1668480300,156
1668481200,114
1668482100,117
1668483000,140
1668483900,110
1668484800,139
1668485700,147
1668486600,109
1668487500,131
1668488400,172
1668489300,604
1668490200,262
1668491100,215
1668492000,196
1668492900,181
1668493800,247
1668494700,233
1668495600,236
1668496500,225
1668497400,208
1668498300,180
1668499200,192
1668500100,260
1668501000,240
1668501900,223
1668502800,272
1668503700,227
1668504600,222
1668505500,288
1668506400,328
1668507300,966
1668508200,1098
1668509100,838
1668510000,362
1668510900,411
1668511800,245
1668512700,263
1668513600,291
1668514500,297
1668515400,329
1668516300,278
1668517200,286
1668518100,276
1668519000,607
1668519900,422
1668520800,449
1668521700,260
1668522600,790
1668523500,277
1668524400,238
1668525300,318
1668526200,297
1668527100,336
1668528000,552
1668528900,760
1668529800,400
1668530700,384
1668531600,383
1668532500,335
1668533400,385
1668534300,426
1668535200,422
1668536100,421
1668537000,379
1668537900,374
1668538800,421
1668539700,392
1668540600,391
1668541500,406
1668542400,394
1668543300,351
1668544200,422
1668545100,350
1668546000,319
1668546900,152
1668547800,163
1668548700,135
1668549600,117
1668550500,137
1668551400,137
1668552300,120
1668553200,124
1668554100,123
1668555000,117
1668555900,169
1668556800,137
1668557700,104
1668558600,115
1668559500,116
1668560400,103
1668561300,139
1668562200,122
1668563100,109
1668564000,115
1668564900,132
1668565800,124
1668566700,128
1668567600,137
1668568500,105
1668569400,120
1668570300,144
1668571200,126
1668572100,116
1668573000,121
1668573900,178
1668574800,583
1668575700,300
1668576600,242
1668577500,205
1668578400,210
1668579300,180
1668580200,270
1668581100,215
1668582000,230
1668582900,259
1668583800,220
1668584700,209
1668585600,218
1668586500,607
1668587400,484
1668588300,438
1668589200,548
1668590100,1430
1668591000,1373
1668591900,788
1668592800,769
1668593700,796
1668594600,718
1668595500,714
1668596400,640
1668597300,335
1668598200,308
1668599100,550
1668600000,1478
1668600900,926
1668601800,829
1668602700,727
1668603600,416
1668604500,243
1668605400,245
1668606300,256
1668607200,290
1668608100,227
1668609000,247
1668609900,259
1668610800,262
1668611700,357
1668612600,393
1668613500,368
1668614400,543
1668615300,438
1668616200,318
1668617100,359
1668618000,326
1668618900,311
1668619800,304
1668620700,325
1668621600,752
1668622500,665
1668623400,366
1668624300,365
1668625200,329
1668626100,377
1668627000,400
1668627900,348
1668628800,366
1668629700,362
1668630600,298
1668631500,383
1668632400,567
1668633300,606
1668634200,422
1668635100,222
1668636000,592
1668636900,443
1668637800,188
1668638700,108
1668639600,100
1668640500,121
1668641400,127
1668642300,121
1668643200,124
1668644100,110
1668645000,106
1668645900,121
1668646800,143
1668647700,106
1668648600,99
1668649500,115
1668650400,91
1668651300,128
1668652200,137
1668653100,110
1668654000,109
1668654900,105
1668655800,115
1668656700,297
1668657600,171
1668658500,118
1668659400,105
1668660300,205
1668661200,535
1668662100,237
1668663000,197
1668663900,198
1668664800,170
1668665700,575
1668666600,1026
1668667500,1015
1668668400,1358
1668669300,835
1668670200,827
1668671100,733
1668672000,746
1668672900,210
1668673800,152
1668674700,118
1668675600,110
1668676500,148
1668677400,131
1668678300,123
1668679200,128
1668680100,125
1668681000,123
1668681900,162
1668682800,272
1668683700,724
1668684600,623
1668685500,273
1668686400,267
1668687300,289
1668688200,385
1668689100,301
1668690000,655
1668690900,650
1668691800,681
1668692700,215
1668693600,214
1668694500,208
1668695400,213
1668696300,236
1668697200,204
1668698100,215
1668699000,352
1668699900,379
1668700800,328
1668701700,418
1668702600,452
1668703500,486
1668704400,876
1668705300,551
1668706200,513
1668707100,731
1668708000,842
1668708900,358
1668709800,362
1668710700,455
1668711600,592
1668712500,481
1668713400,406
1668714300,403
1668715200,445
1668716100,460
1668717000,425
1668717900,425
1668718800,409
1668719700,401
1668720600,369
1668721500,414
1668722400,415
1668723300,287
1668724200,281
1668725100,164
1668726000,118
1668726900,178
1668727800,101
1668728700,101
1668729600,138
1668730500,124
1668731400,135
1668732300,127
1668733200,107
1668734100,115
1668735000,153
1668735900,164
1668736800,156
1668737700,150
1668738600,132
1668739500,137
1668740400,151
1668741300,162
1668742200,151
1668743100,176
1668744000,154
1668744900,138
1668745800,171
1668746700,172
1668747600,162
1668748500,174
1668749400,257
1668750300,290
1668751200,295
1668752100,1004
1668753000,848
1668753900,688
1668754800,630
1668755700,467
1668756600,328
1668757500,259
1668758400,197
1668759300,198
1668760200,622
1668761100,1146
1668762000,397
1668762900,286
1668763800,273
1668764700,281
1668765600,756
1668766500,692
1668767400,1228
1668768300,981
1668769200,192
1668770100,173
1668771000,199
1668771900,170
1668772800,223
1668773700,176
1668774600,180
1668775500,210
1668776400,170
1668777300,539
1668778200,375
1668779100,285
1668780000,373
1668780900,223
1668781800,180
1668782700,231
1668783600,364
1668784500,711
1668785400,567
1668786300,296
1668787200,479
1668788100,833
1668789000,334
1668789900,324
1668790800,335
1668791700,352
1668792600,284
1668793500,284
1668794400,630
1668795300,1411
1668796200,1428
1668797100,1131
1668798000,817
1668798900,900
1668799800,515
1668800700,409
1668801600,319
1668802500,340
1668803400,305
1668804300,309
1668805200,323
1668806100,270
1668807000,250
1668807900,269
1668808800,248
1668809700,244
1668810600,138
1668811500,200
1668812400,116
1668813300,127
1668814200,138
1668815100,148
1668816000,128
1668816900,142
1668817800,125
1668818700,141
1668819600,149
1668820500,135
1668821400,127
1668822300,131
1668823200,129
1668824100,127
1668825000,176
1668825900,128
1668826800,121
1668827700,143
1668828600,122
1668829500,282
1668830400,184
1668831300,109
1668832200,133
1668833100,200
1668834000,389
1668834900,1048
1668835800,678
1668836700,662
1668837600,647
1668838500,310
1668839400,209
1668840300,185
1668841200,192
1668842100,211
1668843000,245
1668843900,252
1668844800,556
1668845700,509
1668846600,193
1668847500,187
1668848400,186
1668849300,216
1668850200,176
1668851100,159
1668852000,153
1668852900,155
1668853800,262
1668854700,140
1668855600,272
1668856500,1223
1668857400,883
1668858300,562
1668859200,156
1668860100,130
1668861000,111
1668861900,130
1668862800,145
1668863700,135
1668864600,134
1668865500,479
1668866400,988
1668867300,924
1668868200,775
1668869100,701
1668870000,659
1668870900,665
1668871800,747
1668872700,394
1668873600,345
1668874500,340
1668875400,419
1668876300,367
1668877200,317
1668878100,396
1668879000,549
1668879900,650
1668880800,759
1668881700,1100
1668882600,1446
1668883500,1761
1668884400,1164
1668885300,794
1668886200,404
1668887100,334
1668888000,388
1668888900,315
1668889800,303
1668890700,260
1668891600,304
1668892500,266
1668893400,220
1668894300,506
1668895200,315
1668896100,302
1668897000,190
1668897900,681
1668898800,164
1668899700,107
1668900600,145
1668901500,113
1668902400,117
1668903300,156
1668904200,112
1668905100,114
1668906000,142
1668906900,116
1668907800,146
1668908700,147
1668909600,118
1668910500,116
1668911400,113
1668912300,126
1668913200,133
1668914100,124
1668915000,130
1668915900,292
1668916800,156
1668917700,130
1668918600,137
1668919500,138
1668920400,342
1668921300,459
1668922200,188
1668923100,196
1668924000,189
1668924900,439
1668925800,532
1668926700,316
1668927600,212
1668928500,230
1668929400,174
1668930300,197
1668931200,356
1668932100,584
1668933000,290
1668933900,190
1668934800,244
1668935700,654
1668936600,648
1668937500,713
1668938400,716
1668939300,817
1668940200,581
1668941100,250
1668942000,386
1668942900,367
1668943800,220
1668944700,247
1668945600,281
1668946500,274
1668947400,266
1668948300,463
1668949200,689
1668950100,462
1668951000,254
1668951900,527
1668952800,739
1668953700,480
1668954600,440
1668955500,278
1668956400,269
1668957300,438
1668958200,771
1668959100,799
1668960000,794
1668960900,485
1668961800,426
1668962700,455
1668963600,432
1668964500,424
1668965400,487
1668966300,471
1668967200,444
1668968100,470
1668969000,430
1668969900,421
1668970800,437
1668971700,419
1668972600,448
1668973500,467
1668974400,421
1668975300,465
1668976200,617
1668977100,513
1668978000,542
1668978900,391
1668979800,316
1668980700,412
1668981600,265
1668982500,292
1668983400,319
1668984300,247
1668985200,112
1668986100,102
1668987000,115
1668987900,123
1668988800,91
1668989700,129
1668990600,106
1668991500,111
1668992400,137
1668993300,118
1668994200,100
1668995100,123
1668996000,99
1668996900,109
1668997800,147
1668998700,123
1668999600,110
1669000500,121
1669001400,104
1669002300,120
1669003200,132
1669004100,107
1669005000,109
1669005900,155
1669006800,100
1669007700,142
1669008600,141
1669009500,144
1669010400,281
1669011300,221
1669012200,231
1669013100,236
1669014000,461
1669014900,697
1669015800,1253
1669016700,753
1669017600,504
1669018500,966
1669019400,669
1669020300,308
1669021200,349
1669022100,364
1669023000,742
1669023900,737
1669024800,933
1669025700,649
1669026600,807
1669027500,805
1669028400,548
1669029300,231
1669030200,212
1669031100,202
1669032000,190
1669032900,229
1669033800,192
1669034700,280
1669035600,297
1669036500,276
1669037400,312
1669038300,307
1669039200,263
1669040100,276
1669041000,303
1669041900,285
1669042800,318
1669043700,300
1669044600,283
1669045500,314
1669046400,306
1669047300,277
1669048200,288
1669049100,276
1669050000,327
1669050900,346
1669051800,315
1669052700,322
1669053600,297
1669054500,320
1669055400,650
1669056300,270
1669057200,387
1669058100,378
1669059000,367
1669059900,379
1669060800,353
1669061700,337
1669062600,401
1669063500,331
1669064400,250
1669065300,303
1669066200,175
1669067100,150
1669068000,154
1669068900,144
1669069800,117
1669070700,116
1669071600,132
1669072500,136
1669073400,109
1669074300,117
1669075200,102
1669076100,103
1669077000,146
1669077900,133
1669078800,117
1669079700,125
1669080600,105
1669081500,104
1669082400,151
1669083300,112
1669084200,107
1669085100,121
1669086000,109
1669086900,123
1669087800,157
1669088700,109
1669089600,105
1669090500,130
1669091400,108
1669092300,126
1669093200,160
1669094100,570
1669095000,223
1669095900,239
1669096800,252
1669097700,271
1669098600,766
1669099500,1044
1669100400,698
1669101300,704
1669102200,623
1669103100,454
1669104000,305
1669104900,327
1669105800,296
1669106700,303
1669107600,286
1669108500,668
1669109400,540
1669110300,705
1669111200,803
1669112100,1165
1669113000,1105
1669113900,793
1669114800,678
1669115700,1031
1669116600,798
1669117500,289
1669118400,242
1669119300,256
1669120200,258
1669121100,304
1669122000,299
1669122900,265
1669123800,375
1669124700,250
1669125600,368
1669126500,363
1669127400,233
1669128300,217
1669129200,247
1669130100,260
1669131000,284
1669131900,641
1669132800,318
1669133700,332
1669134600,321
1669135500,829
1669136400,523
1669137300,871
1669138200,1432
1669139100,1157
1669140000,475
1669140900,828
1669141800,798
1669142700,499
1669143600,474
1669144500,437
1669145400,380
1669146300,427
1669147200,428
1669148100,426
1669149000,388
1669149900,334
1669150800,352
1669151700,360
1669152600,314
1669153500,298
1669154400,274
1669155300,211
1669156200,160
1669157100,142
1669158000,118
1669158900,121
1669159800,136
1669160700,112
1669161600,117
1669162500,149
1669163400,119
1669164300,104
1669165200,127
1669166100,112
1669167000,131
1669167900,147
1669168800,119
1669169700,97
1669170600,107
1669171500,121
1669172400,110
1669173300,112
1669174200,124
1669175100,131
1669176000,120
1669176900,153
1669177800,107
1669178700,124
1669179600,622
1669180500,352
1669181400,207
1669182300,202
1669183200,204
1669184100,186
1669185000,202
1669185900,209
1669186800,176
1669187700,220
1669188600,176
1669189500,188
1669190400,460
1669191300,554
1669192200,404
1669193100,217
1669194000,795
1669194900,980
1669195800,242
1669196700,205
1669197600,205
1669198500,233
1669199400,234
1669200300,285
1669201200,221
1669202100,170
1669203000,202
1669203900,634
1669204800,506
1669205700,307
1669206600,303
1669207500,240
1669208400,270
1669209300,280
1669210200,261
1669211100,536
1669212000,605
1669212900,524
1669213800,252
1669214700,805
1669215600,402
1669216500,240
1669217400,325
1669218300,840
1669219200,1276
1669220100,1147
1669221000,909
1669221900,413
1669222800,335
1669223700,470
1669224600,402
1669225500,443
1669226400,523
1669227300,1091
1669228200,1290
1669229100,990
1669230000,1150
1669230900,1292
1669231800,838
1669232700,479
1669233600,447
1669234500,382
1669235400,371
1669236300,386
1669237200,294
1669238100,278
1669239000,297
1669239900,201
1669240800,190
1669241700,163
1669242600,116
1669243500,107
1669244400,126
1669245300,131
1669246200,146
1669247100,118
1669248000,112
1669248900,109
1669249800,115
1669250700,145
1669251600,102
1669252500,121
1669253400,119
1669254300,118
1669255200,132
1669256100,121
1669257000,133
1669257900,120
1669258800,156
1669259700,147
1669260600,146
1669261500,328
1669262400,120
1669263300,100
1669264200,134
1669265100,112
1669266000,329
1669266900,924
1669267800,645
1669268700,700
1669269600,458
1669270500,190
1669271400,234
1669272300,201
1669273200,207
1669274100,195
1669275000,193
1669275900,221
1669276800,168
1669277700,152
1669278600,218
1669279500,189
1669280400,167
1669281300,383
1669282200,643
1669283100,433
1669284000,398
1669284900,1108
1669285800,1281
1669286700,710
1669287600,650
1669288500,473
1669289400,548
1669290300,757
1669291200,1009
1669292100,1177
1669293000,678
1669293900,674
1669294800,647
1669295700,535
1669296600,216
1669297500,171
1669298400,180
1669299300,211
1669300200,201
1669301100,194
1669302000,226
1669302900,195
1669303800,291
1669304700,726
1669305600,422
1669306500,574
1669307400,469
1669308300,836
1669309200,314
1669310100,306
1669311000,316
1669311900,333
1669312800,369
1669313700,368
1669314600,336
1669315500,394
1669316400,342
1669317300,392
1669318200,429
1669319100,521
1669320000,610
1669320900,312
1669321800,270
1669322700,213
1669323600,214
1669324500,265
1669325400,276
1669326300,266
1669327200,201
1669328100,118
1669329000,117
1669329900,156
1669330800,116
1669331700,111
1669332600,142
1669333500,133
1669334400,138
1669335300,130
1669336200,112
1669337100,119
1669338000,112
1669338900,145
1669339800,132
1669340700,112
1669341600,159
1669342500,109
1669343400,124
1669344300,157
1669345200,105
1669346100,119
1669347000,138
1669347900,162
1669348800,140
1669349700,126
1669350600,123
1669351500,169
1669352400,258
1669353300,914
1669354200,636
1669355100,271
1669356000,231
1669356900,194
1669357800,262
1669358700,230
1669359600,180
1669360500,187
1669361400,208
1669362300,186
1669363200,177
1669364100,180
1669365000,150
1669365900,154
1669366800,177
1669367700,191
1669368600,217
1669369500,182
1669370400,205
1669371300,149
1669372200,180
1669373100,183
1669374000,161
1669374900,677
1669375800,598
1669376700,652
1669377600,683
1669378500,653
1669379400,616
1669380300,231
1669381200,182
1669382100,201
1669383000,161
1669383900,167
1669384800,171
1669385700,184
1669386600,213
1669387500,190
1669388400,226
1669389300,464
1669390200,407
1669391100,364
1669392000,357
1669392900,342
1669393800,366
1669394700,351
1669395600,400
1669396500,379
1669397400,420
1669398300,1295
1669399200,1095
1669400100,892
1669401000,680
1669401900,460
1669402800,469
1669403700,358
1669404600,425
1669405500,367
1669406400,349
1669407300,354
1669408200,205
1669409100,197
1669410000,249
1669410900,207
1669411800,181
1669412700,263
1669413600,668
1669414500,311
1669415400,242
1669416300,208
1669417200,696
1669418100,277
1669419000,175
1669419900,165
1669420800,134
1669421700,157
1669422600,131
1669423500,144
1669424400,189
1669425300,139
1669426200,141
1669427100,158
1669428000,129
1669428900,163
1669429800,142
1669430700,147
1669431600,129
1669432500,128
1669433400,194
1669434300,325
1669435200,189
1669436100,182
1669437000,153
1669437900,197
1669438800,464
1669439700,380
1669440600,193
1669441500,189
1669442400,213
1669443300,185
1669444200,188
1669445100,114
1669446000,105
1669446900,122
1669447800,171
1669448700,116
1669449600,96
1669450500,108
1669451400,178
1669452300,123
1669453200,137
1669454100,112
1669455000,114
1669455900,122
1669456800,145
1669457700,184
1669458600,186
1669459500,135
1669460400,134
1669461300,153
1669462200,731
1669463100,957
1669464000,247
1669464900,286
1669465800,254
1669466700,725
1669467600,484
1669468500,881
1669469400,1183
1669470300,1229
1669471200,710
1669472100,713
1669473000,654
1669473900,537
1669474800,580
1669475700,545
1669476600,616
1669477500,401
1669478400,410
1669479300,324
1669480200,394
1669481100,372
1669482000,347
1669482900,331
1669483800,333
1669484700,330
1669485600,328
1669486500,396
1669487400,441
1669488300,443
1669489200,413
1669490100,398
1669491000,393
1669491900,424
1669492800,372
1669493700,370
1669494600,289
1669495500,294
1669496400,361
1669497300,223
1669498200,134
1669499100,132
1669500000,99
1669500900,108
1669501800,119
1669502700,102
1669503600,100
1669504500,98
1669505400,110
1669506300,132
1669507200,108
1669508100,134
1669509000,107
1669509900,100
1669510800,109
1669511700,131
1669512600,98
1669513500,94
1669514400,105
1669515300,104
1669516200,137
1669517100,107
1669518000,93
1669518900,94
1669519800,111
1669520700,257
1669521600,256
1669522500,116
1669523400,144
1669524300,178
1669525200,204
1669526100,678
1669527000,230
1669527900,200
1669528800,198
1669529700,165
1669530600,200
1669531500,182
1669532400,129
1669533300,101
1669534200,109
1669535100,121
1669536000,174
1669536900,305
1669537800,648
1669538700,311
1669539600,220
1669540500,249
1669541400,673
1669542300,431
1669543200,481
1669544100,360
1669545000,605
1669545900,794
1669546800,588
1669547700,210
1669548600,218
1669549500,186
1669550400,685
1669551300,336
1669552200,316
1669553100,356
1669554000,704
1669554900,172
1669555800,191
1669556700,192
1669557600,347
1669558500,200
1669559400,199
1669560300,273
1669561200,267
1669562100,328
1669563000,416
1669563900,327
1669564800,375
1669565700,341
1669566600,334
1669567500,300
1669568400,353
1669569300,316
1669570200,459
1669571100,306
1669572000,292
1669572900,415
1669573800,463
1669574700,587
1669575600,518
1669576500,485
1669577400,507
1669578300,463
1669579200,474
1669580100,543
1669581000,507
1669581900,415
1669582800,384
1669583700,355
1669584600,332
1669585500,287
1669586400,355
1669587300,243
1669588200,102
1669589100,109
1669590000,140
1669590900,101
1669591800,107
1669592700,125
1669593600,109
1669594500,111
1669595400,144
1669596300,99
1669597200,99
1669598100,112
1669599000,102
1669599900,134
1669600800,129
1669601700,113
1669602600,106
1669603500,94
1669604400,138
1669605300,116
1669606200,101
1669607100,122
1669608000,105
1669608900,112
1669609800,151
1669610700,127
1669611600,126
1669612500,110
1669613400,180
1669614300,221
1669615200,450
1669616100,239
1669617000,281
1669617900,220
1669618800,235
1669619700,358
1669620600,728
1669621500,465
1669622400,301
1669623300,473
1669624200,834
1669625100,350
1669626000,298
1669626900,285
1669627800,324
1669628700,303
1669629600,601
1669630500,538
1669631400,475
1669632300,519
1669633200,280
1669634100,327
1669635000,291
1669635900,270
1669636800,289
1669637700,299
1669638600,295
1669639500,303
1669640400,224
1669641300,228
1669642200,239
1669643100,303
1669644000,241
1669644900,251
1669645800,334
1669646700,299
1669647600,304
1669648500,392
1669649400,545
1669650300,700
1669651200,690
1669652100,339
1669653000,665
1669653900,641
1669654800,358
1669655700,316
1669656600,313
1669657500,305
1669658400,293
1669659300,295
1669660200,483
1669661100,708
1669662000,757
1669662900,407
1669663800,347
1669664700,332
1669665600,323
1669666500,260
1669667400,297
1669668300,353
1669669200,293
1669670100,298
1669671000,230
1669671900,121
1669672800,107
1669673700,148
1669674600,135
1669675500,117
1669676400,111
1669677300,127
1669678200,106
1669679100,120
1669680000,152
1669680900,109
1669681800,114
1669682700,127
1669683600,107
1669684500,108
1669685400,142
1669686300,120
1669687200,102
1669688100,105
1669689000,129
1669689900,113
1669690800,130
1669691700,159
1669692600,104
1669693500,104
1669694400,121
1669695300,102
1669696200,106
1669697100,142
1669698000,238
1669698900,613
1669699800,226
1669700700,196
1669701600,181
1669702500,181
1669703400,284
1669704300,275
1669705200,223
1669706100,651
1669707000,716
1669707900,732
1669708800,788
1669709700,707
1669710600,674
1669711500,627
1669712400,1216
1669713300,1600
1669714200,620
1669715100,479
1669716000,341
1669716900,834
1669717800,525
1669718700,377
1669719600,427
1669720500,374
1669721400,216
1669722300,338
1669723200,242
1669724100,264
1669725000,238
1669725900,241
1669726800,285
1669727700,252
1669728600,248
1669729500,242
1669730400,207
1669731300,456
1669732200,674
1669733100,499
1669734000,286
1669734900,711
1669735800,561
1669736700,312
1669737600,500
1669738500,1114
1669739400,1128
1669740300,839
1669741200,366
1669742100,345
1669743000,307
1669743900,329
1669744800,374
1669745700,356
1669746600,359
1669747500,373
1669748400,402
1669749300,392
1669750200,384
1669751100,408
1669752000,343
1669752900,332
1669753800,328
1669754700,313
1669755600,213
1669756500,224
1669757400,264
1669758300,255
1669759200,269
1669760100,196
1669761000,116
1669761900,147
1669762800,150
1669763700,160
1669764600,128
1669765500,104
1669766400,112
1669767300,107
1669768200,118
1669769100,121
1669770000,137
1669770900,148
1669771800,103
1669772700,94
1669773600,116
1669774500,96
1669775400,113
1669776300,141
1669777200,102
1669778100,102
1669779000,114
1669779900,138
1669780800,64
1669781700,92
1669782600,97
1669783500,78
1669784400,671
1669785300,409
1669786200,296
1669787100,284
1669788000,200
1669788900,175
1669789800,235
1669790700,168
1669791600,120
1669792500,135
1669793400,120
1669794300,166
1669795200,110
1669796100,119
1669797000,460
1669797900,599
1669798800,338
1669799700,190
1669800600,388
1669801500,647
1669802400,146
1669803300,181
1669804200,155
1669805100,139
1669806000,185
1669806900,168
1669807800,488
1669808700,666
1669809600,193
1669810500,508
1669811400,188
1669812300,155
1669813200,145
1669814100,229
1669815000,658
1669815900,1107
1669816800,848
1669817700,706
1669818600,703
1669819500,599
1669820400,579
1669821300,335
1669822200,421
1669823100,354
1669824000,354
1669824900,401
1669825800,586
1669826700,944
1669827600,1233
1669828500,905
1669829400,521
1669830300,405
1669831200,377
1669832100,388
1669833000,435
1669833900,404
1669834800,409
1669835700,362
1669836600,347
1669837500,344
1669838400,421
1669839300,399
1669840200,269
1669841100,245
1669842000,233
1669842900,191
1669843800,205
1669844700,287
1669845600,232
1669846500,224
1669847400,247
1669848300,251
1669849200,227
1669850100,198
1669851000,160
1669851900,118
1669852800,120
1669853700,108
1669854600,111
1669855500,152
1669856400,124
1669857300,103
1669858200,119
1669859100,121
1669860000,117
1669860900,144
1669861800,140
1669862700,116
1669863600,101
1669864500,131
1669865400,165
1669866300,295
1669867200,147
1669868100,126
1669869000,113
1669869900,147
1669870800,417
1669871700,390
1669872600,232
1669873500,190
1669874400,181
1669875300,149
1669876200,182
1669877100,133
1669878000,141
1669878900,144
1669879800,123
1669880700,138
1669881600,121
1669882500,147
1669883400,166
1669884300,183
1669885200,238
1669886100,647
1669887000,383
1669887900,461
1669888800,311
1669889700,788
1669890600,370
1669891500,237
1669892400,196
1669893300,201
1669894200,232
1669895100,202
1669896000,394
1669896900,247
1669897800,262
1669898700,230
1669899600,268
1669900500,263
1669901400,244
1669902300,272
1669903200,269
1669904100,254
1669905000,260
1669905900,372
1669906800,788
1669907700,329
1669908600,287
1669909500,332
1669910400,276
1669911300,324
1669912200,319
1669913100,303
1669914000,320
1669914900,355
1669915800,627
1669916700,290
1669917600,345
1669918500,446
1669919400,497
1669920300,467
1669921200,486
1669922100,398
1669923000,420
1669923900,366
1669924800,352
1669925700,390
1669926600,437
1669927500,344
1669928400,303
1669929300,270
1669930200,164
1669931100,204
1669932000,154
1669932900,127
1669933800,124
1669934700,141
1669935600,141
1669936500,122
1669937400,161
1669938300,128
1669939200,124
1669940100,120
1669941000,129
1669941900,108
1669942800,153
1669943700,135
1669944600,122
1669945500,119
1669946400,132
1669947300,124
1669948200,141
1669949100,119
1669950000,141
1669950900,105
1669951800,124
1669952700,280
1669953600,201
1669954500,144
1669955400,191
1669956300,232
1669957200,568
1669958100,1098
1669959000,1137
1669959900,791
1669960800,345
1669961700,223
1669962600,210
1669963500,213
1669964400,375
1669965300,739
1669966200,399
1669967100,287
1669968000,341
1669968900,727
1669969800,312
1669970700,225
1669971600,225
1669972500,242
1669973400,224
1669974300,743
1669975200,514
1669976100,528
1669977000,494
1669977900,588
1669978800,599
1669979700,697
1669980600,504
1669981500,502
1669982400,288
1669983300,358
1669984200,237
1669985100,220
1669986000,261
1669986900,283
1669987800,269
1669988700,320
1669989600,291
1669990500,303
1669991400,273
1669992300,345
1669993200,311
1669994100,231
1669995000,297
1669995900,291
1669996800,318
1669997700,406
1669998600,375
1669999500,415
1670000400,407
1670001300,357
1670002200,332
1670003100,387
1670004000,438
1670004900,746
1670005800,1644
1670006700,1556
1670007600,920
1670008500,1150
1670009400,885
1670010300,435
1670011200,418
1670012100,428
1670013000,463
1670013900,505
1670014800,618
1670015700,711
1670016600,535
1670017500,407
1670018400,232
1670019300,139
1670020200,232
1670021100,148
1670022000,139
1670022900,152
1670023800,153
1670024700,128
1670025600,144
1670026500,144
1670027400,117
1670028300,127
1670029200,139
1670030100,124
1670031000,141
1670031900,182
1670032800,125
1670033700,120
1670034600,142
1670035500,118
1670036400,126
1670037300,226
1670038200,363
1670039100,178
1670040000,152
1670040900,123
1670041800,127
1670042700,253
1670043600,1142
1670044500,655
1670045400,720
1670046300,677
1670047200,560
1670048100,493
1670049000,266
1670049900,411
1670050800,654
1670051700,512
1670052600,1161
1670053500,1268
1670054400,1551
1670055300,1058
1670056200,875
1670057100,868
1670058000,800
1670058900,698
1670059800,610
1670060700,545
1670061600,185
1670062500,453
1670063400,988
1670064300,865
1670065200,705
1670066100,1223
1670067000,779
1670067900,519
1670068800,234
1670069700,197
1670070600,163
1670071500,185
1670072400,129
1670073300,136
1670074200,303
1670075100,594
1670076000,395
1670076900,224
1670077800,549
1670078700,500
1670079600,338
1670080500,904
1670081400,1270
1670082300,1010
1670083200,840
1670084100,753
1670085000,559
1670085900,420
1670086800,387
1670087700,361
1670088600,339
1670089500,362
1670090400,729
1670091300,827
1670092200,379
1670093100,376
1670094000,366
1670094900,373
1670095800,339
1670096700,354
1670097600,406
1670098500,400
1670099400,348
1670100300,293
1670101200,268
1670102100,156
1670103000,153
1670103900,134
1670104800,103
1670105700,117
1670106600,123
1670107500,126
1670108400,150
1670109300,131
1670110200,117
1670111100,100
1670112000,118
1670112900,95
1670113800,121
1670114700,128
1670115600,104
1670116500,108
1670117400,124
1670118300,104
1670119200,124
1670120100,116
1670121000,129
1670121900,97
1670122800,103
1670123700,122
1670124600,131
1670125500,153
1670126400,115
1670127300,116
1670128200,106
1670129100,181
1670130000,1047
1670130900,1144
1670131800,683
1670132700,785
1670133600,554
1670134500,195
1670135400,246
1670136300,767
1670137200,350
1670138100,282
1670139000,213
1670139900,676
1670140800,288
1670141700,185
1670142600,358
1670143500,655
1670144400,701
1670145300,863
1670146200,736
1670147100,802
1670148000,758
1670148900,529
1670149800,320
1670150700,369
1670151600,284
1670152500,423
1670153400,551
1670154300,200
1670155200,230
1670156100,642
1670157000,648
1670157900,302
1670158800,221
1670159700,187
1670160600,124
1670161500,174
1670162400,153
1670163300,167
1670164200,302
1670165100,229
1670166000,227
1670166900,196
1670167800,237
1670168700,264
1670169600,272
1670170500,264
1670171400,399
1670172300,370
1670173200,431
1670174100,365
1670175000,393
1670175900,381
1670176800,383
1670177700,366
1670178600,435
1670179500,402
1670180400,401
1670181300,373
1670182200,431
1670183100,562
1670184000,709
1670184900,497
1670185800,493
1670186700,504
1670187600,420
1670188500,387
1670189400,342
1670190300,291
1670191200,300
1670192100,307
1670193000,476
1670193900,411
1670194800,249
1670195700,148
1670196600,156
1670197500,147
1670198400,166
1670199300,133
1670200200,109
1670201100,115
1670202000,132
1670202900,146
1670203800,124
1670204700,116
1670205600,151
1670206500,119
1670207400,118
1670208300,167
1670209200,116
1670210100,122
1670211000,114
1670211900,121
1670212800,102
1670213700,128
1670214600,154
1670215500,171
1670216400,170
1670217300,200
1670218200,182
1670219100,304
1670220000,396
1670220900,264
1670221800,260
1670222700,291
1670223600,446
1670224500,882
1670225400,554
1670226300,321
1670227200,493
1670228100,778
1670229000,284
1670229900,367
1670230800,331
1670231700,451
1670232600,727
1670233500,495
1670234400,473
1670235300,483
1670236200,486
1670237100,532
1670238000,474
1670238900,455
1670239800,457
1670240700,488
1670241600,619
1670242500,711
1670243400,713
1670244300,480
1670245200,292
1670246100,312
1670247000,608
1670247900,591
1670248800,814
1670249700,636
1670250600,593
1670251500,740
1670252400,646
1670253300,358
1670254200,404
1670255100,631
1670256000,428
1670256900,448
1670257800,452
1670258700,738
1670259600,642
1670260500,557
1670261400,372
1670262300,751
1670263200,691
1670264100,374
1670265000,337
1670265900,359
1670266800,381
1670267700,316
1670268600,420
1670269500,338
1670270400,306
1670271300,309
1670272200,468
1670273100,316
1670274000,268
1670274900,245
1670275800,178
1670276700,134
1670277600,104
1670278500,120
1670279400,105
1670280300,111
1670281200,157
1670282100,107
1670283000,110
1670283900,106
1670284800,121
1670285700,101
1670286600,124
1670287500,138
1670288400,109
1670289300,105
1670290200,122
1670291100,120
1670292000,99
1670292900,126
1670293800,123
1670294700,99
1670295600,99
1670296500,115
1670297400,114
1670298300,112
1670299200,135
1670300100,114
1670301000,101
1670301900,104
1670302800,179
1670303700,302
1670304600,937
1670305500,639
1670306400,271
1670307300,229
1670308200,237
1670309100,236
1670310000,251
1670310900,484
1670311800,653
1670312700,530
1670313600,548
1670314500,340
1670315400,846
1670316300,863
1670317200,674
1670318100,765
1670319000,769
1670319900,1228
1670320800,1208
1670321700,1085
1670322600,822
1670323500,687
1670324400,542
1670325300,334
1670326200,355
1670327100,301
1670328000,302
1670328900,774
1670329800,590
1670330700,586
1670331600,323
1670332500,340
1670333400,376
1670334300,980
1670335200,897
1670336100,362
1670337000,350
1670337900,377
1670338800,343
1670339700,334
1670340600,295
1670341500,374
1670342400,366
1670343300,317
1670344200,342
1670345100,362
1670346000,336
1670346900,407
1670347800,899
1670348700,1360
1670349600,1055
1670350500,851
1670351400,866
1670352300,862
1670353200,871
1670354100,345
1670355000,324
1670355900,285
1670356800,291
1670357700,267
1670358600,266
1670359500,299
1670360400,239
1670361300,226
1670362200,152
1670363100,145
1670364000,115
1670364900,125
1670365800,163
1670366700,121
1670367600,104
1670368500,135
1670369400,126
1670370300,116
1670371200,138
1670372100,138
1670373000,120
1670373900,104
1670374800,124
1670375700,106
1670376600,110
1670377500,156
1670378400,117
1670379300,105
1670380200,119
1670381100,109
1670382000,108
1670382900,113
1670383800,177
1670384700,115
1670385600,112
1670386500,122
1670387400,110
1670388300,110
1670389200,867
1670390100,596
1670391000,247
1670391900,295
1670392800,252
1670393700,683
1670394600,674
1670395500,627
1670396400,317
1670397300,354
1670398200,338
1670399100,365
1670400000,731
1670400900,1013
1670401800,445
1670402700,372
1670403600,375
1670404500,331
1670405400,361
1670406300,346
1670407200,359
1670408100,380
1670409000,325
1670409900,578
1670410800,476
1670411700,349
1670412600,369
1670413500,365
1670414400,447
1670415300,271
1670416200,252
1670417100,666
1670418000,424
1670418900,507
1670419800,341
1670420700,759
1670421600,555
1670422500,323
1670423400,312
1670424300,353
1670425200,411
1670426100,340
1670427000,359
1670427900,502
1670428800,721
1670429700,722
1670430600,947
1670431500,430
1670432400,363
1670433300,396
1670434200,439
1670435100,402
1670436000,436
1670436900,564
1670437800,556
1670438700,487
1670439600,489
1670440500,405
1670441400,355
1670442300,382
1670443200,376
1670444100,404
1670445000,358
1670445900,343
1670446800,281
1670447700,292
1670448600,328
1670449500,297
1670450400,187
1670451300,177
1670452200,179
1670453100,176
1670454000,171
1670454900,207
1670455800,172
1670456700,168
1670457600,189
1670458500,172
1670459400,156
1670460300,190
1670461200,191
1670462100,167
1670463000,159
1670463900,180
1670464800,174
1670465700,163
1670466600,216
1670467500,183
1670468400,160
1670469300,158
1670470200,193
1670471100,192
1670472000,169
1670472900,205
1670473800,166
1670474700,174
1670475600,555
1670476500,343
1670477400,219
1670478300,272
1670479200,268
1670480100,225
1670481000,228
1670481900,252
1670482800,275
1670483700,777
1670484600,533
1670485500,478
1670486400,440
1670487300,862
1670488200,290
1670489100,200
1670490000,185
1670490900,200
1670491800,161
1670492700,173
1670493600,198
1670494500,174
1670495400,183
1670496300,420
1670497200,699
1670498100,912
1670499000,446
1670499900,356
1670500800,306
1670501700,246
1670502600,296
1670503500,212
1670504400,468
1670505300,614
1670506200,469
1670507100,251
1670508000,570
1670508900,682
1670509800,245
1670510700,412
1670511600,990
1670512500,1136
1670513400,814
1670514300,834
1670515200,824
1670516100,799
1670517000,402
1670517900,364
1670518800,359
1670519700,379
1670520600,372
1670521500,328
1670522400,394
1670523300,483
1670524200,718
1670525100,380
1670526000,443
1670526900,327
1670527800,339
1670528700,365
1670529600,290
1670530500,248
1670531400,287
1670532300,268
1670533200,223
1670534100,250
1670535000,247
1670535900,164
1670536800,116
1670537700,159
1670538600,176
1670539500,109
1670540400,122
1670541300,111
1670542200,98
1670543100,148
1670544000,193
1670544900,121
1670545800,126
1670546700,118
1670547600,115
1670548500,108
1670549400,149
1670550300,125
1670551200,111
1670552100,125
1670553000,111
1670553900,110
1670554800,107
1670555700,130
1670556600,104
1670557500,125
1670558400,104
1670559300,102
1670560200,96
1670561100,146
1670562000,614
1670562900,298
1670563800,184
1670564700,209
1670565600,288
1670566500,283
1670567400,244
1670568300,279
1670569200,293
1670570100,561
1670571000,1036
1670571900,1150
1670572800,887
1670573700,849
1670574600,801
1670575500,803
1670576400,805
1670577300,444
1670578200,304
1670579100,305
1670580000,309
1670580900,333
1670581800,834
1670582700,1068
1670583600,1153
1670584500,1525
1670585400,863
1670586300,582
1670587200,668
1670588100,755
1670589000,315
1670589900,309
1670590800,356
1670591700,304
1670592600,283
1670593500,260
1670594400,254
1670595300,239
1670596200,340
1670597100,332
1670598000,288
1670598900,372
1670599800,512
1670600700,695
1670601600,615
1670602500,405
1670603400,593
1670604300,1349
1670605200,976
1670606100,922
1670607000,893
1670607900,947
1670608800,945
1670609700,795
1670610600,504
1670611500,305
1670612400,302
1670613300,376
1670614200,501
1670615100,313
1670616000,300
1670616900,337
1670617800,351
1670618700,251
1670619600,161
1670620500,162
1670621400,167
1670622300,154
1670623200,130
1670624100,185
1670625000,164
1670625900,149
1670626800,159
1670627700,133
1670628600,164
1670629500,129
1670630400,140
1670631300,140
1670632200,145
1670633100,156
1670634000,135
1670634900,140
1670635800,122
1670636700,135
1670637600,152
1670638500,155
1670639400,129
1670640300,144
1670641200,120
1670642100,363
1670643000,169
1670643900,171
1670644800,140
1670645700,137
1670646600,131
1670647500,143
1670648400,304
1670649300,580
1670650200,227
1670651100,278
1670652000,224
1670652900,415
1670653800,598
1670654700,532
1670655600,313
1670656500,666
1670657400,710
1670658300,389
1670659200,452
1670660100,389
1670661000,312
1670661900,322
1670662800,483
1670663700,350
1670664600,353
1670665500,403
1670666400,941
1670667300,705
1670668200,736
1670669100,389
1670670000,686
1670670900,549
1670671800,727
1670672700,725
1670673600,996
1670674500,737
1670675400,312
1670676300,309
1670677200,336
1670678100,358
1670679000,349
1670679900,328
1670680800,342
1670681700,343
1670682600,340
1670683500,500
1670684400,1391
1670685300,1047
1670686200,680
1670687100,492
1670688000,1005
1670688900,445
1670689800,404
1670690700,708
1670691600,1192
1670692500,706
1670693400,427
1670694300,562
1670695200,897
1670696100,521
1670697000,385
1670697900,731
1670698800,449
1670699700,341
1670700600,316
1670701500,326
1670702400,351
1670703300,362
1670704200,306
1670705100,296
1670706000,360
1670706900,191
1670707800,123
1670708700,133
1670709600,136
1670710500,114
1670711400,117
1670712300,107
1670713200,93
1670714100,121
1670715000,133
1670715900,105
1670716800,116
1670717700,102
1670718600,96
1670719500,97
1670720400,127
1670721300,108
1670722200,93
1670723100,110
1670724000,96
1670724900,89
1670725800,103
1670726700,128
1670727600,106
1670728500,109
1670729400,132
1670730300,134
1670731200,96
1670732100,125
1670733000,120
1670733900,131
1670734800,617
1670735700,230
1670736600,192
1670737500,241
1670738400,235
1670739300,182
1670740200,216
1670741100,226
1670742000,231
1670742900,193
1670743800,199
1670744700,190
1670745600,199
1670746500,227
1670747400,276
1670748300,244
1670749200,207
1670750100,206
1670751000,212
1670751900,225
1670752800,236
1670753700,247
1670754600,237
1670755500,389
1670756400,806
1670757300,800
1670758200,395
1670759100,416
1670760000,823
1670760900,366
1670761800,313
1670762700,309
1670763600,290
1670764500,288
1670765400,326
1670766300,276
1670767200,307
1670768100,408
1670769000,400
1670769900,449
1670770800,389
1670771700,681
1670772600,1205
1670773500,1213
1670774400,954
1670775300,883
1670776200,966
1670777100,762
1670778000,443
1670778900,485
1670779800,560
1670780700,493
1670781600,646
1670782500,1052
1670783400,774
1670784300,652
1670785200,741
1670786100,967
1670787000,460
1670787900,505
1670788800,468
1670789700,477
1670790600,450
1670791500,479
1670792400,391
1670793300,378
1670794200,526
1670795100,371
1670796000,380
1670796900,404
1670797800,384
1670798700,147
1670799600,115
1670800500,136
1670801400,120
1670802300,104
1670803200,170
1670804100,141
1670805000,126
1670805900,127
1670806800,132
1670807700,131
1670808600,124
1670809500,170
1670810400,122
1670811300,105
1670812200,132
1670813100,108
1670814000,104
1670814900,124
1670815800,153
1670816700,136
1670817600,110
1670818500,132
1670819400,119
1670820300,141
1670821200,144
1670822100,155
1670823000,109
1670823900,152
1670824800,247
1670825700,311
1670826600,248
1670827500,526
1670828400,1099
1670829300,803
1670830200,714
1670831100,765
1670832000,678
1670832900,607
1670833800,661
1670834700,363
1670835600,251
1670836500,409
1670837400,362
1670838300,320
1670839200,950
1670840100,1522
1670841000,1550
1670841900,1572
1670842800,1243
1670843700,990
1670844600,464
1670845500,992
1670846400,1075
1670847300,692
1670848200,685
1670849100,700
1670850000,472
1670850900,211
1670851800,187
1670852700,169
1670853600,174
1670854500,195
1670855400,184
1670856300,436
1670857200,1321
1670858100,1487
1670859000,1103
1670859900,823
1670860800,1412
1670861700,553
1670862600,397
1670863500,399
1670864400,357
1670865300,309
1670866200,434
1670867100,409
1670868000,569
1670868900,837
1670869800,659
1670870700,446
1670871600,594
1670872500,1368
1670873400,864
1670874300,895
1670875200,650
1670876100,427
1670877000,368
1670877900,360
1670878800,308
1670879700,262
1670880600,307
1670881500,268
1670882400,281
1670883300,251
1670884200,183
1670885100,157
1670886000,132
1670886900,169
1670887800,147
1670888700,157
1670889600,139
1670890500,108
1670891400,127
1670892300,126
1670893200,125
1670894100,142
1670895000,137
1670895900,108
1670896800,117
1670897700,145
1670898600,150
1670899500,110
1670900400,130
1670901300,134
1670902200,132
1670903100,112
1670904000,151
1670904900,151
1670905800,125
1670906700,152
1670907600,311
1670908500,512
1670909400,247
1670910300,283
1670911200,244
1670912100,312
1670913000,446
1670913900,335
1670914800,365
1670915700,380
1670916600,384
1670917500,362
1670918400,394
1670919300,462
1670920200,479
1670921100,394
1670922000,465
1670922900,374
1670923800,335
1670924700,342
1670925600,308
1670926500,340
1670927400,1232
1670928300,899
1670929200,806
1670930100,1098
1670931000,756
1670931900,333
1670932800,776
1670933700,690
1670934600,348
1670935500,316
1670936400,330
1670937300,166
1670938200,161
1670939100,170
1670940000,140
1670940900,147
1670941800,127
1670942700,140
1670943600,144
1670944500,116
1670945400,156
1670946300,135
1670947200,135
1670948100,415
1670949000,479
1670949900,506
1670950800,492
1670951700,480
1670952600,471
1670953500,399
1670954400,401
1670955300,691
1670956200,1211
1670957100,1127
1670958000,851
1670958900,762
1670959800,542
1670960700,324
1670961600,552
1670962500,760
1670963400,290
1670964300,240
1670965200,226
1670966100,193
1670967000,201
1670967900,146
1670968800,176
1670969700,146
1670970600,134
1670971500,137
1670972400,115
1670973300,117
1670974200,140
1670975100,136
1670976000,115
1670976900,122
1670977800,131
1670978700,109
1670979600,116
1670980500,157
1670981400,144
1670982300,129
1670983200,119
1670984100,124
1670985000,101
1670985900,121
1670986800,159
1670987700,119
1670988600,133
1670989500,142
1670990400,109
1670991300,126
1670992200,144
1670993100,196
1670994000,813
1670994900,1017
1670995800,1072
1670996700,761
1670997600,683
1670998500,776
1670999400,479
1671000300,287
1671001200,243
1671002100,232
1671003000,187
1671003900,152
1671004800,178
1671005700,161
1671006600,134
1671007500,120
1671008400,181
1671009300,231
1671010200,238
1671011100,244
1671012000,244
1671012900,230
1671013800,235
1671014700,239
1671015600,531
1671016500,866
1671017400,1128
1671018300,640
1671019200,494
1671020100,345
1671021000,292
1671021900,266
1671022800,358
1671023700,859
1671024600,559
1671025500,474
1671026400,521
1671027300,872
1671028200,752
1671029100,1241
1671030000,969
1671030900,849
1671031800,835
1671032700,786
1671033600,894
1671034500,490
1671035400,443
1671036300,928
1671037200,1232
1671038100,892
1671039000,872
1671039900,454
1671040800,429
1671041700,709
1671042600,1172
1671043500,897
1671044400,890
1671045300,567
1671046200,445
1671047100,364
1671048000,347
1671048900,339
1671049800,303
1671050700,288
1671051600,308
1671052500,347
1671053400,304
1671054300,227
1671055200,170
1671056100,150
1671057000,133
1671057900,153
1671058800,168
1671059700,133
1671060600,136
1671061500,155
1671062400,150
1671063300,136
1671064200,165
1671065100,160
1671066000,144
1671066900,155
1671067800,167
1671068700,129
1671069600,144
1671070500,168
1671071400,156
1671072300,148
1671073200,132
1671074100,151
1671075000,139
1671075900,176
1671076800,159
1671077700,141
1671078600,158
1671079500,505
1671080400,475
1671081300,237
1671082200,258
1671083100,273
1671084000,626
1671084900,500
1671085800,477
1671086700,244
1671087600,595
1671088500,650
1671089400,262
1671090300,248
1671091200,258
1671092100,246
1671093000,241
1671093900,228
1671094800,246
1671095700,225
1671096600,235
1671097500,247
1671098400,270
1671099300,327
1671100200,278
1671101100,308
1671102000,254
1671102900,283
1671103800,716
1671104700,212
1671105600,262
1671106500,272
1671107400,275
1671108300,264
1671109200,252
1671110100,240
1671111000,265
1671111900,292
1671112800,277
1671113700,686
1671114600,403
1671115500,350
1671116400,383
1671117300,983
1671118200,496
1671119100,243
1671120000,274
1671120900,366
1671121800,361
1671122700,292
1671123600,310
1671124500,297
1671125400,266
1671126300,726
1671127200,1293
1671128100,1082
1671129000,742
1671129900,642
1671130800,606
1671131700,326
1671132600,370
1671133500,326
1671134400,302
1671135300,273
1671136200,268
1671137100,284
1671138000,264
1671138900,250
1671139800,183
1671140700,132
1671141600,140
1671142500,136
1671143400,164
1671144300,139
1671145200,127
1671146100,141
1671147000,130
1671147900,120
1671148800,128
1671149700,167
1671150600,139
1671151500,131
1671152400,148
1671153300,128
1671154200,124
1671155100,119
1671156000,196
1671156900,148
1671157800,143
1671158700,146
1671159600,128
1671160500,120
1671161400,144
1671162300,176
1671163200,142
1671164100,117
1671165000,137
1671165900,138
1671166800,563
1671167700,416
1671168600,225
1671169500,256
1671170400,254
1671171300,222
1671172200,243
1671173100,169
1671174000,180
1671174900,186
1671175800,205
1671176700,180
1671177600,226
1671178500,221
1671179400,601
1671180300,1137
1671181200,1008
1671182100,852
1671183000,1037
1671183900,787
1671184800,686
1671185700,624
1671186600,704
1671187500,634
1671188400,1769
1671189300,1959
1671190200,1540
1671191100,1413
1671192000,822
1671192900,423
1671193800,454
1671194700,692
1671195600,747
1671196500,654
1671197400,290
1671198300,434
1671199200,984
1671200100,1094
1671201000,841
1671201900,942
1671202800,410
1671203700,373
1671204600,562
1671205500,998
1671206400,898
1671207300,988
1671208200,841
1671209100,511
1671210000,716
1671210900,870
1671211800,870
1671212700,945
1671213600,630
1671214500,696
1671215400,923
1671216300,924
1671217200,942
1671218100,1099
1671219000,595
1671219900,580
1671220800,433
1671221700,899
1671222600,448
1671223500,342
1671224400,286
1671225300,272
1671226200,275
1671227100,168
1671228000,132
1671228900,148
1671229800,170
1671230700,128
1671231600,123
1671232500,137
1671233400,124
1671234300,106
1671235200,112
1671236100,158
1671237000,122
1671237900,113
1671238800,113
1671239700,121
1671240600,104
1671241500,112
1671242400,137
1671243300,133
1671244200,104
1671245100,110
1671246000,120
1671246900,120
1671247800,483
1671248700,173
1671249600,130
1671250500,132
1671251400,127
1671252300,170
1671253200,362
1671254100,174
1671255000,545
1671255900,223
1671256800,231
1671257700,563
1671258600,425
1671259500,415
1671260400,203
1671261300,964
1671262200,948
1671263100,298
1671264000,289
1671264900,312
1671265800,261
1671266700,280
1671267600,613
1671268500,333
1671269400,231
1671270300,288
1671271200,295
1671272100,261
1671273000,270
1671273900,256
1671274800,258
1671275700,247
1671276600,901
1671277500,746
1671278400,376
1671279300,226
1671280200,222
1671281100,236
1671282000,228
1671282900,235
1671283800,217
1671284700,229
1671285600,199
1671286500,198
1671287400,229
1671288300,268
1671289200,303
1671290100,829
1671291000,796
1671291900,821
1671292800,853
1671293700,780
1671294600,534
1671295500,364
1671296400,377
1671297300,997
1671298200,1345
1671299100,1600
1671300000,719
1671300900,756
1671301800,826
1671302700,395
1671303600,373
1671304500,360
1671305400,373
1671306300,341
1671307200,299
1671308100,279
1671309000,264
1671309900,222
1671310800,243
1671311700,122
1671312600,105
1671313500,116
1671314400,125
1671315300,152
1671316200,109
1671317100,145
1671318000,103
1671318900,117
1671319800,116
1671320700,130
1671321600,129
1671322500,146
1671323400,134
1671324300,135
1671325200,103
1671326100,109
1671327000,117
1671327900,114
1671328800,152
1671329700,154
1671330600,141
1671331500,127
1671332400,124
1671333300,152
1671334200,123
1671335100,139
1671336000,136
1671336900,156
1671337800,104
1671338700,119
1671339600,772
1671340500,663
1671341400,639
1671342300,688
1671343200,583
1671344100,180
1671345000,160
1671345900,158
1671346800,128
1671347700,136
1671348600,150
1671349500,206
1671350400,178
1671351300,190
1671352200,166
1671353100,181
1671354000,170
1671354900,172
1671355800,196
1671356700,229
1671357600,256
1671358500,975
1671359400,488
1671360300,485
1671361200,581
1671362100,967
1671363000,482
1671363900,206
1671364800,241
1671365700,277
1671366600,322
1671367500,280
1671368400,259
1671369300,592
1671370200,543
1671371100,581
1671372000,607
1671372900,737
1671373800,1075
1671374700,858
1671375600,547
1671376500,735
1671377400,743
1671378300,331
1671379200,395
1671380100,392
1671381000,266
1671381900,280
1671382800,316
1671383700,335
1671384600,352
1671385500,304
1671386400,315
1671387300,299
1671388200,288
1671389100,269
1671390000,282
1671390900,315
1671391800,289
1671392700,273
1671393600,301
1671394500,250
1671395400,282
1671396300,277
1671397200,237
1671398100,221
1671399000,173
1671399900,185
1671400800,261
1671401700,196
1671402600,223
1671403500,197
1671404400,248
1671405300,220
1671406200,133
1671407100,151
1671408000,123
1671408900,123
1671409800,133
1671410700,115
1671411600,143
1671412500,139
1671413400,137
1671414300,107
1671415200,118
1671416100,104
1671417000,117
1671417900,116
1671418800,136
1671419700,130
1671420600,129
1671421500,115
1671422400,128
1671423300,115
1671424200,123
1671425100,123
1671426000,147
1671426900,201
1671427800,571
1671428700,796
1671429600,437
1671430500,411
1671431400,415
1671432300,452
1671433200,486
1671434100,444
1671435000,865
1671435900,541
1671436800,348
1671437700,562
1671438600,874
1671439500,368
1671440400,335
1671441300,367
1671442200,365
1671443100,536
1671444000,367
1671444900,343
1671445800,397
1671446700,406
1671447600,766
1671448500,543
1671449400,361
1671450300,371
1671451200,293
1671452100,299
1671453000,328
1671453900,297
1671454800,321
1671455700,348
1671456600,318
1671457500,338
1671458400,327
1671459300,308
1671460200,339
1671461100,315
1671462000,368
1671462900,386
1671463800,354
1671464700,317
1671465600,311
1671466500,341
1671467400,448
1671468300,963
1671469200,631
1671470100,380
1671471000,340
1671471900,319
1671472800,329
1671473700,395
1671474600,329
1671475500,812
1671476400,864
1671477300,1311
1671478200,505
1671479100,363
1671480000,515
1671480900,847
1671481800,295
1671482700,286
1671483600,300
1671484500,237
1671485400,237
1671486300,219
1671487200,182
1671488100,159
1671489000,149
1671489900,123
1671490800,167
1671491700,170
1671492600,125
1671493500,134
1671494400,162
1671495300,189
1671496200,177
1671497100,159
1671498000,179
1671498900,182
1671499800,127
1671500700,151
1671501600,132
1671502500,165
1671503400,123
1671504300,145
1671505200,190
1671506100,131
1671507000,154
1671507900,150
1671508800,155
1671509700,160
1671510600,132
1671511500,176
1671512400,254
1671513300,648
1671514200,216
1671515100,269
1671516000,243
1671516900,506
1671517800,995
1671518700,1464
1671519600,1423
1671520500,1210
1671521400,852
1671522300,1042
1671523200,1360
1671524100,817
1671525000,848
1671525900,397
1671526800,407
1671527700,763
1671528600,765
1671529500,650
1671530400,855
1671531300,878
1671532200,985
1671533100,787
1671534000,924
1671534900,877
1671535800,856
1671536700,780
1671537600,869
1671538500,631
1671539400,560
1671540300,348
1671541200,771
1671542100,557
1671543000,339
1671543900,342
1671544800,309
1671545700,328
1671546600,351
1671547500,326
1671548400,742
1671549300,830
1671550200,844
1671551100,867
1671552000,604
1671552900,417
1671553800,411
1671554700,386
1671555600,359
1671556500,466
1671557400,471
1671558300,367
1671559200,365
1671560100,398
1671561000,445
1671561900,382
1671562800,398
1671563700,372
1671564600,387
1671565500,334
1671566400,361
1671567300,335
1671568200,358
1671569100,288
1671570000,222
1671570900,248
1671571800,247
1671572700,249
1671573600,248
1671574500,248
1671575400,267
1671576300,294
1671577200,234
1671578100,165
1671579000,111
1671579900,124
1671580800,102
1671581700,127
1671582600,121
1671583500,137
1671584400,103
1671585300,108
1671586200,101
1671587100,120
1671588000,104
1671588900,142
1671589800,121
1671590700,130
1671591600,97
1671592500,104
1671593400,112
1671594300,131
1671595200,105
1671596100,183
1671597000,125
1671597900,197
1671598800,599
1671599700,243
1671600600,207
1671601500,289
1671602400,715
1671603300,411
1671604200,325
1671605100,268
1671606000,743
1671606900,362
1671607800,332
1671608700,630
1671609600,207
1671610500,166
1671611400,138
1671612300,145
1671613200,139
1671614100,154
1671615000,139
1671615900,118
1671616800,123
1671617700,95
1671618600,92
1671619500,135
1671620400,198
1671621300,826
1671622200,236
1671623100,238
1671624000,542
1671624900,480
1671625800,416
1671626700,284
1671627600,774
1671628500,419
1671629400,265
1671630300,309
1671631200,278
1671632100,267
1671633000,266
1671633900,254
1671634800,252
1671635700,253
1671636600,269
1671637500,282
1671638400,260
1671639300,279
1671640200,311
1671641100,312
1671642000,271
1671642900,278
1671643800,330
1671644700,325
1671645600,532
1671646500,1062
1671647400,1310
1671648300,1026
1671649200,815
1671650100,684
1671651000,375
1671651900,356
1671652800,309
1671653700,321
1671654600,294
1671655500,293
1671656400,277
1671657300,230
1671658200,173
1671659100,119
1671660000,132
1671660900,129
1671661800,142
1671662700,128
1671663600,123
1671664500,132
1671665400,151
1671666300,110
1671667200,110
1671668100,115
1671669000,123
1671669900,107
1671670800,107
1671671700,130
1671672600,143
1671673500,114
1671674400,105
1671675300,107
1671676200,120
1671677100,105
1671678000,110
1671678900,211
1671679800,457
1671680700,240
1671681600,220
1671682500,227
1671683400,247
1671684300,294
1671685200,441
1671686100,344
1671687000,336
1671687900,321
1671688800,317
1671689700,348
1671690600,410
1671691500,775
1671692400,466
1671693300,364
1671694200,364
1671695100,865
1671696000,461
1671696900,349
1671697800,359
1671698700,338
1671699600,389
1671700500,338
1671701400,352
1671702300,375
1671703200,910
1671704100,502
1671705000,408
1671705900,373
1671706800,490
1671707700,715
1671708600,728
1671709500,638
1671710400,556
1671711300,414
1671712200,415
1671713100,352
1671714000,321
1671714900,320
1671715800,322
1671716700,345
1671717600,347
1671718500,357
1671719400,602
1671720300,851
1671721200,612
1671722100,740
1671723000,825
1671723900,1279
1671724800,758
1671725700,839
1671726600,910
1671727500,769
1671728400,709
1671729300,470
1671730200,303
1671731100,497
1671732000,1210
1671732900,722
1671733800,397
1671734700,355
1671735600,355
1671736500,372
1671737400,402
1671738300,361
1671739200,346
1671740100,331
1671741000,281
1671741900,254
1671742800,269
1671743700,372
1671744600,297
1671745500,272
1671746400,295
1671747300,315
1671748200,244
1671749100,181
1671750000,140
1671750900,118
1671751800,123
1671752700,117
1671753600,168
1671754500,130
1671755400,128
1671756300,136
1671757200,138
1671758100,127
1671759000,120
1671759900,134
1671760800,159
1671761700,115
1671762600,122
1671763500,131
1671764400,121
1671765300,123
1671766200,136
1671767100,177
1671768000,126
1671768900,113
1671769800,123
1671770700,169
1671771600,785
1671772500,937
1671773400,849
1671774300,751
1671775200,700
1671776100,699
1671777000,506
1671777900,255
1671778800,225
1671779700,196
1671780600,442
1671781500,285
1671782400,279
1671783300,273
1671784200,276
1671785100,247
1671786000,266
1671786900,255
1671787800,313
1671788700,263
1671789600,287
1671790500,264
1671791400,295
1671792300,326
1671793200,419
1671794100,289
1671795000,324
1671795900,674
1671796800,761
1671797700,627
1671798600,379
1671799500,604
1671800400,884
1671801300,335
1671802200,335
1671803100,320
1671804000,395
1671804900,331
1671805800,285
1671806700,291
1671807600,560
1671808500,412
1671809400,326
1671810300,293
1671811200,304
1671812100,410
1671813000,417
1671813900,396
1671814800,819
1671815700,972
1671816600,1576
1671817500,642
1671818400,1055
1671819300,586
1671820200,778
1671821100,653
1671822000,382
1671822900,385
1671823800,382
1671824700,386
1671825600,374
1671826500,404
1671827400,405
1671828300,339
1671829200,261
1671830100,235
1671831000,237
1671831900,233
1671832800,122
1671833700,130
1671834600,127
1671835500,102
1671836400,116
1671837300,109
1671838200,133
1671839100,102
1671840000,120
1671840900,137
1671841800,114
1671842700,103
1671843600,101
1671844500,116
1671845400,109
1671846300,100
1671847200,146
1671848100,135
1671849000,116
1671849900,109
1671850800,108
1671851700,128
1671852600,125
1671853500,138
1671854400,129
1671855300,129
1671856200,134
1671857100,156
1671858000,213
1671858900,229
1671859800,217
1671860700,320
1671861600,473
1671862500,248
1671863400,232
1671864300,402
1671865200,275
1671866100,750
1671867000,710
1671867900,559
1671868800,355
1671869700,727
1671870600,708
1671871500,372
1671872400,284
1671873300,279
1671874200,307
1671875100,285
1671876000,288
1671876900,279
1671877800,412
1671878700,837
1671879600,602
1671880500,1026
1671881400,676
1671882300,761
1671883200,361
1671884100,337
1671885000,341
1671885900,290
1671886800,319
1671887700,307
1671888600,290
1671889500,292
1671890400,263
1671891300,253
1671892200,201
1671893100,332
1671894000,279
1671894900,287
1671895800,286
1671896700,284
1671897600,258
1671898500,194
1671899400,184
1671900300,239
1671901200,247
1671902100,249
1671903000,242
1671903900,270
1671904800,334
1671905700,349
1671906600,362
1671907500,349
1671908400,337
1671909300,313
1671910200,308
1671911100,280
1671912000,394
1671912900,394
1671913800,942
1671914700,530
1671915600,615
1671916500,450
1671917400,943
1671918300,644
1671919200,349
1671920100,314
1671921000,263
1671921900,252
1671922800,242
1671923700,237
1671924600,262
1671925500,289
1671926400,259
1671927300,274
1671928200,291
1671929100,267
1671930000,263
1671930900,261
1671931800,277
1671932700,228
1671933600,189
1671934500,158
1671935400,108
1671936300,103
1671937200,107
1671938100,126
1671939000,118
1671939900,152
1671940800,133
1671941700,130
1671942600,113
1671943500,103
1671944400,153
1671945300,563
1671946200,205
1671947100,246
1671948000,226
1671948900,185
1671949800,219
1671950700,285
1671951600,672
1671952500,489
1671953400,1064
1671954300,815
1671955200,716
1671956100,723
1671957000,1138
1671957900,592
1671958800,577
1671959700,854
1671960600,589
1671961500,1005
1671962400,1063
1671963300,928
1671964200,716
1671965100,680
1671966000,782
1671966900,391
1671967800,449
1671968700,766
1671969600,394
1671970500,309
1671971400,453
1671972300,366
1671973200,344
1671974100,342
1671975000,309
1671975900,318
1671976800,297
1671977700,349
1671978600,315
1671979500,357
1671980400,371
1671981300,318
1671982200,296
1671983100,379
1671984000,603
1671984900,1118
1671985800,924
1671986700,817
1671987600,561
1671988500,1040
1671989400,631
1671990300,520
1671991200,555
1671992100,548
1671993000,558
1671993900,543
1671994800,533
1671995700,420
1671996600,396
1671997500,382
1671998400,350
1671999300,314
1672000200,319
1672001100,308
1672002000,310
1672002900,369
1672003800,265
1672004700,215
1672005600,230
1672006500,165
1672007400,124
1672008300,98
1672009200,119
1672010100,134
1672011000,113
1672011900,127
1672012800,136
1672013700,119
1672014600,117
1672015500,125
1672016400,143
1672017300,130
1672018200,151
1672019100,145
1672020000,133
1672020900,103
1672021800,107
1672022700,102
1672023600,124
1672024500,109
1672025400,140
1672026300,114
1672027200,122
1672028100,113
1672029000,124
1672029900,136
1672030800,413
1672031700,1077
1672032600,920
1672033500,738
1672034400,688
1672035300,660
1672036200,271
1672037100,242
1672038000,316
1672038900,239
1672039800,272
1672040700,711
1672041600,957
1672042500,765
1672043400,1207
1672044300,1553
1672045200,1326
1672046100,1880
1672047000,1531
1672047900,1151
1672048800,1073
1672049700,1659
1672050600,1445
1672051500,803
1672052400,740
1672053300,614
1672054200,460
1672055100,407
1672056000,426
1672056900,360
1672057800,439
1672058700,352
1672059600,347
1672060500,353
1672061400,375
1672062300,408
1672063200,391
1672064100,528
1672065000,986
1672065900,578
1672066800,417
1672067700,422
1672068600,457
1672069500,499
1672070400,504
1672071300,704
1672072200,769
1672073100,681
1672074000,480
1672074900,770
1672075800,932
1672076700,492
1672077600,504
1672078500,447
1672079400,420
1672080300,811
1672081200,776
1672082100,513
1672083000,385
1672083900,381
1672084800,388
1672085700,358
1672086600,354
1672087500,404
1672088400,408
1672089300,300
1672090200,328
1672091100,284
1672092000,275
1672092900,285
1672093800,181
1672094700,133
1672095600,93
1672096500,133
1672097400,127
1672098300,92
1672099200,102
1672100100,105
1672101000,129
1672101900,102
1672102800,121
1672103700,150
1672104600,110
1672105500,97
1672106400,116
1672107300,108
1672108200,123
1672109100,95
1672110000,130
1672110900,143
1672111800,115
1672112700,106
1672113600,99
1672114500,149
1672115400,124
1672116300,130
1672117200,467
1672118100,798
1672119000,619
1672119900,740
1672120800,796
1672121700,780
1672122600,372
1672123500,208
1672124400,223
1672125300,182
1672126200,219
1672127100,236
1672128000,250
1672128900,306
1672129800,347
1672130700,771
1672131600,622
1672132500,702
1672133400,954
1672134300,770
1672135200,373
1672136100,665
1672137000,1042
1672137900,1008
1672138800,763
1672139700,501
1672140600,379
1672141500,489
1672142400,305
1672143300,337
1672144200,815
1672145100,649
1672146000,559
1672146900,329
1672147800,672
1672148700,721
1672149600,339
1672150500,366
1672151400,564
1672152300,392
1672153200,316
1672154100,294
1672155000,296
1672155900,323
1672156800,984
1672157700,1075
1672158600,890
1672159500,872
1672160400,897
1672161300,943
1672162200,918
1672163100,945
1672164000,855
1672164900,685
1672165800,412
1672166700,417
1672167600,384
1672168500,351
1672169400,370
1672170300,340
1672171200,310
1672172100,341
1672173000,318
1672173900,317
1672174800,271
1672175700,319
1672176600,270
1672177500,233
1672178400,232
1672179300,251
1672180200,232
1672181100,222
1672182000,248
1672182900,278
1672183800,151
1672184700,123
1672185600,157
1672186500,123
1672187400,137
1672188300,158
1672189200,178
1672190100,158
1672191000,150
1672191900,157
1672192800,133
1672193700,124
1672194600,136
1672195500,162
1672196400,144
1672197300,122
1672198200,142
1672199100,163
1672200000,132
1672200900,131
1672201800,156
1672202700,285
1672203600,182
1672204500,144
1672205400,233
1672206300,214
1672207200,224
1672208100,254
1672209000,282
1672209900,268
1672210800,258
1672211700,323
1672212600,293
1672213500,293
1672214400,333
1672215300,323
1672216200,294
1672217100,345
1672218000,374
1672218900,507
1672219800,1050
1672220700,1128
1672221600,1350
1672222500,932
1672223400,501
1672224300,936
1672225200,776
1672226100,395
1672227000,285
1672227900,345
1672228800,383
1672229700,345
1672230600,329
1672231500,339
1672232400,330
1672233300,324
1672234200,343
1672235100,352
1672236000,301
1672236900,305
1672237800,392
1672238700,310
1672239600,319
1672240500,652
1672241400,1213
1672242300,861
1672243200,846
1672244100,989
1672245000,766
1672245900,711
1672246800,588
1672247700,418
1672248600,658
1672249500,1160
1672250400,1426
1672251300,1210
1672252200,877
1672253100,417
1672254000,847
1672254900,754
1672255800,413
1672256700,880
1672257600,362
1672258500,300
1672259400,294
1672260300,283
1672261200,288
1672262100,143
1672263000,131
1672263900,140
1672264800,128
1672265700,123
1672266600,128
1672267500,174
1672268400,132
1672269300,121
1672270200,127
1672271100,139
1672272000,119
1672272900,118
1672273800,160
1672274700,159
1672275600,127
1672276500,135
1672277400,137
1672278300,122
1672279200,130
1672280100,141
1672281000,173
1672281900,156
1672282800,149
1672283700,158
1672284600,160
1672285500,166
1672286400,141
1672287300,168
1672288200,127
1672289100,123
1672290000,126
1672290900,354
1672291800,406
1672292700,207
1672293600,243
1672294500,241
1672295400,237
1672296300,239
1672297200,249
1672298100,212
1672299000,241
1672299900,293
1672300800,316
1672301700,278
1672302600,269
1672303500,321
1672304400,266
1672305300,255
1672306200,861
1672307100,1176
1672308000,853
1672308900,810
1672309800,734
1672310700,1087
1672311600,1168
1672312500,676
1672313400,517
1672314300,634
1672315200,822
1672316100,552
1672317000,1041
1672317900,816
1672318800,827
1672319700,786
1672320600,750
1672321500,647
1672322400,364
1672323300,342
1672324200,318
1672325100,329
1672326000,294
1672326900,336
1672327800,337
1672328700,309
1672329600,354
1672330500,706
1672331400,800
1672332300,683
1672333200,495
1672334100,828
1672335000,865
1672335900,454
1672336800,448
1672337700,522
1672338600,445
1672339500,490
1672340400,515
1672341300,484
1672342200,474
1672343100,335
1672344000,328
1672344900,309
1672345800,257
1672346700,327
1672347600,329
1672348500,249
1672349400,222
1672350300,240
1672351200,208
1672352100,150
1672353000,139
1672353900,138
1672354800,104
1672355700,108
1672356600,105
1672357500,139
1672358400,104
1672359300,119
1672360200,120
1672361100,122
1672362000,98
1672362900,103
1672363800,111
1672364700,135
1672365600,137
1672366500,161
1672367400,136
1672368300,133
1672369200,114
1672370100,108
1672371000,134
1672371900,111
1672372800,126
1672373700,115
1672374600,115
1672375500,115
1672376400,103
1672377300,128
1672378200,338
1672379100,365
1672380000,316
1672380900,199
1672381800,155
1672382700,158
1672383600,193
1672384500,218
1672385400,190
1672386300,204
1672387200,193
1672388100,267
1672389000,266
1672389900,310
1672390800,328
1672391700,346
1672392600,379
1672393500,1308
1672394400,676
1672395300,928
1672396200,814
1672397100,873
1672398000,672
1672398900,362
1672399800,380
1672400700,913
1672401600,541
1672402500,540
1672403400,299
1672404300,763
1672405200,524
1672406100,285
1672407000,290
1672407900,266
1672408800,269
1672409700,273
1672410600,504
1672411500,448
1672412400,407
1672413300,389
1672414200,355
1672415100,359
1672416000,343
1672416900,358
1672417800,355
1672418700,797
1672419600,457
1672420500,399
1672421400,462
1672422300,467
1672423200,530
1672424100,555
1672425000,551
1672425900,550
1672426800,468
1672427700,374
1672428600,338
1672429500,338
1672430400,344
1672431300,333
1672432200,301
1672433100,296
1672434000,329
1672434900,356
1672435800,358
1672436700,446
1672437600,378
1672438500,343
1672439400,135
1672440300,108
1672441200,94
1672442100,98
1672443000,110
1672443900,129
1672444800,110
1672445700,96
1672446600,127
1672447500,104
1672448400,95
1672449300,90
1672450200,125
1672451100,126
1672452000,90
1672452900,116
1672453800,89
1672454700,101
1672455600,103
1672456500,117
1672457400,131
1672458300,137
1672459200,121
1672460100,130
1672461000,106
1672461900,114
1672462800,129
1672463700,147
1672464600,111
1672465500,249
1672466400,280
1672467300,244
1672468200,231
1672469100,249
1672470000,260
1672470900,215
1672471800,483
1672472700,619
1672473600,435
1672474500,188
1672475400,453
1672476300,697
1672477200,184
1672478100,177
1672479000,186
1672479900,187
1672480800,168
1672481700,179
1672482600,260
1672483500,225
1672484400,185
1672485300,217
1672486200,437
1672487100,221
1672488000,206
1672488900,203
1672489800,196
1672490700,167
1672491600,164
1672492500,192
1672493400,182
1672494300,196
1672495200,194
1672496100,221
1672497000,183
1672497900,518
1672498800,786
1672499700,540
1672500600,362
1672501500,677
1672502400,741
1672503300,359
1672504200,400
1672505100,677
1672506000,821
1672506900,741
1672507800,673
1672508700,408
1672509600,349
1672510500,367
1672511400,376
1672512300,924
1672513200,506
1672514100,528
1672515000,368
1672515900,850
1672516800,485
1672517700,253
1672518600,256
1672519500,306
1672520400,355
1672521300,321
1672522200,298
1672523100,322
1672524000,294
1672524900,287
1672525800,330
1672526700,336
1672527600,403
1672528500,550
1672529400,316
1672530300,276
1672531200,265
1672532100,188
1672533000,215
1672533900,223
1672534800,193
1672535700,155
1672536600,112
1672537500,124
1672538400,115
1672539300,121
1672540200,119
1672541100,93
1672542000,108
1672542900,93
1672543800,98
1672544700,148
1672545600,114
1672546500,137
1672547400,96
1672548300,113
1672549200,94
1672550100,89
1672551000,142
1672551900,173
1672552800,349
1672553700,118
1672554600,139
1672555500,132
1672556400,131
1672557300,353
1672558200,225
1672559100,236
1672560000,200
1672560900,218
1672561800,223
1672562700,282
1672563600,475
1672564500,281
1672565400,750
1672566300,539
1672567200,422
1672568100,722
1672569000,1497
1672569900,659
1672570800,937
1672571700,363
1672572600,278
1672573500,341
1672574400,663
1672575300,475
1672576200,425
1672577100,454
1672578000,836
1672578900,368
1672579800,296
1672580700,500
1672581600,325
1672582500,324
1672583400,297
1672584300,325
1672585200,363
1672586100,385
1672587000,362
1672587900,383
1672588800,570
1672589700,824
1672590600,377
1672591500,362
1672592400,399
1672593300,372
1672594200,338
1672595100,363
1672596000,345
1672596900,708
1672597800,556
1672598700,352
1672599600,378
1672600500,858
1672601400,581
1672602300,381
1672603200,633
1672604100,784
1672605000,351
1672605900,317
1672606800,300
1672607700,294
1672608600,215
1672609500,202
1672610400,190
1672611300,159
1672612200,100
1672613100,153
1672614000,109
1672614900,150
1672615800,97
1672616700,109
1672617600,145
1672618500,144
1672619400,106
1672620300,120
1672621200,136
1672622100,142
1672623000,120
1672623900,138
1672624800,156
1672625700,120
1672626600,98
1672627500,134
1672628400,123
1672629300,111
1672630200,123
1672631100,149
1672632000,96
1672632900,110
1672633800,134
1672634700,119
1672635600,96
1672636500,147
1672637400,164
1672638300,204
1672639200,141
1672640100,209
1672641000,632
1672641900,579
1672642800,1544
1672643700,719
1672644600,285
1672645500,297
1672646400,227
1672647300,193
1672648200,261
1672649100,325
1672650000,272
1672650900,714
1672651800,1160
1672652700,626
1672653600,608
1672654500,479
1672655400,444
1672656300,862
1672657200,422
1672658100,335
1672659000,436
1672659900,740
1672660800,494
1672661700,281
1672662600,957
1672663500,1637
1672664400,796
1672665300,857
1672666200,731
1672667100,360
1672668000,271
1672668900,289
1672669800,279
1672670700,277
1672671600,283
1672672500,319
1672673400,342
1672674300,345
1672675200,488
1672676100,372
1672677000,352
1672677900,331
1672678800,359
1672679700,345
1672680600,662
1672681500,1200
1672682400,903
1672683300,682
1672684200,853
1672685100,879
1672686000,856
1672686900,1275
1672687800,634
1672688700,383
1672689600,340
1672690500,336
1672691400,340
1672692300,338
1672693200,321
1672694100,287
1672695000,133
1672695900,104
1672696800,107
1672697700,106
1672698600,102
1672699500,132
1672700400,132
1672701300,113
1672702200,104
1672703100,93
1672704000,95
1672704900,129
1672705800,115
1672706700,124
1672707600,93
1672708500,138
1672709400,128
1672710300,124
1672711200,146
1672712100,132
1672713000,129
1672713900,97
1672714800,117
1672715700,100
1672716600,95
1672717500,117
1672718400,122
1672719300,138
1672720200,107
1672721100,108
1672722000,108
1672722900,383
1672723800,808
1672724700,447
1672725600,424
1672726500,195
1672727400,739
1672728300,350
1672729200,183
1672730100,193
1672731000,241
1672731900,206
1672732800,186
1672733700,238
1672734600,256
1672735500,249
1672736400,248
1672737300,276
1672738200,243
1672739100,221
1672740000,267
1672740900,1292
1672741800,615
1672742700,935
1672743600,1374
1672744500,1300
1672745400,657
1672746300,774
1672747200,545
1672748100,277
1672749000,285
1672749900,280
1672750800,307
1672751700,287
1672752600,293
1672753500,337
1672754400,317
1672755300,292
1672756200,305
1672757100,367
1672758000,399
1672758900,413
1672759800,390
1672760700,390
1672761600,349
1672762500,536
1672763400,514
1672764300,348
1672765200,369
1672766100,380
1672767000,448
1672767900,437
1672768800,425
1672769700,439
1672770600,452
1672771500,507
1672772400,538
1672773300,525
1672774200,608
1672775100,493
1672776000,409
1672776900,380
1672777800,365
1672778700,362
1672779600,375
1672780500,370
1672781400,296
1672782300,287
1672783200,303
1672784100,310
1672785000,404
1672785900,181
1672786800,133
1672787700,93
1672788600,102
1672789500,109
1672790400,117
1672791300,130
1672792200,106
1672793100,114
1672794000,100
1672794900,96
1672795800,101
1672796700,128
1672797600,123
1672798500,96
1672799400,122
1672800300,114
1672801200,109
1672802100,101
1672803000,144
1672803900,142
1672804800,124
1672805700,115
1672806600,137
1672807500,121
1672808400,107
1672809300,128
1672810200,280
1672811100,190
1672812000,154
1672812900,179
1672813800,194
1672814700,184
1672815600,218
1672816500,210
1672817400,188
1672818300,543
1672819200,583
1672820100,547
1672821000,794
1672821900,1624
1672822800,1523
1672823700,898
1672824600,802
1672825500,828
1672826400,767
1672827300,644
1672828200,385
1672829100,364
1672830000,671
1672830900,1332
1672831800,788
1672832700,302
1672833600,385
1672834500,345
1672835400,642
1672836300,489
1672837200,509
1672838100,582
1672839000,920
1672839900,648
1672840800,324
1672841700,346
1672842600,342
1672843500,376
1672844400,358
1672845300,377
1672846200,344
1672847100,354
1672848000,367
1672848900,414
1672849800,416
1672850700,785
1672851600,1146
1672852500,765
1672853400,441
1672854300,851
1672855200,809
1672856100,813
1672857000,837
1672857900,369
1672858800,317
1672859700,335
1672860600,321
1672861500,298
1672862400,352
1672863300,348
1672864200,324
1672865100,243
1672866000,313
1672866900,183
1672867800,144
1672868700,169
1672869600,178
1672870500,142
1672871400,163
1672872300,138
1672873200,160
1672874100,135
1672875000,184
1672875900,184
1672876800,167
1672877700,151
1672878600,154
1672879500,140
1672880400,137
1672881300,157
1672882200,144
1672883100,173
1672884000,127
1672884900,124
1672885800,129
1672886700,164
1672887600,165
1672888500,122
1672889400,151
1672890300,155
1672891200,136
1672892100,165
1672893000,180
1672893900,131
1672894800,126
1672895700,465
1672896600,281
1672897500,227
1672898400,255
1672899300,223
1672900200,199
1672901100,176
1672902000,426
1672902900,367
1672903800,188
1672904700,294
1672905600,233
1672906500,302
1672907400,610
1672908300,1130
1672909200,972
1672910100,731
1672911000,648
1672911900,286
1672912800,271
1672913700,243
1672914600,268
1672915500,751
1672916400,906
1672917300,444
1672918200,272
1672919100,257
1672920000,248
1672920900,226
1672921800,256
1672922700,240
1672923600,233
1672924500,253
1672925400,244
1672926300,272
1672927200,425
1672928100,760
1672929000,498
1672929900,263
1672930800,586
1672931700,785
1672932600,319
1672933500,324
1672934400,421
1672935300,941
1672936200,389
1672937100,316
1672938000,310
1672938900,298
1672939800,386
1672940700,329
1672941600,315
1672942500,398
1672943400,829
1672944300,786
1672945200,830
1672946100,731
1672947000,376
1672947900,404
1672948800,410
1672949700,364
1672950600,355
1672951500,356
1672952400,320
1672953300,310
1672954200,228
1672955100,181
1672956000,116
1672956900,123
1672957800,111
1672958700,104
1672959600,121
1672960500,145
1672961400,116
1672962300,109
1672963200,125
1672964100,133
1672965000,109
1672965900,111
1672966800,144
1672967700,109
1672968600,111
1672969500,105
1672970400,139
1672971300,113
1672972200,154
1672973100,145
1672974000,155
1672974900,131
1672975800,131
1672976700,124
1672977600,132
1672978500,131
1672979400,104
1672980300,116
1672981200,281
1672982100,478
1672983000,231
1672983900,288
1672984800,332
1672985700,323
1672986600,353
1672987500,393
1672988400,366
1672989300,343
1672990200,416
1672991100,421
1672992000,629
1672992900,940
1672993800,580
1672994700,526
1672995600,503
1672996500,644
1672997400,1536
1672998300,1061
1672999200,1093
1673000100,1021
1673001000,1746
1673001900,864
1673002800,559
1673003700,541
1673004600,340
1673005500,307
1673006400,325
1673007300,322
1673008200,345
1673009100,327
1673010000,447
1673010900,453
1673011800,322
1673012700,329
1673013600,340
1673014500,338
1673015400,357
1673016300,490
1673017200,332
1673018100,337
1673019000,387
1673019900,312
1673020800,567
1673021700,864
1673022600,785
1673023500,875
1673024400,699
1673025300,408
1673026200,404
1673027100,427
1673028000,406
1673028900,381
1673029800,366
1673030700,387
1673031600,371
1673032500,413
1673033400,437
1673034300,388
1673035200,355
1673036100,387
1673037000,352
1673037900,262
1673038800,241
1673039700,227
1673040600,199
1673041500,190
1673042400,225
1673043300,274
1673044200,189
1673045100,418
1673046000,253
1673046900,135
1673047800,138
1673048700,152
1673049600,153
1673050500,128
1673051400,140
1673052300,150
1673053200,177
1673054100,179
1673055000,164
1673055900,144
1673056800,149
1673057700,127
1673058600,133
1673059500,150
1673060400,157
1673061300,126
1673062200,151
1673063100,157
1673064000,132
1673064900,135
1673065800,174
1673066700,141
1673067600,621
1673068500,234
1673069400,168
1673070300,192
1673071200,259
1673072100,309
1673073000,268
1673073900,235
1673074800,255
1673075700,244
1673076600,256
1673077500,262
1673078400,295
1673079300,299
1673080200,352
1673081100,337
1673082000,340
1673082900,332
1673083800,350
1673084700,295
1673085600,307
1673086500,744
1673087400,1392
1673088300,1641
1673089200,1051
1673090100,1029
1673091000,897
1673091900,1501
1673092800,474
1673093700,322
1673094600,460
1673095500,355
1673096400,351
1673097300,370
1673098200,286
1673099100,223
1673100000,252
1673100900,279
1673101800,303
1673102700,281
1673103600,277
1673104500,236
1673105400,301
1673106300,288
1673107200,336
1673108100,369
1673109000,341
1673109900,343
1673110800,371
1673111700,324
1673112600,330
1673113500,362
1673114400,351
1673115300,345
1673116200,331
1673117100,360
1673118000,374
1673118900,370
1673119800,408
1673120700,367
1673121600,384
1673122500,348
1673123400,331
1673124300,335
1673125200,387
1673126100,769
1673127000,462
1673127900,444
1673128800,256
1673129700,723
1673130600,509
1673131500,205
1673132400,123
1673133300,109
1673134200,115
1673135100,127
1673136000,116
1673136900,155
1673137800,145
1673138700,151
1673139600,143
1673140500,128
1673141400,117
1673142300,155
1673143200,151
1673144100,130
1673145000,135
1673145900,138
1673146800,134
1673147700,127
1673148600,199
1673149500,160
1673150400,139
1673151300,125
1673152200,153
1673153100,128
1673154000,654
1673154900,191
1673155800,213
1673156700,193
1673157600,163
1673158500,177
1673159400,220
1673160300,224
1673161200,232
1673162100,202
1673163000,199
1673163900,214
1673164800,207
1673165700,355
1673166600,353
1673167500,635
1673168400,262
1673169300,218
1673170200,345
1673171100,730
1673172000,320
1673172900,261
1673173800,245
1673174700,253
1673175600,302
1673176500,656
1673177400,297
1673178300,328
1673179200,282
1673180100,295
1673181000,285
1673181900,283
1673182800,551
1673183700,575
1673184600,355
1673185500,327
1673186400,608
1673187300,754
1673188200,273
1673189100,350
1673190000,396
1673190900,368
1673191800,351
1673192700,566
1673193600,557
1673194500,989
1673195400,667
1673196300,525
1673197200,716
1673198100,845
1673199000,349
1673199900,393
1673200800,363
1673201700,367
1673202600,360
1673203500,325
1673204400,316
1673205300,292
1673206200,329
1673207100,291
1673208000,320
1673208900,355
1673209800,386
1673210700,377
1673211600,351
1673212500,340
1673213400,329
1673214300,244
1673215200,192
1673216100,198
1673217000,164
1673217900,155
1673218800,147
1673219700,129
1673220600,134
1673221500,111
1673222400,139
1673223300,125
1673224200,124
1673225100,107
1673226000,136
1673226900,116
1673227800,116
1673228700,108
1673229600,107
1673230500,125
1673231400,135
1673232300,133
1673233200,105
1673234100,119
1673235000,106
1673235900,107
1673236800,106
1673237700,136
1673238600,138
1673239500,154
1673240400,159
1673241300,157
1673242200,138
1673243100,132
1673244000,198
1673244900,584
1673245800,200
1673246700,171
1673247600,298
1673248500,524
1673249400,359
1673250300,229
1673251200,326
1673252100,671
1673253000,1120
1673253900,827
1673254800,636
1673255700,563
1673256600,304
1673257500,309
1673258400,336
1673259300,323
1673260200,900
1673261100,1183
1673262000,541
1673262900,273
1673263800,258
1673264700,331
1673265600,765
1673266500,485
1673267400,495
1673268300,289
1673269200,789
1673270100,490
1673271000,245
1673271900,293
1673272800,290
1673273700,301
1673274600,278
1673275500,285
1673276400,282
1673277300,265
1673278200,271
1673279100,278
1673280000,315
1673280900,292
1673281800,445
1673282700,327
1673283600,345
1673284500,342
1673285400,341
1673286300,353
1673287200,372
1673288100,354
1673289000,408
1673289900,760
1673290800,1349
1673291700,1604
1673292600,1063
1673293500,797
1673294400,1036
1673295300,1013
1673296200,452
1673297100,367
1673298000,342
1673298900,306
1673299800,248
1673300700,286
1673301600,239
1673302500,244
1673303400,263
1673304300,173
1673305200,133
1673306100,114
1673307000,114
1673307900,115
1673308800,115
1673309700,152
1673310600,130
1673311500,142
1673312400,128
1673313300,110
1673314200,104
1673315100,128
1673316000,138
1673316900,116
1673317800,114
1673318700,129
1673319600,104
1673320500,110
1673321400,111
1673322300,159
1673323200,121
1673324100,115
1673325000,111
1673325900,144
1673326800,201
1673327700,741
1673328600,354
1673329500,369
1673330400,313
1673331300,297
1673332200,302
1673333100,386
1673334000,366
1673334900,340
1673335800,358
1673336700,346
1673337600,847
1673338500,748
1673339400,799
1673340300,773
1673341200,777
1673342100,742
1673343000,788
1673343900,1200
1673344800,1332
1673345700,1221
1673346600,1152
1673347500,1512
1673348400,647
1673349300,517
1673350200,746
1673351100,845
1673352000,671
1673352900,1144
1673353800,1358
1673354700,953
1673355600,753
1673356500,273
1673357400,254
1673358300,267
1673359200,232
1673360100,256
1673361000,239
1673361900,200
1673362800,216
1673363700,236
1673364600,225
1673365500,201
1673366400,272
1673367300,438
1673368200,639
1673369100,788
1673370000,637
1673370900,422
1673371800,807
1673372700,793
1673373600,532
1673374500,545
1673375400,914
1673376300,783
1673377200,300
1673378100,349
1673379000,326
1673379900,327
1673380800,357
1673381700,494
1673382600,325
1673383500,267
1673384400,254
1673385300,349
1673386200,259
1673387100,266
1673388000,255
1673388900,235
1673389800,207
1673390700,150
1673391600,121
1673392500,143
1673393400,143
1673394300,141
1673395200,116
1673396100,148
1673397000,129
1673397900,132
1673398800,168
1673399700,157
1673400600,119
1673401500,144
1673402400,123
1673403300,147
1673404200,120
1673405100,154
1673406000,147
1673406900,137
1673407800,142
1673408700,134
1673409600,124
1673410500,162
1673411400,131
1673412300,375
1673413200,643
1673414100,176
1673415000,278
1673415900,333
1673416800,357
1673417700,279
1673418600,273
1673419500,322
1673420400,304
1673421300,275
1673422200,298
1673423100,305
1673424000,303
1673424900,300
1673425800,280
1673426700,310
1673427600,279
1673428500,328
1673429400,300
1673430300,307
1673431200,308
1673432100,279
1673433000,307
1673433900,291
1673434800,243
1673435700,767
1673436600,544
1673437500,173
1673438400,160
1673439300,148
1673440200,278
1673441100,721
1673442000,363
1673442900,299
1673443800,256
1673444700,697
1673445600,264
1673446500,233
1673447400,190
1673448300,145
1673449200,167
1673450100,179
1673451000,184
1673451900,437
1673452800,512
1673453700,310
1673454600,609
1673455500,1092
1673456400,1037
1673457300,802
1673458200,1439
1673459100,966
1673460000,730
1673460900,479
1673461800,344
1673462700,347
1673463600,325
1673464500,320
1673465400,392
1673466300,342
1673467200,305
1673468100,372
1673469000,307
1673469900,268
1673470800,208
1673471700,260
1673472600,276
1673473500,211
1673474400,219
1673475300,222
1673476200,227
1673477100,232
1673478000,206
1673478900,189
1673479800,106
1673480700,115
1673481600,127
1673482500,138
1673483400,109
1673484300,107
1673485200,107
1673486100,140
1673487000,109
1673487900,152
1673488800,120
1673489700,132
1673490600,108
1673491500,116
1673492400,118
1673493300,128
1673494200,142
1673495100,119
1673496000,118
1673496900,152
1673497800,112
1673498700,176
1673499600,1080
1673500500,660
1673501400,652
1673502300,665
1673503200,755
1673504100,639
1673505000,387
1673505900,469
1673506800,957
1673507700,1366
1673508600,935
1673509500,902
1673510400,1019
1673511300,251
1673512200,247
1673513100,248
1673514000,261
1673514900,203
1673515800,198
1673516700,212
1673517600,238
1673518500,208
1673519400,206
1673520300,214
1673521200,322
1673522100,471
1673523000,705
1673523900,1183
1673524800,528
1673525700,445
1673526600,424
1673527500,503
1673528400,612
1673529300,460
1673530200,536
1673531100,1443
1673532000,1422
1673532900,718
1673533800,517
1673534700,264
1673535600,261
1673536500,256
1673537400,287
1673538300,317
1673539200,327
1673540100,328
1673541000,413
1673541900,496
1673542800,1046
1673543700,1196
1673544600,884
1673545500,809
1673546400,577
1673547300,517
1673548200,366
1673549100,371
1673550000,332
1673550900,373
1673551800,342
1673552700,357
1673553600,310
1673554500,303
1673555400,313
1673556300,283
1673557200,250
1673558100,246
1673559000,223
1673559900,226
1673560800,245
1673561700,239
1673562600,226
1673563500,220
1673564400,229
1673565300,154
1673566200,97
1673567100,104
1673568000,118
1673568900,141
1673569800,98
1673570700,102
1673571600,111
1673572500,103
1673573400,97
1673574300,106
1673575200,149
1673576100,136
1673577000,98
1673577900,104
1673578800,113
1673579700,107
1673580600,109
1673581500,121
1673582400,138
1673583300,125
1673584200,95
1673585100,117
1673586000,556
1673586900,220
1673587800,149
1673588700,172
1673589600,258
1673590500,466
1673591400,620
1673592300,650
1673593200,704
1673594100,716
1673595000,1122
1673595900,1219
1673596800,842
1673597700,818
1673598600,786
1673599500,471
1673600400,394
1673601300,386
1673602200,305
1673603100,280
1673604000,240
1673604900,247
1673605800,236
1673606700,263
1673607600,235
1673608500,243
1673609400,518
1673610300,1468
1673611200,1147
1673612100,581
1673613000,522
1673613900,360
1673614800,783
1673615700,1150
1673616600,678
1673617500,674
1673618400,592
1673619300,518
1673620200,875
1673621100,381
1673622000,203
1673622900,280
1673623800,263
1673624700,831
1673625600,775
1673626500,921
1673627400,1019
1673628300,1391
1673629200,1412
1673630100,1044
1673631000,681
1673631900,403
1673632800,356
1673633700,348
1673634600,375
1673635500,834
1673636400,482
1673637300,479
1673638200,386
1673639100,830
1673640000,393
1673640900,299
1673641800,310
1673642700,240
1673643600,224
1673644500,217
1673645400,255
1673646300,220
1673647200,252
1673648100,254
1673649000,263
1673649900,223
1673650800,147
1673651700,144
1673652600,143
1673653500,133
1673654400,155
1673655300,156
1673656200,139
1673657100,132
1673658000,126
1673658900,142
1673659800,139
1673660700,151
1673661600,151
1673662500,143
1673663400,125
1673664300,130
1673665200,127
1673666100,138
1673667000,166
1673667900,167
1673668800,127
1673669700,137
1673670600,142
1673671500,147
1673672400,735
1673673300,915
1673674200,1125
1673675100,777
1673676000,729
1673676900,792
1673677800,718
1673678700,640
1673679600,322
1673680500,385
1673681400,299
1673682300,870
1673683200,828
1673684100,603
1673685000,353
1673685900,338
1673686800,317
1673687700,325
1673688600,436
1673689500,1002
1673690400,911
1673691300,846
1673692200,730
1673693100,458
1673694000,805
1673694900,726
1673695800,716
1673696700,1182
1673697600,1247
1673698500,690
1673699400,854
1673700300,748
1673701200,1035
1673702100,553
1673703000,310
1673703900,337
1673704800,418
1673705700,315
1673706600,267
1673707500,202
1673708400,634
1673709300,713
1673710200,739
1673711100,607
1673712000,752
1673712900,590
1673713800,750
1673714700,758
1673715600,758
1673716500,679
1673717400,621
1673718300,403
1673719200,365
1673720100,583
1673721000,624
1673721900,356
1673722800,301
1673723700,315
1673724600,329
1673725500,359
1673726400,450
1673727300,279
1673728200,290
1673729100,319
1673730000,222
1673730900,237
1673731800,222
1673732700,232
1673733600,237
1673734500,250
1673735400,263
1673736300,225
1673737200,130
1673738100,108
1673739000,136
1673739900,103
1673740800,129
1673741700,112
1673742600,126
1673743500,110
1673744400,110
1673745300,111
1673746200,132
1673747100,122
1673748000,102
1673748900,106
1673749800,108
1673750700,103
1673751600,97
1673752500,138
1673753400,115
1673754300,108
1673755200,108
1673756100,126
1673757000,103
1673757900,134
1673758800,640
1673759700,309
1673760600,127
1673761500,177
1673762400,167
1673763300,160
1673764200,350
1673765100,696
1673766000,342
1673766900,234
1673767800,424
1673768700,849
1673769600,196
1673770500,191
1673771400,156
1673772300,136
1673773200,153
1673774100,191
1673775000,142
1673775900,186
1673776800,205
1673777700,735
1673778600,630
1673779500,211
1673780400,268
1673781300,276
1673782200,221
1673783100,367
1673784000,402
1673784900,436
1673785800,353
1673786700,747
1673787600,727
1673788500,736
1673789400,722
1673790300,675
1673791200,434
1673792100,679
1673793000,590
1673793900,341
1673794800,544
1673795700,1164
1673796600,739
1673797500,749
1673798400,763
1673799300,332
1673800200,310
1673801100,271
1673802000,256
1673802900,274
1673803800,276
1673804700,348
1673805600,405
1673806500,417
1673807400,481
1673808300,435
1673809200,406
1673810100,405
1673811000,481
1673811900,428
1673812800,408
1673813700,425
1673814600,454
1673815500,427
1673816400,416
1673817300,468
1673818200,485
1673819100,412
1673820000,349
1673820900,349
1673821800,357
1673822700,187
1673823600,137
1673824500,149
1673825400,209
1673826300,129
1673827200,137
1673828100,150
1673829000,172
1673829900,128
1673830800,136
1673831700,130
1673832600,141
1673833500,125
1673834400,157
1673835300,145
1673836200,129
1673837100,128
1673838000,155
1673838900,136
1673839800,151
1673840700,146
1673841600,151
1673842500,131
1673843400,137
1673844300,141
1673845200,236
1673846100,494
1673847000,546
1673847900,353
1673848800,520
1673849700,388
1673850600,439
1673851500,444
1673852400,406
1673853300,364
1673854200,415
1673855100,491
1673856000,919
1673856900,542
1673857800,390
1673858700,394
1673859600,392
1673860500,356
1673861400,467
1673862300,926
1673863200,865
1673864100,1238
1673865000,971
1673865900,459
1673866800,314
1673867700,441
1673868600,919
1673869500,555
1673870400,469
1673871300,550
1673872200,876
1673873100,404
1673874000,528
1673874900,393
1673875800,380
1673876700,385
1673877600,369
1673878500,351
1673879400,334
1673880300,352
1673881200,360
1673882100,341
1673883000,360
1673883900,382
1673884800,339
1673885700,367
1673886600,383
1673887500,335
1673888400,327
1673889300,352
1673890200,377
1673891100,415
1673892000,480
1673892900,632
1673893800,802
1673894700,575
1673895600,347
1673896500,368
1673897400,367
1673898300,368
1673899200,420
1673900100,349
1673901000,352
1673901900,335
1673902800,322
1673903700,313
1673904600,262
1673905500,219
1673906400,231
1673907300,235
1673908200,229
1673909100,251
1673910000,290
1673910900,258
1673911800,262
1673912700,271
1673913600,288
1673914500,280
1673915400,287
1673916300,279
1673917200,276
1673918100,254
1673919000,252
1673919900,249
1673920800,276
1673921700,294
1673922600,277
1673923500,253
1673924400,283
1673925300,262
1673926200,219
1673927100,218
1673928000,245
1673928900,209
1673929800,215
1673930700,220
1673931600,403
1673932500,640
1673933400,386
1673934300,360
1673935200,365
1673936100,187
1673937000,174
1673937900,197
1673938800,206
1673939700,217
1673940600,178
1673941500,184
1673942400,703
1673943300,873
1673944200,944
1673945100,845
1673946000,636
1673946900,911
1673947800,1162
1673948700,669
1673949600,967
1673950500,966
1673951400,745
1673952300,318
1673953200,370
1673954100,279
1673955000,236
1673955900,309
1673956800,336
1673957700,331
1673958600,330
1673959500,304
1673960400,294
1673961300,316
1673962200,477
1673963100,752
1673964000,486
1673964900,520
1673965800,350
1673966700,818
1673967600,467
1673968500,326
1673969400,319
1673970300,763
1673971200,1367
1673972100,1235
1673973000,1151
1673973900,947
1673974800,650
1673975700,450
1673976600,740
1673977500,921
1673978400,445
1673979300,789
1673980200,435
1673981100,362
1673982000,364
1673982900,343
1673983800,353
1673984700,372
1673985600,408
1673986500,319
1673987400,311
1673988300,333
1673989200,277
1673990100,257
1673991000,280
1673991900,231
1673992800,231
1673993700,212
1673994600,218
1673995500,143
1673996400,128
1673997300,128
1673998200,120
1673999100,122
1674000000,112
1674000900,105
1674001800,117
1674002700,151
1674003600,123
1674004500,119
1674005400,122
1674006300,113
1674007200,113
1674008100,145
1674009000,140
1674009900,105
1674010800,114
1674011700,118
1674012600,155
1674013500,159
1674014400,120
1674015300,117
1674016200,119
1674017100,105
1674018000,538
1674018900,358
1674019800,235
1674020700,197
1674021600,206
1674022500,179
1674023400,106
1674024300,92
1674025200,146
1674026100,117
1674027000,101
1674027900,89
1674028800,108
1674029700,105
1674030600,116
1674031500,102
1674032400,112
1674033300,99
1674034200,96
1674035100,87
1674036000,120
1674036900,115
1674037800,134
1674038700,142
1674039600,146
1674040500,126
1674041400,1015
1674042300,417
1674043200,150
1674044100,165
1674045000,227
1674045900,237
1674046800,211
1674047700,222
1674048600,219
1674049500,223
1674050400,197
1674051300,173
1674052200,205
1674053100,219
1674054000,744
1674054900,387
1674055800,353
1674056700,701
1674057600,1247
1674058500,1014
1674059400,516
1674060300,564
1674061200,828
1674062100,798
1674063000,887
1674063900,862
1674064800,827
1674065700,580
1674066600,366
1674067500,325
1674068400,332
1674069300,337
1674070200,375
1674071100,379
1674072000,373
1674072900,367
1674073800,331
1674074700,293
1674075600,325
1674076500,286
1674077400,275
1674078300,267
1674079200,280
1674080100,281
1674081000,290
1674081900,205
1674082800,177
1674083700,137
1674084600,138
1674085500,141
1674086400,158
1674087300,157
1674088200,142
1674089100,145
1674090000,143
1674090900,140
1674091800,143
1674092700,189
1674093600,141
1674094500,132
1674095400,144
1674096300,147
1674097200,136
1674098100,155
1674099000,171
1674099900,152
1674100800,148
1674101700,140
1674102600,151
1674103500,169
1674104400,672
1674105300,172
1674106200,138
1674107100,177
1674108000,164
1674108900,175
1674109800,201
1674110700,147
1674111600,153
1674112500,153
1674113400,163
1674114300,178
1674115200,229
1674116100,304
1674117000,245
1674117900,301
1674118800,182
1674119700,153
1674120600,201
1674121500,589
1674122400,455
1674123300,418
1674124200,182
1674125100,557
1674126000,617
1674126900,204
1674127800,200
1674128700,526
1674129600,909
1674130500,843
1674131400,342
1674132300,374
1674133200,205
1674134100,210
1674135000,215
1674135900,185
1674136800,230
1674137700,205
1674138600,227
1674139500,232
1674140400,220
1674141300,209
1674142200,241
1674143100,600
1674144000,325
1674144900,280
1674145800,651
1674146700,1380
1674147600,1428
1674148500,1265
1674149400,1281
1674150300,1175
1674151200,1152
1674152100,1054
1674153000,998
1674153900,551
1674154800,360
1674155700,320
1674156600,319
1674157500,340
1674158400,348
1674159300,338
1674160200,292
1674161100,288
1674162000,281
1674162900,195
1674163800,125
1674164700,128
1674165600,148
1674166500,118
1674167400,119
1674168300,134
1674169200,112
1674170100,107
1674171000,135
1674171900,132
1674172800,114
1674173700,108
1674174600,129
1674175500,120
1674176400,123
1674177300,138
1674178200,136
1674179100,107
1674180000,117
1674180900,115
1674181800,123
1674182700,113
1674183600,140
1674184500,128
1674185400,134
1674186300,121
1674187200,112
1674188100,134
1674189000,131
1674189900,128
1674190800,1007
1674191700,293
1674192600,144
1674193500,211
1674194400,297
1674195300,509
1674196200,881
1674197100,961
1674198000,709
1674198900,673
1674199800,673
1674200700,630
1674201600,634
1674202500,579
1674203400,266
1674204300,162
1674205200,374
1674206100,876
1674207000,783
1674207900,378
1674208800,548
1674209700,823
1674210600,275
1674211500,289
1674212400,228
1674213300,195
1674214200,186
1674215100,170
1674216000,180
1674216900,329
1674217800,442
1674218700,199
1674219600,206
1674220500,192
1674221400,207
1674222300,243
1674223200,346
1674224100,239
1674225000,296
1674225900,270
1674226800,586
1674227700,784
1674228600,722
1674229500,476
1674230400,274
1674231300,328
1674232200,402
1674233100,553
1674234000,410
1674234900,732
1674235800,461
1674236700,389
1674237600,419
1674238500,335
1674239400,321
1674240300,336
1674241200,336
1674242100,307
1674243000,368
1674243900,317
1674244800,322
1674245700,307
1674246600,309
1674247500,270
1674248400,237
1674249300,153
1674250200,119
1674251100,142
1674252000,121
1674252900,119
1674253800,158
1674254700,179
1674255600,146
1674256500,127
1674257400,144
1674258300,131
1674259200,122
1674260100,119
1674261000,186
1674261900,133
1674262800,123
1674263700,122
1674264600,144
1674265500,143
1674266400,135
1674267300,166
1674268200,133
1674269100,120
1674270000,137
1674270900,135
1674271800,133
1674272700,164
1674273600,147
1674274500,138
1674275400,122
1674276300,177
1674277200,695
1674278100,150
1674279000,179
1674279900,224
1674280800,312
1674281700,732
1674282600,447
1674283500,347
1674284400,432
1674285300,821
1674286200,395
1674287100,383
1674288000,366
1674288900,332
1674289800,323
1674290700,335
1674291600,612
1674292500,1039
1674293400,1157
1674294300,824
1674295200,492
1674296100,350
1674297000,725
1674297900,845
1674298800,1389
1674299700,1195
1674300600,1209
1674301500,335
1674302400,541
1674303300,305
1674304200,613
1674305100,717
1674306000,506
1674306900,294
1674307800,620
1674308700,724
1674309600,275
1674310500,320
1674311400,442
1674312300,367
1674313200,329
1674314100,339
1674315000,306
1674315900,290
1674316800,355
1674317700,333
1674318600,472
1674319500,794
1674320400,800
1674321300,922
1674322200,848
1674323100,702
1674324000,400
1674324900,521
1674325800,367
1674326700,407
1674327600,371
1674328500,387
1674329400,398
1674330300,409
1674331200,425
1674332100,360
1674333000,327
1674333900,348
1674334800,273
1674335700,264
1674336600,268
1674337500,262
1674338400,321
1674339300,260
1674340200,209
1674341100,177
1674342000,144
1674342900,153
1674343800,139
1674344700,195
1674345600,136
1674346500,159
1674347400,153
1674348300,165
1674349200,168
1674350100,159
1674351000,190
1674351900,170
1674352800,146
1674353700,151
1674354600,178
1674355500,156
1674356400,196
1674357300,171
1674358200,183
1674359100,175
1674360000,149
1674360900,176
1674361800,147
1674362700,179
1674363600,631
1674364500,323
1674365400,209
1674366300,221
1674367200,196
1674368100,224
1674369000,217
1674369900,191
1674370800,222
1674371700,221
1674372600,221
1674373500,225
1674374400,282
1674375300,263
1674376200,527
1674377100,632
1674378000,484
1674378900,246
1674379800,908
1674380700,1083
1674381600,491
1674382500,412
1674383400,430
1674384300,462
1674385200,572
1674386100,552
1674387000,525
1674387900,326
1674388800,275
1674389700,256
1674390600,303
1674391500,267
1674392400,281
1674393300,331
1674394200,322
1674395100,320
1674396000,819
1674396900,626
1674397800,525
1674398700,360
1674399600,882
1674400500,775
1674401400,358
1674402300,347
1674403200,337
1674404100,333
1674405000,485
1674405900,366
1674406800,333
1674407700,332
1674408600,314
1674409500,354
1674410400,361
1674411300,380
1674412200,382
1674413100,328
1674414000,333
1674414900,322
1674415800,331
1674416700,424
1674417600,460
1674418500,366
1674419400,364
1674420300,386
1674421200,376
1674422100,243
1674423000,219
1674423900,274
1674424800,194
1674425700,164
1674426600,179
1674427500,213
1674428400,171
1674429300,184
1674430200,196
1674431100,208
1674432000,185
1674432900,158
1674433800,200
1674434700,169
1674435600,179
1674436500,191
1674437400,160
1674438300,151
1674439200,154
1674440100,156
1674441000,167
1674441900,164
1674442800,175
1674443700,146
1674444600,180
1674445500,156
1674446400,145
1674447300,148
1674448200,201
1674449100,196
1674450000,203
1674450900,213
1674451800,216
1674452700,229
1674453600,229
1674454500,278
1674455400,257
1674456300,226
1674457200,717
1674458100,923
1674459000,1141
1674459900,890
1674460800,409
1674461700,309
1674462600,313
1674463500,295
1674464400,312
1674465300,320
1674466200,358
1674467100,301
1674468000,685
1674468900,1412
1674469800,1522
1674470700,1850
1674471600,1191
1674472500,1056
1674473400,374
1674474300,483
1674475200,479
1674476100,322
1674477000,337
1674477900,602
1674478800,748
1674479700,770
1674480600,680
1674481500,385
1674482400,789
1674483300,524
1674484200,566
1674485100,319
1674486000,744
1674486900,638
1674487800,345
1674488700,363
1674489600,352
1674490500,383
1674491400,351
1674492300,458
1674493200,534
1674494100,458
1674495000,488
1674495900,438
1674496800,443
1674497700,425
1674498600,452
1674499500,395
1674500400,384
1674501300,388
1674502200,340
1674503100,343
1674504000,395
1674504900,351
1674505800,394
1674506700,483
1674507600,513
1674508500,415
1674509400,272
1674510300,290
1674511200,277
1674512100,255
1674513000,261
1674513900,283
1674514800,242
1674515700,135
1674516600,119
1674517500,113
1674518400,133
1674519300,121
1674520200,137
1674521100,118
1674522000,128
1674522900,113
1674523800,118
1674524700,127
1674525600,133
1674526500,133
1674527400,113
1674528300,135
1674529200,112
1674530100,113
1674531000,114
1674531900,147
1674532800,130
1674533700,119
1674534600,126
1674535500,129
1674536400,274
1674537300,650
1674538200,267
1674539100,242
1674540000,174
1674540900,174
1674541800,187
1674542700,171
1674543600,187
1674544500,204
1674545400,225
1674546300,216
1674547200,219
1674548100,238
1674549000,280
1674549900,257
1674550800,292
1674551700,281
1674552600,288
1674553500,272
1674554400,265
1674555300,1499
1674556200,1036
1674557100,1112
1674558000,585
1674558900,821
1674559800,587
1674560700,866
1674561600,346
1674562500,255
1674563400,289
1674564300,274
1674565200,276
1674566100,276
1674567000,273
1674567900,327
1674568800,318
1674569700,409
1674570600,481
1674571500,341
1674572400,309
1674573300,333
1674574200,301
1674575100,283
1674576000,324
1674576900,302
1674577800,307
1674578700,293
1674579600,432
1674580500,390
1674581400,383
1674582300,523
1674583200,717
1674584100,898
1674585000,389
1674585900,365
1674586800,395
1674587700,360
1674588600,414
1674589500,373
1674590400,384
1674591300,344
1674592200,295
1674593100,241
1674594000,240
1674594900,290
1674595800,266
1674596700,279
1674597600,252
1674598500,255
1674599400,152
1674600300,142
1674601200,151
1674602100,123
1674603000,124
1674603900,132
1674604800,132
1674605700,121
1674606600,148
1674607500,148
1674608400,120
1674609300,117
1674610200,132
1674611100,127
1674612000,108
1674612900,126
1674613800,156
1674614700,128
1674615600,129
1674616500,131
1674617400,123
1674618300,120
1674619200,104
1674620100,158
1674621000,141
1674621900,167
1674622800,820
1674623700,985
1674624600,1455
1674625500,1072
1674626400,567
1674627300,363
1674628200,663
1674629100,766
1674630000,368
1674630900,382
1674631800,337
1674632700,382
1674633600,405
1674634500,227
1674635400,169
1674636300,155
1674637200,180
1674638100,163
1674639000,195
1674639900,167
1674640800,178
1674641700,190
1674642600,175
1674643500,704
1674644400,1095
1674645300,995
1674646200,764
1674647100,825
1674648000,1432
1674648900,1754
1674649800,1458
1674650700,820
1674651600,365
1674652500,800
1674653400,1000
1674654300,787
1674655200,539
1674656100,323
1674657000,343
1674657900,318
1674658800,453
1674659700,347
1674660600,434
1674661500,347
1674662400,341
1674663300,369
1674664200,356
1674665100,493
1674666000,547
1674666900,570
1674667800,605
1674668700,581
1674669600,597
1674670500,588
1674671400,612
1674672300,574
1674673200,538
1674674100,552
1674675000,526
1674675900,544
1674676800,539
1674677700,588
1674678600,399
1674679500,684
1674680400,612
1674681300,549
1674682200,353
1674683100,739
1674684000,618
1674684900,324
1674685800,240
1674686700,109
1674687600,117
1674688500,128
1674689400,165
1674690300,107
1674691200,110
1674692100,136
1674693000,96
1674693900,117
1674694800,120
1674695700,139
1674696600,96
1674697500,103
1674698400,112
1674699300,130
1674700200,121
1674701100,121
1674702000,146
1674702900,121
1674703800,119
1674704700,149
1674705600,127
1674706500,128
1674707400,127
1674708300,189
1674709200,622
1674710100,313
1674711000,285
1674711900,325
1674712800,160
1674713700,172
1674714600,236
1674715500,320
1674716400,261
1674717300,231
1674718200,260
1674719100,244
1674720000,257
1674720900,288
1674721800,255
1674722700,259
1674723600,243
1674724500,239
1674725400,245
1674726300,287
1674727200,299
1674728100,279
1674729000,331
1674729900,390
1674730800,340
1674731700,400
1674732600,383
1674733500,343
1674734400,293
1674735300,279
1674736200,282
1674737100,268
1674738000,222
1674738900,292
1674739800,769
1674740700,396
1674741600,287
1674742500,393
1674743400,812
1674744300,232
1674745200,270
1674746100,257
1674747000,304
1674747900,253
1674748800,258
1674749700,271
1674750600,406
1674751500,336
1674752400,386
1674753300,385
1674754200,387
1674755100,373
1674756000,448
1674756900,409
1674757800,396
1674758700,383
1674759600,394
1674760500,403
1674761400,363
1674762300,373
1674763200,373
1674764100,348
1674765000,323
1674765900,339
1674766800,336
1674767700,293
1674768600,270
1674769500,279
1674770400,265
1674771300,272
1674772200,259
1674773100,260
1674774000,227
1674774900,258
1674775800,159
1674776700,110
1674777600,119
1674778500,155
1674779400,123
1674780300,111
1674781200,129
1674782100,113
1674783000,111
1674783900,105
1674784800,147
1674785700,142
1674786600,127
1674787500,108
1674788400,123
1674789300,152
1674790200,127
1674791100,100
1674792000,158
1674792900,166
1674793800,107
1674794700,124
1674795600,271
1674796500,521
1674797400,172
1674798300,170
1674799200,263
1674800100,195
1674801000,208
1674801900,193
1674802800,204
1674803700,275
1674804600,248
1674805500,253
1674806400,239
1674807300,232
1674808200,226
1674809100,510
1674810000,653
1674810900,655
1674811800,489
1674812700,369
1674813600,1195
1674814500,1298
1674815400,805
1674816300,454
1674817200,972
1674818100,742
1674819000,385
1674819900,813
1674820800,1571
1674821700,947
1674822600,883
1674823500,795
1674824400,1213
1674825300,888
1674826200,318
1674827100,303
1674828000,269
1674828900,300
1674829800,251
1674830700,307
1674831600,330
1674832500,327
1674833400,1178
1674834300,877
1674835200,857
1674836100,917
1674837000,933
1674837900,609
1674838800,454
1674839700,503
1674840600,507
1674841500,522
1674842400,527
1674843300,444
1674844200,893
1674845100,1114
1674846000,510
1674846900,332
1674847800,772
1674848700,591
1674849600,335
1674850500,279
1674851400,269
1674852300,230
1674853200,239
1674854100,252
1674855000,237
1674855900,227
1674856800,168
1674857700,178
1674858600,151
1674859500,130
1674860400,128
1674861300,135
1674862200,145
1674863100,140
1674864000,163
1674864900,140
1674865800,164
1674866700,145
1674867600,167
1674868500,275
1674869400,362
1674870300,397
1674871200,399
1674872100,333
1674873000,362
1674873900,366
1674874800,360
1674875700,392
1674876600,402
1674877500,398
1674878400,397
1674879300,413
1674880200,503
1674881100,704
1674882000,391
1674882900,452
1674883800,435
1674884700,372
1674885600,358
1674886500,383
1674887400,379
1674888300,387
1674889200,743
1674890100,866
1674891000,710
1674891900,449
1674892800,685
1674893700,770
1674894600,402
1674895500,634
1674896400,599
1674897300,385
1674898200,335
1674899100,918
1674900000,906
1674900900,844
1674901800,852
1674902700,832
1674903600,899
1674904500,861
1674905400,1089
1674906300,490
1674907200,271
1674908100,264
1674909000,306
1674909900,410
1674910800,742
1674911700,490
1674912600,303
1674913500,594
1674914400,644
1674915300,292
1674916200,282
1674917100,276
1674918000,266
1674918900,281
1674919800,713
1674920700,670
1674921600,986
1674922500,374
1674923400,570
1674924300,786
1674925200,783
1674926100,950
1674927000,896
1674927900,1103
1674928800,1123
1674929700,1217
1674930600,1163
1674931500,713
1674932400,728
1674933300,465
1674934200,323
1674935100,312
1674936000,318
1674936900,383
1674937800,294
1674938700,258
1674939600,249
1674940500,256
1674941400,252
1674942300,246
1674943200,235
1674944100,274
1674945000,285
1674945900,218
1674946800,173
1674947700,149
1674948600,142
1674949500,138
1674950400,139
1674951300,167
1674952200,164
1674953100,137
1674954000,131
1674954900,148
1674955800,128
1674956700,135
1674957600,128
1674958500,187
1674959400,146
1674960300,146
1674961200,134
1674962100,153
1674963000,134
1674963900,136
1674964800,138
1674965700,175
1674966600,136
1674967500,464
1674968400,511
1674969300,416
1674970200,315
1674971100,317
1674972000,278
1674972900,249
1674973800,321
1674974700,758
1674975600,623
1674976500,618
1674977400,390
1674978300,787
1674979200,754
1674980100,368
1674981000,373
1674981900,390
1674982800,362
1674983700,378
1674984600,375
1674985500,397
1674986400,354
1674987300,577
1674988200,460
1674989100,337
1674990000,350
1674990900,349
1674991800,365
1674992700,330
1674993600,1047
1674994500,1032
1674995400,285
1674996300,315
1674997200,478
1674998100,363
1674999000,356
1674999900,543
1675000800,532
1675001700,341
1675002600,379
1675003500,370
1675004400,326
1675005300,445
1675006200,908
1675007100,695
1675008000,428
1675008900,413
1675009800,449
1675010700,409
1675011600,418
1675012500,393
1675013400,355
1675014300,421
1675015200,386
1675016100,428
1675017000,343
1675017900,340
1675018800,327
1675019700,316
1675020600,343
1675021500,353
1675022400,310
1675023300,345
1675024200,324
1675025100,345
1675026000,357
1675026900,371
1675027800,268
1675028700,232
1675029600,249
1675030500,235
1675031400,229
1675032300,255
1675033200,262
1675034100,227
1675035000,220
1675035900,146
1675036800,144
1675037700,128
1675038600,147
1675039500,179
1675040400,130
1675041300,138
1675042200,141
1675043100,162
1675044000,144
1675044900,144
1675045800,163
1675046700,146
1675047600,136
1675048500,131
1675049400,147
1675050300,138
1675051200,163
1675052100,150
1675053000,163
1675053900,162
1675054800,193
1675055700,221
1675056600,232
1675057500,247
1675058400,235
1675059300,198
1675060200,278
1675061100,291
1675062000,331
1675062900,896
1675063800,1292
1675064700,916
1675065600,829
1675066500,379
1675067400,603
1675068300,785
1675069200,834
1675070100,906
1675071000,825
1675071900,552
1675072800,285
1675073700,629
1675074600,1174
1675075500,1329
1675076400,1448
1675077300,1041
1675078200,924
1675079100,740
1675080000,934
1675080900,468
1675081800,384
1675082700,351
1675083600,324
1675084500,367
1675085400,381
1675086300,393
1675087200,455
1675088100,639
1675089000,1139
1675089900,1198
1675090800,901
1675091700,511
1675092600,407
1675093500,418
1675094400,478
1675095300,435
1675096200,415
1675097100,448
1675098000,693
1675098900,1237
1675099800,976
1675100700,1030
1675101600,1546
1675102500,1636
1675103400,973
1675104300,662
1675105200,388
1675106100,385
1675107000,360
1675107900,350
1675108800,294
1675109700,316
1675110600,311
1675111500,337
1675112400,293
1675113300,286
1675114200,267
1675115100,243
1675116000,227
1675116900,228
1675117800,276
1675118700,231
1675119600,226
1675120500,209
1675121400,240
1675122300,213
1675123200,189
1675124100,195
1675125000,173
1675125900,160
1675126800,148
1675127700,151
1675128600,164
1675129500,179
1675130400,173
1675131300,180
1675132200,173
1675133100,159
1675134000,147
1675134900,164
1675135800,185
1675136700,157
1675137600,165
1675138500,174
1675139400,160
1675140300,202
1675141200,1008
1675142100,960
1675143000,816
1675143900,814
1675144800,529
1675145700,768
1675146600,691
1675147500,412
1675148400,738
1675149300,1053
1675150200,740
1675151100,790
1675152000,729
1675152900,705
1675153800,699
1675154700,723
1675155600,714
1675156500,725
1675157400,673
1675158300,1106
1675159200,1409
1675160100,1389
1675161000,1077
1675161900,538
1675162800,882
1675163700,777
1675164600,265
1675165500,274
1675166400,306
1675167300,325
1675168200,297
1675169100,268
1675170000,288
1675170900,318
1675171800,814
1675172700,450
1675173600,617
1675174500,373
1675175400,933
1675176300,506
1675177200,328
1675178100,303
1675179000,320
1675179900,289
1675180800,291
1675181700,317
1675182600,315
1675183500,340
1675184400,709
1675185300,1276
1675186200,1106
1675187100,851
1675188000,790
1675188900,795
1675189800,517
1675190700,420
1675191600,351
1675192500,315
1675193400,369
1675194300,503
1675195200,318
1675196100,332
1675197000,368
1675197900,311
1675198800,266
1675199700,302
1675200600,298
1675201500,270
1675202400,277
1675203300,275
1675204200,210
1675205100,149
1675206000,139
1675206900,148
1675207800,170
1675208700,158
1675209600,163
1675210500,157
1675211400,141
1675212300,147
1675213200,135
1675214100,161
1675215000,161
1675215900,139
1675216800,145
1675217700,161
1675218600,135
1675219500,138
1675220400,146
1675221300,176
1675222200,141
1675223100,144
1675224000,140
1675224900,142
1675225800,140
1675226700,351
1675227600,855
1675228500,686
1675229400,615
1675230300,625
1675231200,540
1675232100,318
1675233000,370
1675233900,839
1675234800,1107
1675235700,788
1675236600,797
1675237500,437
1675238400,313
1675239300,282
1675240200,267
1675241100,245
1675242000,202
1675242900,211
1675243800,562
1675244700,579
1675245600,460
1675246500,192
1675247400,619
1675248300,519
1675249200,172
1675250100,192
1675251000,260
1675251900,418
1675252800,938
1675253700,1259
1675254600,871
1675255500,721
1675256400,487
1675257300,279
1675258200,679
1675259100,723
1675260000,751
1675260900,731
1675261800,712
1675262700,620
1675263600,316
1675264500,264
1675265400,296
1675266300,338
1675267200,385
1675268100,542
1675269000,399
1675269900,352
1675270800,385
1675271700,335
1675272600,340
1675273500,787
1675274400,1614
1675275300,1243
1675276200,844
1675277100,806
1675278000,728
1675278900,394
1675279800,370
1675280700,322
1675281600,348
1675282500,320
1675283400,309
1675284300,266
1675285200,265
1675286100,259
1675287000,246
1675287900,265
1675288800,276
1675289700,252
1675290600,280
1675291500,236
1675292400,259
1675293300,196
1675294200,162
1675295100,145
1675296000,148
1675296900,131
1675297800,140
1675298700,141
1675299600,175
1675300500,189
1675301400,166
1675302300,143
1675303200,168
1675304100,143
1675305000,147
1675305900,147
1675306800,197
1675307700,171
1675308600,171
1675309500,160
1675310400,173
1675311300,140
1675312200,151
1675313100,225
1675314000,854
1675314900,280
1675315800,296
1675316700,467
1675317600,563
1675318500,599
1675319400,207
1675320300,327
1675321200,742
1675322100,412
1675323000,324
1675323900,303
1675324800,712
1675325700,376
1675326600,187
1675327500,168
1675328400,156
1675329300,149
1675330200,164
1675331100,157
1675332000,166
1675332900,161
1675333800,176
1675334700,207
1675335600,239
1675336500,266
1675337400,988
1675338300,553
1675339200,437
1675340100,208
1675341000,679
1675341900,434
1675342800,148
1675343700,167
1675344600,195
1675345500,303
1675346400,205
1675347300,184
1675348200,174
1675349100,163
1675350000,183
1675350900,682
1675351800,210
1675352700,247
1675353600,283
1675354500,1049
1675355400,545
1675356300,339
1675357200,370
1675358100,351
1675359000,331
1675359900,354
1675360800,417
1675361700,367
1675362600,335
1675363500,351
1675364400,605
1675365300,405
1675366200,316
1675367100,316
1675368000,359
1675368900,321
1675369800,327
1675370700,267
1675371600,259
1675372500,242
1675373400,253
1675374300,261
1675375200,227
1675376100,267
1675377000,297
1675377900,280
1675378800,257
1675379700,272
1675380600,155
1675381500,160
1675382400,159
1675383300,143
1675384200,133
1675385100,167
1675386000,135
1675386900,138
1675387800,138
1675388700,200
1675389600,144
1675390500,147
1675391400,141
1675392300,140
1675393200,134
1675394100,137
1675395000,190
1675395900,162
1675396800,128
1675397700,137
1675398600,146
1675399500,164
1675400400,1007
1675401300,774
1675402200,361
1675403100,227
1675404000,214
1675404900,179
1675405800,211
1675406700,198
1675407600,253
1675408500,271
1675409400,385
1675410300,272
1675411200,240
1675412100,261
1675413000,237
1675413900,278
1675414800,496
1675415700,656
1675416600,463
1675417500,404
1675418400,562
1675419300,704
1675420200,239
1675421100,220
1675422000,628
1675422900,792
1675423800,792
1675424700,206
1675425600,483
1675426500,340
1675427400,181
1675428300,187
1675429200,253
1675430100,184
1675431000,210
1675431900,239
1675432800,160
1675433700,164
1675434600,161
1675435500,188
1675436400,175
1675437300,308
1675438200,239
1675439100,308
1675440000,305
1675440900,299
1675441800,335
1675442700,607
1675443600,864
1675444500,1189
1675445400,952
1675446300,1273
1675447200,655
1675448100,618
1675449000,920
1675449900,919
1675450800,344
1675451700,318
1675452600,355
1675453500,333
1675454400,369
1675455300,375
1675456200,305
1675457100,275
1675458000,256
1675458900,265
1675459800,251
1675460700,212
1675461600,207
1675462500,157
1675463400,154
1675464300,154
1675465200,142
1675466100,150
1675467000,146
1675467900,168
1675468800,163
1675469700,128
1675470600,129
1675471500,150
1675472400,142
1675473300,162
1675474200,151
1675475100,163
1675476000,134
1675476900,146
1675477800,135
1675478700,159
1675479600,151
1675480500,155
1675481400,145
1675482300,186
1675483200,137
1675484100,162
1675485000,128
1675485900,202
1675486800,678
1675487700,896
1675488600,673
1675489500,393
1675490400,217
1675491300,204
1675492200,170
1675493100,198
1675494000,141
1675494900,177
1675495800,142
1675496700,132
1675497600,133
1675498500,160
1675499400,172
1675500300,154
1675501200,195
1675502100,184
1675503000,236
1675503900,233
1675504800,245
1675505700,250
1675506600,210
1675507500,219
1675508400,1229
1675509300,1120
1675510200,800
1675511100,766
1675512000,606
1675512900,402
1675513800,613
1675514700,1069
1675515600,533
1675516500,483
1675517400,316
1675518300,284
1675519200,408
1675520100,488
1675521000,372
1675521900,294
1675522800,328
1675523700,268
1675524600,337
1675525500,848
1675526400,543
1675527300,707
1675528200,441
1675529100,900
1675530000,456
1675530900,329
1675531800,501
1675532700,496
1675533600,366
1675534500,333
1675535400,380
1675536300,330
1675537200,302
1675538100,307
1675539000,333
1675539900,312
1675540800,319
1675541700,402
1675542600,427
1675543500,254
1675544400,243
1675545300,266
1675546200,247
1675547100,229
1675548000,241
1675548900,195
1675549800,156
1675550700,151
1675551600,150
1675552500,180
1675553400,170
1675554300,187
1675555200,165
1675556100,159
1675557000,156
1675557900,158
1675558800,174
1675559700,177
1675560600,176
1675561500,160
1675562400,178
1675563300,157
1675564200,166
1675565100,166
1675566000,203
1675566900,179
1675567800,163
1675568700,186
1675569600,156
1675570500,156
1675571400,153
1675572300,233
1675573200,853
1675574100,947
1675575000,1235
1675575900,818
1675576800,755
1675577700,652
1675578600,1006
1675579500,943
1675580400,1038
1675581300,700
1675582200,330
1675583100,514
1675584000,743
1675584900,273
1675585800,262
1675586700,240
1675587600,465
1675588500,275
1675589400,242
1675590300,264
1675591200,232
1675592100,241
1675593000,266
1675593900,286
1675594800,278
1675595700,276
1675596600,309
1675597500,294
1675598400,247
1675599300,249
1675600200,269
1675601100,267
1675602000,266
1675602900,333
1675603800,294
1675604700,222
1675605600,247
1675606500,266
1675607400,224
1675608300,299
1675609200,310
1675610100,330
1675611000,316
1675611900,331
1675612800,332
1675613700,344
1675614600,391
1675615500,353
1675616400,340
1675617300,324
1675618200,331
1675619100,693
1675620000,1236
1675620900,1370
1675621800,880
1675622700,432
1675623600,397
1675624500,383
1675625400,336
1675626300,387
1675627200,308
1675628100,333
1675629000,322
1675629900,317
1675630800,280
1675631700,270
1675632600,276
1675633500,449
1675634400,657
1675635300,476
1675636200,196
1675637100,475
1675638000,699
1675638900,199
1675639800,162
1675640700,142
1675641600,143
1675642500,127
1675643400,148
1675644300,170
1675645200,153
1675646100,138
1675647000,152
1675647900,123
1675648800,138
1675649700,129
1675650600,180
1675651500,138
1675652400,135
1675653300,145
1675654200,148
1675655100,142
1675656000,149
1675656900,186
1675657800,147
1675658700,146
1675659600,148
1675660500,165
1675661400,163
1675662300,193
1675663200,306
1675664100,698
1675665000,713
1675665900,809
1675666800,475
1675667700,247
1675668600,258
1675669500,306
1675670400,315
1675671300,271
1675672200,269
1675673100,298
1675674000,302
1675674900,336
1675675800,317
1675676700,319
1675677600,284
1675678500,265
1675679400,262
1675680300,318
1675681200,275
1675682100,1222
1675683000,686
1675683900,308
1675684800,317
1675685700,313
1675686600,298
1675687500,296
1675688400,284
1675689300,279
1675690200,260
1675691100,337
1675692000,550
1675692900,801
1675693800,912
1675694700,599
1675695600,972
1675696500,971
1675697400,259
1675698300,282
1675699200,529
1675700100,544
1675701000,376
1675701900,310
1675702800,356
1675703700,368
1675704600,349
1675705500,501
1675706400,777
1675707300,676
1675708200,486
1675709100,558
1675710000,776
1675710900,382
1675711800,330
1675712700,293
1675713600,297
1675714500,297
1675715400,287
1675716300,304
1675717200,297
1675718100,283
1675719000,244
1675719900,283
1675720800,217
1675721700,211
1675722600,240
1675723500,173
1675724400,144
1675725300,163
1675726200,135
1675727100,144
1675728000,126
1675728900,186
1675729800,156
1675730700,134
1675731600,135
1675732500,155
1675733400,139
1675734300,133
1675735200,149
1675736100,171
1675737000,127
1675737900,136
1675738800,128
1675739700,149
1675740600,130
1675741500,158
1675742400,152
1675743300,147
1675744200,137
1675745100,163
1675746000,190
1675746900,221
1675747800,379
1675748700,279
1675749600,398
1675750500,230
1675751400,241
1675752300,270
1675753200,191
1675754100,201
1675755000,202
1675755900,191
1675756800,128
1675757700,110
1675758600,93
1675759500,122
1675760400,172
1675761300,98
1675762200,95
1675763100,126
1675764000,112
1675764900,111
1675765800,103
1675766700,151
1675767600,138
1675768500,106
1675769400,137
1675770300,79
1675771200,123
1675772100,159
1675773000,124
1675773900,132
1675774800,87
1675775700,110
1675776600,129
1675777500,104
1675778400,135
1675779300,125
1675780200,140
1675781100,95
1675782000,86
1675782900,84
1675783800,104
1675784700,130
1675785600,119
1675786500,155
1675787400,437
1675788300,251
1675789200,389
1675790100,962
1675791000,1284
1675791900,1047
1675792800,821
1675793700,750
1675794600,413
1675795500,503
1675796400,435
1675797300,363
1675798200,301
1675799100,314
1675800000,383
1675800900,367
1675801800,330
1675802700,199
1675803600,213
1675804500,238
1675805400,207
1675806300,194
1675807200,188
1675808100,185
1675809000,178
1675809900,199
1675810800,204
1675811700,151
1675812600,144
1675813500,143
1675814400,146
1675815300,134
1675816200,157
1675817100,153
1675818000,155
1675818900,130
1675819800,138
1675820700,134
1675821600,160
1675822500,160
1675823400,157
1675824300,143
1675825200,170
1675826100,132
1675827000,148
1675827900,142
1675828800,168
1675829700,162
1675830600,140
1675831500,150
1675832400,678
1675833300,664
1675834200,177
1675835100,215
1675836000,257
1675836900,173
1675837800,191
1675838700,207
1675839600,209
1675840500,591
1675841400,1106
1675842300,1180
1675843200,1045
1675844100,944
1675845000,496
1675845900,262
1675846800,515
1675847700,676
1675848600,212
1675849500,195
1675850400,151
1675851300,160
1675852200,398
1675853100,892
1675854000,495
1675854900,212
1675855800,314
1675856700,542
1675857600,581
1675858500,664
1675859400,230
1675860300,402
1675861200,1281
1675862100,1327
1675863000,976
1675863900,732
1675864800,1121
1675865700,991
1675866600,619
1675867500,401
1675868400,300
1675869300,252
1675870200,281
1675871100,623
1675872000,723
1675872900,836
1675873800,751
1675874700,577
1675875600,714
1675876500,858
1675877400,841
1675878300,839
1675879200,1057
1675880100,844
1675881000,604
1675881900,426
1675882800,414
1675883700,342
1675884600,373
1675885500,376
1675886400,355
1675887300,297
1675888200,310
1675889100,319
1675890000,264
1675890900,263
1675891800,264
1675892700,242
1675893600,190
1675894500,152
1675895400,169
1675896300,160
1675897200,131
1675898100,138
1675899000,167
1675899900,147
1675900800,143
1675901700,148
1675902600,184
1675903500,146
1675904400,136
1675905300,141
1675906200,155
1675907100,141
1675908000,144
1675908900,169
1675909800,153
1675910700,150
1675911600,147
1675912500,158
1675913400,147
1675914300,141
1675915200,177
1675916100,147
1675917000,138
1675917900,158
1675918800,979
1675919700,751
1675920600,604
1675921500,676
1675922400,641
1675923300,222
1675924200,194
1675925100,842
1675926000,877
1675926900,521
1675927800,283
1675928700,766
1675929600,408
1675930500,201
1675931400,199
1675932300,215
1675933200,211
1675934100,229
1675935000,188
1675935900,167
1675936800,197
1675937700,188
1675938600,172
1675939500,226
1675940400,246
1675941300,909
1675942200,635
1675943100,242
1675944000,302
1675944900,311
1675945800,230
1675946700,220
1675947600,223
1675948500,156
1675949400,186
1675950300,231
1675951200,179
1675952100,179
1675953000,166
1675953900,210
1675954800,214
1675955700,263
1675956600,238
1675957500,220
1675958400,287
1675959300,250
1675960200,296
1675961100,543
1675962000,1045
1675962900,860
1675963800,816
1675964700,960
1675965600,1275
1675966500,1201
1675967400,857
1675968300,816
1675969200,898
1675970100,727
1675971000,388
1675971900,365
1675972800,346
1675973700,339
1675974600,308
1675975500,386
1675976400,260
1675977300,261
1675978200,145
1675979100,141
1675980000,192
1675980900,144
1675981800,140
1675982700,140
1675983600,158
1675984500,156
1675985400,129
1675986300,143
1675987200,170
1675988100,124
1675989000,148
1675989900,145
1675990800,143
1675991700,160
1675992600,143
1675993500,190
1675994400,158
1675995300,128
1675996200,138
1675997100,142
1675998000,136
1675998900,131
1675999800,166
1676000700,173
1676001600,138
1676002500,148
1676003400,160
1676004300,144
1676005200,655
1676006100,246
1676007000,243
1676007900,272
1676008800,233
1676009700,200
1676010600,218
1676011500,210
1676012400,197
1676013300,251
1676014200,208
1676015100,221
1676016000,216
1676016900,288
1676017800,242
1676018700,246
1676019600,247
1676020500,244
1676021400,186
1676022300,194
1676023200,180
1676024100,216
1676025000,569
1676025900,578
1676026800,675
1676027700,309
1676028600,816
1676029500,432
1676030400,442
1676031300,318
1676032200,774
1676033100,326
1676034000,260
1676034900,313
1676035800,256
1676036700,263
1676037600,267
1676038500,299
1676039400,333
1676040300,242
1676041200,254
1676042100,257
1676043000,577
1676043900,721
1676044800,745
1676045700,484
1676046600,270
1676047500,331
1676048400,380
1676049300,530
1676050200,770
1676051100,835
1676052000,619
1676052900,371
1676053800,352
1676054700,383
1676055600,430
1676056500,481
1676057400,513
1676058300,433
1676059200,421
1676060100,405
1676061000,455
1676061900,443
1676062800,416
1676063700,428
1676064600,414
1676065500,507
1676066400,844
1676067300,474
1676068200,297
1676069100,343
1676070000,698
1676070900,219
1676071800,151
1676072700,146
1676073600,136
1676074500,139
1676075400,155
1676076300,150
1676077200,162
1676078100,151
1676079000,154
1676079900,150
1676080800,144
1676081700,190
1676082600,160
1676083500,164
1676084400,149
1676085300,169
1676086200,162
1676087100,163
1676088000,127
1676088900,147
1676089800,264
1676090700,996
1676091600,1148
1676092500,506
1676093400,357
1676094300,271
1676095200,196
1676096100,237
1676097000,237
1676097900,223
1676098800,244
1676099700,551
1676100600,504
1676101500,686
1676102400,689
1676103300,411
1676104200,539
1676105100,828
1676106000,535
1676106900,484
1676107800,385
1676108700,809
1676109600,323
1676110500,257
1676111400,374
1676112300,253
1676113200,301
1676114100,341
1676115000,308
1676115900,343
1676116800,257
1676117700,273
1676118600,239
1676119500,272
1676120400,248
1676121300,188
1676122200,177
1676123100,190
1676124000,180
1676124900,189
1676125800,183
1676126700,173
1676127600,194
1676128500,447
1676129400,223
1676130300,424
1676131200,737
1676132100,637
1676133000,484
1676133900,352
1676134800,338
1676135700,314
1676136600,352
1676137500,392
1676138400,933
1676139300,820
1676140200,931
1676141100,590
1676142000,1046
1676142900,909
1676143800,401
1676144700,403
1676145600,348
1676146500,305
1676147400,330
1676148300,257
1676149200,233
1676150100,156
1676151000,124
1676151900,159
1676152800,136
1676153700,140
1676154600,126
1676155500,114
1676156400,135
1676157300,99
1676158200,100
1676159100,137
1676160000,125
1676160900,113
1676161800,168
1676162700,145
1676163600,128
1676164500,134
1676165400,113
1676166300,192
1676167200,116
1676168100,114
1676169000,119
1676169900,149
1676170800,128
1676171700,128
1676172600,193
1676173500,171
1676174400,118
1676175300,170
1676176200,159
1676177100,166
1676178000,1082
1676178900,1090
1676179800,1022
1676180700,619
1676181600,429
1676182500,203
1676183400,195
1676184300,172
1676185200,253
1676186100,579
1676187000,384
1676187900,236
1676188800,569
1676189700,1161
1676190600,879
1676191500,281
1676192400,248
1676193300,392
1676194200,711
1676195100,540
1676196000,267
1676196900,458
1676197800,721
1676198700,243
1676199600,212
1676200500,232
1676201400,209
1676202300,269
1676203200,244
1676204100,668
1676205000,1117
1676205900,1024
1676206800,744
1676207700,786
1676208600,753
1676209500,627
1676210400,514
1676211300,277
1676212200,418
1676213100,749
1676214000,995
1676214900,971
1676215800,562
1676216700,326
1676217600,836
1676218500,778
1676219400,347
1676220300,296
1676221200,279
1676222100,298
1676223000,332
1676223900,405
1676224800,482
1676225700,378
1676226600,390
1676227500,347
1676228400,342
1676229300,354
1676230200,351
1676231100,337
1676232000,334
1676232900,374
1676233800,355
1676234700,333
1676235600,297
1676236500,306
1676237400,278
1676238300,322
1676239200,283
1676240100,271
1676241000,266
1676241900,138
1676242800,172
1676243700,136
1676244600,148
1676245500,139
1676246400,128
1676247300,139
1676248200,142
1676249100,158
1676250000,144
1676250900,147
1676251800,148
1676252700,132
1676253600,136
1676254500,138
1676255400,186
1676256300,131
1676257200,134
1676258100,130
1676259000,146
1676259900,129
1676260800,148
1676261700,170
1676262600,185
1676263500,152
1676264400,144
1676265300,156
1676266200,186
1676267100,247
1676268000,449
1676268900,213
1676269800,250
1676270700,237
1676271600,281
1676272500,287
1676273400,309
1676274300,298
1676275200,289
1676276100,259
1676277000,302
1676277900,319
1676278800,274
1676279700,293
1676280600,343
1676281500,269
1676282400,286
1676283300,280
1676284200,273
1676285100,486
1676286000,471
1676286900,292
1676287800,275
1676288700,694
1676289600,541
1676290500,502
1676291400,258
1676292300,655
1676293200,643
1676294100,311
1676295000,234
1676295900,253
1676296800,251
1676297700,261
1676298600,372
1676299500,915
1676300400,999
1676301300,893
1676302200,598
1676303100,423
1676304000,732
1676304900,1344
1676305800,1095
1676306700,952
1676307600,1141
1676308500,1472
1676309400,777
1676310300,497
1676311200,483
1676312100,495
1676313000,803
1676313900,1201
1676314800,1340
1676315700,1211
1676316600,828
1676317500,655
1676318400,367
1676319300,334
1676320200,342
1676321100,293
1676322000,228
1676322900,170
1676323800,173
1676324700,135
1676325600,124
1676326500,119
1676327400,125
1676328300,124
1676329200,106
1676330100,141
1676331000,135
1676331900,146
1676332800,128
1676333700,127
1676334600,112
1676335500,118
1676336400,127
1676337300,118
1676338200,130
1676339100,151
1676340000,118
1676340900,118
1676341800,122
1676342700,165
1676343600,131
1676344500,128
1676345400,131
1676346300,137
1676347200,119
1676348100,123
1676349000,139
1676349900,164
1676350800,156
1676351700,887
1676352600,1300
1676353500,1083
1676354400,739
1676355300,672
1676356200,573
1676357100,421
1676358000,359
1676358900,309
1676359800,681
1676360700,1076
1676361600,783
1676362500,743
1676363400,744
1676364300,398
1676365200,262
1676366100,308
1676367000,766
1676367900,641
1676368800,466
1676369700,610
1676370600,751
1676371500,684
1676372400,460
1676373300,866
1676374200,478
1676375100,522
1676376000,389
1676376900,844
1676377800,478
1676378700,289
1676379600,285
1676380500,296
1676381400,265
1676382300,221
1676383200,253
1676384100,251
1676385000,239
1676385900,238
1676386800,316
1676387700,555
1676388600,644
1676389500,509
1676390400,323
1676391300,748
1676392200,632
1676393100,294
1676394000,265
1676394900,269
1676395800,267
1676396700,253
1676397600,284
1676398500,313
1676399400,404
1676400300,320
1676401200,331
1676402100,314
1676403000,313
1676403900,288
1676404800,399
1676405700,345
1676406600,302
1676407500,272
1676408400,139
1676409300,113
1676410200,118
1676411100,153
1676412000,132
1676412900,116
1676413800,121
1676414700,114
1676415600,128
1676416500,103
1676417400,136
1676418300,108
1676419200,123
1676420100,105
1676421000,119
1676421900,105
1676422800,139
1676423700,140
1676424600,120
1676425500,114
1676426400,140
1676427300,104
1676428200,110
1676429100,111
1676430000,166
1676430900,107
1676431800,124
1676432700,116
1676433600,131
1676434500,115
1676435400,116
1676436300,136
1676437200,150
1676438100,138
1676439000,164
1676439900,576
1676440800,274
1676441700,186
1676442600,233
1676443500,212
1676444400,260
1676445300,296
1676446200,338
1676447100,399
1676448000,367
1676448900,358
1676449800,545
1676450700,706
1676451600,344
1676452500,513
1676453400,992
1676454300,798
1676455200,717
1676456100,380
1676457000,1132
1676457900,1932
1676458800,1721
1676459700,1331
1676460600,973
1676461500,371
1676462400,434
1676463300,775
1676464200,366
1676465100,277
1676466000,276
1676466900,496
1676467800,283
1676468700,258
1676469600,266
1676470500,321
1676471400,271
1676472300,363
1676473200,576
1676474100,593
1676475000,517
1676475900,531
1676476800,330
1676477700,1471
1676478600,560
1676479500,304
1676480400,274
1676481300,278
1676482200,272
1676483100,279
1676484000,384
1676484900,345
1676485800,332
1676486700,296
1676487600,324
1676488500,611
1676489400,501
1676490300,446
1676491200,458
1676492100,475
1676493000,372
1676493900,219
1676494800,147
1676495700,155
1676496600,137
1676497500,149
1676498400,166
1676499300,188
1676500200,140
1676501100,152
1676502000,136
1676502900,157
1676503800,153
1676504700,153
1676505600,144
1676506500,147
1676507400,140
1676508300,141
1676509200,129
1676510100,151
1676511000,162
1676511900,136
1676512800,166
1676513700,131
1676514600,134
1676515500,130
1676516400,161
1676517300,152
1676518200,145
1676519100,133
1676520000,144
1676520900,148
1676521800,132
1676522700,147
1676523600,172
1676524500,176
1676525400,180
1676526300,176
1676527200,241
1676528100,314
1676529000,545
1676529900,259
1676530800,208
1676531700,239
1676532600,249
1676533500,352
1676534400,709
1676535300,592
1676536200,533
1676537100,284
1676538000,664
1676538900,658
1676539800,334
1676540700,373
1676541600,860
1676542500,694
1676543400,1124
1676544300,367
1676545200,321
1676546100,250
1676547000,244
1676547900,273
1676548800,280
1676549700,263
1676550600,234
1676551500,628
1676552400,1166
1676553300,1084
1676554200,886
1676555100,855
1676556000,490
1676556900,314
1676557800,497
1676558700,718
1676559600,250
1676560500,267
1676561400,249
1676562300,245
1676563200,315
1676564100,759
1676565000,788
1676565900,763
1676566800,297
1676567700,321
1676568600,311
1676569500,290
1676570400,342
1676571300,368
1676572200,373
1676573100,362
1676574000,321
1676574900,340
1676575800,320
1676576700,321
1676577600,292
1676578500,281
1676579400,307
1676580300,291
1676581200,243
1676582100,274
1676583000,246
1676583900,280
1676584800,202
1676585700,220
1676586600,142
1676587500,135
1676588400,135
1676589300,168
1676590200,155
1676591100,132
1676592000,146
1676592900,162
1676593800,127
1676594700,136
1676595600,149
1676596500,136
1676597400,154
1676598300,142
1676599200,161
1676600100,142
1676601000,135
1676601900,145
1676602800,148
1676603700,142
1676604600,137
1676605500,188
1676606400,143
1676607300,144
1676608200,124
1676609100,134
1676610000,143
1676610900,126
1676611800,209
1676612700,226
1676613600,437
1676614500,666
1676615400,610
1676616300,600
1676617200,413
1676618100,684
1676619000,740
1676619900,315
1676620800,316
1676621700,434
1676622600,276
1676623500,313
1676624400,292
1676625300,308
1676626200,301
1676627100,886
1676628000,1781
1676628900,1384
1676629800,901
1676630700,1105
1676631600,303
1676632500,235
1676633400,242
1676634300,284
1676635200,284
1676636100,256
1676637000,245
1676637900,460
1676638800,379
1676639700,393
1676640600,868
1676641500,1225
1676642400,865
1676643300,680
1676644200,496
1676645100,314
1676646000,310
1676646900,329
1676647800,300
1676648700,291
1676649600,295
1676650500,322
1676651400,327
1676652300,286
1676653200,522
1676654100,1184
1676655000,1328
1676655900,1474
1676656800,852
1676657700,529
1676658600,444
1676659500,947
1676660400,468
1676661300,335
1676662200,347
1676663100,321
1676664000,273
1676664900,246
1676665800,285
1676666700,256
1676667600,258
1676668500,319
1676669400,255
1676670300,253
1676671200,220
1676672100,227
1676673000,264
1676673900,208
1676674800,167
1676675700,162
1676676600,168
1676677500,147
1676678400,140
1676679300,150
1676680200,141
1676681100,125
1676682000,145
1676682900,134
1676683800,154
1676684700,127
1676685600,133
1676686500,127
1676687400,154
1676688300,154
1676689200,158
1676690100,138
1676691000,158
1676691900,148
1676692800,132
1676693700,127
1676694600,153
1676695500,182
1676696400,141
1676697300,165
1676698200,183
1676699100,202
1676700000,213
1676700900,208
1676701800,457
1676702700,353
1676703600,192
1676704500,273
1676705400,261
1676706300,243
1676707200,240
1676708100,259
1676709000,262
1676709900,272
1676710800,260
1676711700,249
1676712600,248
1676713500,276
1676714400,280
1676715300,648
1676716200,2186
1676717100,1219
1676718000,516
1676718900,574
1676719800,963
1676720700,446
1676721600,406
1676722500,399
1676723400,605
1676724300,724
1676725200,748
1676726100,793
1676727000,752
1676727900,777
1676728800,650
1676729700,258
1676730600,283
1676731500,261
1676732400,403
1676733300,541
1676734200,364
1676735100,295
1676736000,272
1676736900,1104
1676737800,1357
1676738700,661
1676739600,642
1676740500,517
1676741400,1020
1676742300,667
1676743200,532
1676744100,430
1676745000,377
1676745900,303
1676746800,315
1676747700,327
1676748600,316
1676749500,304
1676750400,339
1676751300,307
1676752200,244
1676753100,251
1676754000,241
1676754900,281
1676755800,251
1676756700,245
1676757600,251
1676758500,253
1676759400,235
1676760300,223
1676761200,205
1676762100,143
1676763000,171
1676763900,146
1676764800,152
1676765700,153
1676766600,143
1676767500,154
1676768400,149
1676769300,187
1676770200,141
1676771100,127
1676772000,132
1676772900,149
1676773800,125
1676774700,135
1676775600,164
1676776500,145
1676777400,140
1676778300,142
1676779200,154
1676780100,155
1676781000,159
1676781900,189
1676782800,185
1676783700,173
1676784600,226
1676785500,227
1676786400,354
1676787300,545
1676788200,253
1676789100,218
1676790000,304
1676790900,318
1676791800,274
1676792700,265
1676793600,259
1676794500,281
1676795400,251
1676796300,505
1676797200,732
1676798100,543
1676799000,313
1676799900,618
1676800800,783
1676801700,308
1676802600,458
1676803500,1352
1676804400,1259
1676805300,861
1676806200,497
1676807100,341
1676808000,305
1676808900,318
1676809800,298
1676810700,336
1676811600,266
1676812500,320
1676813400,285
1676814300,277
1676815200,705
1676816100,740
1676817000,780
1676817900,807
1676818800,393
1676819700,373
1676820600,308
1676821500,320
1676822400,915
1676823300,1062
1676824200,515
1676825100,401
1676826000,368
1676826900,318
1676827800,359
1676828700,531
1676829600,809
1676830500,671
1676831400,437
1676832300,595
1676833200,860
1676834100,338
1676835000,382
1676835900,352
1676836800,418
1676837700,361
1676838600,316
1676839500,246
1676840400,259
1676841300,342
1676842200,296
1676843100,261
1676844000,264
1676844900,286
1676845800,250
1676846700,186
1676847600,142
1676848500,153
1676849400,148
1676850300,158
1676851200,167
1676852100,156
1676853000,142
1676853900,150
1676854800,141
1676855700,160
1676856600,158
1676857500,135
1676858400,132
1676859300,147
1676860200,135
1676861100,132
1676862000,145
1676862900,184
1676863800,139
1676864700,133
1676865600,153
1676866500,154
1676867400,153
1676868300,157
1676869200,178
1676870100,154
1676871000,157
1676871900,189
1676872800,248
1676873700,757
1676874600,1128
1676875500,1214
1676876400,803
1676877300,750
1676878200,651
1676879100,318
1676880000,292
1676880900,288
1676881800,262
1676882700,210
1676883600,221
1676884500,250
1676885400,248
1676886300,282
1676887200,265
1676888100,292
1676889000,256
1676889900,262
1676890800,278
1676891700,277
1676892600,585
1676893500,318
1676894400,330
1676895300,305
1676896200,283
1676897100,338
1676898000,365
1676898900,278
1676899800,417
1676900700,1149
1676901600,1142
1676902500,775
1676903400,677
1676904300,645
1676905200,334
1676906100,338
1676907000,354
1676907900,282
1676908800,313
1676909700,678
1676910600,654
1676911500,656
1676912400,1237
1676913300,1206
1676914200,1229
1676915100,759
1676916000,1021
1676916900,798
1676917800,555
1676918700,633
1676919600,435
1676920500,338
1676921400,314
1676922300,315
1676923200,300
1676924100,271
1676925000,273
1676925900,287
1676926800,282
1676927700,273
1676928600,320
1676929500,271
1676930400,260
1676931300,224
1676932200,206
1676933100,229
1676934000,216
1676934900,200
1676935800,243
1676936700,177
1676937600,161
1676938500,128
1676939400,145
1676940300,149
1676941200,154
1676942100,140
1676943000,121
1676943900,156
1676944800,150
1676945700,118
1676946600,123
1676947500,132
1676948400,140
1676949300,134
1676950200,133
1676951100,150
1676952000,169
1676952900,141
1676953800,123
1676954700,134
1676955600,154
1676956500,150
1676957400,257
1676958300,387
1676959200,240
1676960100,267
1676961000,469
1676961900,440
1676962800,715
1676963700,549
1676964600,499
1676965500,318
1676966400,666
1676967300,1071
1676968200,655
1676969100,722
1676970000,678
1676970900,622
1676971800,620
1676972700,687
1676973600,1031
1676974500,1532
1676975400,596
1676976300,433
1676977200,312
1676978100,318
1676979000,352
1676979900,335
1676980800,237
1676981700,242
1676982600,248
1676983500,253
1676984400,270
1676985300,251
1676986200,250
1676987100,257
1676988000,234
1676988900,234
1676989800,233
1676990700,293
1676991600,323
1676992500,339
1676993400,320
1676994300,317
1676995200,374
1676996100,399
1676997000,322
1676997900,369
1676998800,342
1676999700,941
1677000600,1337
1677001500,1109
1677002400,812
1677003300,801
1677004200,649
1677005100,382
1677006000,306
1677006900,321
1677007800,369
1677008700,388
1677009600,291
1677010500,370
1677011400,286
1677012300,251
1677013200,246
1677014100,243
1677015000,263
1677015900,258
1677016800,211
1677017700,152
1677018600,154
1677019500,136
1677020400,136
1677021300,135
1677022200,175
1677023100,137
1677024000,164
1677024900,158
1677025800,154
1677026700,142
1677027600,126
1677028500,149
1677029400,144
1677030300,128
1677031200,124
1677032100,163
1677033000,172
1677033900,137
1677034800,125
1677035700,135
1677036600,144
1677037500,154
1677038400,120
1677039300,125
1677040200,179
1677041100,178
1677042000,727
1677042900,482
1677043800,194
1677044700,250
1677045600,234
1677046500,207
1677047400,197
1677048300,235
1677049200,263
1677050100,245
1677051000,222
1677051900,547
1677052800,984
1677053700,862
1677054600,281
1677055500,226
1677056400,224
1677057300,274
1677058200,247
1677059100,589
1677060000,448
1677060900,637
1677061800,1810
1677062700,2591
1677063600,1340
1677064500,559
1677065400,350
1677066300,268
1677067200,254
1677068100,239
1677069000,195
1677069900,231
1677070800,227
1677071700,238
1677072600,230
1677073500,202
1677074400,188
1677075300,190
1677076200,173
1677077100,159
1677078000,167
1677078900,223
1677079800,257
1677080700,261
1677081600,274
1677082500,272
1677083400,310
1677084300,271
1677085200,270
1677086100,294
1677087000,345
1677087900,384
1677088800,382
1677089700,434
1677090600,558
1677091500,745
1677092400,880
1677093300,625
1677094200,419
1677095100,862
1677096000,668
1677096900,356
1677097800,359
1677098700,314
1677099600,195
1677100500,131
1677101400,125
1677102300,127
1677103200,171
1677104100,191
1677105000,155
1677105900,142
1677106800,138
1677107700,149
1677108600,145
1677109500,140
1677110400,143
1677111300,181
1677112200,167
1677113100,150
1677114000,143
1677114900,162
1677115800,149
1677116700,125
1677117600,142
1677118500,170
1677119400,176
1677120300,144
1677121200,125
1677122100,156
1677123000,149
1677123900,156
1677124800,144
1677125700,145
1677126600,172
1677127500,186
1677128400,562
1677129300,471
1677130200,194
1677131100,261
1677132000,189
1677132900,201
1677133800,211
1677134700,242
1677135600,221
1677136500,265
1677137400,197
1677138300,108
1677139200,103
1677140100,128
1677141000,102
1677141900,137
1677142800,132
1677143700,133
1677144600,110
1677145500,115
1677146400,114
1677147300,156
1677148200,144
1677149100,144
1677150000,190
1677150900,489
1677151800,478
1677152700,376
1677153600,322
1677154500,711
1677155400,585
1677156300,159
1677157200,165
1677158100,183
1677159000,155
1677159900,153
1677160800,222
1677161700,148
1677162600,165
1677163500,277
1677164400,204
1677165300,202
1677166200,237
1677167100,255
1677168000,301
1677168900,670
1677169800,492
1677170700,618
1677171600,299
1677172500,268
1677173400,318
1677174300,300
1677175200,310
1677176100,335
1677177000,379
1677177900,300
1677178800,307
1677179700,302
1677180600,362
1677181500,373
1677182400,331
1677183300,305
1677184200,278
1677185100,267
1677186000,335
1677186900,199
1677187800,146
1677188700,159
1677189600,179
1677190500,147
1677191400,138
1677192300,147
1677193200,161
1677194100,137
1677195000,136
1677195900,148
1677196800,185
1677197700,138
1677198600,142
1677199500,145
1677200400,153
1677201300,135
1677202200,134
1677203100,157
1677204000,184
1677204900,173
1677205800,154
1677206700,183
1677207600,154
1677208500,147
1677209400,163
1677210300,181
1677211200,163
1677212100,197
1677213000,178
1677213900,168
1677214800,201
1677215700,681
1677216600,287
1677217500,207
1677218400,225
1677219300,205
1677220200,219
1677221100,180
1677222000,208
1677222900,215
1677223800,304
1677224700,273
1677225600,439
1677226500,338
1677227400,375
1677228300,329
1677229200,422
1677230100,922
1677231000,1316
1677231900,1007
1677232800,836
1677233700,571
1677234600,529
1677235500,623
1677236400,853
1677237300,815
1677238200,608
1677239100,448
1677240000,383
1677240900,844
1677241800,483
1677242700,863
1677243600,888
1677244500,1324
1677245400,789
1677246300,622
1677247200,305
1677248100,326
1677249000,349
1677249900,335
1677250800,338
1677251700,375
1677252600,814
1677253500,465
1677254400,596
1677255300,661
1677256200,927
1677257100,672
1677258000,436
1677258900,452
1677259800,436
1677260700,429
1677261600,411
1677262500,513
1677263400,523
1677264300,425
1677265200,414
1677266100,337
1677267000,358
1677267900,362
1677268800,432
1677269700,931
1677270600,566
1677271500,347
1677272400,610
1677273300,751
1677274200,206
1677275100,144
1677276000,147
1677276900,155
1677277800,154
1677278700,147
1677279600,155
1677280500,169
1677281400,167
1677282300,164
1677283200,150
1677284100,145
1677285000,161
1677285900,141
1677286800,132
1677287700,164
1677288600,183
1677289500,133
1677290400,140
1677291300,148
1677292200,151
1677293100,142
1677294000,144
1677294900,169
1677295800,171
1677296700,165
1677297600,128
1677298500,145
1677299400,127
1677300300,147
1677301200,384
1677302100,827
1677303000,1137
1677303900,1121
1677304800,734
1677305700,471
1677306600,211
1677307500,663
1677308400,633
1677309300,718
1677310200,622
1677311100,248
1677312000,180
1677312900,183
1677313800,165
1677314700,195
1677315600,119
1677316500,129
1677317400,162
1677318300,199
1677319200,165
1677320100,115
1677321000,276
1677321900,192
1677322800,1115
1677323700,500
1677324600,424
1677325500,300
1677326400,159
1677327300,144
1677328200,150
1677329100,186
1677330000,162
1677330900,178
1677331800,171
1677332700,272
1677333600,214
1677334500,202
1677335400,212
1677336300,240
1677337200,231
1677338100,226
1677339000,411
1677339900,863
1677340800,516
1677341700,392
1677342600,508
1677343500,906
1677344400,481
1677345300,864
1677346200,968
1677347100,1034
1677348000,975
1677348900,963
1677349800,935
1677350700,654
1677351600,378
1677352500,368
1677353400,390
1677354300,363
1677355200,366
1677356100,334
1677357000,228
1677357900,220
1677358800,238
1677359700,177
1677360600,168
1677361500,158
1677362400,161
1677363300,150
1677364200,136
1677365100,148
1677366000,160
1677366900,147
1677367800,153
1677368700,194
1677369600,144
1677370500,126
1677371400,138
1677372300,157
1677373200,127
1677374100,145
1677375000,147
1677375900,172
1677376800,135
1677377700,142
1677378600,163
1677379500,137
1677380400,127
1677381300,143
1677382200,136
1677383100,191
1677384000,123
1677384900,138
1677385800,127
1677386700,137
1677387600,680
1677388500,866
1677389400,515
1677390300,242
1677391200,253
1677392100,247
1677393000,192
1677393900,467
1677394800,745
1677395700,478
1677396600,247
1677397500,618
1677398400,701
1677399300,900
1677400200,1253
1677401100,1099
1677402000,714
1677402900,625
1677403800,259
1677404700,287
1677405600,233
1677406500,240
1677407400,246
1677408300,527
1677409200,727
1677410100,377
1677411000,245
1677411900,251
1677412800,224
1677413700,241
1677414600,228
1677415500,259
1677416400,227
1677417300,241
1677418200,196
1677419100,308
1677420000,230
1677420900,278
1677421800,362
1677422700,303
1677423600,293
1677424500,322
1677425400,440
1677426300,406
1677427200,321
1677428100,325
1677429000,482
1677429900,425
1677430800,673
1677431700,879
1677432600,832
1677433500,396
1677434400,389
1677435300,327
1677436200,341
1677437100,360
1677438000,359
1677438900,343
1677439800,340
1677440700,355
1677441600,355
1677442500,347
1677443400,329
1677444300,318
1677445200,283
1677446100,277
1677447000,312
1677447900,316
1677448800,296
1677449700,232
1677450600,217
1677451500,231
1677452400,185
1677453300,185
1677454200,146
1677455100,187
1677456000,144
1677456900,134
1677457800,141
1677458700,152
1677459600,119
1677460500,126
1677461400,158
1677462300,160
1677463200,143
1677464100,141
1677465000,139
1677465900,130
1677466800,117
1677467700,142
1677468600,122
1677469500,163
1677470400,128
1677471300,129
1677472200,136
1677473100,129
1677474000,143
1677474900,193
1677475800,215
1677476700,223
1677477600,246
1677478500,418
1677479400,838
1677480300,1229
1677481200,842
1677482100,714
1677483000,711
1677483900,773
1677484800,609
1677485700,782
1677486600,759
1677487500,534
1677488400,271
1677489300,615
1677490200,708
1677491100,262
1677492000,282
1677492900,307
1677493800,340
1677494700,313
1677495600,357
1677496500,403
1677497400,225
1677498300,220
1677499200,197
1677500100,190
1677501000,191
1677501900,198
1677502800,235
1677503700,162
1677504600,137
1677505500,131
1677506400,107
1677507300,138
1677508200,138
1677509100,172
1677510000,147
1677510900,133
1677511800,153
1677512700,128
1677513600,135
1677514500,145
1677515400,155
1677516300,139
1677517200,153
1677518100,144
1677519000,138
1677519900,134
1677520800,121
1677521700,134
1677522600,131
1677523500,132
1677524400,260
1677525300,452
1677526200,346
1677527100,323
1677528000,341
1677528900,308
1677529800,265
1677530700,243
1677531600,292
1677532500,263
1677533400,223
1677534300,284
1677535200,262
1677536100,252
1677537000,253
1677537900,194
1677538800,162
1677539700,123
1677540600,130
1677541500,120
1677542400,126
1677543300,123
1677544200,129
1677545100,134
1677546000,152
1677546900,155
1677547800,136
1677548700,123
1677549600,119
1677550500,146
1677551400,132
1677552300,135
1677553200,149
1677554100,155
1677555000,117
1677555900,131
1677556800,130
1677557700,126
1677558600,123
1677559500,142
1677560400,201
1677561300,247
1677562200,471
1677563100,297
1677564000,236
1677564900,220
1677565800,352
1677566700,367
1677567600,292
1677568500,249
1677569400,262
1677570300,261
1677571200,264
1677572100,272
1677573000,316
1677573900,448
1677574800,787
1677575700,685
1677576600,784
1677577500,719
1677578400,1196
1677579300,930
1677580200,1406
1677581100,1179
1677582000,975
1677582900,887
1677583800,822
1677584700,766
1677585600,667
1677586500,247
1677587400,254
1677588300,272
1677589200,297
1677590100,241
1677591000,343
1677591900,262
1677592800,416
1677593700,252
1677594600,238
1677595500,301
1677596400,275
1677597300,262
1677598200,227
1677599100,218
1677600000,218
1677600900,322
1677601800,769
1677602700,1198
1677603600,1141
1677604500,1405
1677605400,1088
1677606300,924
1677607200,906
1677608100,1169
1677609000,359
1677609900,298
1677610800,302
1677611700,297
1677612600,350
1677613500,349
1677614400,390
1677615300,380
1677616200,382
1677617100,400
1677618000,274
1677618900,235
1677619800,187
1677620700,145
1677621600,142
1677622500,137
1677623400,185
1677624300,166
1677625200,160
1677626100,136
1677627000,145
1677627900,146
1677628800,125
1677629700,166
1677630600,151
1677631500,153
1677632400,129
1677633300,140
1677634200,141
1677635100,139
1677636000,156
1677636900,131
1677637800,149
1677638700,168
1677639600,128
1677640500,128
1677641400,144
1677642300,183
1677643200,125
1677644100,119
1677645000,154
1677645900,196
1677646800,268
1677647700,694
1677648600,208
1677649500,237
1677650400,223
1677651300,234
1677652200,284
1677653100,232
1677654000,279
1677654900,734
1677655800,527
1677656700,306
1677657600,290
1677658500,325
1677659400,241
1677660300,236
1677661200,235
1677662100,205
1677663000,339
1677663900,877
1677664800,1148
1677665700,789
1677666600,764
1677667500,988
1677668400,1178
1677669300,735
1677670200,1117
1677671100,913
1677672000,865
1677672900,981
1677673800,655
1677674700,567
1677675600,498
1677676500,671
1677677400,348
1677678300,389
1677679200,226
1677680100,702
1677681000,478
1677681900,193
1677682800,206
1677683700,221
1677684600,238
1677685500,267
1677686400,280
1677687300,391
1677688200,346
1677689100,364
1677690000,782
1677690900,782
1677691800,814
1677692700,762
1677693600,704
1677694500,542
1677695400,372
1677696300,352
1677697200,351
1677698100,397
1677699000,337
1677699900,320
1677700800,352
1677701700,329
1677702600,287
1677703500,271
1677704400,268
1677705300,315
1677706200,284
1677707100,207
1677708000,200
1677708900,233
1677709800,202
1677710700,177
1677711600,151
1677712500,158
1677713400,156
1677714300,162
1677715200,152
1677716100,179
1677717000,205
1677717900,141
1677718800,170
1677719700,170
1677720600,161
1677721500,156
1677722400,144
1677723300,205
1677724200,167
1677725100,138
1677726000,143
1677726900,125
1677727800,138
1677728700,164
1677729600,158
1677730500,191
1677731400,166
1677732300,189
1677733200,498
1677734100,1044
1677735000,1185
1677735900,862
1677736800,545
1677737700,248
1677738600,246
1677739500,684
1677740400,621
1677741300,969
1677742200,739
1677743100,1241
1677744000,643
1677744900,210
1677745800,193
1677746700,172
1677747600,192
1677748500,190
1677749400,165
1677750300,347
1677751200,874
1677752100,1026
1677753000,756
1677753900,651
1677754800,505
1677755700,553
1677756600,660
1677757500,698
1677758400,902
1677759300,1039
1677760200,743
1677761100,644
1677762000,593
1677762900,183
1677763800,193
1677764700,170
1677765600,162
1677766500,308
1677767400,173
1677768300,127
1677769200,126
1677770100,148
1677771000,135
1677771900,363
1677772800,229
1677773700,298
1677774600,579
1677775500,1049
1677776400,1019
1677777300,581
1677778200,696
1677779100,710
1677780000,435
1677780900,788
1677781800,829
1677782700,360
1677783600,315
1677784500,311
1677785400,378
1677786300,325
1677787200,360
1677788100,360
1677789000,329
1677789900,290
1677790800,244
1677791700,228
1677792600,192
1677793500,187
1677794400,161
1677795300,176
1677796200,136
1677797100,140
1677798000,152
1677798900,135
1677799800,157
1677800700,158
1677801600,201
1677802500,156
1677803400,132
1677804300,166
1677805200,128
1677806100,130
1677807000,142
1677807900,138
1677808800,158
1677809700,152
1677810600,153
1677811500,127
1677812400,136
1677813300,154
1677814200,169
1677815100,166
1677816000,150
1677816900,183
1677817800,157
1677818700,149
1677819600,276
1677820500,750
1677821400,209
1677822300,200
1677823200,226
1677824100,229
1677825000,307
1677825900,277
1677826800,798
1677827700,411
1677828600,357
1677829500,546
1677830400,908
1677831300,380
1677832200,204
1677833100,186
1677834000,277
1677834900,192
1677835800,207
1677836700,248
1677837600,620
1677838500,1126
1677839400,744
1677840300,531
1677841200,747
1677842100,307
1677843000,205
1677843900,484
1677844800,184
1677845700,160
1677846600,147
1677847500,125
1677848400,130
1677849300,157
1677850200,151
1677851100,167
1677852000,195
1677852900,228
1677853800,200
1677854700,180
1677855600,206
1677856500,181
1677857400,370
1677858300,309
1677859200,251
1677860100,248
1677861000,301
1677861900,295
1677862800,358
1677863700,422
1677864600,359
1677865500,369
1677866400,299
1677867300,274
1677868200,320
1677869100,428
1677870000,359
1677870900,335
1677871800,368
1677872700,344
1677873600,391
1677874500,324
1677875400,315
1677876300,336
1677877200,346
1677878100,294
1677879000,215
1677879900,146
1677880800,169
1677881700,134
1677882600,135
1677883500,196
1677884400,164
1677885300,154
1677886200,161
1677887100,145
1677888000,141
1677888900,147
1677889800,159
1677890700,132
1677891600,166
1677892500,126
1677893400,125
1677894300,114
1677895200,154
1677896100,139
1677897000,128
1677897900,136
1677898800,149
1677899700,164
1677900600,156
1677901500,132
1677902400,156
1677903300,137
1677904200,156
1677905100,180
1677906000,598
1677906900,459
1677907800,192
1677908700,308
1677909600,183
1677910500,141
1677911400,128
1677912300,153
1677913200,112
1677914100,143
1677915000,264
1677915900,340
1677916800,651
1677917700,445
1677918600,252
1677919500,390
1677920400,750
1677921300,293
1677922200,252
1677923100,198
1677924000,194
1677924900,219
1677925800,201
1677926700,747
1677927600,915
1677928500,637
1677929400,492
1677930300,275
1677931200,272
1677932100,197
1677933000,163
1677933900,247
1677934800,193
1677935700,173
1677936600,205
1677937500,276
1677938400,230
1677939300,228
1677940200,243
1677941100,468
1677942000,266
1677942900,218
1677943800,263
1677944700,300
1677945600,391
1677946500,794
1677947400,824
1677948300,954
1677949200,899
1677950100,887
1677951000,467
1677951900,409
1677952800,807
1677953700,666
1677954600,593
1677955500,355
1677956400,857
1677957300,558
1677958200,391
1677959100,527
1677960000,511
1677960900,388
1677961800,371
1677962700,347
1677963600,280
1677964500,273
1677965400,243
1677966300,211
1677967200,143
1677968100,137
1677969000,140
1677969900,138
1677970800,97
1677971700,111
1677972600,114
1677973500,113
1677974400,106
1677975300,112
1677976200,172
1677977100,131
1677978000,134
1677978900,134
1677979800,148
1677980700,115
1677981600,114
1677982500,127
1677983400,162
1677984300,160
1677985200,128
1677986100,154
1677987000,154
1677987900,143
1677988800,130
1677989700,143
1677990600,134
1677991500,148
1677992400,269
1677993300,569
1677994200,141
1677995100,200
1677996000,188
1677996900,135
1677997800,90
1677998700,82
1677999600,115
1678000500,107
1678001400,92
1678002300,104
1678003200,86
1678004100,74
1678005000,80
1678005900,95
1678006800,67
1678007700,105
1678008600,169
1678009500,145
1678010400,110
1678011300,104
1678012200,178
1678013100,160
1678014000,217
1678014900,355
1678015800,1081
1678016700,1182
1678017600,903
1678018500,539
1678019400,499
1678020300,717
1678021200,209
1678022100,139
1678023000,161
1678023900,452
1678024800,422
1678025700,172
1678026600,184
1678027500,196
1678028400,600
1678029300,403
1678030200,370
1678031100,390
1678032000,823
1678032900,363
1678033800,425
1678034700,308
1678035600,362
1678036500,887
1678037400,399
1678038300,388
1678039200,293
1678040100,870
1678041000,1221
1678041900,942
1678042800,1028
1678043700,759
1678044600,514
1678045500,477
1678046400,389
1678047300,435
1678048200,372
1678049100,528
1678050000,521
1678050900,462
1678051800,489
1678052700,475
1678053600,348
1678054500,207
1678055400,199
1678056300,129
1678057200,175
1678058100,149
1678059000,155
1678059900,144
1678060800,152
1678061700,204
1678062600,146
1678063500,147
1678064400,143
1678065300,164
1678066200,155
1678067100,146
1678068000,139
1678068900,148
1678069800,157
1678070700,132
1678071600,147
1678072500,122
1678073400,127
1678074300,128
1678075200,141
1678076100,134
1678077000,149
1678077900,211
1678078800,195
1678079700,274
1678080600,374
1678081500,360
1678082400,306
1678083300,276
1678084200,284
1678085100,291
1678086000,279
1678086900,334
1678087800,329
1678088700,308
1678089600,274
1678090500,261
1678091400,402
1678092300,276
1678093200,469
1678094100,746
1678095000,598
1678095900,312
1678096800,534
1678097700,805
1678098600,263
1678099500,1277
1678100400,1049
1678101300,303
1678102200,334
1678103100,323
1678104000,257
1678104900,219
1678105800,228
1678106700,328
1678107600,899
1678108500,979
1678109400,745
1678110300,670
1678111200,370
1678112100,250
1678113000,375
1678113900,810
1678114800,451
1678115700,261
1678116600,481
1678117500,767
1678118400,253
1678119300,362
1678120200,312
1678121100,282
1678122000,257
1678122900,295
1678123800,304
1678124700,734
1678125600,1162
1678126500,868
1678127400,850
1678128300,790
1678129200,526
1678130100,354
1678131000,367
1678131900,315
1678132800,336
1678133700,307
1678134600,313
1678135500,339
1678136400,349
1678137300,310
1678138200,268
1678139100,272
1678140000,256
1678140900,248
1678141800,222
1678142700,271
1678143600,252
1678144500,286
1678145400,246
1678146300,182
1678147200,157
1678148100,156
1678149000,163
1678149900,140
1678150800,138
1678151700,149
1678152600,199
1678153500,168
1678154400,139
1678155300,142
1678156200,173
1678157100,144
1678158000,130
1678158900,148
1678159800,165
1678160700,151
1678161600,206
1678162500,153
1678163400,159
1678164300,154
1678165200,174
1678166100,583
1678167000,413
1678167900,383
1678168800,315
1678169700,302
1678170600,286
1678171500,271
1678172400,325
1678173300,1115
1678174200,858
1678175100,721
1678176000,314
1678176900,362
1678177800,291
1678178700,305
1678179600,303
1678180500,302
1678181400,707
1678182300,928
1678183200,838
1678184100,979
1678185000,1282
1678185900,911
1678186800,486
1678187700,382
1678188600,362
1678189500,256
1678190400,203
1678191300,221
1678192200,162
1678193100,197
1678194000,201
1678194900,201
1678195800,251
1678196700,267
1678197600,243
1678198500,218
1678199400,236
1678200300,252
1678201200,220
1678202100,250
1678203000,299
1678203900,296
1678204800,569
1678205700,1929
1678206600,1662
1678207500,1336
1678208400,1054
1678209300,1397
1678210200,1067
1678211100,864
1678212000,810
1678212900,730
1678213800,531
1678214700,808
1678215600,606
1678216500,384
1678217400,346
1678218300,559
1678219200,751
1678220100,508
1678221000,268
1678221900,551
1678222800,724
1678223700,212
1678224600,215
1678225500,247
1678226400,150
1678227300,145
1678228200,137
1678229100,137
1678230000,144
1678230900,155
1678231800,168
1678232700,151
1678233600,133
1678234500,139
1678235400,216
1678236300,140
1678237200,131
1678238100,160
1678239000,144
1678239900,132
1678240800,155
1678241700,139
1678242600,147
1678243500,185
1678244400,168
1678245300,133
1678246200,156
1678247100,143
1678248000,155
1678248900,167
1678249800,156
1678250700,161
1678251600,558
1678252500,482
1678253400,217
1678254300,312
1678255200,202
1678256100,184
1678257000,174
1678257900,207
1678258800,178
1678259700,208
1678260600,150
1678261500,132
1678262400,130
1678263300,125
1678264200,124
1678265100,136
1678266000,124
1678266900,132
1678267800,133
1678268700,202
1678269600,162
1678270500,162
1678271400,175
1678272300,179
1678273200,164
1678274100,886
1678275000,984
1678275900,1193
1678276800,518
1678277700,727
1678278600,380
1678279500,237
1678280400,377
1678281300,680
1678282200,179
1678283100,182
1678284000,296
1678284900,176
1678285800,174
1678286700,175
1678287600,176
1678288500,331
1678289400,592
1678290300,683
1678291200,646
1678292100,727
1678293000,823
1678293900,267
1678294800,271
1678295700,278
1678296600,248
1678297500,259
1678298400,331
1678299300,310
1678300200,295
1678301100,316
1678302000,383
1678302900,312
1678303800,302
1678304700,314
1678305600,345
1678306500,370
1678307400,303
1678308300,328
1678309200,282
1678310100,273
1678311000,275
1678311900,236
1678312800,145
1678313700,140
1678314600,148
1678315500,171
1678316400,143
1678317300,146
1678318200,181
1678319100,152
1678320000,141
1678320900,154
1678321800,153
1678322700,149
1678323600,140
1678324500,148
1678325400,135
1678326300,176
1678327200,149
1678328100,156
1678329000,136
1678329900,137
1678330800,132
1678331700,151
1678332600,146
1678333500,158
1678334400,153
1678335300,198
1678336200,139
1678337100,142
1678338000,602
1678338900,903
1678339800,736
1678340700,714
1678341600,400
1678342500,233
1678343400,274
1678344300,650
1678345200,569
1678346100,498
1678347000,230
1678347900,720
1678348800,525
1678349700,250
1678350600,242
1678351500,266
1678352400,261
1678353300,256
1678354200,186
1678355100,212
1678356000,185
1678356900,190
1678357800,198
1678358700,196
1678359600,178
1678360500,212
1678361400,474
1678362300,809
1678363200,677
1678364100,634
1678365000,331
1678365900,197
1678366800,177
1678367700,204
1678368600,188
1678369500,271
1678370400,152
1678371300,122
1678372200,112
1678373100,118
1678374000,121
1678374900,131
1678375800,110
1678376700,151
1678377600,199
1678378500,253
1678379400,375
1678380300,703
1678381200,411
1678382100,385
1678383000,660
1678383900,641
1678384800,348
1678385700,422
1678386600,825
1678387500,1742
1678388400,1529
1678389300,576
1678390200,399
1678391100,631
1678392000,1170
1678392900,305
1678393800,291
1678394700,290
1678395600,274
1678396500,239
1678397400,233
1678398300,265
1678399200,254
1678400100,201
1678401000,156
1678401900,173
1678402800,181
1678403700,164
1678404600,166
1678405500,187
1678406400,159
1678407300,154
1678408200,152
1678409100,180
1678410000,169
1678410900,186
1678411800,203
1678412700,193
1678413600,164
1678414500,167
1678415400,169
1678416300,174
1678417200,168
1678418100,184
1678419000,201
1678419900,175
1678420800,197
1678421700,181
1678422600,160
1678423500,188
1678424400,368
1678425300,725
1678426200,340
1678427100,324
1678428000,267
1678428900,316
1678429800,279
1678430700,305
1678431600,303
1678432500,493
1678433400,676
1678434300,878
1678435200,1155
1678436100,1226
1678437000,977
1678437900,554
1678438800,277
1678439700,245
1678440600,230
1678441500,270
1678442400,255
1678443300,272
1678444200,742
1678445100,731
1678446000,674
1678446900,1309
1678447800,362
1678448700,252
1678449600,306
1678450500,250
1678451400,241
1678452300,253
1678453200,262
1678454100,281
1678455000,268
1678455900,276
1678456800,238
1678457700,286
1678458600,252
1678459500,275
1678460400,249
1678461300,319
1678462200,224
1678463100,280
1678464000,295
1678464900,334
1678465800,618
1678466700,1207
1678467600,1151
1678468500,953
1678469400,845
1678470300,868
1678471200,495
1678472100,439
1678473000,406
1678473900,350
1678474800,372
1678475700,324
1678476600,323
1678477500,325
1678478400,308
1678479300,329
1678480200,336
1678481100,242
1678482000,290
1678482900,280
1678483800,247
1678484700,240
1678485600,260
1678486500,241
1678487400,258
1678488300,260
1678489200,282
1678490100,155
1678491000,165
1678491900,158
1678492800,156
1678493700,148
1678494600,136
1678495500,148
1678496400,155
1678497300,134
1678498200,136
1678499100,153
1678500000,166
1678500900,134
1678501800,128
1678502700,145
1678503600,133
1678504500,129
1678505400,125
1678506300,161
1678507200,118
1678508100,145
1678509000,166
1678509900,179
1678510800,606
1678511700,361
1678512600,183
1678513500,236
1678514400,205
1678515300,202
1678516200,233
1678517100,421
1678518000,1000
1678518900,1162
1678519800,1358
1678520700,844
1678521600,1281
1678522500,976
1678523400,639
1678524300,509
1678525200,255
1678526100,304
1678527000,639
1678527900,1182
1678528800,1040
1678529700,738
1678530600,776
1678531500,367
1678532400,270
1678533300,717
1678534200,448
1678535100,413
1678536000,527
1678536900,212
1678537800,209
1678538700,239
1678539600,215
1678540500,258
1678541400,204
1678542300,198
1678543200,237
1678544100,308
1678545000,776
1678545900,363
1678546800,338
1678547700,280
1678548600,733
1678549500,327
1678550400,210
1678551300,366
1678552200,520
1678553100,564
1678554000,616
1678554900,854
1678555800,342
1678556700,748
1678557600,1339
1678558500,1272
1678559400,1210
1678560300,1061
1678561200,903
1678562100,592
1678563000,600
1678563900,389
1678564800,746
1678565700,716
1678566600,291
1678567500,280
1678568400,270
1678569300,261
1678570200,180
1678571100,166
1678572000,131
1678572900,131
1678573800,144
1678574700,149
1678575600,144
1678576500,167
1678577400,161
1678578300,144
1678579200,125
1678580100,134
1678581000,153
1678581900,128
1678582800,140
1678583700,123
1678584600,176
1678585500,170
1678586400,144
1678587300,146
1678588200,125
1678589100,123
1678590000,117
1678590900,135
1678591800,133
1678592700,153
1678593600,150
1678594500,190
1678595400,156
1678596300,171
1678597200,522
1678598100,1478
1678599000,733
1678599900,725
1678600800,615
1678601700,485
1678602600,244
1678603500,236
1678604400,226
1678605300,214
1678606200,541
1678607100,714
1678608000,1137
1678608900,1169
1678609800,904
1678610700,546
1678611600,250
1678612500,192
1678613400,200
1678614300,210
1678615200,212
1678616100,172
1678617000,208
1678617900,209
1678618800,211
1678619700,220
1678620600,202
1678621500,232
1678622400,188
1678623300,182
1678624200,187
1678625100,588
1678626000,439
1678626900,267
1678627800,244
1678628700,266
1678629600,234
1678630500,181
1678631400,206
1678632300,193
1678633200,252
1678634100,226
1678635000,252
1678635900,252
1678636800,233
1678637700,255
1678638600,256
1678639500,268
1678640400,242
1678641300,290
1678642200,251
1678643100,273
1678644000,308
1678644900,313
1678645800,342
1678646700,286
1678647600,280
1678648500,285
1678649400,284
1678650300,333
1678651200,270
1678652100,286
1678653000,282
1678653900,288
1678654800,318
1678655700,267
1678656600,214
1678657500,218
1678658400,244
1678659300,221
1678660200,232
1678661100,267
1678662000,227
1678662900,173
1678663800,125
1678664700,148
1678665600,130
1678666500,116
1678667400,115
1678668300,149
1678669200,150
1678670100,136
1678671000,118
1678671900,141
1678672800,117
1678673700,134
1678674600,136
1678675500,136
1678676400,121
1678677300,154
1678678200,171
1678679100,124
1678680000,118
1678680900,131
1678681800,135
1678682700,138
1678683600,119
1678684500,180
1678685400,213
1678686300,210
1678687200,175
1678688100,330
1678689000,173
1678689900,249
1678690800,284
1678691700,392
1678692600,207
1678693500,386
1678694400,822
1678695300,1335
1678696200,1541
1678697100,995
1678698000,901
1678698900,847
1678699800,1294
1678700700,489
1678701600,341
1678702500,303
1678703400,285
1678704300,343
1678705200,371
1678706100,235
1678707000,263
1678707900,298
1678708800,291
1678709700,319
1678710600,274
1678711500,273
1678712400,233
1678713300,223
1678714200,273
1678715100,268
1678716000,241
1678716900,238
1678717800,281
1678718700,260
1678719600,273
1678720500,275
1678721400,284
1678722300,266
1678723200,286
1678724100,268
1678725000,278
1678725900,289
1678726800,300
1678727700,315
1678728600,306
1678729500,319
1678730400,312
1678731300,519
1678732200,477
1678733100,975
1678734000,883
1678734900,629
1678735800,384
1678736700,368
1678737600,390
1678738500,356
1678739400,340
1678740300,357
1678741200,374
1678742100,360
1678743000,308
1678743900,296
1678744800,195
1678745700,141
1678746600,119
1678747500,141
1678748400,138
1678749300,163
1678750200,128
1678751100,150
1678752000,119
1678752900,124
1678753800,126
1678754700,128
1678755600,129
1678756500,145
1678757400,150
1678758300,130
1678759200,115
1678760100,126
1678761000,148
1678761900,137
1678762800,129
1678763700,131
1678764600,151
1678765500,149
1678766400,116
1678767300,151
1678768200,133
1678769100,136
1678770000,173
1678770900,691
1678771800,224
1678772700,272
1678773600,391
1678774500,745
1678775400,547
1678776300,543
1678777200,1089
1678778100,1694
1678779000,1204
1678779900,392
1678780800,324
1678781700,315
1678782600,629
1678783500,566
1678784400,584
1678785300,607
1678786200,687
1678787100,734
1678788000,653
1678788900,498
1678789800,645
1678790700,1317
1678791600,610
1678792500,449
1678793400,338
1678794300,323
1678795200,513
1678796100,794
1678797000,604
1678797900,584
1678798800,356
1678799700,824
1678800600,606
1678801500,824
1678802400,1410
1678803300,1044
1678804200,826
1678805100,830
1678806000,623
1678806900,347
1678807800,305
1678808700,328
1678809600,281
1678810500,281
1678811400,334
1678812300,360
1678813200,549
1678814100,501
1678815000,422
1678815900,441
1678816800,437
1678817700,432
1678818600,354
1678819500,349
1678820400,345
1678821300,375
1678822200,365
1678823100,466
1678824000,416
1678824900,372
1678825800,356
1678826700,327
1678827600,267
1678828500,280
1678829400,322
1678830300,201
1678831200,161
1678832100,186
1678833000,149
1678833900,147
1678834800,144
1678835700,167
1678836600,166
1678837500,177
1678838400,167
1678839300,161
1678840200,155
1678841100,155
1678842000,158
1678842900,152
1678843800,145
1678844700,185
1678845600,176
1678846500,154
1678847400,161
1678848300,165
1678849200,153
1678850100,159
1678851000,181
1678851900,172
1678852800,158
1678853700,188
1678854600,176
1678855500,191
1678856400,359
1678857300,503
1678858200,213
1678859100,295
1678860000,233
1678860900,224
1678861800,249
1678862700,208
1678863600,203
1678864500,265
1678865400,274
1678866300,245
1678867200,234
1678868100,224
1678869000,167
1678869900,174
1678870800,169
1678871700,167
1678872600,151
1678873500,183
1678874400,230
1678875300,197
1678876200,205
1678877100,269
1678878000,237
1678878900,185
1678879800,769
1678880700,875
1678881600,664
1678882500,187
1678883400,633
1678884300,483
1678885200,197
1678886100,181
1678887000,139
1678887900,110
1678888800,149
1678889700,158
1678890600,185
1678891500,221
1678892400,397
1678893300,427
1678894200,263
1678895100,210
1678896000,224
1678896900,267
1678897800,422
1678898700,280
1678899600,310
1678900500,317
1678901400,320
1678902300,621
1678903200,1038
1678904100,1472
1678905000,1337
1678905900,1034
1678906800,767
1678907700,335
1678908600,351
1678909500,319
1678910400,329
1678911300,284
1678912200,309
1678913100,252
1678914000,192
1678914900,167
1678915800,163
1678916700,170
1678917600,158
1678918500,145
1678919400,146
1678920300,148
1678921200,135
1678922100,135
1678923000,165
1678923900,161
1678924800,155
1678925700,144
1678926600,148
1678927500,150
1678928400,128
1678929300,156
1678930200,130
1678931100,152
1678932000,165
1678932900,140
1678933800,141
1678934700,125
1678935600,151
1678936500,151
1678937400,147
1678938300,168
1678939200,172
1678940100,147
1678941000,123
1678941900,152
1678942800,810
1678943700,1295
1678944600,1157
1678945500,762
1678946400,704
1678947300,710
1678948200,700
1678949100,709
1678950000,1068
1678950900,410
1678951800,394
1678952700,206
1678953600,696
1678954500,454
1678955400,226
1678956300,151
1678957200,119
1678958100,127
1678959000,113
1678959900,509
1678960800,526
1678961700,350
1678962600,300
1678963500,207
1678964400,189
1678965300,182
1678966200,169
1678967100,166
1678968000,390
1678968900,180
1678969800,172
1678970700,126
1678971600,148
1678972500,123
1678973400,109
1678974300,111
1678975200,107
1678976100,117
1678977000,134
1678977900,586
1678978800,1067
1678979700,1087
1678980600,961
1678981500,885
1678982400,523
1678983300,334
1678984200,729
1678985100,625
1678986000,492
1678986900,357
1678987800,363
1678988700,337
1678989600,385
1678990500,425
1678991400,456
1678992300,1070
1678993200,1219
1678994100,1209
1678995000,921
1678995900,893
1678996800,792
1678997700,677
1678998600,531
1678999500,331
1679000400,249
1679001300,244
1679002200,264
1679003100,253
1679004000,231
1679004900,213
1679005800,247
1679006700,215
1679007600,233
1679008500,251
1679009400,214
1679010300,159
1679011200,147
1679012100,141
1679013000,172
1679013900,127
1679014800,153
1679015700,147
1679016600,130
1679017500,133
1679018400,180
1679019300,155
1679020200,132
1679021100,146
1679022000,125
1679022900,125
1679023800,139
1679024700,168
1679025600,128
1679026500,153
1679027400,158
1679028300,138
1679029200,284
1679030100,699
1679031000,366
1679031900,225
1679032800,168
1679033700,188
1679034600,222
1679035500,211
1679036400,187
1679037300,202
1679038200,188
1679039100,195
1679040000,203
1679040900,185
1679041800,197
1679042700,307
1679043600,295
1679044500,188
1679045400,173
1679046300,260
1679047200,904
1679048100,375
1679049000,301
1679049900,213
1679050800,1324
1679051700,2428
1679052600,1244
1679053500,823
1679054400,573
1679055300,218
1679056200,223
1679057100,288
1679058000,611
1679058900,617
1679059800,252
1679060700,163
1679061600,150
1679062500,181
1679063400,150
1679064300,183
1679065200,199
1679066100,194
1679067000,210
1679067900,202
1679068800,224
1679069700,213
1679070600,205
1679071500,218
1679072400,268
1679073300,357
1679074200,351
1679075100,383
1679076000,426
1679076900,601
1679077800,1211
1679078700,1124
1679079600,464
1679080500,939
1679081400,887
1679082300,297
1679083200,290
1679084100,273
1679085000,268
1679085900,255
1679086800,282
1679087700,319
1679088600,258
1679089500,217
1679090400,159
1679091300,160
1679092200,139
1679093100,145
1679094000,182
1679094900,167
1679095800,142
1679096700,139
1679097600,150
1679098500,145
1679099400,128
1679100300,154
1679101200,152
1679102100,149
1679103000,172
1679103900,157
1679104800,155
1679105700,137
1679106600,133
1679107500,130
1679108400,121
1679109300,119
1679110200,186
1679111100,188
1679112000,135
1679112900,154
1679113800,166
1679114700,179
1679115600,286
1679116500,747
1679117400,295
1679118300,271
1679119200,219
1679120100,181
1679121000,137
1679121900,144
1679122800,151
1679123700,143
1679124600,146
1679125500,160
1679126400,189
1679127300,130
1679128200,134
1679129100,138
1679130000,168
1679130900,152
1679131800,145
1679132700,158
1679133600,183
1679134500,167
1679135400,195
1679136300,184
1679137200,670
1679138100,884
1679139000,989
1679139900,833
1679140800,579
1679141700,776
1679142600,359
1679143500,195
1679144400,170
1679145300,181
1679146200,121
1679147100,128
1679148000,137
1679148900,158
1679149800,113
1679150700,152
1679151600,195
1679152500,149
1679153400,142
1679154300,238
1679155200,257
1679156100,244
1679157000,244
1679157900,235
1679158800,236
1679159700,250
1679160600,308
1679161500,358
1679162400,326
1679163300,381
1679164200,826
1679165100,816
1679166000,333
1679166900,322
1679167800,797
1679168700,603
1679169600,418
1679170500,294
1679171400,292
1679172300,264
1679173200,302
1679174100,235
1679175000,222
1679175900,203
1679176800,213
1679177700,175
1679178600,142
1679179500,154
1679180400,143
1679181300,128
1679182200,143
1679183100,177
1679184000,134
1679184900,126
1679185800,148
1679186700,130
1679187600,127
1679188500,130
1679189400,161
1679190300,159
1679191200,165
1679192100,145
1679193000,130
1679193900,130
1679194800,124
1679195700,152
1679196600,127
1679197500,197
1679198400,170
1679199300,367
1679200200,334
1679201100,424
1679202000,558
1679202900,358
1679203800,278
1679204700,323
1679205600,324
1679206500,305
1679207400,324
1679208300,628
1679209200,560
1679210100,357
1679211000,150
1679211900,452
1679212800,531
1679213700,120
1679214600,120
1679215500,105
1679216400,107
1679217300,126
1679218200,87
1679219100,255
1679220000,147
1679220900,159
1679221800,178
1679222700,132
1679223600,436
1679224500,947
1679225400,268
1679226300,183
1679227200,206
1679228100,193
1679229000,156
1679229900,212
1679230800,167
1679231700,166
1679232600,187
1679233500,150
1679234400,151
1679235300,162
1679236200,175
1679237100,183
1679238000,185
1679238900,207
1679239800,210
1679240700,230
1679241600,843
1679242500,1229
1679243400,1042
1679244300,913
1679245200,781
1679246100,526
1679247000,317
1679247900,293
1679248800,385
1679249700,501
1679250600,874
1679251500,369
1679252400,315
1679253300,421
1679254200,312
1679255100,304
1679256000,313
1679256900,379
1679257800,332
1679258700,313
1679259600,252
1679260500,146
1679261400,156
1679262300,127
1679263200,131
1679264100,179
1679265000,140
1679265900,136
1679266800,140
1679267700,132
1679268600,132
1679269500,135
1679270400,167
1679271300,142
1679272200,148
1679273100,132
1679274000,121
1679274900,117
1679275800,128
1679276700,133
1679277600,127
1679278500,125
1679279400,184
1679280300,138
1679281200,135
1679282100,124
1679283000,141
1679283900,121
1679284800,123
1679285700,139
1679286600,159
1679287500,153
1679288400,227
1679289300,221
1679290200,232
1679291100,273
1679292000,332
1679292900,955
1679293800,1655
1679294700,1051
1679295600,460
1679296500,215
1679297400,751
1679298300,1160
1679299200,713
1679300100,752
1679301000,456
1679301900,283
1679302800,426
1679303700,746
1679304600,801
1679305500,1343
1679306400,754
1679307300,701
1679308200,653
1679309100,988
1679310000,676
1679310900,479
1679311800,632
1679312700,609
1679313600,229
1679314500,206
1679315400,165
1679316300,163
1679317200,173
1679318100,166
1679319000,151
1679319900,194
1679320800,187
1679321700,379
1679322600,752
1679323500,478
1679324400,594
1679325300,373
1679326200,341
1679327100,304
1679328000,343
1679328900,398
1679329800,337
1679330700,357
1679331600,355
1679332500,403
1679333400,371
1679334300,335
1679335200,384
1679336100,427
1679337000,361
1679337900,375
1679338800,337
1679339700,327
1679340600,344
1679341500,334
1679342400,303
1679343300,325
1679344200,320
1679345100,295
1679346000,242
1679346900,200
1679347800,134
1679348700,138
1679349600,166
1679350500,160
1679351400,149
1679352300,149
1679353200,168
1679354100,139
1679355000,142
1679355900,160
1679356800,167
1679357700,147
1679358600,149
1679359500,163
1679360400,138
1679361300,140
1679362200,144
1679363100,143
1679364000,163
1679364900,151
1679365800,150
1679366700,123
1679367600,150
1679368500,155
1679369400,139
1679370300,141
1679371200,175
1679372100,144
1679373000,122
1679373900,124
1679374800,232
1679375700,613
1679376600,447
1679377500,249
1679378400,238
1679379300,262
1679380200,304
1679381100,241
1679382000,227
1679382900,266
1679383800,646
1679384700,693
1679385600,679
1679386500,826
1679387400,762
1679388300,745
1679389200,705
1679390100,771
1679391000,798
1679391900,764
1679392800,512
1679393700,995
1679394600,1077
1679395500,676
1679396400,660
1679397300,464
1679398200,921
1679399100,571
1679400000,328
1679400900,313
1679401800,367
1679402700,282
1679403600,287
1679404500,331
1679405400,323
1679406300,320
1679407200,299
1679408100,236
1679409000,237
1679409900,234
1679410800,263
1679411700,238
1679412600,225
1679413500,269
1679414400,256
1679415300,243
1679416200,247
1679417100,269
1679418000,289
1679418900,339
1679419800,512
1679420700,867
1679421600,852
1679422500,944
1679423400,626
1679424300,385
1679425200,332
1679426100,317
1679427000,298
1679427900,315
1679428800,320
1679429700,251
1679430600,273
1679431500,254
1679432400,245
1679433300,267
1679434200,221
1679435100,143
1679436000,176
1679436900,134
1679437800,136
1679438700,120
1679439600,166
1679440500,157
1679441400,129
1679442300,133
1679443200,167
1679444100,130
1679445000,118
1679445900,230
1679446800,124
1679447700,140
1679448600,125
1679449500,145
1679450400,155
1679451300,145
1679452200,177
1679453100,113
1679454000,111
1679454900,130
1679455800,129
1679456700,170
1679457600,208
1679458500,151
1679459400,118
1679460300,119
1679461200,558
1679462100,525
1679463000,498
1679463900,214
1679464800,209
1679465700,222
1679466600,336
1679467500,352
1679468400,332
1679469300,282
1679470200,296
1679471100,280
1679472000,317
1679472900,480
1679473800,308
1679474700,276
1679475600,317
1679476500,342
1679477400,355
1679478300,362
1679479200,343
1679480100,525
1679481000,747
1679481900,577
1679482800,821
1679483700,942
1679484600,846
1679485500,1021
1679486400,945
1679487300,379
1679488200,311
1679489100,332
1679490000,323
1679490900,346
1679491800,317
1679492700,350
1679493600,344
1679494500,338
1679495400,325
1679496300,345
1679497200,309
1679498100,227
1679499000,243
1679499900,293
1679500800,290
1679501700,250
1679502600,268
1679503500,257
1679504400,250
1679505300,249
1679506200,798
1679507100,430
1679508000,603
1679508900,898
1679509800,1428
1679510700,1062
1679511600,890
1679512500,480
1679513400,420
1679514300,465
1679515200,462
1679516100,283
1679517000,330
1679517900,253
1679518800,222
1679519700,276
1679520600,260
1679521500,188
1679522400,144
1679523300,139
1679524200,127
1679525100,121
1679526000,125
1679526900,135
1679527800,118
1679528700,147
1679529600,162
1679530500,135
1679531400,127
1679532300,136
1679533200,121
1679534100,114
1679535000,123
1679535900,184
1679536800,162
1679537700,132
1679538600,149
1679539500,134
1679540400,155
1679541300,171
1679542200,162
1679543100,196
1679544000,178
1679544900,161
1679545800,149
1679546700,165
1679547600,557
1679548500,995
1679549400,1073
1679550300,794
1679551200,261
1679552100,218
1679553000,201
1679553900,147
1679554800,164
1679555700,138
1679556600,127
1679557500,119
1679558400,141
1679559300,118
1679560200,116
1679561100,102
1679562000,102
1679562900,169
1679563800,164
1679564700,161
1679565600,219
1679566500,157
1679567400,155
1679568300,163
1679569200,443
1679570100,454
1679571000,156
1679571900,173
1679572800,193
1679573700,172
1679574600,191
1679575500,763
1679576400,1148
1679577300,806
1679578200,465
1679579100,221
1679580000,242
1679580900,201
1679581800,202
1679582700,192
1679583600,178
1679584500,147
1679585400,165
1679586300,267
1679587200,243
1679588100,240
1679589000,565
1679589900,1158
1679590800,1502
1679591700,1265
1679592600,1247
1679593500,801
1679594400,412
1679595300,387
1679596200,374
1679597100,336
1679598000,353
1679598900,321
1679599800,338
1679600700,357
1679601600,352
1679602500,298
1679603400,308
1679604300,250
1679605200,248
1679606100,277
1679607000,290
1679607900,296
1679608800,312
1679609700,292
1679610600,273
1679611500,321
1679612400,275
1679613300,275
1679614200,219
1679615100,159
1679616000,177
1679616900,138
1679617800,145
1679618700,159
1679619600,141
1679620500,134
1679621400,147
1679622300,147
1679623200,161
1679624100,143
1679625000,146
1679625900,126
1679626800,129
1679627700,164
1679628600,135
1679629500,196
1679630400,168
1679631300,140
1679632200,129
1679633100,151
1679634000,335
1679634900,529
1679635800,159
1679636700,256
1679637600,211
1679638500,129
1679639400,125
1679640300,108
1679641200,138
1679642100,159
1679643000,137
1679643900,152
1679644800,188
1679645700,189
1679646600,163
1679647500,164
1679648400,178
1679649300,167
1679650200,166
1679651100,168
1679652000,213
1679652900,162
1679653800,148
1679654700,182
1679655600,181
1679656500,161
1679657400,166
1679658300,151
1679659200,187
1679660100,255
1679661000,161
1679661900,138
1679662800,169
1679663700,185
1679664600,162
1679665500,153
1679666400,218
1679667300,183
1679668200,172
1679669100,177
1679670000,179
1679670900,176
1679671800,227
1679672700,263
1679673600,263
1679674500,217
1679675400,208
1679676300,184
1679677200,185
1679678100,355
1679679000,772
1679679900,1045
1679680800,1255
1679681700,1045
1679682600,889
1679683500,312
1679684400,815
1679685300,515
1679686200,636
1679687100,352
1679688000,359
1679688900,470
1679689800,292
1679690700,425
1679691600,399
1679692500,251
1679693400,247
1679694300,165
1679695200,118
1679696100,167
1679697000,150
1679697900,149
1679698800,152
1679699700,140
1679700600,145
1679701500,178
1679702400,147
1679703300,119
1679704200,153
1679705100,137
1679706000,159
1679706900,144
1679707800,173
1679708700,175
1679709600,135
1679710500,154
1679711400,129
1679712300,120
1679713200,129
1679714100,145
1679715000,155
1679715900,186
1679716800,159
1679717700,156
1679718600,130
1679719500,203
1679720400,558
1679721300,866
1679722200,629
1679723100,780
1679724000,1470
1679724900,824
1679725800,342
1679726700,263
1679727600,224
1679728500,242
1679729400,531
1679730300,279
1679731200,218
1679732100,174
1679733000,180
1679733900,224
1679734800,208
1679735700,431
1679736600,343
1679737500,240
1679738400,191
1679739300,446
1679740200,530
1679741100,405
1679742000,510
1679742900,858
1679743800,797
1679744700,419
1679745600,287
1679746500,167
1679747400,156
1679748300,135
1679749200,171
1679750100,440
1679751000,149
1679751900,175
1679752800,142
1679753700,152
1679754600,160
1679755500,206
1679756400,556
1679757300,286
1679758200,334
1679759100,556
1679760000,365
1679760900,349
1679761800,605
1679762700,342
1679763600,423
1679764500,385
1679765400,688
1679766300,904
1679767200,776
1679768100,1065
1679769000,874
1679769900,1355
1679770800,1188
1679771700,1330
1679772600,745
1679773500,453
1679774400,316
1679775300,646
1679776200,350
1679777100,233
1679778000,507
1679778900,395
1679779800,394
1679780700,224
1679781600,747
1679782500,333
1679783400,222
1679784300,216
1679785200,181
1679786100,94
1679787000,128
1679787900,93
1679788800,100
1679789700,129
1679790600,128
1679791500,128
1679792400,123
1679793300,96
1679794200,103
1679795100,99
1679796000,115
1679796900,115
1679797800,117
1679798700,127
1679799600,105
1679800500,103
1679801400,133
1679802300,119
1679803200,95
1679804100,123
1679805000,137
1679805900,119
1679806800,237
1679807700,643
1679808600,136
1679809500,172
1679810400,134
1679811300,136
1679812200,153
1679813100,195
1679814000,569
1679814900,276
1679815800,383
1679816700,177
1679817600,693
1679818500,379
1679819400,170
1679820300,148
1679821200,156
1679822100,192
1679823000,136
1679823900,129
1679824800,151
1679825700,256
1679826600,687
1679827500,634
1679828400,637
1679829300,148
1679830200,150
1679831100,152
1679832000,164
1679832900,286
1679833800,914
1679834700,1064
1679835600,732
1679836500,1039
1679837400,537
1679838300,204
1679839200,503
1679840100,543
1679841000,216
1679841900,206
1679842800,212
1679843700,223
1679844600,206
1679845500,194
1679846400,216
1679847300,236
1679848200,241
1679849100,621
1679850000,1224
1679850900,1013
1679851800,874
1679852700,868
1679853600,849
1679854500,761
1679855400,713
1679856300,568
1679857200,375
1679858100,322
1679859000,283
1679859900,302
1679860800,291
1679861700,267
1679862600,276
1679863500,264
1679864400,301
1679865300,311
1679866200,233
1679867100,202
1679868000,227
1679868900,224
1679869800,207
1679870700,259
1679871600,222
1679872500,239
1679873400,207
1679874300,198
1679875200,180
1679876100,160
1679877000,206
1679877900,172
1679878800,184
1679879700,180
1679880600,147
1679881500,160
1679882400,174
1679883300,157
1679884200,171
1679885100,194
1679886000,166
1679886900,139
1679887800,159
1679888700,145
1679889600,136
1679890500,165
1679891400,182
1679892300,181
1679893200,192
1679894100,206
1679895000,231
1679895900,250
1679896800,260
1679897700,255
1679898600,279
1679899500,322
1679900400,706
1679901300,677
1679902200,382
1679903100,237
1679904000,257
1679904900,366
1679905800,386
1679906700,701
1679907600,556
1679908500,509
1679909400,319
1679910300,698
1679911200,685
1679912100,336
1679913000,306
1679913900,315
1679914800,299
1679915700,891
1679916600,864
1679917500,486
1679918400,346
1679919300,331
1679920200,292
1679921100,404
1679922000,926
1679922900,1249
1679923800,957
1679924700,769
1679925600,719
1679926500,458
1679927400,330
1679928300,313
1679929200,318
1679930100,257
1679931000,231
1679931900,328
1679932800,1021
1679933700,748
1679934600,716
1679935500,529
1679936400,926
1679937300,389
1679938200,268
1679939100,264
1679940000,282
1679940900,280
1679941800,258
1679942700,327
1679943600,331
1679944500,678
1679945400,763
1679946300,770
1679947200,291
1679948100,298
1679949000,274
1679949900,267
1679950800,298
1679951700,289
1679952600,264
1679953500,239
1679954400,182
1679955300,107
1679956200,153
1679957100,117
1679958000,117
1679958900,166
1679959800,179
1679960700,111
1679961600,130
1679962500,132
1679963400,119
1679964300,127
1679965200,196
1679966100,168
1679967000,119
1679967900,140
1679968800,120
1679969700,126
1679970600,134
1679971500,174
1679972400,152
1679973300,139
1679974200,130
1679975100,129
1679976000,153
1679976900,355
1679977800,564
1679978700,285
1679979600,283
1679980500,239
1679981400,231
1679982300,195
1679983200,773
1679984100,1293
1679985000,820
1679985900,768
1679986800,804
1679987700,1547
1679988600,784
1679989500,1289
1679990400,1372
1679991300,1147
1679992200,1099
1679993100,1020
1679994000,1010
1679994900,965
1679995800,636
1679996700,381
1679997600,345
1679998500,293
1679999400,280
1680000300,194
1680001200,406
1680002100,415
1680003000,256
1680003900,257
1680004800,261
1680005700,403
1680006600,744
1680007500,371
1680008400,190
1680009300,198
1680010200,201
1680011100,365
1680012000,200
1680012900,277
1680013800,204
1680014700,181
1680015600,233
1680016500,414
1680017400,757
1680018300,1302
1680019200,995
1680020100,905
1680021000,790
1680021900,860
1680022800,358
1680023700,370
1680024600,827
1680025500,781
1680026400,863
1680027300,833
1680028200,648
1680029100,343
1680030000,335
1680030900,306
1680031800,321
1680032700,295
1680033600,293
1680034500,248
1680035400,323
1680036300,268
1680037200,181
1680038100,145
1680039000,141
1680039900,160
1680040800,135
1680041700,157
1680042600,116
1680043500,129
1680044400,141
1680045300,118
1680046200,135
1680047100,173
1680048000,125
1680048900,131
1680049800,151
1680050700,129
1680051600,109
1680052500,148
1680053400,149
1680054300,145
1680055200,122
1680056100,135
1680057000,121
1680057900,128
1680058800,126
1680059700,149
1680060600,164
1680061500,173
1680062400,152
1680063300,541
1680064200,290
1680065100,213
1680066000,239
1680066900,257
1680067800,214
1680068700,224
1680069600,251
1680070500,200
1680071400,212
1680072300,276
1680073200,282
1680074100,360
1680075000,527
1680075900,569
1680076800,387
1680077700,400
1680078600,390
1680079500,347
1680080400,403
1680081300,402
1680082200,356
1680083100,410
1680084000,1662
1680084900,1176
1680085800,706
1680086700,419
1680087600,348
1680088500,759
1680089400,356
1680090300,218
1680091200,184
1680092100,232
1680093000,224
1680093900,205
1680094800,247
1680095700,823
1680096600,1185
1680097500,882
1680098400,718
1680099300,281
1680100200,264
1680101100,257
1680102000,239
1680102900,240
1680103800,365
1680104700,331
1680105600,241
1680106500,268
1680107400,481
1680108300,746
1680109200,1093
1680110100,1259
1680111000,1260
1680111900,744
1680112800,436
1680113700,643
1680114600,783
1680115500,414
1680116400,874
1680117300,486
1680118200,293
1680119100,309
1680120000,326
1680120900,318
1680121800,283
1680122700,217
1680123600,250
1680124500,290
1680125400,232
1680126300,276
1680127200,292
1680128100,145
1680129000,119
1680129900,162
1680130800,157
1680131700,127
1680132600,146
1680133500,154
1680134400,146
1680135300,127
1680136200,203
1680137100,133
1680138000,134
1680138900,149
1680139800,134
1680140700,151
1680141600,166
1680142500,170
1680143400,126
1680144300,136
1680145200,131
1680146100,121
1680147000,158
1680147900,245
1680148800,232
1680149700,621
1680150600,307
1680151500,235
1680152400,266
1680153300,257
1680154200,261
1680155100,241
1680156000,255
1680156900,249
1680157800,225
1680158700,242
1680159600,271
1680160500,251
1680161400,245
1680162300,211
1680163200,201
1680164100,210
1680165000,707
1680165900,919
1680166800,734
1680167700,470
1680168600,797
1680169500,986
1680170400,190
1680171300,185
1680172200,154
1680173100,150
1680174000,203
1680174900,164
1680175800,142
1680176700,202
1680177600,156
1680178500,179
1680179400,190
1680180300,203
1680181200,173
1680182100,187
1680183000,367
1680183900,598
1680184800,440
1680185700,238
1680186600,600
1680187500,624
1680188400,283
1680189300,277
1680190200,266
1680191100,373
1680192000,327
1680192900,310
1680193800,533
1680194700,408
1680195600,790
1680196500,1466
1680197400,1119
1680198300,814
1680199200,869
1680200100,771
1680201000,419
1680201900,398
1680202800,420
1680203700,294
1680204600,284
1680205500,300
1680206400,283
1680207300,330
1680208200,252
1680209100,173
1680210000,118
1680210900,148
1680211800,142
1680212700,134
1680213600,156
1680214500,169
1680215400,140
1680216300,125
1680217200,147
1680218100,136
1680219000,114
1680219900,147
1680220800,164
1680221700,130
1680222600,130
1680223500,150
1680224400,132
1680225300,129
1680226200,150
1680227100,167
1680228000,140
1680228900,157
1680229800,132
1680230700,141
1680231600,170
1680232500,126
1680233400,158
1680234300,194
1680235200,184
1680236100,712
1680237000,366
1680237900,749
1680238800,463
1680239700,508
1680240600,322
1680241500,719
1680242400,537
1680243300,228
1680244200,273
1680245100,483
1680246000,351
1680246900,176
1680247800,176
1680248700,176
1680249600,181
1680250500,189
1680251400,196
1680252300,162
1680253200,157
1680254100,180
1680255000,222
1680255900,216
1680256800,202
1680257700,222
1680258600,220
1680259500,190
1680260400,231
1680261300,216
1680262200,166
1680263100,232
1680264000,270
1680264900,167
1680265800,180
1680266700,209
1680267600,238
1680268500,214
1680269400,235
1680270300,201
1680271200,255
1680272100,247
1680273000,263
1680273900,291
1680274800,329
1680275700,290
1680276600,293
1680277500,282
1680278400,311
1680279300,281
1680280200,293
1680281100,361
1680282000,284
1680282900,283
1680283800,310
1680284700,302
1680285600,376
1680286500,333
1680287400,469
1680288300,481
1680289200,443
1680290100,423
1680291000,364
1680291900,383
1680292800,827
1680293700,498
1680294600,409
1680295500,503
1680296400,841
1680297300,280
1680298200,316
1680299100,216
1680300000,128
1680300900,167
1680301800,144
1680302700,131
1680303600,132
1680304500,134
1680305400,121
1680306300,138
1680307200,141
1680308100,158
1680309000,151
1680309900,155
1680310800,122
1680311700,128
1680312600,159
1680313500,147
1680314400,157
1680315300,175
1680316200,133
1680317100,131
1680318000,151
1680318900,143
1680319800,129
1680320700,189
1680321600,240
1680322500,692
1680323400,365
1680324300,260
1680325200,465
1680326100,623
1680327000,276
1680327900,231
1680328800,247
1680329700,224
1680330600,240
1680331500,558
1680332400,1016
1680333300,1150
1680334200,394
1680335100,229
1680336000,219
1680336900,186
1680337800,235
1680338700,281
1680339600,168
1680340500,164
1680341400,175
1680342300,494
1680343200,1192
1680344100,651
1680345000,124
1680345900,200
1680346800,149
1680347700,123
1680348600,157
1680349500,200
1680350400,533
1680351300,470
1680352200,778
1680353100,552
1680354000,921
1680354900,587
1680355800,224
1680356700,290
1680357600,184
1680358500,158
1680359400,333
1680360300,660
1680361200,493
1680362100,547
1680363000,660
1680363900,591
1680364800,262
1680365700,263
1680366600,314
1680367500,369
1680368400,286
1680369300,304
1680370200,410
1680371100,984
1680372000,1320
1680372900,1013
1680373800,835
1680374700,836
1680375600,778
1680376500,436
1680377400,349
1680378300,336
1680379200,245
1680380100,260
1680381000,251
1680381900,248
1680382800,255
1680383700,261
1680384600,248
1680385500,287
1680386400,298
1680387300,187
1680388200,98
1680389100,117
1680390000,171
1680390900,130
1680391800,117
1680392700,115
1680393600,103
1680394500,98
1680395400,137
1680396300,121
1680397200,138
1680398100,132
1680399000,124
1680399900,128
1680400800,110
1680401700,147
1680402600,134
1680403500,148
1680404400,144
1680405300,117
1680406200,131
1680407100,147
1680408000,126
1680408900,143
1680409800,152
1680410700,201
1680411600,484
1680412500,423
1680413400,929
1680414300,1194
1680415200,748
1680416100,677
1680417000,573
1680417900,182
1680418800,206
1680419700,230
1680420600,361
1680421500,936
1680422400,1208
1680423300,828
1680424200,779
1680425100,769
1680426000,1003
1680426900,1239
1680427800,1085
1680428700,808
1680429600,936
1680430500,267
1680431400,365
1680432300,295
1680433200,903
1680434100,527
1680435000,522
1680435900,361
1680436800,862
1680437700,456
1680438600,282
1680439500,312
1680440400,302
1680441300,277
1680442200,320
1680443100,262
1680444000,244
1680444900,293
1680445800,246
1680446700,251
1680447600,490
1680448500,410
1680449400,589
1680450300,794
1680451200,621
1680452100,365
1680453000,330
1680453900,834
1680454800,462
1680455700,414
1680456600,585
1680457500,1508
1680458400,1226
1680459300,872
1680460200,819
1680461100,438
1680462000,326
1680462900,313
1680463800,297
1680464700,252
1680465600,279
1680466500,300
1680467400,316
1680468300,274
1680469200,313
1680470100,229
1680471000,192
1680471900,159
1680472800,141
1680473700,145
1680474600,190
1680475500,171
1680476400,138
1680477300,157
1680478200,142
1680479100,128
1680480000,160
1680480900,161
1680481800,156
1680482700,150
1680483600,162
1680484500,156
1680485400,135
1680486300,181
1680487200,177
1680488100,131
1680489000,139
1680489900,122
1680490800,135
1680491700,141
1680492600,155
1680493500,163
1680494400,135
1680495300,158
1680496200,164
1680497100,207
1680498000,182
1680498900,364
1680499800,205
1680500700,447
1680501600,302
1680502500,233
1680503400,220
1680504300,260
1680505200,300
1680506100,666
1680507000,551
1680507900,562
1680508800,304
1680509700,736
1680510600,614
1680511500,327
1680512400,278
1680513300,293
1680514200,306
1680515100,304
1680516000,426
1680516900,779
1680517800,861
1680518700,881
1680519600,423
1680520500,330
1680521400,269
1680522300,274
1680523200,244
1680524100,228
1680525000,163
1680525900,213
1680526800,231
1680527700,253
1680528600,274
1680529500,615
1680530400,480
1680531300,754
1680532200,501
1680533100,390
1680534000,438
1680534900,775
1680535800,263
1680536700,264
1680537600,692
1680538500,644
1680539400,811
1680540300,828
1680541200,798
1680542100,479
1680543000,393
1680543900,659
1680544800,1011
1680545700,992
1680546600,872
1680547500,722
1680548400,457
1680549300,504
1680550200,469
1680551100,723
1680552000,829
1680552900,589
1680553800,339
1680554700,440
1680555600,389
1680556500,357
1680557400,330
1680558300,356
1680559200,329
1680560100,329
1680561000,345
1680561900,239
1680562800,161
1680563700,123
1680564600,106
1680565500,102
1680566400,121
1680567300,120
1680568200,115
1680569100,102
1680570000,120
1680570900,97
1680571800,92
1680572700,145
1680573600,106
1680574500,106
1680575400,136
1680576300,106
1680577200,104
1680578100,130
1680579000,111
1680579900,97
1680580800,131
1680581700,591
1680582600,292
1680583500,215
1680584400,242
1680585300,253
1680586200,213
1680587100,329
1680588000,1029
1680588900,680
1680589800,492
1680590700,598
1680591600,972
1680592500,670
1680593400,649
1680594300,595
1680595200,610
1680596100,663
1680597000,651
1680597900,634
1680598800,840
1680599700,819
1680600600,1331
1680601500,1141
1680602400,304
1680603300,311
1680604200,520
1680605100,343
1680606000,293
1680606900,260
1680607800,251
1680608700,271
1680609600,275
1680610500,466
1680611400,359
1680612300,235
1680613200,367
1680614100,730
1680615000,484
1680615900,667
1680616800,333
1680617700,770
1680618600,392
1680619500,312
1680620400,559
1680621300,973
1680622200,438
1680623100,310
1680624000,321
1680624900,301
1680625800,324
1680626700,832
1680627600,472
1680628500,348
1680629400,359
1680630300,372
1680631200,365
1680632100,663
1680633000,373
1680633900,325
1680634800,468
1680635700,783
1680636600,419
1680637500,476
1680638400,587
1680639300,776
1680640200,463
1680641100,270
1680642000,394
1680642900,477
1680643800,294
1680644700,303
1680645600,280
1680646500,202
1680647400,188
1680648300,124
1680649200,137
1680650100,146
1680651000,164
1680651900,149
1680652800,138
1680653700,139
1680654600,139
1680655500,154
1680656400,154
1680657300,163
1680658200,172
1680659100,150
1680660000,151
1680660900,155
1680661800,174
1680662700,143
1680663600,174
1680664500,169
1680665400,148
1680666300,189
1680667200,172
1680668100,540
1680669000,269
1680669900,252
1680670800,240
1680671700,221
1680672600,233
1680673500,238
1680674400,256
1680675300,297
1680676200,944
1680677100,950
1680678000,1153
1680678900,468
1680679800,257
1680680700,238
1680681600,285
1680682500,282
1680683400,245
1680684300,282
1680685200,254
1680686100,251
1680687000,252
1680687900,275
1680688800,302
1680689700,506
1680690600,801
1680691500,619
1680692400,260
1680693300,256
1680694200,234
1680695100,228
1680696000,276
1680696900,423
1680697800,302
1680698700,298
1680699600,283
1680700500,295
1680701400,280
1680702300,283
1680703200,291
1680704100,313
1680705000,315
1680705900,302
1680706800,288
1680707700,305
1680708600,412
1680709500,800
1680710400,558
1680711300,322
1680712200,580
1680713100,699
1680714000,272
1680714900,274
1680715800,338
1680716700,263
1680717600,258
1680718500,294
1680719400,273
1680720300,299
1680721200,297
1680722100,340
1680723000,298
1680723900,290
1680724800,254
1680725700,246
1680726600,293
1680727500,280
1680728400,261
1680729300,228
1680730200,266
1680731100,196
1680732000,221
1680732900,213
1680733800,184
1680734700,121
1680735600,106
1680736500,101
1680737400,100
1680738300,125
1680739200,165
1680740100,122
1680741000,131
1680741900,124
1680742800,115
1680743700,108
1680744600,145
1680745500,130
1680746400,124
1680747300,132
1680748200,113
1680749100,103
1680750000,120
1680750900,167
1680751800,120
1680752700,193
1680753600,122
1680754500,294
1680755400,156
1680756300,172
1680757200,218
1680758100,856
1680759000,1169
1680759900,1034
1680760800,960
1680761700,614
1680762600,612
1680763500,592
1680764400,920
1680765300,1221
1680766200,1061
1680767100,764
1680768000,787
1680768900,304
1680769800,275
1680770700,314
1680771600,295
1680772500,241
1680773400,741
1680774300,812
1680775200,501
1680776100,242
1680777000,205
1680777900,244
1680778800,604
1680779700,527
1680780600,492
1680781500,264
1680782400,618
1680783300,604
1680784200,288
1680785100,243
1680786000,204
1680786900,217
1680787800,213
1680788700,245
1680789600,299
1680790500,347
1680791400,178
1680792300,206
1680793200,198
1680794100,209
1680795000,218
1680795900,201
1680796800,561
1680797700,1401
1680798600,768
1680799500,282
1680800400,915
1680801300,1177
1680802200,737
1680803100,796
1680804000,800
1680804900,1049
1680805800,548
1680806700,580
1680807600,795
1680808500,736
1680809400,678
1680810300,304
1680811200,303
1680812100,287
1680813000,254
1680813900,258
1680814800,208
1680815700,144
1680816600,124
1680817500,171
1680818400,142
1680819300,99
1680820200,111
1680821100,130
1680822000,140
1680822900,121
1680823800,189
1680824700,100
1680825600,94
1680826500,123
1680827400,132
1680828300,100
1680829200,156
1680830100,131
1680831000,104
1680831900,125
1680832800,140
1680833700,142
1680834600,148
1680835500,119
1680836400,103
1680837300,133
1680838200,133
1680839100,139
1680840000,167
1680840900,133
1680841800,140
1680842700,150
1680843600,420
1680844500,157
1680845400,204
1680846300,596
1680847200,462
1680848100,225
1680849000,216
1680849900,196
1680850800,200
1680851700,214
1680852600,298
1680853500,184
1680854400,196
1680855300,221
1680856200,186
1680857100,195
1680858000,226
1680858900,182
1680859800,188
1680860700,197
1680861600,219
1680862500,190
1680863400,203
1680864300,185
1680865200,190
1680866100,199
1680867000,189
1680867900,230
1680868800,193
1680869700,124
1680870600,165
1680871500,213
1680872400,241
1680873300,313
1680874200,259
1680875100,240
1680876000,213
1680876900,218
1680877800,661
1680878700,447
1680879600,444
1680880500,250
1680881400,666
1680882300,535
1680883200,291
1680884100,729
1680885000,1154
1680885900,921
1680886800,806
1680887700,694
1680888600,582
1680889500,576
1680890400,342
1680891300,405
1680892200,335
1680893100,260
1680894000,276
1680894900,249
1680895800,303
1680896700,293
1680897600,292
1680898500,211
1680899400,204
1680900300,272
1680901200,246
1680902100,216
1680903000,232
1680903900,219
1680904800,131
1680905700,151
1680906600,148
1680907500,120
1680908400,140
1680909300,128
1680910200,136
1680911100,154
1680912000,155
1680912900,123
1680913800,135
1680914700,127
1680915600,113
1680916500,143
1680917400,158
1680918300,125
1680919200,135
1680920100,135
1680921000,136
1680921900,121
1680922800,156
1680923700,113
1680924600,114
1680925500,170
1680926400,115
1680927300,114
1680928200,178
1680929100,444
1680930000,642
1680930900,696
1680931800,654
1680932700,1076
1680933600,467
1680934500,864
1680935400,307
1680936300,778
1680937200,318
1680938100,227
1680939000,230
1680939900,275
1680940800,201
1680941700,210
1680942600,202
1680943500,198
1680944400,202
1680945300,708
1680946200,608
1680947100,695
1680948000,231
1680948900,175
1680949800,155
1680950700,191
1680951600,625
1680952500,602
1680953400,705
1680954300,330
1680955200,218
1680956100,254
1680957000,244
1680957900,204
1680958800,254
1680959700,212
1680960600,210
1680961500,224
1680962400,245
1680963300,235
1680964200,245
1680965100,212
1680966000,226
1680966900,265
1680967800,240
1680968700,583
1680969600,424
1680970500,232
1680971400,222
1680972300,575
1680973200,722
1680974100,712
1680975000,649
1680975900,458
1680976800,279
1680977700,323
1680978600,313
1680979500,321
1680980400,319
1680981300,299
1680982200,296
1680983100,339
1680984000,326
1680984900,339
1680985800,262
1680986700,163
1680987600,111
1680988500,165
1680989400,116
1680990300,117
1680991200,115
1680992100,107
1680993000,105
1680993900,132
1680994800,113
1680995700,109
1680996600,114
1680997500,130
1680998400,104
1680999300,145
1681000200,120
1681001100,114
1681002000,96
1681002900,137
1681003800,109
1681004700,128
1681005600,140
1681006500,110
1681007400,116
1681008300,128
1681009200,110
1681010100,126
1681011000,164
1681011900,159
1681012800,115
1681013700,193
1681014600,390
1681015500,287
1681016400,281
1681017300,207
1681018200,207
1681019100,590
1681020000,1034
1681020900,1122
1681021800,444
1681022700,498
1681023600,758
1681024500,257
1681025400,249
1681026300,274
1681027200,282
1681028100,231
1681029000,210
1681029900,245
1681030800,264
1681031700,268
1681032600,248
1681033500,223
1681034400,263
1681035300,245
1681036200,428
1681037100,845
1681038000,525
1681038900,349
1681039800,181
1681040700,187
1681041600,201
1681042500,166
1681043400,138
1681044300,130
1681045200,200
1681046100,199
1681047000,211
1681047900,196
1681048800,217
1681049700,465
1681050600,250
1681051500,241
1681052400,295
1681053300,459
1681054200,422
1681055100,460
1681056000,288
1681056900,291
1681057800,303
1681058700,401
1681059600,1030
1681060500,1161
1681061400,1154
1681062300,998
1681063200,658
1681064100,284
1681065000,275
1681065900,271
1681066800,215
1681067700,259
1681068600,294
1681069500,242
1681070400,235
1681071300,276
1681072200,222
1681073100,185
1681074000,233
1681074900,218
1681075800,182
1681076700,207
1681077600,198
1681078500,146
1681079400,148
1681080300,157
1681081200,120
1681082100,140
1681083000,125
1681083900,122
1681084800,152
1681085700,169
1681086600,145
1681087500,138
1681088400,168
1681089300,146
1681090200,155
1681091100,201
1681092000,140
1681092900,151
1681093800,151
1681094700,152
1681095600,154
1681096500,181
1681097400,145
1681098300,149
1681099200,137
1681100100,163
1681101000,168
1681101900,207
1681102800,160
1681103700,191
1681104600,335
1681105500,671
1681106400,777
1681107300,760
1681108200,599
1681109100,447
1681110000,723
1681110900,520
1681111800,291
1681112700,629
1681113600,623
1681114500,235
1681115400,199
1681116300,258
1681117200,290
1681118100,553
1681119000,842
1681119900,416
1681120800,268
1681121700,270
1681122600,280
1681123500,210
1681124400,177
1681125300,214
1681126200,202
1681127100,218
1681128000,287
1681128900,240
1681129800,161
1681130700,155
1681131600,169
1681132500,174
1681133400,177
1681134300,178
1681135200,142
1681136100,148
1681137000,170
1681137900,170
1681138800,157
1681139700,185
1681140600,138
1681141500,146
1681142400,142
1681143300,179
1681144200,250
1681145100,220
1681146000,222
1681146900,204
1681147800,217
1681148700,279
1681149600,276
1681150500,237
1681151400,261
1681152300,287
1681153200,291
1681154100,488
1681155000,367
1681155900,260
1681156800,301
1681157700,337
1681158600,265
1681159500,252
1681160400,210
1681161300,136
1681162200,116
1681163100,139
1681164000,112
1681164900,101
1681165800,138
1681166700,137
1681167600,101
1681168500,113
1681169400,114
1681170300,97
1681171200,123
1681172100,127
1681173000,102
1681173900,103
1681174800,119
1681175700,102
1681176600,93
1681177500,145
1681178400,100
1681179300,103
1681180200,116
1681181100,102
1681182000,100
1681182900,143
1681183800,119
1681184700,106
1681185600,111
1681186500,327
1681187400,445
1681188300,258
1681189200,252
1681190100,258
1681191000,196
1681191900,231
1681192800,231
1681193700,267
1681194600,496
1681195500,1524
1681196400,1498
1681197300,1242
1681198200,960
1681199100,708
1681200000,784
1681200900,746
1681201800,744
1681202700,755
1681203600,1072
1681204500,1511
1681205400,1309
1681206300,1536
1681207200,466
1681208100,986
1681209000,471
1681209900,330
1681210800,368
1681211700,345
1681212600,323
1681213500,347
1681214400,246
1681215300,194
1681216200,259
1681217100,203
1681218000,214
1681218900,215
1681219800,211
1681220700,211
1681221600,259
1681222500,226
1681223400,202
1681224300,206
1681225200,213
1681226100,201
1681227000,234
1681227900,240
1681228800,211
1681229700,259
1681230600,226
1681231500,269
1681232400,317
1681233300,693
1681234200,1184
1681235100,1088
1681236000,506
1681236900,293
1681237800,357
1681238700,285
1681239600,299
1681240500,320
1681241400,231
1681242300,221
1681243200,268
1681244100,255
1681245000,331
1681245900,304
1681246800,276
1681247700,204
1681248600,631
1681249500,320
1681250400,249
1681251300,324
1681252200,674
1681253100,136
1681254000,166
1681254900,136
1681255800,115
1681256700,140
1681257600,132
1681258500,100
1681259400,123
1681260300,111
1681261200,103
1681262100,144
1681263000,137
1681263900,143
1681264800,194
1681265700,105
1681266600,93
1681267500,108
1681268400,152
1681269300,153
1681270200,105
1681271100,164
1681272000,249
1681272900,607
1681273800,194
1681274700,208
1681275600,213
1681276500,659
1681277400,297
1681278300,145
1681279200,123
1681280100,125
1681281000,111
1681281900,149
1681282800,184
1681283700,82
1681284600,95
1681285500,118
1681286400,90
1681287300,109
1681288200,122
1681289100,97
1681290000,89
1681290900,93
1681291800,90
1681292700,97
1681293600,388
1681294500,254
1681295400,368
1681296300,165
1681297200,273
1681298100,996
1681299000,841
1681299900,790
1681300800,454
1681301700,587
1681302600,634
1681303500,172
1681304400,169
1681305300,197
1681306200,229
1681307100,233
1681308000,248
1681308900,190
1681309800,251
1681310700,255
1681311600,235
1681312500,585
1681313400,490
1681314300,373
1681315200,286
1681316100,704
1681317000,466
1681317900,775
1681318800,1019
1681319700,1421
1681320600,1749
1681321500,1137
1681322400,871
1681323300,878
1681324200,847
1681325100,897
1681326000,850
1681326900,653
1681327800,366
1681328700,332
1681329600,342
1681330500,329
1681331400,274
1681332300,196
1681333200,204
1681334100,123
1681335000,116
1681335900,164
1681336800,137
1681337700,152
1681338600,162
1681339500,128
1681340400,139
1681341300,161
1681342200,155
1681343100,130
1681344000,142
1681344900,142
1681345800,130
1681346700,138
1681347600,185
1681348500,139
1681349400,139
1681350300,145
1681351200,124
1681352100,133
1681353000,152
1681353900,163
1681354800,125
1681355700,147
1681356600,134
1681357500,169
1681358400,619
1681359300,284
1681360200,218
1681361100,206
1681362000,222
1681362900,528
1681363800,487
1681364700,449
1681365600,635
1681366500,658
1681367400,556
1681368300,191
1681369200,201
1681370100,193
1681371000,217
1681371900,190
1681372800,207
1681373700,220
1681374600,357
1681375500,220
1681376400,232
1681377300,681
1681378200,702
1681379100,347
1681380000,250
1681380900,207
1681381800,218
1681382700,431
1681383600,631
1681384500,629
1681385400,635
1681386300,342
1681387200,196
1681388100,231
1681389000,212
1681389900,193
1681390800,186
1681391700,247
1681392600,342
1681393500,627
1681394400,689
1681395300,734
1681396200,442
1681397100,522
1681398000,716
1681398900,883
1681399800,689
1681400700,314
1681401600,269
1681402500,266
1681403400,242
1681404300,259
1681405200,418
1681406100,258
1681407000,364
1681407900,254
1681408800,497
1681409700,751
1681410600,529
1681411500,302
1681412400,585
1681413300,619
1681414200,247
1681415100,248
1681416000,317
1681416900,291
1681417800,252
1681418700,277
1681419600,259
1681420500,254
1681421400,254
1681422300,348
1681423200,268
1681424100,214
1681425000,167
1681425900,117
1681426800,117
1681427700,143
1681428600,163
1681429500,120
1681430400,109
1681431300,127
1681432200,109
1681433100,110
1681434000,156
1681434900,140
1681435800,110
1681436700,129
1681437600,116
1681438500,122
1681439400,134
1681440300,160
1681441200,110
1681442100,115
1681443000,141
1681443900,165
1681444800,200
1681445700,713
1681446600,164
1681447500,182
1681448400,179
1681449300,197
1681450200,201
1681451100,228
1681452000,233
1681452900,157
1681453800,285
1681454700,295
1681455600,127
1681456500,340
1681457400,645
1681458300,402
1681459200,160
1681460100,372
1681461000,793
1681461900,149
1681462800,171
1681463700,161
1681464600,130
1681465500,178
1681466400,746
1681467300,1043
1681468200,429
1681469100,312
1681470000,241
1681470900,131
1681471800,105
1681472700,154
1681473600,158
1681474500,189
1681475400,223
1681476300,608
1681477200,578
1681478100,614
1681479000,415
1681479900,214
1681480800,234
1681481700,199
1681482600,235
1681483500,208
1681484400,219
1681485300,212
1681486200,194
1681487100,173
1681488000,269
1681488900,424
1681489800,253
1681490700,282
1681491600,252
1681492500,341
1681493400,397
1681494300,282
1681495200,440
1681496100,326
1681497000,298
1681497900,304
1681498800,299
1681499700,314
1681500600,226
1681501500,228
1681502400,214
1681503300,240
1681504200,158
1681505100,172
1681506000,117
1681506900,132
1681507800,137
1681508700,121
1681509600,134
1681510500,188
1681511400,154
1681512300,142
1681513200,150
1681514100,144
1681515000,138
1681515900,178
1681516800,143
1681517700,143
1681518600,159
1681519500,134
1681520400,145
1681521300,197
1681522200,154
1681523100,142
1681524000,143
1681524900,145
1681525800,136
1681526700,176
1681527600,147
1681528500,138
1681529400,156
1681530300,175
1681531200,215
1681532100,546
1681533000,296
1681533900,179
1681534800,173
1681535700,239
1681536600,190
1681537500,349
1681538400,242
1681539300,328
1681540200,740
1681541100,411
1681542000,204
1681542900,387
1681543800,666
1681544700,142
1681545600,160
1681546500,134
1681547400,116
1681548300,175
1681549200,349
1681550100,368
1681551000,521
1681551900,531
1681552800,207
1681553700,239
1681554600,220
1681555500,197
1681556400,207
1681557300,206
1681558200,203
1681559100,247
1681560000,218
1681560900,190
1681561800,231
1681562700,230
1681563600,208
1681564500,229
1681565400,246
1681566300,199
1681567200,180
1681568100,221
1681569000,303
1681569900,296
1681570800,289
1681571700,471
1681572600,878
1681573500,491
1681574400,826
1681575300,782
1681576200,959
1681577100,520
1681578000,403
1681578900,367
1681579800,393
1681580700,321
1681581600,303
1681582500,340
1681583400,376
1681584300,417
1681585200,393
1681586100,358
1681587000,352
1681587900,348
1681588800,270
1681589700,304
1681590600,244
1681591500,189
1681592400,149
1681593300,160
1681594200,147
1681595100,152
1681596000,162
1681596900,181
1681597800,155
1681598700,151
1681599600,174
1681600500,137
1681601400,167
1681602300,180
1681603200,146
1681604100,152
1681605000,154
1681605900,136
1681606800,149
1681607700,167
1681608600,138
1681609500,142
1681610400,154
1681611300,130
1681612200,160
1681613100,161
1681614000,131
1681614900,133
1681615800,146
1681616700,187
1681617600,224
1681618500,725
1681619400,177
1681620300,237
1681621200,170
1681622100,146
1681623000,160
1681623900,157
1681624800,604
1681625700,161
1681626600,149
1681627500,164
1681628400,670
1681629300,477
1681630200,143
1681631100,141
1681632000,205
1681632900,179
1681633800,172
1681634700,153
1681635600,184
1681636500,148
1681637400,489
1681638300,1092
1681639200,1339
1681640100,448
1681641000,230
1681641900,168
1681642800,182
1681643700,697
1681644600,348
1681645500,347
1681646400,225
1681647300,730
1681648200,345
1681649100,182
1681650000,198
1681650900,172
1681651800,179
1681652700,194
1681653600,300
1681654500,185
1681655400,194
1681656300,156
1681657200,202
1681658100,179
1681659000,158
1681659900,180
1681660800,204
1681661700,391
1681662600,429
1681663500,199
1681664400,202
1681665300,202
1681666200,188
1681667100,250
1681668000,306
1681668900,369
1681669800,778
1681670700,393
1681671600,305
1681672500,282
1681673400,291
1681674300,306
1681675200,303
1681676100,206
1681677000,198
1681677900,224
1681678800,150
1681679700,165
1681680600,175
1681681500,146
1681682400,166
1681683300,140
1681684200,143
1681685100,164
1681686000,185
1681686900,152
1681687800,177
1681688700,135
1681689600,143
1681690500,154
1681691400,167
1681692300,152
1681693200,145
1681694100,150
1681695000,135
1681695900,151
1681696800,177
1681697700,152
1681698600,164
1681699500,155
1681700400,138
1681701300,139
1681702200,162
1681703100,137
1681704000,133
1681704900,174
1681705800,190
1681706700,208
1681707600,205
1681708500,368
1681709400,221
1681710300,856
1681711200,1136
1681712100,829
1681713000,824
1681713900,1223
1681714800,692
1681715700,365
1681716600,510
1681717500,811
1681718400,412
1681719300,220
1681720200,258
1681721100,265
1681722000,250
1681722900,222
1681723800,237
1681724700,214
1681725600,235
1681726500,284
1681727400,309
1681728300,245
1681729200,244
1681730100,366
1681731000,193
1681731900,173
1681732800,175
1681733700,217
1681734600,301
1681735500,282
1681736400,193
1681737300,188
1681738200,241
1681739100,258
1681740000,257
1681740900,232
1681741800,345
1681742700,342
1681743600,646
1681744500,171
1681745400,222
1681746300,499
1681747200,513
1681748100,531
1681749000,475
1681749900,191
1681750800,209
1681751700,249
1681752600,216
1681753500,225
1681754400,245
1681755300,345
1681756200,420
1681757100,909
1681758000,1269
1681758900,935
1681759800,792
1681760700,376
1681761600,262
1681762500,340
1681763400,319
1681764300,278
1681765200,259
1681766100,259
1681767000,216
1681767900,144
1681768800,125
1681769700,154
1681770600,142
1681771500,118
1681772400,127
1681773300,132
1681774200,116
1681775100,127
1681776000,175
1681776900,127
1681777800,123
1681778700,137
1681779600,108
1681780500,119
1681781400,145
1681782300,140
1681783200,114
1681784100,135
1681785000,119
1681785900,111
1681786800,148
1681787700,145
1681788600,123
1681789500,117
1681790400,119
1681791300,482
1681792200,256
1681793100,193
1681794000,739
1681794900,1174
1681795800,806
1681796700,523
1681797600,262
1681798500,219
1681799400,311
1681800300,272
1681801200,214
1681802100,178
1681803000,214
1681803900,185
1681804800,515
1681805700,1055
1681806600,946
1681807500,843
1681808400,850
1681809300,1417
1681810200,1739
1681811100,1725
1681812000,850
1681812900,537
1681813800,614
1681814700,813
1681815600,243
1681816500,261
1681817400,255
1681818300,264
1681819200,260
1681820100,413
1681821000,764
1681821900,508
1681822800,285
1681823700,547
1681824600,730
1681825500,743
1681826400,810
1681827300,788
1681828200,811
1681829100,840
1681830000,789
1681830900,720
1681831800,716
1681832700,728
1681833600,383
1681834500,246
1681835400,280
1681836300,260
1681837200,216
1681838100,229
1681839000,235
1681839900,223
1681840800,290
1681841700,274
1681842600,287
1681843500,291
1681844400,272
1681845300,246
1681846200,233
1681847100,233
1681848000,205
1681848900,266
1681849800,228
1681850700,162
1681851600,111
1681852500,116
1681853400,100
1681854300,124
1681855200,80
1681856100,101
1681857000,117
1681857900,108
1681858800,131
1681859700,114
1681860600,93
1681861500,95
1681862400,107
1681863300,107
1681864200,99
1681865100,129
1681866000,86
1681866900,90
1681867800,121
1681868700,94
1681869600,110
1681870500,140
1681871400,91
1681872300,92
1681873200,113
1681874100,92
1681875000,92
1681875900,157
1681876800,271
1681877700,624
1681878600,161
1681879500,152
1681880400,122
1681881300,116
1681882200,320
1681883100,310
1681884000,157
1681884900,154
1681885800,135
1681886700,149
1681887600,158
1681888500,193
1681889400,190
1681890300,572
1681891200,366
1681892100,396
1681893000,165
1681893900,604
1681894800,411
1681895700,315
1681896600,690
1681897500,770
1681898400,697
1681899300,439
1681900200,261
1681901100,185
1681902000,403
1681902900,676
1681903800,637
1681904700,1227
1681905600,440
1681906500,200
1681907400,237
1681908300,261
1681909200,166
1681910100,175
1681911000,183
1681911900,144
1681912800,143
1681913700,186
1681914600,195
1681915500,234
1681916400,212
1681917300,178
1681918200,398
1681919100,354
1681920000,677
1681920900,428
1681921800,285
1681922700,649
1681923600,309
1681924500,239
1681925400,250
1681926300,255
1681927200,287
1681928100,299
1681929000,316
1681929900,277
1681930800,259
1681931700,304
1681932600,301
1681933500,287
1681934400,226
1681935300,218
1681936200,207
1681937100,251
1681938000,149
1681938900,135
1681939800,114
1681940700,115
1681941600,96
1681942500,86
1681943400,118
1681944300,110
1681945200,119
1681946100,111
1681947000,85
1681947900,101
1681948800,131
1681949700,97
1681950600,145
1681951500,111
1681952400,109
1681953300,93
1681954200,112
1681955100,77
1681956000,110
1681956900,117
1681957800,96
1681958700,95
1681959600,118
1681960500,98
1681961400,105
1681962300,163
1681963200,249
1681964100,797
1681965000,632
1681965900,414
1681966800,394
1681967700,148
1681968600,675
1681969500,361
1681970400,144
1681971300,115
1681972200,122
1681973100,102
1681974000,121
1681974900,145
1681975800,119
1681976700,110
1681977600,133
1681978500,118
1681979400,108
1681980300,143
1681981200,114
1681982100,138
1681983000,120
1681983900,102
1681984800,134
1681985700,175
1681986600,184
1681987500,635
1681988400,274
1681989300,155
1681990200,176
1681991100,547
1681992000,1057
1681992900,766
1681993800,155
1681994700,161
1681995600,176
1681996500,137
1681997400,154
1681998300,214
1681999200,230
1682000100,211
1682001000,209
1682001900,458
1682002800,1004
1682003700,1190
1682004600,828
1682005500,642
1682006400,708
1682007300,629
1682008200,235
1682009100,270
1682010000,329
1682010900,234
1682011800,195
1682012700,441
1682013600,591
1682014500,431
1682015400,220
1682016300,603
1682017200,664
1682018100,227
1682019000,198
1682019900,239
1682020800,329
1682021700,224
1682022600,195
1682023500,193
1682024400,176
1682025300,197
1682026200,145
1682027100,121
1682028000,99
1682028900,109
1682029800,104
1682030700,102
1682031600,130
1682032500,124
1682033400,110
1682034300,103
1682035200,94
1682036100,98
1682037000,106
1682037900,125
1682038800,116
1682039700,126
1682040600,84
1682041500,119
1682042400,112
1682043300,100
1682044200,171
1682045100,120
1682046000,85
1682046900,110
1682047800,87
1682048700,174
1682049600,660
1682050500,363
1682051400,178
1682052300,201
1682053200,178
1682054100,183
1682055000,203
1682055900,209
1682056800,223
1682057700,250
1682058600,178
1682059500,101
1682060400,114
1682061300,100
1682062200,125
1682063100,153
1682064000,102
1682064900,114
1682065800,122
1682066700,328
1682067600,330
1682068500,301
1682069400,200
1682070300,174
1682071200,269
1682072100,634
1682073000,409
1682073900,209
1682074800,472
1682075700,576
1682076600,169
1682077500,161
1682078400,187
1682079300,163
1682080200,158
1682081100,137
1682082000,158
1682082900,307
1682083800,242
1682084700,386
1682085600,296
1682086500,177
1682087400,143
1682088300,218
1682089200,229
1682090100,277
1682091000,286
1682091900,260
1682092800,229
1682093700,457
1682094600,1082
1682095500,1130
1682096400,802
1682097300,787
1682098200,352
1682099100,405
1682100000,327
1682100900,323
1682101800,298
1682102700,303
1682103600,450
1682104500,811
1682105400,514
1682106300,308
1682107200,450
1682108100,825
1682109000,208
1682109900,175
1682110800,131
1682111700,122
1682112600,111
1682113500,105
1682114400,111
1682115300,113
1682116200,143
1682117100,150
1682118000,101
1682118900,126
1682119800,119
1682120700,103
1682121600,124
1682122500,127
1682123400,142
1682124300,120
1682125200,103
1682126100,102
1682127000,117
1682127900,94
1682128800,112
1682129700,140
1682130600,100
1682131500,93
1682132400,116
1682133300,90
1682134200,127
1682135100,182
1682136000,236
1682136900,1049
1682137800,610
1682138700,670
1682139600,642
1682140500,633
1682141400,643
1682142300,697
1682143200,396
1682144100,203
1682145000,187
1682145900,126
1682146800,131
1682147700,177
1682148600,517
1682149500,535
1682150400,400
1682151300,193
1682152200,719
1682153100,981
1682154000,323
1682154900,237
1682155800,1092
1682156700,830
1682157600,1070
1682158500,1189
1682159400,435
1682160300,350
1682161200,248
1682162100,220
1682163000,406
1682163900,954
1682164800,974
1682165700,773
1682166600,729
1682167500,702
1682168400,857
1682169300,733
1682170200,706
1682171100,688
1682172000,446
1682172900,578
1682173800,424
1682174700,439
1682175600,262
1682176500,716
1682177400,482
1682178300,246
1682179200,252
1682180100,202
1682181000,232
1682181900,224
1682182800,228
1682183700,263
1682184600,250
1682185500,592
1682186400,796
1682187300,796
1682188200,826
1682189100,802
1682190000,703
1682190900,389
1682191800,391
1682192700,290
1682193600,327
1682194500,246
1682195400,220
1682196300,220
1682197200,254
1682198100,206
1682199000,156
1682199900,141
1682200800,108
1682201700,131
1682202600,116
1682203500,126
1682204400,150
1682205300,113
1682206200,120
1682207100,118
1682208000,119
1682208900,118
1682209800,151
1682210700,155
1682211600,101
1682212500,119
1682213400,102
1682214300,98
1682215200,115
1682216100,121
1682217000,127
1682217900,125
1682218800,110
1682219700,112
1682220600,138
1682221500,154
1682222400,792
1682223300,617
1682224200,163
1682225100,208
1682226000,183
1682226900,121
1682227800,133
1682228700,189
1682229600,329
1682230500,635
1682231400,433
1682232300,187
1682233200,530
1682234100,526
1682235000,123
1682235900,156
1682236800,181
1682237700,181
1682238600,202
1682239500,191
1682240400,186
1682241300,682
1682242200,379
1682243100,594
1682244000,1431
1682244900,674
1682245800,316
1682246700,385
1682247600,320
1682248500,253
1682249400,248
1682250300,190
1682251200,177
1682252100,219
1682253000,200
1682253900,203
1682254800,246
1682255700,429
1682256600,584
1682257500,485
1682258400,254
1682259300,546
1682260200,729
1682261100,332
1682262000,260
1682262900,218
1682263800,659
1682264700,543
1682265600,787
1682266500,757
1682267400,373
1682268300,375
1682269200,477
1682270100,660
1682271000,759
1682271900,744
1682272800,754
1682273700,729
1682274600,706
1682275500,455
1682276400,286
1682277300,310
1682278200,321
1682279100,313
1682280000,291
1682280900,233
1682281800,236
1682282700,264
1682283600,202
1682284500,154
1682285400,110
1682286300,164
1682287200,92
1682288100,125
1682289000,107
1682289900,110
1682290800,146
1682291700,86
1682292600,108
1682293500,102
1682294400,96
1682295300,112
1682296200,143
1682297100,178
1682298000,115
1682298900,98
1682299800,85
1682300700,102
1682301600,85
1682302500,104
1682303400,134
1682304300,96
1682305200,87
1682306100,118
1682307000,97
1682307900,114
1682308800,142
1682309700,193
1682310600,146
1682311500,167
1682312400,98
1682313300,207
1682314200,765
1682315100,695
1682316000,1288
1682316900,751
1682317800,248
1682318700,445
1682319600,689
1682320500,203
1682321400,241
1682322300,285
1682323200,274
1682324100,236
1682325000,462
1682325900,548
1682326800,584
1682327700,457
1682328600,469
1682329500,464
1682330400,614
1682331300,907
1682332200,305
1682333100,213
1682334000,193
1682334900,587
1682335800,1128
1682336700,923
1682337600,276
1682338500,325
1682339400,356
1682340300,310
1682341200,325
1682342100,389
1682343000,282
1682343900,263
1682344800,251
1682345700,265
1682346600,253
1682347500,279
1682348400,323
1682349300,321
1682350200,288
1682351100,273
1682352000,301
1682352900,279
1682353800,394
1682354700,386
1682355600,353
1682356500,305
1682357400,368
1682358300,322
1682359200,422
1682360100,743
1682361000,468
1682361900,283
1682362800,549
1682363700,630
1682364600,276
1682365500,257
1682366400,230
1682367300,297
1682368200,260
1682369100,243
1682370000,242
1682370900,214
1682371800,221
1682372700,196
1682373600,153
1682374500,120
1682375400,87
1682376300,99
1682377200,146
1682378100,85
1682379000,81
1682379900,164
1682380800,119
1682381700,103
1682382600,132
1682383500,102
1682384400,96
1682385300,135
1682386200,126
1682387100,116
1682388000,103
1682388900,103
1682389800,101
1682390700,109
1682391600,125
1682392500,139
1682393400,106
1682394300,95
1682395200,132
1682396100,485
1682397000,193
1682397900,217
1682398800,171
1682399700,162
1682400600,196
1682401500,145
1682402400,150
1682403300,192
1682404200,197
1682405100,205
1682406000,237
1682406900,797
1682407800,568
1682408700,610
1682409600,559
1682410500,634
1682411400,440
1682412300,492
1682413200,597
1682414100,1052
1682415000,1283
1682415900,1722
1682416800,1275
1682417700,604
1682418600,533
1682419500,442
1682420400,952
1682421300,482
1682422200,415
1682423100,363
1682424000,286
1682424900,253
1682425800,634
1682426700,253
1682427600,204
1682428500,225
1682429400,188
1682430300,204
1682431200,206
1682432100,156
1682433000,168
1682433900,170
1682434800,163
1682435700,161
1682436600,151
1682437500,149
1682438400,600
1682439300,1153
1682440200,1051
1682441100,774
1682442000,681
1682442900,261
1682443800,718
1682444700,703
1682445600,784
1682446500,706
1682447400,757
1682448300,693
1682449200,539
1682450100,217
1682451000,219
1682451900,229
1682452800,253
1682453700,225
1682454600,206
1682455500,243
1682456400,211
1682457300,252
1682458200,237
1682459100,106
1682460000,85
1682460900,94
1682461800,78
1682462700,98
1682463600,90
1682464500,112
1682465400,106
1682466300,92
1682467200,87
1682468100,103
1682469000,87
1682469900,103
1682470800,154
1682471700,100
1682472600,99
1682473500,115
1682474400,91
1682475300,121
1682476200,116
1682477100,124
1682478000,117
1682478900,105
1682479800,116
1682480700,154
1682481600,249
1682482500,563
1682483400,111
1682484300,121
1682485200,90
1682486100,127
1682487000,126
1682487900,522
1682488800,210
1682489700,168
1682490600,162
1682491500,214
1682492400,722
1682493300,388
1682494200,345
1682495100,347
1682496000,716
1682496900,253
1682497800,213
1682498700,206
1682499600,194
1682500500,280
1682501400,207
1682502300,171
1682503200,183
1682504100,174
1682505000,974
1682505900,616
1682506800,580
1682507700,227
1682508600,200
1682509500,229
1682510400,237
1682511300,256
1682512200,227
1682513100,218
1682514000,438
1682514900,623
1682515800,473
1682516700,254
1682517600,511
1682518500,642
1682519400,239
1682520300,716
1682521200,742
1682522100,764
1682523000,810
1682523900,866
1682524800,863
1682525700,327
1682526600,895
1682527500,1288
1682528400,863
1682529300,827
1682530200,1158
1682531100,1114
1682532000,1151
1682532900,765
1682533800,284
1682534700,700
1682535600,529
1682536500,265
1682537400,277
1682538300,264
1682539200,210
1682540100,156
1682541000,118
1682541900,148
1682542800,114
1682543700,126
1682544600,128
1682545500,101
1682546400,86
1682547300,103
1682548200,82
1682549100,110
1682550000,152
1682550900,117
1682551800,125
1682552700,109
1682553600,108
1682554500,111
1682555400,140
1682556300,112
1682557200,128
1682558100,101
1682559000,113
1682559900,120
1682560800,128
1682561700,129
1682562600,164
1682563500,120
1682564400,128
1682565300,144
1682566200,121
1682567100,197
1682568000,633
1682568900,496
1682569800,298
1682570700,142
1682571600,118
1682572500,118
1682573400,85
1682574300,70
1682575200,76
1682576100,88
1682577000,80
1682577900,79
1682578800,92
1682579700,89
1682580600,99
1682581500,71
1682582400,80
1682583300,72
1682584200,80
1682585100,110
1682586000,65
1682586900,61
1682587800,115
1682588700,60
1682589600,76
1682590500,148
1682591400,139
1682592300,141
1682593200,491
1682594100,640
1682595000,461
1682595900,172
1682596800,565
1682597700,504
1682598600,165
1682599500,198
1682600400,187
1682601300,162
1682602200,195
1682603100,173
1682604000,228
1682604900,197
1682605800,193
1682606700,565
1682607600,585
1682608500,1098
1682609400,929
1682610300,541
1682611200,484
1682612100,561
1682613000,932
1682613900,534
1682614800,587
1682615700,739
1682616600,951
1682617500,755
1682618400,1206
1682619300,781
1682620200,244
1682621100,247
1682622000,234
1682622900,225
1682623800,227
1682624700,241
1682625600,203
1682626500,213
1682627400,270
1682628300,215
1682629200,224
1682630100,229
1682631000,202
1682631900,122
1682632800,106
1682633700,122
1682634600,129
1682635500,117
1682636400,155
1682637300,114
1682638200,114
1682639100,114
1682640000,107
1682640900,117
1682641800,140
1682642700,122
1682643600,125
1682644500,108
1682645400,113
1682646300,139
1682647200,110
1682648100,143
1682649000,132
1682649900,99
1682650800,128
1682651700,110
1682652600,104
1682653500,147
1682654400,184
1682655300,592
1682656200,149
1682657100,142
1682658000,174
1682658900,181
1682659800,516
1682660700,482
1682661600,413
1682662500,194
1682663400,553
1682664300,440
1682665200,95
1682666100,132
1682667000,103
1682667900,92
1682668800,111
1682669700,83
1682670600,90
1682671500,134
1682672400,222
1682673300,175
1682674200,215
1682675100,177
1682676000,202
1682676900,171
1682677800,184
1682678700,176
1682679600,417
1682680500,307
1682681400,192
1682682300,496
1682683200,587
1682684100,265
1682685000,215
1682685900,162
1682686800,209
1682687700,705
1682688600,390
1682689500,285
1682690400,548
1682691300,799
1682692200,269
1682693100,298
1682694000,333
1682694900,386
1682695800,354
1682696700,291
1682697600,295
1682698500,1108
1682699400,418
1682700300,315
1682701200,327
1682702100,253
1682703000,389
1682703900,326
1682704800,453
1682705700,313
1682706600,316
1682707500,324
1682708400,291
1682709300,339
1682710200,305
1682711100,329
1682712000,286
1682712900,241
1682713800,226
1682714700,202
1682715600,199
1682716500,230
1682717400,328
1682718300,613
1682719200,296
1682720100,152
1682721000,236
1682721900,663
1682722800,133
1682723700,111
1682724600,112
1682725500,93
1682726400,91
1682727300,164
1682728200,124
1682729100,109
1682730000,107
1682730900,84
1682731800,110
1682732700,100
1682733600,109
1682734500,141
1682735400,87
1682736300,155
1682737200,115
1682738100,94
1682739000,120
1682739900,200
1682740800,493
1682741700,271
1682742600,120
1682743500,176
1682744400,162
1682745300,165
1682746200,125
1682747100,133
1682748000,132
1682748900,123
1682749800,130
1682750700,184
1682751600,250
1682752500,185
1682753400,164
1682754300,166
1682755200,150
1682756100,163
1682757000,210
1682757900,172
1682758800,169
1682759700,143
1682760600,161
1682761500,467
1682762400,316
1682763300,496
1682764200,202
1682765100,235
1682766000,321
1682766900,283
1682767800,631
1682768700,1171
1682769600,1399
1682770500,840
1682771400,480
1682772300,311
1682773200,747
1682774100,405
1682775000,229
1682775900,212
1682776800,379
1682777700,254
1682778600,241
1682779500,283
1682780400,265
1682781300,276
1682782200,352
1682783100,263
1682784000,290
1682784900,281
1682785800,284
1682786700,302
1682787600,272
1682788500,266
1682789400,303
1682790300,340
1682791200,541
1682792100,576
1682793000,290
1682793900,312
1682794800,335
1682795700,332
1682796600,353
1682797500,293
1682798400,264
1682799300,283
1682800200,259
1682801100,251
1682802000,244
1682802900,138
1682803800,95
1682804700,90
1682805600,75
1682806500,122
1682807400,114
1682808300,87
1682809200,112
1682810100,84
1682811000,93
1682811900,115
1682812800,89
1682813700,104
1682814600,91
1682815500,78
1682816400,120
1682817300,99
1682818200,94
1682819100,90
1682820000,95
1682820900,94
1682821800,125
1682822700,88
1682823600,111
1682824500,96
1682825400,94
1682826300,166
1682827200,460
1682828100,1212
1682829000,1000
1682829900,672
1682830800,641
1682831700,633
1682832600,612
1682833500,864
1682834400,598
1682835300,408
1682836200,180
1682837100,524
1682838000,529
1682838900,143
1682839800,152
1682840700,175
1682841600,174
1682842500,139
1682843400,117
1682844300,90
1682845200,135
1682846100,117
1682847000,102
1682847900,558
1682848800,634
1682849700,584
1682850600,474
1682851500,200
1682852400,153
1682853300,138
1682854200,134
1682855100,299
1682856000,175
1682856900,181
1682857800,192
1682858700,170
1682859600,185
1682860500,172
1682861400,186
1682862300,206
1682863200,196
1682864100,207
1682865000,209
1682865900,177
1682866800,236
1682867700,384
1682868600,203
1682869500,242
1682870400,682
1682871300,552
1682872200,455
1682873100,236
1682874000,922
1682874900,1210
1682875800,1147
1682876700,881
1682877600,778
1682878500,777
1682879400,779
1682880300,711
1682881200,779
1682882100,534
1682883000,297
1682883900,309
1682884800,277
1682885700,247
1682886600,230
1682887500,197
1682888400,202
1682889300,188
1682890200,178
1682891100,140
1682892000,117
1682892900,128
1682893800,158
1682894700,135
1682895600,105
1682896500,117
1682897400,122
1682898300,105
1682899200,125
1682900100,134
1682901000,111
1682901900,108
1682902800,96
1682903700,129
1682904600,130
1682905500,118
1682906400,144
1682907300,118
1682908200,114
1682909100,125
1682910000,113
1682910900,129
1682911800,142
1682912700,160
1682913600,160
1682914500,118
1682915400,133
1682916300,147
1682917200,164
1682918100,460
1682919000,267
1682919900,433
1682920800,595
1682921700,657
1682922600,678
1682923500,503
1682924400,248
1682925300,284
1682926200,330
1682927100,773
1682928000,422
1682928900,623
1682929800,544
1682930700,521
1682931600,330
1682932500,739
1682933400,824
1682934300,961
1682935200,1454
1682936100,992
1682937000,830
1682937900,760
1682938800,905
1682939700,486
1682940600,471
1682941500,559
1682942400,1041
1682943300,705
1682944200,677
1682945100,690
1682946000,669
1682946900,291
1682947800,167
1682948700,192
1682949600,427
1682950500,197
1682951400,162
1682952300,205
1682953200,207
1682954100,204
1682955000,474
1682955900,327
1682956800,212
1682957700,211
1682958600,203
1682959500,220
1682960400,210
1682961300,239
1682962200,244
1682963100,211
1682964000,306
1682964900,363
1682965800,502
1682966700,397
1682967600,388
1682968500,354
1682969400,378
1682970300,346
1682971200,339
1682972100,362
1682973000,328
1682973900,305
1682974800,296
1682975700,261
1682976600,313
1682977500,238
1682978400,114
1682979300,117
1682980200,141
1682981100,128
1682982000,112
1682982900,109
1682983800,119
1682984700,123
1682985600,102
1682986500,155
1682987400,137
1682988300,102
1682989200,115
1682990100,121
1682991000,119
1682991900,121
1682992800,128
1682993700,140
1682994600,112
1682995500,103
1682996400,125
1682997300,109
1682998200,98
1682999100,142
1683000000,165
1683000900,125
1683001800,136
1683002700,105
1683003600,144
1683004500,231
1683005400,769
1683006300,268
1683007200,174
1683008100,175
1683009000,218
1683009900,215
1683010800,214
1683011700,205
1683012600,223
1683013500,191
1683014400,193
1683015300,182
1683016200,194
1683017100,211
1683018000,239
1683018900,235
1683019800,310
1683020700,925
1683021600,933
1683022500,382
1683023400,234
1683024300,246
1683025200,257
1683026100,423
1683027000,227
1683027900,230
1683028800,239
1683029700,249
1683030600,196
1683031500,179
1683032400,189
1683033300,210
1683034200,251
1683035100,231
1683036000,224
1683036900,267
1683037800,268
1683038700,261
1683039600,292
1683040500,288
1683041400,303
1683042300,348
1683043200,284
1683044100,339
1683045000,296
1683045900,287
1683046800,441
1683047700,502
1683048600,437
1683049500,468
1683050400,444
1683051300,476
1683052200,747
1683053100,732
1683054000,438
1683054900,376
1683055800,401
1683056700,399
1683057600,325
1683058500,393
1683059400,334
1683060300,275
1683061200,178
1683062100,148
1683063000,129
1683063900,136
1683064800,154
1683065700,161
1683066600,136
1683067500,136
1683068400,146
1683069300,134
1683070200,124
1683071100,154
1683072000,128
1683072900,122
1683073800,154
1683074700,153
1683075600,145
1683076500,131
1683077400,166
1683078300,148
1683079200,138
1683080100,146
1683081000,137
1683081900,146
1683082800,159
1683083700,157
1683084600,160
1683085500,156
1683086400,165
1683087300,564
1683088200,286
1683089100,611
1683090000,372
1683090900,371
1683091800,190
1683092700,678
1683093600,476
1683094500,225
1683095400,572
1683096300,673
1683097200,669
1683098100,588
1683099000,611
1683099900,597
1683100800,586
1683101700,583
1683102600,1025
1683103500,968
1683104400,894
1683105300,1112
1683106200,305
1683107100,754
1683108000,927
1683108900,1491
1683109800,1117
1683110700,1240
1683111600,272
1683112500,265
1683113400,270
1683114300,299
1683115200,342
1683116100,146
1683117000,166
1683117900,156
1683118800,121
1683119700,128
1683120600,165
1683121500,158
1683122400,162
1683123300,248
1683124200,617
1683125100,462
1683126000,469
1683126900,315
1683127800,304
1683128700,287
1683129600,280
1683130500,309
1683131400,267
1683132300,273
1683133200,289
1683134100,348
1683135000,314
1683135900,316
1683136800,358
1683137700,331
1683138600,422
1683139500,418
1683140400,372
1683141300,374
1683142200,625
1683143100,864
1683144000,516
1683144900,273
1683145800,277
1683146700,249
1683147600,279
1683148500,337
1683149400,205
1683150300,117
1683151200,117
1683152100,148
1683153000,130
1683153900,101
1683154800,116
1683155700,112
1683156600,102
1683157500,129
1683158400,143
1683159300,122
1683160200,111
1683161100,100
1683162000,117
1683162900,119
1683163800,110
1683164700,141
1683165600,124
1683166500,109
1683167400,110
1683168300,92
1683169200,108
1683170100,106
1683171000,130
1683171900,195
1683172800,699
1683173700,902
1683174600,1136
1683175500,970
1683176400,803
1683177300,825
1683178200,979
1683179100,1189
1683180000,888
1683180900,367
1683181800,604
1683182700,965
1683183600,768
1683184500,815
1683185400,799
1683186300,804
1683187200,716
1683188100,665
1683189000,234
1683189900,180
1683190800,234
1683191700,209
1683192600,188
1683193500,289
1683194400,549
1683195300,217
1683196200,275
1683197100,249
1683198000,222
1683198900,306
1683199800,273
1683200700,177
1683201600,172
1683202500,175
1683203400,187
1683204300,169
1683205200,171
1683206100,156
1683207000,170
1683207900,724
1683208800,375
1683209700,233
1683210600,231
1683211500,598
1683212400,1097
1683213300,924
1683214200,370
1683215100,220
1683216000,520
1683216900,613
1683217800,313
1683218700,507
1683219600,1202
1683220500,786
1683221400,1181
1683222300,1131
1683223200,1289
1683224100,824
1683225000,789
1683225900,417
1683226800,397
1683227700,362
1683228600,359
1683229500,375
1683230400,250
1683231300,204
1683232200,205
1683233100,263
1683234000,268
1683234900,256
1683235800,289
1683236700,259
1683237600,231
1683238500,155
1683239400,125
1683240300,110
1683241200,99
1683242100,123
1683243000,114
1683243900,105
1683244800,119
1683245700,122
1683246600,123
1683247500,117
1683248400,150
1683249300,123
1683250200,125
1683251100,107
1683252000,122
1683252900,111
1683253800,118
1683254700,202
1683255600,200
1683256500,124
1683257400,136
1683258300,142
1683259200,330
1683260100,251
1683261000,136
1683261900,204
1683262800,127
1683263700,107
1683264600,110
1683265500,113
1683266400,290
1683267300,572
1683268200,564
1683269100,458
1683270000,129
1683270900,122
1683271800,151
1683272700,128
1683273600,162
1683274500,176
1683275400,292
1683276300,197
1683277200,143
1683278100,164
1683279000,213
1683279900,230
1683280800,240
1683281700,240
1683282600,224
1683283500,212
1683284400,194
1683285300,439
1683286200,162
1683287100,174
1683288000,447
1683288900,172
1683289800,161
1683290700,147
1683291600,148
1683292500,192
1683293400,176
1683294300,206
1683295200,174
1683296100,151
1683297000,157
1683297900,187
1683298800,221
1683299700,240
1683300600,610
1683301500,511
1683302400,796
1683303300,623
1683304200,787
1683305100,417
1683306000,271
1683306900,347
1683307800,338
1683308700,492
1683309600,373
1683310500,387
1683311400,385
1683312300,408
1683313200,359
1683314100,342
1683315000,313
1683315900,306
1683316800,250
1683317700,168
1683318600,154
1683319500,125
1683320400,172
1683321300,146
1683322200,111
1683323100,123
1683324000,117
1683324900,129
1683325800,122
1683326700,140
1683327600,145
1683328500,116
1683329400,114
1683330300,127
1683331200,119
1683332100,129
1683333000,137
1683333900,141
1683334800,125
1683335700,119
1683336600,117
1683337500,123
1683338400,107
1683339300,123
1683340200,132
1683341100,144
1683342000,142
1683342900,243
1683343800,154
1683344700,143
1683345600,442
1683346500,847
1683347400,1186
1683348300,891
1683349200,767
1683350100,654
1683351000,671
1683351900,566
1683352800,326
1683353700,360
1683354600,277
1683355500,280
1683356400,266
1683357300,251
1683358200,276
1683359100,271
1683360000,319
1683360900,305
1683361800,356
1683362700,257
1683363600,255
1683364500,254
1683365400,266
1683366300,300
1683367200,316
1683368100,278
1683369000,264
1683369900,281
1683370800,477
1683371700,280
1683372600,339
1683373500,286
1683374400,257
1683375300,286
1683376200,712
1683377100,458
1683378000,474
1683378900,305
1683379800,806
1683380700,480
1683381600,272
1683382500,270
1683383400,298
1683384300,564
1683385200,1242
1683386100,935
1683387000,592
1683387900,425
1683388800,306
1683389700,308
1683390600,342
1683391500,384
1683392400,417
1683393300,773
1683394200,1232
1683395100,938
1683396000,945
1683396900,1142
1683397800,951
1683398700,558
1683399600,426
1683400500,366
1683401400,303
1683402300,315
1683403200,309
1683404100,251
1683405000,197
1683405900,242
1683406800,214
1683407700,151
1683408600,109
1683409500,116
1683410400,116
1683411300,101
1683412200,131
1683413100,119
1683414000,102
1683414900,116
1683415800,119
1683416700,119
1683417600,117
1683418500,125
1683419400,156
1683420300,113
1683421200,110
1683422100,127
1683423000,119
1683423900,116
1683424800,125
1683425700,133
1683426600,130
1683427500,107
1683428400,114
1683429300,255
1683430200,127
1683431100,152
1683432000,286
1683432900,598
1683433800,208
1683434700,240
1683435600,217
1683436500,693
1683437400,454
1683438300,293
1683439200,339
1683440100,671
1683441000,164
1683441900,146
1683442800,158
1683443700,266
1683444600,182
1683445500,215
1683446400,183
1683447300,191
1683448200,197
1683449100,514
1683450000,1096
1683450900,360
1683451800,461
1683452700,252
1683453600,205
1683454500,203
1683455400,207
1683456300,201
1683457200,184
1683458100,208
1683459000,220
1683459900,230
1683460800,171
1683461700,228
1683462600,182
1683463500,170
1683464400,218
1683465300,211
1683466200,177
1683467100,196
1683468000,255
1683468900,194
1683469800,238
1683470700,269
1683471600,303
1683472500,424
1683473400,730
1683474300,775
1683475200,694
1683476100,693
1683477000,719
1683477900,749
1683478800,545
1683479700,477
1683480600,282
1683481500,250
1683482400,238
1683483300,264
1683484200,314
1683485100,296
1683486000,267
1683486900,234
1683487800,246
1683488700,247
1683489600,263
1683490500,310
1683491400,349
1683492300,309
1683493200,313
1683494100,300
1683495000,211
1683495900,117
1683496800,112
1683497700,156
1683498600,126
1683499500,110
1683500400,116
1683501300,112
1683502200,131
1683503100,116
1683504000,133
1683504900,146
1683505800,115
1683506700,112
1683507600,118
1683508500,107
1683509400,116
1683510300,127
1683511200,126
1683512100,104
1683513000,114
1683513900,156
1683514800,120
1683515700,114
1683516600,129
1683517500,169
1683518400,653
1683519300,527
1683520200,498
1683521100,337
1683522000,118
1683522900,464
1683523800,512
1683524700,115
1683525600,127
1683526500,118
1683527400,93
1683528300,142
1683529200,104
1683530100,126
1683531000,130
1683531900,95
1683532800,116
1683533700,104
1683534600,84
1683535500,92
1683536400,100
1683537300,182
1683538200,182
1683539100,174
1683540000,215
1683540900,322
1683541800,603
1683542700,526
1683543600,487
1683544500,228
1683545400,178
1683546300,171
1683547200,177
1683548100,143
1683549000,161
1683549900,448
1683550800,508
1683551700,464
1683552600,225
1683553500,682
1683554400,411
1683555300,201
1683556200,247
1683557100,271
1683558000,678
1683558900,429
1683559800,210
1683560700,211
1683561600,230
1683562500,261
1683563400,267
1683564300,241
1683565200,233
1683566100,223
1683567000,211
1683567900,222
1683568800,248
1683569700,298
1683570600,275
1683571500,289
1683572400,524
1683573300,330
1683574200,338
1683575100,352
1683576000,359
1683576900,285
1683577800,291
1683578700,271
1683579600,247
1683580500,230
1683581400,119
1683582300,130
1683583200,98
1683584100,77
1683585000,100
1683585900,122
1683586800,121
1683587700,135
1683588600,147
1683589500,134
1683590400,118
1683591300,110
1683592200,121
1683593100,111
1683594000,113
1683594900,154
1683595800,133
1683596700,127
1683597600,117
1683598500,113
1683599400,115
1683600300,108
1683601200,140
1683602100,145
1683603000,105
1683603900,168
1683604800,162
1683605700,115
1683606600,108
1683607500,124
1683608400,159
1683609300,163
1683610200,247
1683611100,216
1683612000,181
1683612900,162
1683613800,208
1683614700,365
1683615600,212
1683616500,223
1683617400,183
1683618300,195
1683619200,254
1683620100,287
1683621000,299
1683621900,279
1683622800,257
1683623700,258
1683624600,246
1683625500,391
1683626400,924
1683627300,786
1683628200,386
1683629100,220
1683630000,232
1683630900,210
1683631800,264
1683632700,748
1683633600,388
1683634500,281
1683635400,263
1683636300,257
1683637200,243
1683638100,360
1683639000,838
1683639900,466
1683640800,323
1683641700,357
1683642600,792
1683643500,313
1683644400,256
1683645300,263
1683646200,226
1683647100,249
1683648000,222
1683648900,211
1683649800,211
1683650700,218
1683651600,233
1683652500,228
1683653400,281
1683654300,339
1683655200,303
1683656100,315
1683657000,335
1683657900,340
1683658800,306
1683659700,342
1683660600,343
1683661500,321
1683662400,289
1683663300,272
1683664200,261
1683665100,219
1683666000,220
1683666900,165
1683667800,115
1683668700,114
1683669600,115
1683670500,133
1683671400,105
1683672300,91
1683673200,105
1683674100,99
1683675000,102
1683675900,133
1683676800,131
1683677700,110
1683678600,93
1683679500,113
1683680400,104
1683681300,96
1683682200,123
1683683100,123
1683684000,144
1683684900,127
1683685800,126
1683686700,118
1683687600,114
1683688500,137
1683689400,136
1683690300,141
1683691200,184
1683692100,299
1683693000,155
1683693900,143
1683694800,346
1683695700,164
1683696600,150
1683697500,358
1683698400,585
1683699300,461
1683700200,475
1683701100,989
1683702000,980
1683702900,847
1683703800,786
1683704700,559
1683705600,604
1683706500,535
1683707400,515
1683708300,511
1683709200,471
1683710100,475
1683711000,546
1683711900,1159
1683712800,496
1683713700,267
1683714600,264
1683715500,206
1683716400,432
1683717300,451
1683718200,464
1683719100,614
1683720000,921
1683720900,1049
1683721800,636
1683722700,635
1683723600,621
1683724500,152
1683725400,150
1683726300,154
1683727200,166
1683728100,153
1683729000,119
1683729900,126
1683730800,200
1683731700,208
1683732600,223
1683733500,248
1683734400,193
1683735300,663
1683736200,1164
1683737100,879
1683738000,719
1683738900,924
1683739800,740
1683740700,454
1683741600,282
1683742500,295
1683743400,266
1683744300,260
1683745200,281
1683746100,338
1683747000,322
1683747900,311
1683748800,265
1683749700,235
1683750600,191
1683751500,179
1683752400,130
1683753300,92
1683754200,104
1683755100,98
1683756000,101
1683756900,140
1683757800,149
1683758700,139
1683759600,111
1683760500,120
1683761400,117
1683762300,105
1683763200,124
1683764100,134
1683765000,149
1683765900,124
1683766800,114
1683767700,120
1683768600,106
1683769500,129
1683770400,148
1683771300,126
1683772200,120
1683773100,113
1683774000,130
1683774900,124
1683775800,107
1683776700,166
1683777600,748
1683778500,957
1683779400,1077
1683780300,769
1683781200,772
1683782100,734
1683783000,787
1683783900,752
1683784800,412
1683785700,240
1683786600,237
1683787500,268
1683788400,250
1683789300,317
1683790200,308
1683791100,261
1683792000,285
1683792900,283
1683793800,297
1683794700,301
1683795600,452
1683796500,478
1683797400,256
1683798300,189
1683799200,175
1683800100,160
1683801000,201
1683801900,188
1683802800,580
1683803700,466
1683804600,319
1683805500,289
1683806400,716
1683807300,323
1683808200,198
1683809100,168
1683810000,168
1683810900,164
1683811800,161
1683812700,154
1683813600,261
1683814500,583
1683815400,383
1683816300,363
1683817200,483
1683818100,884
1683819000,277
1683819900,336
1683820800,334
1683821700,308
1683822600,288
1683823500,295
1683824400,263
1683825300,266
1683826200,534
1683827100,1205
1683828000,1192
1683828900,861
1683829800,909
1683830700,788
1683831600,480
1683832500,368
1683833400,578
1683834300,320
1683835200,354
1683836100,270
1683837000,193
1683837900,177
1683838800,189
1683839700,142
1683840600,115
1683841500,120
1683842400,106
1683843300,114
1683844200,109
1683845100,134
1683846000,134
1683846900,100
1683847800,121
1683848700,122
1683849600,119
1683850500,105
1683851400,117
1683852300,118
1683853200,92
1683854100,105
1683855000,124
1683855900,113
1683856800,126
1683857700,141
1683858600,128
1683859500,120
1683860400,134
1683861300,213
1683862200,120
1683863100,156
1683864000,407
1683864900,320
1683865800,249
1683866700,282
1683867600,276
1683868500,742
1683869400,476
1683870300,318
1683871200,537
1683872100,663
1683873000,270
1683873900,253
1683874800,290
1683875700,243
1683876600,242
1683877500,227
1683878400,762
1683879300,1043
1683880200,701
1683881100,678
1683882000,670
1683882900,801
1683883800,335
1683884700,378
1683885600,662
1683886500,271
1683887400,195
1683888300,197
1683889200,206
1683890100,205
1683891000,184
1683891900,190
1683892800,268
1683893700,158
1683894600,191
1683895500,238
1683896400,170
1683897300,195
1683898200,179
1683899100,199
1683900000,187
1683900900,357
1683901800,169
1683902700,194
1683903600,235
1683904500,299
1683905400,314
1683906300,320
1683907200,282
1683908100,283
1683909000,265
1683909900,419
1683910800,996
1683911700,1097
1683912600,496
1683913500,454
1683914400,301
1683915300,331
1683916200,343
1683917100,428
1683918000,845
1683918900,553
1683919800,560
1683920700,366
1683921600,783
1683922500,437
1683923400,255
1683924300,149
1683925200,85
1683926100,93
1683927000,135
1683927900,126
1683928800,130
1683929700,121
1683930600,114
1683931500,101
1683932400,100
1683933300,108
1683934200,100
1683935100,125
1683936000,126
1683936900,109
1683937800,104
1683938700,96
1683939600,104
1683940500,97
1683941400,112
1683942300,148
1683943200,106
1683944100,105
1683945000,101
1683945900,125
1683946800,117
1683947700,213
1683948600,141
1683949500,117
1683950400,217
1683951300,696
1683952200,284
1683953100,333
1683954000,279
1683954900,264
1683955800,286
1683956700,634
1683957600,434
1683958500,402
1683959400,359
1683960300,777
1683961200,270
1683962100,214
1683963000,155
1683963900,550
1683964800,1153
1683965700,979
1683966600,742
1683967500,670
1683968400,219
1683969300,411
1683970200,441
1683971100,320
1683972000,326
1683972900,159
1683973800,177
1683974700,158
1683975600,158
1683976500,683
1683977400,1041
1683978300,725
1683979200,704
1683980100,728
1683981000,651
1683981900,491
1683982800,220
1683983700,192
1683984600,183
1683985500,171
1683986400,209
1683987300,181
1683988200,227
1683989100,229
1683990000,227
1683990900,270
1683991800,282
1683992700,313
1683993600,268
1683994500,272
1683995400,1103
1683996300,1359
1683997200,725
1683998100,375
1683999000,873
1683999900,436
1684000800,976
1684001700,1155
1684002600,890
1684003500,574
1684004400,405
1684005300,371
1684006200,387
1684007100,351
1684008000,303
1684008900,280
1684009800,169
1684010700,169
1684011600,131
1684012500,105
1684013400,117
1684014300,112
1684015200,143
1684016100,156
1684017000,142
1684017900,135
1684018800,112
1684019700,116
1684020600,121
1684021500,94
1684022400,126
1684023300,120
1684024200,105
1684025100,135
1684026000,125
1684026900,121
1684027800,112
1684028700,149
1684029600,140
1684030500,106
1684031400,127
1684032300,122
1684033200,175
1684034100,244
1684035000,146
1684035900,149
1684036800,415
1684037700,842
1684038600,246
1684039500,182
1684040400,152
1684041300,193
1684042200,567
1684043100,287
1684044000,341
1684044900,158
1684045800,613
1684046700,199
1684047600,125
1684048500,117
1684049400,116
1684050300,99
1684051200,101
1684052100,99
1684053000,127
1684053900,129
1684054800,104
1684055700,110
1684056600,196
1684057500,862
1684058400,224
1684059300,310
1684060200,203
1684061100,175
1684062000,171
1684062900,202
1684063800,215
1684064700,235
1684065600,213
1684066500,229
1684067400,222
1684068300,187
1684069200,203
1684070100,174
1684071000,196
1684071900,187
1684072800,203
1684073700,272
1684074600,188
1684075500,250
1684076400,289
1684077300,247
1684078200,332
1684079100,466
1684080000,282
1684080900,461
1684081800,893
1684082700,936
1684083600,695
1684084500,939
1684085400,961
1684086300,434
1684087200,483
1684088100,458
1684089000,471
1684089900,485
1684090800,437
1684091700,411
1684092600,391
1684093500,347
1684094400,314
1684095300,309
1684096200,258
1684097100,123
1684098000,146
1684098900,123
1684099800,113
1684100700,119
1684101600,104
1684102500,120
1684103400,133
1684104300,152
1684105200,127
1684106100,104
1684107000,121
1684107900,108
1684108800,112
1684109700,120
1684110600,136
1684111500,140
1684112400,129
1684113300,133
1684114200,125
1684115100,110
1684116000,122
1684116900,135
1684117800,150
1684118700,282
1684119600,97
1684120500,109
1684121400,105
1684122300,154
1684123200,338
1684124100,299
1684125000,164
1684125900,190
1684126800,162
1684127700,158
1684128600,140
1684129500,180
1684130400,177
1684131300,244
1684132200,374
1684133100,506
1684134000,346
1684134900,146
1684135800,551
1684136700,413
1684137600,142
1684138500,160
1684139400,150
1684140300,162
1684141200,194
1684142100,204
1684143000,140
1684143900,96
1684144800,104
1684145700,109
1684146600,132
1684147500,189
1684148400,150
1684149300,144
1684150200,155
1684151100,295
1684152000,527
1684152900,426
1684153800,243
1684154700,351
1684155600,597
1684156500,116
1684157400,131
1684158300,163
1684159200,449
1684160100,609
1684161000,240
1684161900,239
1684162800,237
1684163700,676
1684164600,439
1684165500,503
1684166400,342
1684167300,797
1684168200,261
1684169100,237
1684170000,223
1684170900,297
1684171800,325
1684172700,393
1684173600,744
1684174500,720
1684175400,813
1684176300,806
1684177200,805
1684178100,636
1684179000,323
1684179900,302
1684180800,268
1684181700,217
1684182600,216
1684183500,194
1684184400,138
1684185300,121
1684186200,128
1684187100,111
1684188000,121
1684188900,132
1684189800,150
1684190700,144
1684191600,114
1684192500,103
1684193400,108
1684194300,94
1684195200,108
1684196100,161
1684197000,148
1684197900,123
1684198800,120
1684199700,122
1684200600,118
1684201500,107
1684202400,146
1684203300,144
1684204200,113
1684205100,128
1684206000,121
1684206900,117
1684207800,120
1684208700,154
1684209600,190
1684210500,118
1684211400,103
1684212300,113
1684213200,146
1684214100,348
1684215000,776
1684215900,690
1684216800,492
1684217700,458
1684218600,358
1684219500,326
1684220400,610
1684221300,595
1684222200,560
1684223100,326
1684224000,631
1684224900,663
1684225800,308
1684226700,321
1684227600,363
1684228500,367
1684229400,421
1684230300,589
1684231200,366
1684232100,367
1684233000,304
1684233900,447
1684234800,423
1684235700,181
1684236600,205
1684237500,519
1684238400,400
1684239300,433
1684240200,230
1684241100,699
1684242000,283
1684242900,192
1684243800,228
1684244700,330
1684245600,270
1684246500,256
1684247400,211
1684248300,243
1684249200,254
1684250100,215
1684251000,220
1684251900,210
1684252800,224
1684253700,247
1684254600,237
1684255500,251
1684256400,223
1684257300,248
1684258200,234
1684259100,225
1684260000,228
1684260900,268
1684261800,287
1684262700,839
1684263600,1728
1684264500,1336
1684265400,927
1684266300,851
1684267200,758
1684268100,721
1684269000,459
1684269900,261
1684270800,265
1684271700,224
1684272600,228
1684273500,197
1684274400,204
1684275300,217
1684276200,223
1684277100,207
1684278000,214
1684278900,240
1684279800,224
1684280700,243
1684281600,246
1684282500,238
1684283400,253
1684284300,246
1684285200,271
1684286100,260
1684287000,351
1684287900,461
1684288800,252
1684289700,164
1684290600,109
1684291500,122
1684292400,127
1684293300,127
1684294200,120
1684295100,147
1684296000,206
1684296900,272
1684297800,396
1684298700,566
1684299600,344
1684300500,380
1684301400,272
1684302300,620
1684303200,429
1684304100,257
1684305000,315
1684305900,252
1684306800,261
1684307700,252
1684308600,326
1684309500,293
1684310400,246
1684311300,295
1684312200,284
1684313100,306
1684314000,294
1684314900,590
1684315800,1236
1684316700,1594
1684317600,994
1684318500,810
1684319400,436
1684320300,411
1684321200,680
1684322100,474
1684323000,286
1684323900,285
1684324800,269
1684325700,255
1684326600,252
1684327500,238
1684328400,318
1684329300,342
1684330200,315
1684331100,385
1684332000,576
1684332900,441
1684333800,258
1684334700,448
1684335600,721
1684336500,265
1684337400,238
1684338300,222
1684339200,203
1684340100,220
1684341000,220
1684341900,247
1684342800,320
1684343700,239
1684344600,280
1684345500,233
1684346400,243
1684347300,248
1684348200,268
1684349100,307
1684350000,335
1684350900,358
1684351800,330
1684352700,309
1684353600,268
1684354500,263
1684355400,319
1684356300,286
1684357200,272
1684358100,221
1684359000,193
1684359900,129
1684360800,124
1684361700,162
1684362600,137
1684363500,98
1684364400,108
1684365300,94
1684366200,122
1684367100,130
1684368000,160
1684368900,154
1684369800,119
1684370700,124
1684371600,122
1684372500,116
1684373400,124
1684374300,137
1684375200,150
1684376100,113
1684377000,130
1684377900,128
1684378800,122
1684379700,136
1684380600,148
1684381500,181
1684382400,250
1684383300,550
1684384200,256
1684385100,677
1684386000,389
1684386900,394
1684387800,302
1684388700,694
1684389600,166
1684390500,185
1684391400,186
1684392300,192
1684393200,199
1684394100,176
1684395000,126
1684395900,109
1684396800,114
1684397700,110
1684398600,126
1684399500,142
1684400400,130
1684401300,109
1684402200,93
1684403100,114
1684404000,97
1684404900,120
1684405800,163
1684406700,193
1684407600,156
1684408500,173
1684409400,206
1684410300,450
1684411200,465
1684412100,442
1684413000,227
1684413900,492
1684414800,574
1684415700,211
1684416600,222
1684417500,201
1684418400,226
1684419300,529
1684420200,554
1684421100,325
1684422000,224
1684422900,221
1684423800,232
1684424700,241
1684425600,260
1684426500,252
1684427400,386
1684428300,277
1684429200,239
1684430100,240
1684431000,380
1684431900,380
1684432800,342
1684433700,344
1684434600,393
1684435500,330
1684436400,344
1684437300,376
1684438200,351
1684439100,352
1684440000,325
1684440900,297
1684441800,301
1684442700,586
1684443600,503
1684444500,397
1684445400,133
1684446300,657
1684447200,184
1684448100,111
1684449000,113
1684449900,140
1684450800,128
1684451700,92
1684452600,105
1684453500,105
1684454400,100
1684455300,117
1684456200,143
1684457100,153
1684458000,125
1684458900,107
1684459800,116
1684460700,96
1684461600,99
1684462500,133
1684463400,113
1684464300,143
1684465200,133
1684466100,119
1684467000,118
1684467900,129
1684468800,288
1684469700,996
1684470600,1081
1684471500,765
1684472400,664
1684473300,814
1684474200,683
1684475100,721
1684476000,419
1684476900,665
1684477800,321
1684478700,227
1684479600,317
1684480500,704
1684481400,196
1684482300,213
1684483200,141
1684484100,151
1684485000,137
1684485900,131
1684486800,147
1684487700,588
1684488600,629
1684489500,579
1684490400,793
1684491300,919
1684492200,499
1684493100,470
1684494000,762
1684494900,232
1684495800,182
1684496700,153
1684497600,149
1684498500,156
1684499400,307
1684500300,172
1684501200,167
1684502100,323
1684503000,226
1684503900,137
1684504800,292
1684505700,463
1684506600,178
1684507500,481
1684508400,382
1684509300,334
1684510200,309
1684511100,270
1684512000,228
1684512900,248
1684513800,437
1684514700,295
1684515600,244
1684516500,240
1684517400,231
1684518300,297
1684519200,477
1684520100,649
1684521000,559
1684521900,300
1684522800,706
1684523700,566
1684524600,321
1684525500,312
1684526400,231
1684527300,154
1684528200,107
1684529100,154
1684530000,108
1684530900,116
1684531800,134
1684532700,96
1684533600,98
1684534500,91
1684535400,108
1684536300,110
1684537200,137
1684538100,156
1684539000,110
1684539900,123
1684540800,121
1684541700,114
1684542600,132
1684543500,146
1684544400,140
1684545300,120
1684546200,109
1684547100,125
1684548000,115
1684548900,112
1684549800,164
1684550700,140
1684551600,117
1684552500,266
1684553400,117
1684554300,129
1684555200,383
1684556100,675
1684557000,610
1684557900,738
1684558800,643
1684559700,621
1684560600,1061
1684561500,282
1684562400,304
1684563300,206
1684564200,674
1684565100,210
1684566000,119
1684566900,124
1684567800,142
1684568700,225
1684569600,136
1684570500,142
1684571400,204
1684572300,170
1684573200,158
1684574100,170
1684575000,181
1684575900,165
1684576800,740
1684577700,463
1684578600,216
1684579500,185
1684580400,262
1684581300,219
1684582200,549
1684583100,209
1684584000,197
1684584900,217
1684585800,208
1684586700,235
1684587600,238
1684588500,190
1684589400,176
1684590300,164
1684591200,190
1684592100,188
1684593000,202
1684593900,260
1684594800,362
1684595700,222
1684596600,260
1684597500,229
1684598400,227
1684599300,287
1684600200,231
1684601100,187
1684602000,789
1684602900,862
1684603800,734
1684604700,746
1684605600,702
1684606500,632
1684607400,357
1684608300,278
1684609200,444
1684610100,718
1684611000,534
1684611900,358
1684612800,710
1684613700,558
1684614600,258
1684615500,136
1684616400,117
1684617300,117
1684618200,144
1684619100,134
1684620000,100
1684620900,112
1684621800,113
1684622700,106
1684623600,132
1684624500,142
1684625400,117
1684626300,113
1684627200,99
1684628100,110
1684629000,116
1684629900,133
1684630800,167
1684631700,115
1684632600,101
1684633500,113
1684634400,117
1684635300,131
1684636200,160
1684637100,160
1684638000,131
1684638900,128
1684639800,125
1684640700,142
1684641600,415
1684642500,1143
1684643400,1046
1684644300,728
1684645200,685
1684646100,683
1684647000,465
1684647900,187
1684648800,224
1684649700,175
1684650600,156
1684651500,162
1684652400,151
1684653300,321
1684654200,888
1684655100,1497
1684656000,1008
1684656900,782
1684657800,760
1684658700,659
1684659600,565
1684660500,590
1684661400,724
1684662300,413
1684663200,203
1684664100,240
1684665000,175
1684665900,200
1684666800,505
1684667700,523
1684668600,408
1684669500,191
1684670400,525
1684671300,533
1684672200,162
1684673100,361
1684674000,1038
1684674900,975
1684675800,736
1684676700,714
1684677600,662
1684678500,582
1684679400,296
1684680300,388
1684681200,428
1684682100,320
1684683000,640
1684683900,536
1684684800,311
1684685700,272
1684686600,245
1684687500,254
1684688400,375
1684689300,625
1684690200,449
1684691100,267
1684692000,671
1684692900,608
1684693800,317
1684694700,362
1684695600,282
1684696500,247
1684697400,299
1684698300,269
1684699200,191
1684700100,126
1684701000,121
1684701900,120
1684702800,113
1684703700,130
1684704600,121
1684705500,99
1684706400,92
1684707300,113
1684708200,123
1684709100,117
1684710000,143
1684710900,120
1684711800,114
1684712700,118
1684713600,110
1684714500,117
1684715400,127
1684716300,128
1684717200,122
1684718100,114
1684719000,107
1684719900,124
1684720800,111
1684721700,127
1684722600,143
1684723500,104
1684724400,112
1684725300,116
1684726200,105
1684727100,151
1684728000,287
1684728900,312
1684729800,174
1684730700,172
1684731600,222
1684732500,281
1684733400,282
1684734300,322
1684735200,313
1684736100,422
1684737000,320
1684737900,319
1684738800,313
1684739700,378
1684740600,339
1684741500,357
1684742400,367
1684743300,365
1684744200,378
1684745100,375
1684746000,381
1684746900,427
1684747800,627
1684748700,493
1684749600,943
1684750500,310
1684751400,294
1684752300,300
1684753200,290
1684754100,267
1684755000,204
1684755900,247
1684756800,344
1684757700,326
1684758600,332
1684759500,339
1684760400,371
1684761300,831
1684762200,473
1684763100,432
1684764000,442
1684764900,884
1684765800,375
1684766700,329
1684767600,447
1684768500,761
1684769400,343
1684770300,373
1684771200,393
1684772100,365
1684773000,420
1684773900,376
1684774800,448
1684775700,309
1684776600,372
1684777500,324
1684778400,311
1684779300,320
1684780200,336
1684781100,351
1684782000,348
1684782900,355
1684783800,368
1684784700,328
1684785600,325
1684786500,275
1684787400,265
1684788300,281
1684789200,334
1684790100,346
1684791000,270
1684791900,264
1684792800,245
1684793700,252
1684794600,258
1684795500,202
1684796400,146
1684797300,124
1684798200,128
1684799100,124
1684800000,111
1684800900,141
1684801800,135
1684802700,117
1684803600,116
1684804500,98
1684805400,126
1684806300,133
1684807200,130
1684808100,157
1684809000,130
1684809900,122
1684810800,126
1684811700,124
1684812600,117
1684813500,163
1684814400,170
1684815300,125
1684816200,148
1684817100,140
1684818000,154
1684818900,142
1684819800,164
1684820700,598
1684821600,1003
1684822500,790
1684823400,672
1684824300,654
1684825200,708
1684826100,819
1684827000,690
1684827900,439
1684828800,406
1684829700,329
1684830600,791
1684831500,284
1684832400,282
1684833300,242
1684834200,237
1684835100,237
1684836000,822
1684836900,242
1684837800,226
1684838700,256
1684839600,206
1684840500,230
1684841400,212
1684842300,249
1684843200,223
1684844100,199
1684845000,209
1684845900,213
1684846800,218
1684847700,459
1684848600,310
1684849500,260
1684850400,234
1684851300,219
1684852200,268
1684853100,646
1684854000,423
1684854900,492
1684855800,264
1684856700,699
1684857600,499
1684858500,247
1684859400,296
1684860300,271
1684861200,252
1684862100,240
1684863000,259
1684863900,255
1684864800,251
1684865700,297
1684866600,255
1684867500,284
1684868400,282
1684869300,296
1684870200,286
1684871100,296
1684872000,331
1684872900,257
1684873800,271
1684874700,247
1684875600,237
1684876500,174
1684877400,157
1684878300,177
1684879200,160
1684880100,158
1684881000,147
1684881900,144
1684882800,161
1684883700,181
1684884600,171
1684885500,142
1684886400,151
1684887300,153
1684888200,141
1684889100,181
1684890000,179
1684890900,153
1684891800,146
1684892700,146
1684893600,155
1684894500,142
1684895400,191
1684896300,163
1684897200,153
1684898100,148
1684899000,132
1684899900,151
1684900800,186
1684901700,449
1684902600,263
1684903500,153
1684904400,158
1684905300,224
1684906200,175
1684907100,190
1684908000,585
1684908900,466
1684909800,458
1684910700,462
1684911600,666
1684912500,897
1684913400,720
1684914300,473
1684915200,896
1684916100,764
1684917000,473
1684917900,465
1684918800,455
1684919700,1170
1684920600,1000
1684921500,592
1684922400,509
1684923300,448
1684924200,214
1684925100,218
1684926000,234
1684926900,197
1684927800,255
1684928700,553
1684929600,1131
1684930500,865
1684931400,835
1684932300,773
1684933200,440
1684934100,289
1684935000,234
1684935900,231
1684936800,218
1684937700,216
1684938600,212
1684939500,202
1684940400,309
1684941300,226
1684942200,207
1684943100,241
1684944000,241
1684944900,210
1684945800,219
1684946700,209
1684947600,208
1684948500,245
1684949400,653
1684950300,265
1684951200,520
1684952100,280
1684953000,818
1684953900,430
1684954800,486
1684955700,328
1684956600,798
1684957500,411
1684958400,216
1684959300,212
1684960200,215
1684961100,224
1684962000,224
1684962900,212
1684963800,123
1684964700,110
1684965600,99
1684966500,135
1684967400,131
1684968300,111
1684969200,121
1684970100,102
1684971000,109
1684971900,110
1684972800,119
1684973700,113
1684974600,93
1684975500,102
1684976400,123
1684977300,115
1684978200,128
1684979100,126
1684980000,121
1684980900,110
1684981800,108
1684982700,125
1684983600,115
1684984500,154
1684985400,128
1684986300,147
1684987200,591
1684988100,722
1684989000,531
1684989900,509
1684990800,574
1684991700,321
1684992600,133
1684993500,238
1684994400,118
1684995300,101
1684996200,131
1684997100,114
1684998000,156
1684998900,894
1684999800,1021
1685000700,735
1685001600,715
1685002500,669
1685003400,437
1685004300,208
1685005200,193
1685006100,170
1685007000,159
1685007900,173
1685008800,170
1685009700,138
1685010600,148
1685011500,163
1685012400,138
1685013300,177
1685014200,189
1685015100,178
1685016000,156
1685016900,163
1685017800,169
1685018700,164
1685019600,198
1685020500,154
1685021400,125
1685022300,107
1685023200,136
1685024100,173
1685025000,186
1685025900,255
1685026800,356
1685027700,213
1685028600,275
1685029500,262
1685030400,237
1685031300,209
1685032200,250
1685033100,229
1685034000,225
1685034900,497
1685035800,732
1685036700,763
1685037600,865
1685038500,1229
1685039400,927
1685040300,553
1685041200,701
1685042100,722
1685043000,324
1685043900,337
1685044800,280
1685045700,254
1685046600,310
1685047500,259
1685048400,220
1685049300,124
1685050200,130
1685051100,112
1685052000,120
1685052900,159
1685053800,129
1685054700,122
1685055600,113
1685056500,116
1685057400,118
1685058300,136
1685059200,162
1685060100,109
1685061000,117
1685061900,121
1685062800,113
1685063700,126
1685064600,146
1685065500,145
1685066400,112
1685067300,112
1685068200,129
1685069100,112
1685070000,131
1685070900,135
1685071800,104
1685072700,132
1685073600,527
1685074500,567
1685075400,1009
1685076300,829
1685077200,613
1685078100,484
1685079000,428
1685079900,377
1685080800,247
1685081700,134
1685082600,128
1685083500,188
1685084400,188
1685085300,220
1685086200,165
1685087100,132
1685088000,133
1685088900,151
1685089800,122
1685090700,289
1685091600,539
1685092500,540
1685093400,863
1685094300,473
1685095200,432
1685096100,387
1685097000,557
1685097900,223
1685098800,330
1685099700,158
1685100600,675
1685101500,409
1685102400,149
1685103300,149
1685104200,149
1685105100,165
1685106000,228
1685106900,220
1685107800,188
1685108700,199
1685109600,187
1685110500,214
1685111400,301
1685112300,285
1685113200,283
1685114100,296
1685115000,296
1685115900,620
1685116800,545
1685117700,294
1685118600,255
1685119500,231
1685120400,234
1685121300,200
1685122200,222
1685123100,246
1685124000,264
1685124900,394
1685125800,349
1685126700,310
1685127600,305
1685128500,346
1685129400,436
1685130300,410
1685131200,374
1685132100,334
1685133000,335
1685133900,391
1685134800,348
1685135700,328
1685136600,295
1685137500,216
1685138400,220
1685139300,197
1685140200,155
1685141100,155
1685142000,145
1685142900,142
1685143800,141
1685144700,163
1685145600,135
1685146500,143
1685147400,158
1685148300,154
1685149200,157
1685150100,167
1685151000,155
1685151900,148
1685152800,156
1685153700,136
1685154600,179
1685155500,177
1685156400,144
1685157300,155
1685158200,153
1685159100,169
1685160000,346
1685160900,593
1685161800,715
1685162700,410
1685163600,275
1685164500,449
1685165400,708
1685166300,258
1685167200,245
1685168100,239
1685169000,234
1685169900,222
1685170800,330
1685171700,200
1685172600,180
1685173500,590
1685174400,277
1685175300,289
1685176200,595
1685177100,665
1685178000,714
1685178900,699
1685179800,601
1685180700,184
1685181600,124
1685182500,184
1685183400,136
1685184300,135
1685185200,170
1685186100,150
1685187000,167
1685187900,190
1685188800,183
1685189700,160
1685190600,573
1685191500,1115
1685192400,798
1685193300,389
1685194200,173
1685195100,191
1685196000,372
1685196900,553
1685197800,463
1685198700,514
1685199600,279
1685200500,238
1685201400,229
1685202300,242
1685203200,226
1685204100,547
1685205000,254
1685205900,511
1685206800,236
1685207700,268
1685208600,255
1685209500,264
1685210400,300
1685211300,289
1685212200,422
1685213100,804
1685214000,846
1685214900,601
1685215800,362
1685216700,675
1685217600,559
1685218500,243
1685219400,280
1685220300,242
1685221200,199
1685222100,138
1685223000,123
1685223900,141
1685224800,141
1685225700,133
1685226600,130
1685227500,130
1685228400,124
1685229300,129
1685230200,155
1685231100,118
1685232000,136
1685232900,124
1685233800,121
1685234700,148
1685235600,132
1685236500,128
1685237400,135
1685238300,134
1685239200,133
1685240100,139
1685241000,124
1685241900,97
1685242800,109
1685243700,117
1685244600,122
1685245500,160
1685246400,444
1685247300,650
1685248200,985
1685249100,733
1685250000,640
1685250900,852
1685251800,989
1685252700,779
1685253600,341
1685254500,550
1685255400,338
1685256300,139
1685257200,102
1685258100,126
1685259000,125
1685259900,114
1685260800,138
1685261700,605
1685262600,1655
1685263500,1380
1685264400,1163
1685265300,1145
1685266200,1176
1685267100,487
1685268000,127
1685268900,162
1685269800,127
1685270700,112
1685271600,144
1685272500,112
1685273400,112
1685274300,111
1685275200,311
1685276100,143
1685277000,135
1685277900,124
1685278800,110
1685279700,110
1685280600,119
1685281500,161
1685282400,214
1685283300,154
1685284200,152
1685285100,180
1685286000,203
1685286900,219
1685287800,256
1685288700,709
1685289600,348
1685290500,454
1685291400,324
1685292300,721
1685293200,488
1685294100,286
1685295000,303
1685295900,301
1685296800,272
1685297700,343
1685298600,295
1685299500,332
1685300400,272
1685301300,260
1685302200,223
1685303100,219
1685304000,265
1685304900,270
1685305800,288
1685306700,280
1685307600,238
1685308500,196
1685309400,131
1685310300,136
1685311200,146
1685312100,114
1685313000,142
1685313900,134
1685314800,119
1685315700,109
1685316600,115
1685317500,138
1685318400,133
1685319300,160
1685320200,131
1685321100,125
1685322000,129
1685322900,128
1685323800,150
1685324700,151
1685325600,122
1685326500,133
1685327400,116
1685328300,282
1685329200,156
1685330100,187
1685331000,147
1685331900,149
1685332800,392
1685333700,115
1685334600,121
1685335500,127
1685336400,173
1685337300,149
1685338200,142
1685339100,611
1685340000,330
1685340900,165
1685341800,390
1685342700,532
1685343600,158
1685344500,137
1685345400,135
1685346300,117
1685347200,85
1685348100,107
1685349000,90
1685349900,92
1685350800,118
1685351700,102
1685352600,135
1685353500,172
1685354400,739
1685355300,187
1685356200,202
1685357100,198
1685358000,177
1685358900,181
1685359800,192
1685360700,173
1685361600,209
1685362500,180
1685363400,194
1685364300,579
1685365200,294
1685366100,382
1685367000,418
1685367900,762
1685368800,446
1685369700,229
1685370600,265
1685371500,281
1685372400,298
1685373300,286
1685374200,276
1685375100,285
1685376000,265
1685376900,409
1685377800,277
1685378700,266
1685379600,389
1685380500,538
1685381400,640
1685382300,922
1685383200,1340
1685384100,921
1685385000,831
1685385900,786
1685386800,671
1685387700,326
1685388600,336
1685389500,326
1685390400,320
1685391300,240
1685392200,224
1685393100,215
1685394000,207
1685394900,169
1685395800,125
1685396700,125
1685397600,123
1685398500,121
1685399400,159
1685400300,119
1685401200,134
1685402100,140
1685403000,123
1685403900,130
1685404800,145
1685405700,138
1685406600,119
1685407500,122
1685408400,135
1685409300,134
1685410200,159
1685411100,114
1685412000,111
1685412900,108
1685413800,103
1685414700,123
1685415600,167
1685416500,148
1685417400,127
1685418300,132
1685419200,161
1685420100,119
1685421000,152
1685421900,139
1685422800,143
1685423700,152
1685424600,204
1685425500,255
1685426400,161
1685427300,125
1685428200,174
1685429100,163
1685430000,172
1685430900,158
1685431800,294
1685432700,174
1685433600,221
1685434500,231
1685435400,502
1685436300,364
1685437200,592
1685438100,706
1685439000,515
1685439900,320
1685440800,263
1685441700,423
1685442600,625
1685443500,490
1685444400,226
1685445300,604
1685446200,500
1685447100,237
1685448000,240
1685448900,311
1685449800,599
1685450700,551
1685451600,417
1685452500,424
1685453400,461
1685454300,245
1685455200,258
1685456100,244
1685457000,221
1685457900,239
1685458800,330
1685459700,331
1685460600,261
1685461500,243
1685462400,253
1685463300,332
1685464200,361
1685465100,353
1685466000,335
1685466900,337
1685467800,355
1685468700,392
1685469600,723
1685470500,1280
1685471400,1178
1685472300,1196
1685473200,1064
1685474100,853
1685475000,654
1685475900,722
1685476800,343
1685477700,234
1685478600,152
1685479500,139
1685480400,130
1685481300,161
1685482200,166
1685483100,136
1685484000,129
1685484900,119
1685485800,118
1685486700,138
1685487600,140
1685488500,147
1685489400,154
1685490300,131
1685491200,148
1685492100,156
1685493000,140
1685493900,124
1685494800,139
1685495700,140
1685496600,157
1685497500,156
1685498400,129
1685499300,139
1685500200,122
1685501100,139
1685502000,155
1685502900,154
1685503800,133
1685504700,166
1685505600,180
1685506500,531
1685507400,198
1685508300,151
1685509200,128
1685510100,116
1685511000,156
1685511900,182
1685512800,260
1685513700,197
1685514600,177
1685515500,171
1685516400,607
1685517300,641
1685518200,990
1685519100,1487
1685520000,1480
1685520900,1094
1685521800,766
1685522700,971
1685523600,681
1685524500,858
1685525400,614
1685526300,388
1685527200,684
1685528100,564
1685529000,220
1685529900,232
1685530800,255
1685531700,202
1685532600,182
1685533500,151
1685534400,139
1685535300,119
1685536200,134
1685537100,145
1685538000,183
1685538900,151
1685539800,181
1685540700,227
1685541600,208
1685542500,227
1685543400,252
1685544300,250
1685545200,634
1685546100,470
1685547000,217
1685547900,229
1685548800,219
1685549700,643
1685550600,900
1685551500,761
1685552400,727
1685553300,681
1685554200,578
1685555100,290
1685556000,412
1685556900,862
1685557800,1025
1685558700,722
1685559600,930
1685560500,1238
1685561400,269
1685562300,319
1685563200,319
1685564100,274
1685565000,206
1685565900,193
1685566800,163
1685567700,133
1685568600,141
1685569500,143
1685570400,128
1685571300,126
1685572200,120
1685573100,126
1685574000,158
1685574900,114
1685575800,127
1685576700,119
1685577600,141
1685578500,130
1685579400,145
1685580300,112
1685581200,133
1685582100,103
1685583000,108
1685583900,139
1685584800,124
1685585700,131
1685586600,127
1685587500,128
1685588400,124
1685589300,156
1685590200,115
1685591100,149
1685592000,153
1685592900,135
1685593800,135
1685594700,300
1685595600,151
1685596500,139
1685597400,148
1685598300,144
1685599200,181
1685600100,177
1685601000,587
1685601900,612
1685602800,558
1685603700,421
1685604600,1119
1685605500,920
1685606400,1052
1685607300,538
1685608200,711
1685609100,1067
1685610000,647
1685610900,918
1685611800,1309
1685612700,1228
1685613600,1340
1685614500,346
1685615400,344
1685616300,955
1685617200,874
1685618100,831
1685619000,1010
1685619900,415
1685620800,827
1685621700,801
1685622600,1348
1685623500,370
1685624400,275
1685625300,845
1685626200,672
1685627100,512
1685628000,293
1685628900,274
1685629800,589
1685630700,687
1685631600,684
1685632500,539
1685633400,256
1685634300,240
1685635200,249
1685636100,252
1685637000,223
1685637900,250
1685638800,427
1685639700,764
1685640600,708
1685641500,695
1685642400,316
1685643300,293
1685644200,277
1685645100,304
1685646000,311
1685646900,285
1685647800,338
1685648700,422
1685649600,393
1685650500,242
1685651400,232
1685652300,202
1685653200,235
1685654100,232
1685655000,209
1685655900,148
1685656800,100
1685657700,118
1685658600,134
1685659500,151
1685660400,119
1685661300,135
1685662200,128
1685663100,135
1685664000,154
1685664900,122
1685665800,127
1685666700,117
1685667600,130
1685668500,130
1685669400,162
1685670300,124
1685671200,130
1685672100,116
1685673000,124
1685673900,151
1685674800,135
1685675700,124
1685676600,122
1685677500,159
1685678400,512
1685679300,260
1685680200,94
1685681100,174
1685682000,91
1685682900,115
1685683800,167
1685684700,191
1685685600,139
1685686500,101
1685687400,90
1685688300,73
1685689200,115
1685690100,95
1685691000,99
1685691900,74
1685692800,83
1685693700,85
1685694600,131
1685695500,110
1685696400,104
1685697300,125
1685698200,129
1685699100,124
1685700000,111
1685700900,109
1685701800,93
1685702700,92
1685703600,83
1685704500,100
1685705400,69
1685706300,62
1685707200,74
1685708100,85
1685709000,108
1685709900,101
1685710800,99
1685711700,108
1685712600,87
1685713500,70
1685714400,116
1685715300,300
1685716200,167
1685717100,208
1685718000,218
1685718900,292
1685719800,427
1685720700,398
1685721600,322
1685722500,235
1685723400,347
1685724300,336
1685725200,276
1685726100,287
1685727000,708
1685727900,445
1685728800,402
1685729700,413
1685730600,748
1685731500,232
1685732400,294
1685733300,357
1685734200,359
1685735100,324
1685736000,288
1685736900,264
1685737800,286
1685738700,298
1685739600,260
1685740500,255
1685741400,130
1685742300,142
1685743200,126
1685744100,171
1685745000,148
1685745900,143
1685746800,135
1685747700,132
1685748600,147
1685749500,161
1685750400,145
1685751300,134
1685752200,142
1685753100,111
1685754000,153
1685754900,142
1685755800,133
1685756700,161
1685757600,160
1685758500,165
1685759400,170
1685760300,158
1685761200,136
1685762100,151
1685763000,143
1685763900,171
1685764800,176
1685765700,532
1685766600,202
1685767500,179
1685768400,219
1685769300,202
1685770200,195
1685771100,188
1685772000,204
1685772900,184
1685773800,192
1685774700,334
1685775600,213
1685776500,170
1685777400,147
1685778300,160
1685779200,170
1685780100,218
1685781000,187
1685781900,178
1685782800,166
1685783700,184
1685784600,210
1685785500,163
1685786400,171
1685787300,161
1685788200,174
1685789100,178
1685790000,1243
1685790900,798
1685791800,199
1685792700,149
1685793600,398
1685794500,558
1685795400,380
1685796300,159
1685797200,418
1685798100,551
1685799000,143
1685799900,158
1685800800,117
1685801700,117
1685802600,114
1685803500,179
1685804400,213
1685805300,210
1685806200,203
1685807100,200
1685808000,230
1685808900,204
1685809800,668
1685810700,646
1685811600,250
1685812500,208
1685813400,222
1685814300,249
1685815200,224
1685816100,228
1685817000,238
1685817900,268
1685818800,263
1685819700,328
1685820600,320
1685821500,386
1685822400,298
1685823300,254
1685824200,207
1685825100,150
1685826000,120
1685826900,109
1685827800,113
1685828700,125
1685829600,156
1685830500,144
1685831400,116
1685832300,137
1685833200,117
1685834100,147
1685835000,161
1685835900,129
1685836800,129
1685837700,118
1685838600,132
1685839500,144
1685840400,146
1685841300,129
1685842200,141
1685843100,138
1685844000,135
1685844900,160
1685845800,129
1685846700,133
1685847600,127
1685848500,145
1685849400,148
1685850300,143
1685851200,109
1685852100,482
1685853000,156
1685853900,132
1685854800,192
1685855700,180
1685856600,210
1685857500,145
1685858400,156
1685859300,163
1685860200,188
1685861100,163
1685862000,148
1685862900,173
1685863800,326
1685864700,663
1685865600,278
1685866500,212
1685867400,178
1685868300,200
1685869200,481
1685870100,575
1685871000,636
1685871900,329
1685872800,191
1685873700,211
1685874600,192
1685875500,175
1685876400,147
1685877300,531
1685878200,1226
1685879100,820
1685880000,252
1685880900,242
1685881800,184
1685882700,196
1685883600,242
1685884500,238
1685885400,318
1685886300,567
1685887200,399
1685888100,389
1685889000,165
1685889900,752
1685890800,423
1685891700,236
1685892600,252
1685893500,235
1685894400,247
1685895300,248
1685896200,262
1685897100,250
1685898000,246
1685898900,235
1685899800,487
1685900700,1055
1685901600,803
1685902500,825
1685903400,851
1685904300,764
1685905200,678
1685906100,409
1685907000,291
1685907900,249
1685908800,241
1685909700,209
1685910600,224
1685911500,181
1685912400,132
1685913300,123
1685914200,128
1685915100,112
1685916000,153
1685916900,116
1685917800,127
1685918700,123
1685919600,128
1685920500,127
1685921400,150
1685922300,121
1685923200,114
1685924100,114
1685925000,107
1685925900,140
1685926800,121
1685927700,138
1685928600,116
1685929500,124
1685930400,110
1685931300,161
1685932200,136
1685933100,123
1685934000,121
1685934900,121
1685935800,133
1685936700,155
1685937600,290
1685938500,646
1685939400,1022
1685940300,801
1685941200,700
1685942100,302
1685943000,271
1685943900,270
1685944800,302
1685945700,291
1685946600,277
1685947500,341
1685948400,329
1685949300,286
1685950200,268
1685951100,296
1685952000,332
1685952900,317
1685953800,285
1685954700,298
1685955600,283
1685956500,586
1685957400,325
1685958300,231
1685959200,236
1685960100,218
1685961000,235
1685961900,250
1685962800,240
1685963700,215
1685964600,236
1685965500,214
1685966400,231
1685967300,249
1685968200,236
1685969100,230
1685970000,263
1685970900,223
1685971800,231
1685972700,284
1685973600,255
1685974500,264
1685975400,288
1685976300,332
1685977200,339
1685978100,514
1685979000,305
1685979900,332
1685980800,313
1685981700,331
1685982600,577
1685983500,774
1685984400,563
1685985300,331
1685986200,556
1685987100,782
1685988000,348
1685988900,292
1685989800,282
1685990700,237
1685991600,262
1685992500,289
1685993400,328
1685994300,320
1685995200,323
1685996100,306
1685997000,252
1685997900,277
1685998800,220
1685999700,215
1686000600,171
1686001500,160
1686002400,141
1686003300,163
1686004200,138
1686005100,126
1686006000,135
1686006900,125
1686007800,152
1686008700,156
1686009600,145
1686010500,126
1686011400,137
1686012300,120
1686013200,155
1686014100,153
1686015000,134
1686015900,134
1686016800,149
1686017700,147
1686018600,153
1686019500,149
1686020400,125
1686021300,122
1686022200,107
1686023100,155
1686024000,178
1686024900,182
1686025800,183
1686026700,175
1686027600,146
1686028500,169
1686029400,165
1686030300,452
1686031200,372
1686032100,134
1686033000,165
1686033900,210
1686034800,262
1686035700,229
1686036600,197
1686037500,223
1686038400,206
1686039300,203
1686040200,221
1686041100,184
1686042000,220
1686042900,847
1686043800,836
1686044700,223
1686045600,173
1686046500,160
1686047400,153
1686048300,162
1686049200,190
1686050100,233
1686051000,188
1686051900,245
1686052800,189
1686053700,204
1686054600,219
1686055500,261
1686056400,223
1686057300,428
1686058200,222
1686059100,234
1686060000,230
1686060900,236
1686061800,222
1686062700,219
1686063600,252
1686064500,217
1686065400,316
1686066300,842
1686067200,515
1686068100,463
1686069000,528
1686069900,836
1686070800,344
1686071700,291
1686072600,304
1686073500,361
1686074400,410
1686075300,413
1686076200,458
1686077100,814
1686078000,446
1686078900,358
1686079800,339
1686080700,364
1686081600,358
1686082500,356
1686083400,334
1686084300,258
1686085200,238
1686086100,321
1686087000,198
1686087900,162
1686088800,137
1686089700,145
1686090600,155
1686091500,141
1686092400,128
1686093300,122
1686094200,118
1686095100,100
1686096000,145
1686096900,129
1686097800,135
1686098700,130
1686099600,139
1686100500,128
1686101400,150
1686102300,141
1686103200,132
1686104100,141
1686105000,120
1686105900,131
1686106800,150
1686107700,137
1686108600,113
1686109500,147
1686110400,171
1686111300,566
1686112200,296
1686113100,220
1686114000,219
1686114900,218
1686115800,954
1686116700,2291
1686117600,1562
1686118500,1067
1686119400,839
1686120300,1298
1686121200,965
1686122100,781
1686123000,822
1686123900,836
1686124800,885
1686125700,916
1686126600,1433
1686127500,1578
1686128400,1707
1686129300,1240
1686130200,1057
1686131100,697
1686132000,968
1686132900,1030
1686133800,1070
1686134700,786
1686135600,769
1686136500,1091
1686137400,418
1686138300,367
1686139200,422
1686140100,712
1686141000,211
1686141900,209
1686142800,175
1686143700,351
1686144600,210
1686145500,195
1686146400,263
1686147300,235
1686148200,276
1686149100,376
1686150000,227
1686150900,167
1686151800,227
1686152700,253
1686153600,281
1686154500,285
1686155400,259
1686156300,262
1686157200,289
1686158100,295
1686159000,284
1686159900,343
1686160800,657
1686161700,462
1686162600,516
1686163500,354
1686164400,827
1686165300,581
1686166200,340
1686167100,303
1686168000,284
1686168900,275
1686169800,324
1686170700,305
1686171600,330
1686172500,306
1686173400,245
1686174300,137
1686175200,153
1686176100,134
1686177000,118
1686177900,126
1686178800,124
1686179700,146
1686180600,145
1686181500,130
1686182400,117
1686183300,129
1686184200,112
1686185100,138
1686186000,152
1686186900,130
1686187800,134
1686188700,120
1686189600,132
1686190500,132
1686191400,145
1686192300,99
1686193200,115
1686194100,97
1686195000,125
1686195900,180
1686196800,511
1686197700,111
1686198600,111
1686199500,154
1686200400,112
1686201300,219
1686202200,502
1686203100,1030
1686204000,680
1686204900,601
1686205800,594
1686206700,243
1686207600,135
1686208500,169
1686209400,200
1686210300,201
1686211200,172
1686212100,233
1686213000,224
1686213900,236
1686214800,315
1686215700,714
1686216600,489
1686217500,506
1686218400,842
1686219300,497
1686220200,149
1686221100,154
1686222000,155
1686222900,168
1686223800,154
1686224700,169
1686225600,150
1686226500,181
1686227400,239
1686228300,237
1686229200,230
1686230100,231
1686231000,214
1686231900,197
1686232800,241
1686233700,239
1686234600,249
1686235500,295
1686236400,539
1686237300,734
1686238200,727
1686239100,884
1686240000,956
1686240900,989
1686241800,238
1686242700,275
1686243600,270
1686244500,237
1686245400,265
1686246300,604
1686247200,1222
1686248100,926
1686249000,743
1686249900,591
1686250800,291
1686251700,312
1686252600,335
1686253500,315
1686254400,274
1686255300,212
1686256200,187
1686257100,93
1686258000,140
1686258900,120
1686259800,104
1686260700,93
1686261600,108
1686262500,93
1686263400,127
1686264300,114
1686265200,97
1686266100,88
1686267000,74
1686267900,98
1686268800,125
1686269700,114
1686270600,90
1686271500,119
1686272400,106
1686273300,133
1686274200,127
1686275100,114
1686276000,113
1686276900,105
1686277800,123
1686278700,140
1686279600,131
1686280500,100
1686281400,118
1686282300,124
1686283200,156
1686284100,639
1686285000,115
1686285900,104
1686286800,96
1686287700,115
1686288600,626
1686289500,343
1686290400,211
1686291300,295
1686292200,579
1686293100,115
1686294000,123
1686294900,114
1686295800,146
1686296700,83
1686297600,88
1686298500,74
1686299400,120
1686300300,89
1686301200,88
1686302100,95
1686303000,89
1686303900,93
1686304800,104
1686305700,100
1686306600,80
1686307500,89
1686308400,121
1686309300,110
1686310200,121
1686311100,96
1686312000,109
1686312900,145
1686313800,142
1686314700,150
1686315600,180
1686316500,185
1686317400,262
1686318300,261
1686319200,222
1686320100,283
1686321000,257
1686321900,275
1686322800,291
1686323700,266
1686324600,409
1686325500,312
1686326400,308
1686327300,283
1686328200,305
1686329100,296
1686330000,329
1686330900,280
1686331800,232
1686332700,227
1686333600,692
1686334500,1158
1686335400,844
1686336300,784
1686337200,720
1686338100,351
1686339000,291
1686339900,203
1686340800,186
1686341700,141
1686342600,150
1686343500,127
1686344400,144
1686345300,141
1686346200,178
1686347100,147
1686348000,147
1686348900,147
1686349800,140
1686350700,179
1686351600,156
1686352500,160
1686353400,142
1686354300,153
1686355200,142
1686356100,166
1686357000,163
1686357900,140
1686358800,151
1686359700,146
1686360600,165
1686361500,175
1686362400,139
1686363300,132
1686364200,124
1686365100,136
1686366000,147
1686366900,189
1686367800,160
1686368700,159
1686369600,157
1686370500,245
1686371400,465
1686372300,127
1686373200,176
1686374100,156
1686375000,168
1686375900,141
1686376800,160
1686377700,135
1686378600,129
1686379500,130
1686380400,127
1686381300,148
1686382200,144
1686383100,160
1686384000,130
1686384900,117
1686385800,118
1686386700,122
1686387600,125
1686388500,86
1686389400,104
1686390300,100
1686391200,130
1686392100,275
1686393000,151
1686393900,134
1686394800,110
1686395700,150
1686396600,104
1686397500,155
1686398400,165
1686399300,609
1686400200,191
1686401100,131
1686402000,154
1686402900,185
1686403800,177
1686404700,140
1686405600,140
1686406500,94
1686407400,119
1686408300,154
1686409200,217
1686410100,164
1686411000,134
1686411900,140
1686412800,155
1686413700,151
1686414600,177
1686415500,200
1686416400,382
1686417300,677
1686418200,493
1686419100,236
1686420000,429
1686420900,726
1686421800,201
1686422700,259
1686423600,222
1686424500,214
1686425400,261
1686426300,288
1686427200,265
1686428100,306
1686429000,323
1686429900,234
1686430800,157
1686431700,110
1686432600,128
1686433500,140
1686434400,128
1686435300,131
1686436200,106
1686437100,111
1686438000,117
1686438900,141
1686439800,131
1686440700,132
1686441600,135
1686442500,112
1686443400,150
1686444300,131
1686445200,125
1686446100,118
1686447000,130
1686447900,139
1686448800,140
1686449700,136
1686450600,117
1686451500,125
1686452400,121
1686453300,134
1686454200,167
1686455100,116
1686456000,172
1686456900,497
1686457800,192
1686458700,197
1686459600,210
1686460500,208
1686461400,218
1686462300,186
1686463200,177
1686464100,246
1686465000,265
1686465900,248
1686466800,237
1686467700,241
1686468600,236
1686469500,420
1686470400,984
1686471300,1145
1686472200,667
1686473100,579
1686474000,687
1686474900,873
1686475800,465
1686476700,644
1686477600,652
1686478500,738
1686479400,382
1686480300,168
1686481200,157
1686482100,441
1686483000,1008
1686483900,773
1686484800,712
1686485700,545
1686486600,205
1686487500,678
1686488400,247
1686489300,303
1686490200,258
1686491100,262
1686492000,246
1686492900,258
1686493800,263
1686494700,684
1686495600,557
1686496500,271
1686497400,652
1686498300,750
1686499200,828
1686500100,796
1686501000,771
1686501900,741
1686502800,751
1686503700,326
1686504600,296
1686505500,337
1686506400,628
1686507300,1186
1686508200,772
1686509100,353
1686510000,921
1686510900,601
1686511800,420
1686512700,559
1686513600,806
1686514500,198
1686515400,192
1686516300,164
1686517200,136
1686518100,153
1686519000,134
1686519900,145
1686520800,167
1686521700,143
1686522600,146
1686523500,140
1686524400,151
1686525300,140
1686526200,177
1686527100,129
1686528000,142
1686528900,135
1686529800,148
1686530700,168
1686531600,153
1686532500,144
1686533400,116
1686534300,130
1686535200,114
1686536100,153
1686537000,161
1686537900,168
1686538800,142
1686539700,138
1686540600,145
1686541500,173
1686542400,265
1686543300,281
1686544200,211
1686545100,175
1686546000,188
1686546900,273
1686547800,671
1686548700,530
1686549600,510
1686550500,299
1686551400,666
1686552300,640
1686553200,277
1686554100,290
1686555000,206
1686555900,186
1686556800,196
1686557700,208
1686558600,193
1686559500,168
1686560400,215
1686561300,203
1686562200,246
1686563100,221
1686564000,257
1686564900,386
1686565800,186
1686566700,233
1686567600,272
1686568500,235
1686569400,210
1686570300,226
1686571200,201
1686572100,403
1686573000,239
1686573900,241
1686574800,243
1686575700,332
1686576600,280
1686577500,355
1686578400,284
1686579300,234
1686580200,280
1686581100,305
1686582000,279
1686582900,278
1686583800,243
1686584700,221
1686585600,190
1686586500,247
1686587400,1091
1686588300,1233
1686589200,1057
1686590100,824
1686591000,1085
1686591900,1120
1686592800,387
1686593700,387
1686594600,741
1686595500,531
1686596400,544
1686597300,314
1686598200,338
1686599100,322
1686600000,331
1686600900,237
1686601800,270
1686602700,184
1686603600,185
1686604500,132
1686605400,133
1686606300,130
1686607200,132
1686608100,147
1686609000,138
1686609900,134
1686610800,108
1686611700,116
1686612600,110
1686613500,124
1686614400,145
1686615300,121
1686616200,122
1686617100,109
1686618000,119
1686618900,134
1686619800,132
1686620700,114
1686621600,116
1686622500,134
1686623400,152
1686624300,196
1686625200,151
1686626100,156
1686627000,138
1686627900,175
1686628800,174
1686629700,185
1686630600,162
1686631500,222
1686632400,201
1686633300,133
1686634200,146
1686635100,173
1686636000,138
1686636900,173
1686637800,195
1686638700,173
1686639600,274
1686640500,615
1686641400,491
1686642300,593
1686643200,1028
1686644100,960
1686645000,1285
1686645900,972
1686646800,1066
1686647700,364
1686648600,282
1686649500,282
1686650400,693
1686651300,220
1686652200,216
1686653100,201
1686654000,230
1686654900,200
1686655800,245
1686656700,191
1686657600,207
1686658500,208
1686659400,607
1686660300,544
1686661200,535
1686662100,512
1686663000,626
1686663900,474
1686664800,245
1686665700,257
1686666600,302
1686667500,1017
1686668400,949
1686669300,961
1686670200,775
1686671100,1251
1686672000,917
1686672900,295
1686673800,270
1686674700,248
1686675600,258
1686676500,302
1686677400,300
1686678300,334
1686679200,1256
1686680100,587
1686681000,491
1686681900,262
1686682800,684
1686683700,359
1686684600,199
1686685500,245
1686686400,304
1686687300,307
1686688200,275
1686689100,358
1686690000,250
1686690900,204
1686691800,199
1686692700,120
1686693600,119
1686694500,111
1686695400,120
1686696300,123
1686697200,140
1686698100,132
1686699000,103
1686699900,123
1686700800,101
1686701700,135
1686702600,130
1686703500,110
1686704400,121
1686705300,123
1686706200,115
1686707100,137
1686708000,120
1686708900,92
1686709800,107
1686710700,90
1686711600,119
1686712500,133
1686713400,124
1686714300,115
1686715200,152
1686716100,526
1686717000,153
1686717900,156
1686718800,121
1686719700,133
1686720600,201
1686721500,179
1686722400,172
1686723300,196
1686724200,172
1686725100,218
1686726000,185
1686726900,158
1686727800,227
1686728700,220
1686729600,342
1686730500,213
1686731400,751
1686732300,613
1686733200,480
1686734100,747
1686735000,1317
1686735900,498
1686736800,320
1686737700,330
1686738600,332
1686739500,287
1686740400,286
1686741300,269
1686742200,277
1686743100,793
1686744000,1100
1686744900,747
1686745800,690
1686746700,699
1686747600,721
1686748500,701
1686749400,720
1686750300,433
1686751200,172
1686752100,149
1686753000,161
1686753900,187
1686754800,140
1686755700,172
1686756600,183
1686757500,268
1686758400,1012
1686759300,582
1686760200,370
1686761100,218
1686762000,793
1686762900,370
1686763800,249
1686764700,219
1686765600,250
1686766500,262
1686767400,238
1686768300,252
1686769200,209
1686770100,251
1686771000,251
1686771900,269
1686772800,260
1686773700,278
1686774600,183
1686775500,97
1686776400,111
1686777300,95
1686778200,128
1686779100,111
1686780000,111
1686780900,100
1686781800,109
1686782700,110
1686783600,116
1686784500,117
1686785400,81
1686786300,112
1686787200,92
1686788100,118
1686789000,143
1686789900,88
1686790800,112
1686791700,84
1686792600,93
1686793500,100
1686794400,108
1686795300,86
1686796200,106
1686797100,96
1686798000,96
1686798900,124
1686799800,90
1686800700,122
1686801600,879
1686802500,983
1686803400,677
1686804300,699
1686805200,618
1686806100,1012
1686807000,743
1686807900,330
1686808800,337
1686809700,676
1686810600,155
1686811500,129
1686812400,150
1686813300,141
1686814200,203
1686815100,143
1686816000,146
1686816900,261
1686817800,140
1686818700,174
1686819600,149
1686820500,359
1686821400,918
1686822300,815
1686823200,696
1686824100,684
1686825000,674
1686825900,569
1686826800,196
1686827700,213
1686828600,190
1686829500,195
1686830400,156
1686831300,173
1686832200,176
1686833100,255
1686834000,246
1686834900,266
1686835800,240
1686836700,237
1686837600,221
1686838500,229
1686839400,256
1686840300,323
1686841200,890
1686842100,1128
1686843000,787
1686843900,424
1686844800,487
1686845700,386
1686846600,921
1686847500,563
1686848400,560
1686849300,879
1686850200,1900
1686851100,1034
1686852000,937
1686852900,1004
1686853800,885
1686854700,825
1686855600,635
1686856500,329
1686857400,286
1686858300,295
1686859200,306
1686860100,210
1686861000,121
1686861900,104
1686862800,148
1686863700,111
1686864600,125
1686865500,113
1686866400,121
1686867300,114
1686868200,147
1686869100,103
1686870000,116
1686870900,112
1686871800,124
1686872700,137
1686873600,134
1686874500,115
1686875400,106
1686876300,118
1686877200,105
1686878100,157
1686879000,118
1686879900,118
1686880800,103
1686881700,127
1686882600,124
1686883500,318
1686884400,131
1686885300,161
1686886200,153
1686887100,148
1686888000,217
1686888900,582
1686889800,217
1686890700,197
1686891600,273
1686892500,142
1686893400,145
1686894300,111
1686895200,116
1686896100,102
1686897000,120
1686897900,122
1686898800,166
1686899700,118
1686900600,89
1686901500,121
1686902400,104
1686903300,146
1686904200,127
1686905100,127
1686906000,132
1686906900,114
1686907800,233
1686908700,136
1686909600,131
1686910500,113
1686911400,181
1686912300,558
1686913200,343
1686914100,293
1686915000,320
1686915900,638
1686916800,157
1686917700,152
1686918600,162
1686919500,150
1686920400,127
1686921300,136
1686922200,142
1686923100,170
1686924000,181
1686924900,222
1686925800,190
1686926700,207
1686927600,261
1686928500,285
1686929400,296
1686930300,245
1686931200,274
1686932100,247
1686933000,315
1686933900,311
1686934800,290
1686935700,707
1686936600,757
1686937500,783
1686938400,903
1686939300,714
1686940200,951
1686941100,526
1686942000,369
1686942900,457
1686943800,777
1686944700,279
1686945600,156
1686946500,112
1686947400,118
1686948300,114
1686949200,150
1686950100,113
1686951000,161
1686951900,115
1686952800,116
1686953700,128
1686954600,127
1686955500,125
1686956400,92
1686957300,134
1686958200,107
1686959100,145
1686960000,122
1686960900,109
1686961800,118
1686962700,101
1686963600,114
1686964500,131
1686965400,119
1686966300,89
1686967200,112
1686968100,94
1686969000,126
1686969900,224
1686970800,162
1686971700,119
1686972600,115
1686973500,114
1686974400,426
1686975300,606
1686976200,556
1686977100,643
1686978000,630
1686978900,275
1686979800,159
1686980700,191
1686981600,120
1686982500,85
1686983400,108
1686984300,108
1686985200,138
1686986100,97
1686987000,98
1686987900,125
1686988800,103
1686989700,120
1686990600,120
1686991500,131
1686992400,117
1686993300,118
1686994200,100
1686995100,111
1686996000,111
1686996900,108
1686997800,130
1686998700,124
1686999600,165
1687000500,173
1687001400,207
1687002300,157
1687003200,165
1687004100,184
1687005000,184
1687005900,195
1687006800,164
1687007700,171
1687008600,173
1687009500,179
1687010400,205
1687011300,183
1687012200,186
1687013100,223
1687014000,248
1687014900,275
1687015800,296
1687016700,239
1687017600,476
1687018500,1048
1687019400,963
1687020300,764
1687021200,326
1687022100,279
1687023000,252
1687023900,312
1687024800,307
1687025700,303
1687026600,227
1687027500,246
1687028400,238
1687029300,286
1687030200,307
1687031100,377
1687032000,318
1687032900,218
1687033800,247
1687034700,209
1687035600,246
1687036500,204
1687037400,144
1687038300,147
1687039200,99
1687040100,142
1687041000,149
1687041900,125
1687042800,98
1687043700,116
1687044600,101
1687045500,140
1687046400,136
1687047300,126
1687048200,115
1687049100,108
1687050000,117
1687050900,132
1687051800,125
1687052700,110
1687053600,123
1687054500,111
1687055400,119
1687056300,230
1687057200,178
1687058100,130
1687059000,110
1687059900,133
1687060800,358
1687061700,138
1687062600,94
1687063500,159
1687064400,95
1687065300,149
1687066200,184
1687067100,111
1687068000,104
1687068900,91
1687069800,100
1687070700,103
1687071600,141
1687072500,102
1687073400,321
1687074300,616
1687075200,405
1687076100,380
1687077000,150
1687077900,603
1687078800,330
1687079700,108
1687080600,187
1687081500,572
1687082400,359
1687083300,489
1687084200,126
1687085100,120
1687086000,144
1687086900,132
1687087800,119
1687088700,106
1687089600,151
1687090500,122
1687091400,210
1687092300,441
1687093200,631
1687094100,657
1687095000,406
1687095900,204
1687096800,239
1687097700,471
1687098600,625
1687099500,718
1687100400,500
1687101300,318
1687102200,309
1687103100,223
1687104000,212
1687104900,225
1687105800,391
1687106700,765
1687107600,758
1687108500,763
1687109400,787
1687110300,583
1687111200,503
1687112100,856
1687113000,757
1687113900,783
1687114800,773
1687115700,576
1687116600,416
1687117500,766
1687118400,505
1687119300,267
1687120200,349
1687121100,737
1687122000,156
1687122900,152
1687123800,141
1687124700,158
1687125600,170
1687126500,169
1687127400,153
1687128300,143
1687129200,147
1687130100,136
1687131000,180
1687131900,160
1687132800,161
1687133700,137
1687134600,146
1687135500,160
1687136400,164
1687137300,161
1687138200,130
1687139100,170
1687140000,133
1687140900,160
1687141800,149
1687142700,289
1687143600,143
1687144500,144
1687145400,154
1687146300,204
1687147200,469
1687148100,188
1687149000,175
1687149900,174
1687150800,140
1687151700,137
1687152600,484
1687153500,91
1687154400,86
1687155300,109
1687156200,619
1687157100,176
1687158000,77
1687158900,71
1687159800,49
1687160700,84
1687161600,102
1687162500,101
1687163400,103
1687164300,483
1687165200,159
1687166100,168
1687167000,224
1687167900,668
1687168800,137
1687169700,145
1687170600,219
1687171500,286
1687172400,146
1687173300,132
1687174200,135
1687175100,152
1687176000,158
1687176900,155
1687177800,126
1687178700,154
1687179600,140
1687180500,145
1687181400,175
1687182300,206
1687183200,197
1687184100,218
1687185000,226
1687185900,504
1687186800,337
1687187700,733
1687188600,394
1687189500,364
1687190400,465
1687191300,758
1687192200,209
1687193100,181
1687194000,183
1687194900,178
1687195800,216
1687196700,209
1687197600,179
1687198500,211
1687199400,246
1687200300,283
1687201200,359
1687202100,332
1687203000,319
1687203900,282
1687204800,250
1687205700,284
1687206600,211
1687207500,73
1687208400,84
1687209300,71
1687210200,94
1687211100,94
1687212000,92
1687212900,69
1687213800,77
1687214700,86
1687215600,90
1687216500,104
1687217400,68
1687218300,78
1687219200,66
1687220100,86
1687221000,99
1687221900,92
1687222800,91
1687223700,81
1687224600,98
1687225500,105
1687226400,134
1687227300,78
1687228200,98
1687229100,77
1687230000,98
1687230900,108
1687231800,123
1687232700,102
1687233600,119
1687234500,91
1687235400,88
1687236300,173
1687237200,156
1687238100,172
1687239000,563
1687239900,537
1687240800,537
1687241700,363
1687242600,391
1687243500,181
1687244400,568
1687245300,422
1687246200,202
1687247100,141
1687248000,180
1687248900,186
1687249800,321
1687250700,268
1687251600,276
1687252500,289
1687253400,296
1687254300,306
1687255200,418
1687256100,388
1687257000,331
1687257900,392
1687258800,442
1687259700,437
1687260600,431
1687261500,472
1687262400,449
1687263300,450
1687264200,461
1687265100,423
1687266000,463
1687266900,475
1687267800,437
1687268700,483
1687269600,551
1687270500,417
1687271400,473
1687272300,397
1687273200,403
1687274100,418
1687275000,416
1687275900,478
1687276800,313
1687277700,260
1687278600,275
1687279500,249
1687280400,272
1687281300,269
1687282200,252
1687283100,247
1687284000,316
1687284900,471
1687285800,237
1687286700,245
1687287600,231
1687288500,237
1687289400,269
1687290300,251
1687291200,301
1687292100,290
1687293000,261
1687293900,156
1687294800,66
1687295700,85
1687296600,109
1687297500,144
1687298400,111
1687299300,90
1687300200,112
1687301100,98
1687302000,138
1687302900,93
1687303800,99
1687304700,112
1687305600,94
1687306500,128
1687307400,111
1687308300,92
1687309200,107
1687310100,85
1687311000,123
1687311900,118
1687312800,112
1687313700,101
1687314600,79
1687315500,114
1687316400,89
1687317300,138
1687318200,106
1687319100,104
1687320000,137
1687320900,912
1687321800,1059
1687322700,729
1687323600,627
1687324500,653
1687325400,612
1687326300,167
1687327200,234
1687328100,254
1687329000,521
1687329900,1170
1687330800,1168
1687331700,1272
1687332600,1242
1687333500,916
1687334400,611
1687335300,669
1687336200,581
1687337100,547
1687338000,781
1687338900,1070
1687339800,885
1687340700,435
1687341600,695
1687342500,1221
1687343400,790
1687344300,745
1687345200,687
1687346100,647
1687347000,250
1687347900,222
1687348800,250
1687349700,318
1687350600,364
1687351500,620
1687352400,578
1687353300,571
1687354200,176
1687355100,125
1687356000,126
1687356900,120
1687357800,139
1687358700,141
1687359600,120
1687360500,122
1687361400,110
1687362300,138
1687363200,141
1687364100,273
1687365000,410
1687365900,582
1687366800,957
1687367700,575
1687368600,994
1687369500,443
1687370400,772
1687371300,399
1687372200,820
1687373100,873
1687374000,979
1687374900,908
1687375800,920
1687376700,687
1687377600,326
1687378500,318
1687379400,322
1687380300,222
1687381200,102
1687382100,107
1687383000,116
1687383900,124
1687384800,134
1687385700,110
1687386600,113
1687387500,115
1687388400,101
1687389300,147
1687390200,110
1687391100,104
1687392000,119
1687392900,111
1687393800,131
1687394700,133
1687395600,105
1687396500,116
1687397400,96
1687398300,116
1687399200,137
1687400100,132
1687401000,125
1687401900,99
1687402800,115
1687403700,106
1687404600,128
1687405500,201
1687406400,448
1687407300,104
1687408200,93
1687409100,124
1687410000,196
1687410900,606
1687411800,356
1687412700,153
1687413600,400
1687414500,534
1687415400,141
1687416300,154
1687417200,123
1687418100,128
1687419000,148
1687419900,142
1687420800,148
1687421700,83
1687422600,71
1687423500,96
1687424400,77
1687425300,132
1687426200,154
1687427100,98
1687428000,137
1687428900,114
1687429800,118
1687430700,141
1687431600,117
1687432500,129
1687433400,110
1687434300,106
1687435200,139
1687436100,157
1687437000,178
1687437900,201
1687438800,238
1687439700,199
1687440600,255
1687441500,311
1687442400,258
1687443300,221
1687444200,214
1687445100,231
1687446000,280
1687446900,374
1687447800,313
1687448700,292
1687449600,281
1687450500,301
1687451400,322
1687452300,325
1687453200,282
1687454100,468
1687455000,721
1687455900,331
1687456800,333
1687457700,334
1687458600,319
1687459500,315
1687460400,354
1687461300,276
1687462200,281
1687463100,219
1687464000,175
1687464900,197
1687465800,227
1687466700,147
1687467600,152
1687468500,136
1687469400,124
1687470300,132
1687471200,127
1687472100,162
1687473000,142
1687473900,128
1687474800,126
1687475700,131
1687476600,130
1687477500,152
1687478400,148
1687479300,137
1687480200,136
1687481100,124
1687482000,137
1687482900,149
1687483800,147
1687484700,120
1687485600,138
1687486500,127
1687487400,163
1687488300,272
1687489200,185
1687490100,120
1687491000,143
1687491900,140
1687492800,468
1687493700,761
1687494600,711
1687495500,493
1687496400,175
1687497300,162
1687498200,1008
1687499100,1188
1687500000,936
1687500900,648
1687501800,705
1687502700,394
1687503600,252
1687504500,311
1687505400,215
1687506300,232
1687507200,232
1687508100,258
1687509000,251
1687509900,244
1687510800,243
1687511700,283
1687512600,271
1687513500,233
1687514400,281
1687515300,962
1687516200,1369
1687517100,1244
1687518000,905
1687518900,303
1687519800,515
1687520700,630
1687521600,256
1687522500,252
1687523400,272
1687524300,282
1687525200,298
1687526100,261
1687527000,281
1687527900,389
1687528800,321
1687529700,285
1687530600,337
1687531500,339
1687532400,357
1687533300,336
1687534200,354
1687535100,374
1687536000,449
1687536900,594
1687537800,470
1687538700,1006
1687539600,1186
1687540500,945
1687541400,936
1687542300,920
1687543200,501
1687544100,561
1687545000,423
1687545900,350
1687546800,338
1687547700,306
1687548600,334
1687549500,228
1687550400,223
1687551300,208
1687552200,184
1687553100,144
1687554000,136
1687554900,134
1687555800,149
1687556700,167
1687557600,143
1687558500,143
1687559400,135
1687560300,135
1687561200,151
1687562100,162
1687563000,177
1687563900,173
1687564800,148
1687565700,171
1687566600,159
1687567500,158
1687568400,133
1687569300,141
1687570200,160
1687571100,187
1687572000,166
1687572900,173
1687573800,139
1687574700,298
1687575600,487
1687576500,372
1687577400,404
1687578300,163
1687579200,860
1687580100,1097
1687581000,1088
1687581900,848
1687582800,716
1687583700,621
1687584600,191
1687585500,580
1687586400,673
1687587300,732
1687588200,762
1687589100,698
1687590000,507
1687590900,233
1687591800,256
1687592700,239
1687593600,257
1687594500,225
1687595400,236
1687596300,221
1687597200,242
1687598100,245
1687599000,272
1687599900,246
1687600800,264
1687601700,250
1687602600,255
1687603500,858
1687604400,876
1687605300,335
1687606200,272
1687607100,485
1687608000,1024
1687608900,916
1687609800,771
1687610700,733
1687611600,756
1687612500,714
1687613400,751
1687614300,710
1687615200,440
1687616100,236
1687617000,246
1687617900,383
1687618800,785
1687619700,615
1687620600,428
1687621500,689
1687622400,761
1687623300,522
1687624200,871
1687625100,902
1687626000,888
1687626900,814
1687627800,1643
1687628700,636
1687629600,506
1687630500,525
1687631400,525
1687632300,464
1687633200,397
1687634100,340
1687635000,391
1687635900,329
1687636800,222
1687637700,124
1687638600,96
1687639500,91
1687640400,112
1687641300,114
1687642200,85
1687643100,104
1687644000,109
1687644900,107
1687645800,117
1687646700,92
1687647600,102
1687648500,81
1687649400,175
1687650300,104
1687651200,147
1687652100,99
1687653000,109
1687653900,93
1687654800,102
1687655700,129
1687656600,132
1687657500,105
1687658400,93
1687659300,105
1687660200,93
1687661100,182
1687662000,152
1687662900,248
1687663800,124
1687664700,104
1687665600,375
1687666500,449
1687667400,251
1687668300,201
1687669200,239
1687670100,411
1687671000,495
1687671900,354
1687672800,139
1687673700,371
1687674600,515
1687675500,172
1687676400,160
1687677300,183
1687678200,199
1687679100,200
1687680000,257
1687680900,905
1687681800,931
1687682700,920
1687683600,843
1687684500,375
1687685400,373
1687686300,385
1687687200,436
1687688100,395
1687689000,393
1687689900,399
1687690800,390
1687691700,363
1687692600,390
1687693500,397
1687694400,381
1687695300,317
1687696200,291
1687697100,304
1687698000,321
1687698900,319
1687699800,295
1687700700,315
1687701600,326
1687702500,332
1687703400,358
1687704300,331
1687705200,347
1687706100,383
1687707000,367
1687707900,436
1687708800,440
1687709700,395
1687710600,378
1687711500,365
1687712400,391
1687713300,432
1687714200,433
1687715100,389
1687716000,398
1687716900,412
1687717800,393
1687718700,413
1687719600,391
1687720500,414
1687721400,336
1687722300,296
1687723200,272
1687724100,171
1687725000,145
1687725900,134
1687726800,147
1687727700,143
1687728600,151
1687729500,153
1687730400,127
1687731300,129
1687732200,139
1687733100,136
1687734000,179
1687734900,143
1687735800,186
1687736700,166
1687737600,142
1687738500,177
1687739400,167
1687740300,147
1687741200,159
1687742100,148
1687743000,193
1687743900,199
1687744800,173
1687745700,162
1687746600,137
1687747500,307
1687748400,162
1687749300,204
1687750200,179
1687751100,170
1687752000,438
1687752900,1025
1687753800,1054
1687754700,743
1687755600,694
1687756500,1078
1687757400,445
1687758300,474
1687759200,427
1687760100,826
1687761000,782
1687761900,814
1687762800,756
1687763700,501
1687764600,297
1687765500,512
1687766400,963
1687767300,742
1687768200,316
1687769100,291
1687770000,336
1687770900,509
1687771800,681
1687772700,295
1687773600,280
1687774500,379
1687775400,1021
1687776300,807
1687777200,836
1687778100,797
1687779000,666
1687779900,375
1687780800,306
1687781700,300
1687782600,272
1687783500,279
1687784400,273
1687785300,288
1687786200,274
1687787100,291
1687788000,267
1687788900,287
1687789800,480
1687790700,324
1687791600,332
1687792500,377
1687793400,310
1687794300,358
1687795200,622
1687796100,766
1687797000,783
1687797900,662
1687798800,425
1687799700,997
1687800600,1238
1687801500,1013
1687802400,804
1687803300,838
1687804200,576
1687805100,618
1687806000,573
1687806900,491
1687807800,280
1687808700,600
1687809600,637
1687810500,259
1687811400,198
1687812300,138
1687813200,91
1687814100,101
1687815000,105
1687815900,117
1687816800,102
1687817700,92
1687818600,93
1687819500,94
1687820400,120
1687821300,97
1687822200,86
1687823100,135
1687824000,140
1687824900,105
1687825800,108
1687826700,91
1687827600,89
1687828500,84
1687829400,97
1687830300,113
1687831200,116
1687832100,82
1687833000,81
1687833900,97
1687834800,77
1687835700,129
1687836600,93
1687837500,133
1687838400,133
1687839300,89
1687840200,102
1687841100,111
1687842000,110
1687842900,110
1687843800,113
1687844700,518
1687845600,336
1687846500,167
1687847400,168
1687848300,184
1687849200,229
1687850100,230
1687851000,275
1687851900,243
1687852800,220
1687853700,235
1687854600,420
1687855500,511
1687856400,445
1687857300,226
1687858200,642
1687859100,463
1687860000,222
1687860900,207
1687861800,220
1687862700,250
1687863600,195
1687864500,203
1687865400,187
1687866300,233
1687867200,205
1687868100,231
1687869000,219
1687869900,240
1687870800,468
1687871700,667
1687872600,550
1687873500,404
1687874400,561
1687875300,453
1687876200,445
1687877100,318
1687878000,453
1687878900,288
1687879800,261
1687880700,342
1687881600,250
1687882500,271
1687883400,295
1687884300,788
1687885200,333
1687886100,412
1687887000,251
1687887900,845
1687888800,368
1687889700,290
1687890600,259
1687891500,256
1687892400,717
1687893300,608
1687894200,591
1687895100,528
1687896000,459
1687896900,279
1687897800,246
1687898700,221
1687899600,155
1687900500,129
1687901400,92
1687902300,110
1687903200,99
1687904100,125
1687905000,140
1687905900,110
1687906800,104
1687907700,89
1687908600,102
1687909500,111
1687910400,130
1687911300,130
1687912200,90
1687913100,110
1687914000,89
1687914900,114
1687915800,116
1687916700,136
1687917600,109
1687918500,98
1687919400,104
1687920300,95
1687921200,110
1687922100,136
1687923000,123
1687923900,138
1687924800,135
1687925700,483
1687926600,235
1687927500,231
1687928400,250
1687929300,221
1687930200,206
1687931100,183
1687932000,208
1687932900,573
1687933800,324
1687934700,355
1687935600,297
1687936500,305
1687937400,279
1687938300,311
1687939200,292
1687940100,572
1687941000,1136
1687941900,756
1687942800,416
1687943700,486
1687944600,1027
1687945500,744
1687946400,285
1687947300,338
1687948200,320
1687949100,335
1687950000,305
1687950900,324
1687951800,320
1687952700,289
1687953600,236
1687954500,226
1687955400,242
1687956300,266
1687957200,275
1687958100,238
1687959000,227
1687959900,296
1687960800,597
1687961700,437
1687962600,487
1687963500,272
1687964400,645
1687965300,496
1687966200,241
1687967100,232
1687968000,252
1687968900,252
1687969800,243
1687970700,246
1687971600,290
1687972500,259
1687973400,256
1687974300,342
1687975200,260
1687976100,265
1687977000,252
1687977900,281
1687978800,265
1687979700,264
1687980600,260
1687981500,196
1687982400,163
1687983300,156
1687984200,163
1687985100,150
1687986000,170
1687986900,139
1687987800,123
1687988700,128
1687989600,116
1687990500,125
1687991400,119
1687992300,153
1687993200,110
1687994100,117
1687995000,123
1687995900,121
1687996800,122
1687997700,139
1687998600,133
1687999500,121
1688000400,105
1688001300,127
1688002200,112
1688003100,143
1688004000,137
1688004900,125
1688005800,118
1688006700,123
1688007600,130
1688008500,116
1688009400,162
1688010300,180
1688011200,419
1688012100,698
1688013000,1050
1688013900,614
1688014800,179
1688015700,217
1688016600,204
1688017500,584
1688018400,385
1688019300,713
1688020200,620
1688021100,1158
1688022000,691
1688022900,594
1688023800,385
1688024700,134
1688025600,109
1688026500,138
1688027400,140
1688028300,145
1688029200,127
1688030100,119
1688031000,120
1688031900,207
1688032800,146
1688033700,139
1688034600,109
1688035500,149
1688036400,105
1688037300,114
1688038200,103
1688039100,137
1688040000,292
1688040900,155
1688041800,233
1688042700,187
1688043600,177
1688044500,190
1688045400,192
1688046300,312
1688047200,352
1688048100,561
1688049000,1092
1688049900,788
1688050800,580
1688051700,350
1688052600,260
1688053500,1025
1688054400,1027
1688055300,1102
1688056200,1056
1688057100,1067
1688058000,996
1688058900,875
1688059800,541
1688060700,823
1688061600,1108
1688062500,813
1688063400,571
1688064300,258
1688065200,280
1688066100,272
1688067000,295
1688067900,308
1688068800,201
1688069700,110
1688070600,129
1688071500,96
1688072400,88
1688073300,122
1688074200,99
1688075100,92
1688076000,79
1688076900,88
1688077800,90
1688078700,97
1688079600,122
1688080500,87
1688081400,88
1688082300,85
1688083200,82
1688084100,89
1688085000,108
1688085900,125
1688086800,72
1688087700,94
1688088600,77
1688089500,87
1688090400,98
1688091300,110
1688092200,106
1688093100,222
1688094000,134
1688094900,94
1688095800,82
1688096700,152
1688097600,532
1688098500,998
1688099400,762
1688100300,695
1688101200,605
1688102100,638
1688103000,614
1688103900,623
1688104800,541
1688105700,355
1688106600,199
1688107500,179
1688108400,186
1688109300,570
1688110200,1015
1688111100,721
1688112000,648
1688112900,598
1688113800,516
1688114700,246
1688115600,227
1688116500,172
1688117400,182
1688118300,212
1688119200,421
1688120100,406
1688121000,951
1688121900,410
1688122800,446
1688123700,314
1688124600,173
1688125500,230
1688126400,206
1688127300,194
1688128200,191
1688129100,178
1688130000,185
1688130900,190
1688131800,424
1688132700,295
1688133600,228
1688134500,242
1688135400,230
1688136300,598
1688137200,439
1688138100,313
1688139000,582
1688139900,788
1688140800,846
1688141700,771
1688142600,802
1688143500,790
1688144400,635
1688145300,497
1688146200,309
1688147100,446
1688148000,323
1688148900,261
1688149800,227
1688150700,248
1688151600,246
1688152500,258
1688153400,262
1688154300,254
1688155200,196
1688156100,202
1688157000,248
1688157900,214
1688158800,262
1688159700,254
1688160600,221
1688161500,234
1688162400,166
1688163300,119
1688164200,126
1688165100,161
1688166000,110
1688166900,118
1688167800,114
1688168700,123
1688169600,110
1688170500,154
1688171400,147
1688172300,111
1688173200,117
1688174100,106
1688175000,118
1688175900,122
1688176800,142
1688177700,132
1688178600,115
1688179500,122
1688180400,107
1688181300,279
1688182200,133
1688183100,147
1688184000,255
1688184900,495
1688185800,1022
1688186700,319
1688187600,426
1688188500,225
1688189400,686
1688190300,519
1688191200,506
1688192100,356
1688193000,598
1688193900,580
1688194800,541
1688195700,455
1688196600,309
1688197500,198
1688198400,198
1688199300,279
1688200200,392
1688201100,330
1688202000,333
1688202900,327
1688203800,331
1688204700,340
1688205600,372
1688206500,726
1688207400,912
1688208300,548
1688209200,337
1688210100,160
1688211000,287
1688211900,248
1688212800,173
1688213700,191
1688214600,236
1688215500,616
1688216400,337
1688217300,361
1688218200,312
1688219100,685
1688220000,178
1688220900,182
1688221800,181
1688222700,216
1688223600,377
1688224500,1083
1688225400,972
1688226300,774
1688227200,714
1688228100,657
1688229000,611
1688229900,381
1688230800,327
1688231700,692
1688232600,664
1688233500,761
1688234400,625
1688235300,278
1688236200,285
1688237100,267
1688238000,431
1688238900,484
1688239800,667
1688240700,531
1688241600,261
1688242500,353
1688243400,508
1688244300,112
1688245200,106
1688246100,100
1688247000,96
1688247900,75
1688248800,87
1688249700,88
1688250600,115
1688251500,94
1688252400,89
1688253300,95
1688254200,73
1688255100,96
1688256000,108
1688256900,98
1688257800,87
1688258700,83
1688259600,98
1688260500,76
1688261400,137
1688262300,109
1688263200,88
1688264100,96
1688265000,96
1688265900,289
1688266800,135
1688267700,116
1688268600,101
1688269500,83
1688270400,437
1688271300,388
1688272200,132
1688273100,145
1688274000,93
1688274900,157
1688275800,180
1688276700,548
1688277600,612
1688278500,679
1688279400,570
1688280300,203
1688281200,198
1688282100,181
1688283000,191
1688283900,306
1688284800,646
1688285700,450
1688286600,190
1688287500,195
1688288400,382
1688289300,833
1688290200,863
1688291100,542
1688292000,795
1688292900,194
1688293800,173
1688294700,184
1688295600,198
1688296500,174
1688297400,208
1688298300,168
1688299200,163
1688300100,185
1688301000,233
1688301900,609
1688302800,655
1688303700,359
1688304600,384
1688305500,318
1688306400,767
1688307300,237
1688308200,244
1688309100,240
1688310000,241
1688310900,225
1688311800,239
1688312700,275
1688313600,264
1688314500,302
1688315400,305
1688316300,270
1688317200,438
1688318100,745
1688319000,595
1688319900,339
1688320800,316
1688321700,371
1688322600,356
1688323500,390
1688324400,360
1688325300,329
1688326200,334
1688327100,308
1688328000,200
1688328900,143
1688329800,134
1688330700,103
1688331600,109
1688332500,104
1688333400,91
1688334300,120
1688335200,125
1688336100,112
1688337000,98
1688337900,91
1688338800,102
1688339700,92
1688340600,135
1688341500,113
1688342400,101
1688343300,99
1688344200,88
1688345100,98
1688346000,121
1688346900,122
1688347800,112
1688348700,83
1688349600,103
1688350500,93
1688351400,118
1688352300,127
1688353200,109
1688354100,105
1688355000,101
1688355900,118
1688356800,729
1688357700,754
1688358600,779
1688359500,651
1688360400,606
1688361300,573
1688362200,723
1688363100,1393
1688364000,1442
1688364900,960
1688365800,773
1688366700,833
1688367600,1253
1688368500,383
1688369400,124
1688370300,90
1688371200,98
1688372100,143
1688373000,270
1688373900,234
1688374800,837
1688375700,481
1688376600,484
1688377500,321
1688378400,164
1688379300,150
1688380200,182
1688381100,234
1688382000,153
1688382900,157
1688383800,150
1688384700,158
1688385600,181
1688386500,170
1688387400,157
1688388300,146
1688389200,197
1688390100,197
1688391000,190
1688391900,273
1688392800,261
1688393700,261
1688394600,235
1688395500,278
1688396400,288
1688397300,249
1688398200,270
1688399100,229
1688400000,235
1688400900,220
1688401800,209
1688402700,237
1688403600,264
1688404500,252
1688405400,488
1688406300,689
1688407200,719
1688408100,1005
1688409000,645
1688409900,287
1688410800,299
1688411700,334
1688412600,534
1688413500,372
1688414400,347
1688415300,317
1688416200,308
1688417100,289
1688418000,310
1688418900,285
1688419800,304
1688420700,319
1688421600,301
1688422500,305
1688423400,301
1688424300,290
1688425200,298
1688426100,270
1688427000,130
1688427900,90
1688428800,107
1688429700,111
1688430600,89
1688431500,125
1688432400,121
1688433300,101
1688434200,101
1688435100,101
1688436000,117
1688436900,91
1688437800,132
1688438700,94
1688439600,105
1688440500,94
1688441400,98
1688442300,139
1688443200,156
1688444100,119
1688445000,100
1688445900,87
1688446800,129
1688447700,287
1688448600,217
1688449500,248
1688450400,143
1688451300,129
1688452200,200
1688453100,216
1688454000,255
1688454900,239
1688455800,223
1688456700,294
1688457600,1002
1688458500,1167
1688459400,1111
1688460300,997
1688461200,576
1688462100,248
1688463000,249
1688463900,443
1688464800,430
1688465700,580
1688466600,1158
1688467500,896
1688468400,1121
1688469300,1078
1688470200,764
1688471100,569
1688472000,895
1688472900,402
1688473800,581
1688474700,348
1688475600,659
1688476500,1188
1688477400,1202
1688478300,602
1688479200,767
1688480100,980
1688481000,751
1688481900,407
1688482800,445
1688483700,363
1688484600,517
1688485500,786
1688486400,802
1688487300,695
1688488200,1159
1688489100,879
1688490000,870
1688490900,873
1688491800,864
1688492700,792
1688493600,904
1688494500,400
1688495400,418
1688496300,575
1688497200,371
1688498100,343
1688499000,406
1688499900,426
1688500800,453
1688501700,724
1688502600,513
1688503500,280
1688504400,274
1688505300,641
1688506200,122
1688507100,101
1688508000,108
1688508900,96
1688509800,98
1688510700,113
1688511600,122
1688512500,96
1688513400,88
1688514300,110
1688515200,90
1688516100,95
1688517000,134
1688517900,101
1688518800,109
1688519700,103
1688520600,106
1688521500,89
1688522400,119
1688523300,122
1688524200,87
1688525100,106
1688526000,96
1688526900,99
1688527800,109
1688528700,141
1688529600,157
1688530500,162
1688531400,773
1688532300,1049
1688533200,690
1688534100,649
1688535000,638
1688535900,531
1688536800,450
1688537700,219
1688538600,235
1688539500,208
1688540400,220
1688541300,229
1688542200,189
1688543100,204
1688544000,191
1688544900,206
1688545800,215
1688546700,184
1688547600,198
1688548500,213
1688549400,766
1688550300,381
1688551200,222
1688552100,133
1688553000,120
1688553900,147
1688554800,124
1688555700,119
1688556600,150
1688557500,141
1688558400,118
1688559300,124
1688560200,118
1688561100,118
1688562000,138
1688562900,156
1688563800,113
1688564700,147
1688565600,113
1688566500,123
1688567400,117
1688568300,161
1688569200,129
1688570100,120
1688571000,408
1688571900,974
1688572800,933
1688573700,487
1688574600,284
1688575500,221
1688576400,238
1688577300,304
1688578200,702
1688579100,675
1688580000,765
1688580900,693
1688581800,689
1688582700,359
1688583600,267
1688584500,627
1688585400,525
1688586300,574
1688587200,281
1688588100,809
1688589000,364
1688589900,283
1688590800,348
1688591700,308
1688592600,317
1688593500,287
1688594400,285
1688595300,273
1688596200,280
1688597100,141
1688598000,104
1688598900,95
1688599800,86
1688600700,107
1688601600,107
1688602500,133
1688603400,113
1688604300,109
1688605200,117
1688606100,105
1688607000,120
1688607900,130
1688608800,116
1688609700,107
1688610600,109
1688611500,131
1688612400,94
1688613300,140
1688614200,109
1688615100,209
1688616000,512
1688616900,120
1688617800,104
1688618700,147
1688619600,242
1688620500,97
1688621400,117
1688622300,98
1688623200,98
1688624100,172
1688625000,154
1688625900,157
1688626800,160
1688627700,159
1688628600,196
1688629500,209
1688630400,227
1688631300,181
1688632200,173
1688633100,179
1688634000,165
1688634900,194
1688635800,207
1688636700,206
1688637600,639
1688638500,947
1688639400,375
1688640300,203
1688641200,222
1688642100,190
1688643000,153
1688643900,174
1688644800,156
1688645700,637
1688646600,283
1688647500,326
1688648400,193
1688649300,700
1688650200,636
1688651100,249
1688652000,210
1688652900,260
1688653800,198
1688654700,562
1688655600,782
1688656500,809
1688657400,772
1688658300,849
1688659200,668
1688660100,710
1688661000,631
1688661900,439
1688662800,220
1688663700,999
1688664600,982
1688665500,772
1688666400,716
1688667300,586
1688668200,362
1688669100,306
1688670000,377
1688670900,299
1688671800,354
1688672700,349
1688673600,286
1688674500,268
1688675400,213
1688676300,133
1688677200,96
1688678100,91
1688679000,89
1688679900,89
1688680800,121
1688681700,112
1688682600,102
1688683500,84
1688684400,90
1688685300,90
1688686200,121
1688687100,117
1688688000,86
1688688900,90
1688689800,77
1688690700,73
1688691600,105
1688692500,104
1688693400,93
1688694300,73
1688695200,83
1688696100,81
1688697000,87
1688697900,272
1688698800,126
1688699700,95
1688700600,88
1688701500,132
1688702400,553
1688703300,556
1688704200,209
1688705100,239
1688706000,112
1688706900,84
1688707800,84
1688708700,139
1688709600,89
1688710500,73
1688711400,84
1688712300,108
1688713200,166
1688714100,146
1688715000,178
1688715900,136
1688716800,146
1688717700,131
1688718600,168
1688719500,158
1688720400,219
1688721300,691
1688722200,293
1688723100,278
1688724000,231
1688724900,711
1688725800,399
1688726700,370
1688727600,485
1688728500,162
1688729400,404
1688730300,320
1688731200,173
1688732100,138
1688733000,156
1688733900,130
1688734800,126
1688735700,165
1688736600,168
1688737500,158
1688738400,171
1688739300,737
1688740200,404
1688741100,454
1688742000,891
1688742900,1070
1688743800,635
1688744700,572
1688745600,496
1688746500,431
1688747400,377
1688748300,266
1688749200,251
1688750100,244
1688751000,215
1688751900,232
1688752800,273
1688753700,270
1688754600,242
1688755500,290
1688756400,251
1688757300,270
1688758200,287
1688759100,283
1688760000,299
1688760900,196
1688761800,206
1688762700,194
1688763600,234
1688764500,255
1688765400,213
1688766300,205
1688767200,171
1688768100,370
1688769000,141
1688769900,143
1688770800,137
1688771700,101
1688772600,100
1688773500,82
1688774400,97
1688775300,115
1688776200,115
1688777100,106
1688778000,87
1688778900,80
1688779800,73
1688780700,89
1688781600,121
1688782500,83
1688783400,100
1688784300,95
1688785200,136
1688786100,206
1688787000,118
1688787900,124
1688788800,453
1688789700,684
1688790600,766
1688791500,662
1688792400,705
1688793300,602
1688794200,524
1688795100,163
1688796000,103
1688796900,94
1688797800,115
1688798700,115
1688799600,89
1688800500,90
1688801400,83
1688802300,99
1688803200,101
1688804100,125
1688805000,116
1688805900,92
1688806800,94
1688807700,263
1688808600,847
1688809500,853
1688810400,408
1688811300,505
1688812200,747
1688813100,193
1688814000,285
1688814900,164
1688815800,154
1688816700,154
1688817600,161
1688818500,166
1688819400,248
1688820300,220
1688821200,264
1688822100,601
1688823000,403
1688823900,213
1688824800,532
1688825700,534
1688826600,207
1688827500,236
1688828400,243
1688829300,430
1688830200,275
1688831100,274
1688832000,271
1688832900,295
1688833800,285
1688834700,292
1688835600,313
1688836500,719
1688837400,1287
1688838300,911
1688839200,832
1688840100,853
1688841000,727
1688841900,731
1688842800,293
1688843700,318
1688844600,333
1688845500,339
1688846400,345
1688847300,328
1688848200,317
1688849100,271
1688850000,280
1688850900,252
1688851800,589
1688852700,295
1688853600,234
1688854500,263
1688855400,700
1688856300,122
1688857200,135
1688858100,121
1688859000,133
1688859900,151
1688860800,155
1688861700,130
1688862600,120
1688863500,129
1688864400,128
1688865300,144
1688866200,163
1688867100,133
1688868000,138
1688868900,116
1688869800,135
1688870700,316
1688871600,143
1688872500,145
1688873400,203
1688874300,168
1688875200,354
1688876100,384
1688877000,291
1688877900,216
1688878800,287
1688879700,358
1688880600,350
1688881500,313
1688882400,284
1688883300,288
1688884200,265
1688885100,283
1688886000,300
1688886900,273
1688887800,261
1688888700,245
1688889600,450
1688890500,1203
1688891400,1075
1688892300,753
1688893200,1021
1688894100,978
1688895000,525
1688895900,340
1688896800,131
1688897700,108
1688898600,86
1688899500,80
1688900400,104
1688901300,96
1688902200,97
1688903100,131
1688904000,136
1688904900,131
1688905800,154
1688906700,190
1688907600,173
1688908500,179
1688909400,211
1688910300,245
1688911200,348
1688912100,202
1688913000,207
1688913900,199
1688914800,303
1688915700,218
1688916600,227
1688917500,151
1688918400,122
1688919300,139
1688920200,147
1688921100,216
1688922000,185
1688922900,135
1688923800,151
1688924700,145
1688925600,192
1688926500,230
1688927400,212
1688928300,202
1688929200,201
1688930100,271
1688931000,326
1688931900,384
1688932800,355
1688933700,324
1688934600,310
1688935500,241
1688936400,205
1688937300,372
1688938200,431
1688939100,343
1688940000,154
1688940900,398
1688941800,525
1688942700,138
1688943600,106
1688944500,117
1688945400,106
1688946300,122
1688947200,161
1688948100,126
1688949000,124
1688949900,106
1688950800,124
1688951700,126
1688952600,145
1688953500,121
1688954400,119
1688955300,132
1688956200,114
1688957100,252
1688958000,184
1688958900,118
1688959800,131
1688960700,138
1688961600,244
1688962500,573
1688963400,193
1688964300,172
1688965200,142
1688966100,149
1688967000,160
1688967900,170
1688968800,185
1688969700,224
1688970600,273
1688971500,416
1688972400,907
1688973300,803
1688974200,742
1688975100,603
1688976000,259
1688976900,260
1688977800,301
1688978700,243
1688979600,215
1688980500,305
1688981400,856
1688982300,678
1688983200,281
1688984100,210
1688985000,190
1688985900,208
1688986800,183
1688987700,205
1688988600,208
1688989500,187
1688990400,192
1688991300,318
1688992200,950
1688993100,968
1688994000,777
1688994900,1071
1688995800,1120
1688996700,453
1688997600,522
1688998500,433
1688999400,353
1689000300,258
1689001200,297
1689002100,524
1689003000,796
1689003900,804
1689004800,461
1689005700,314
1689006600,268
1689007500,274
1689008400,504
1689009300,765
1689010200,696
1689011100,684
1689012000,234
1689012900,234
1689013800,275
1689014700,254
1689015600,265
1689016500,266
1689017400,276
1689018300,257
1689019200,286
1689020100,200
1689021000,192
1689021900,196
1689022800,239
1689023700,196
1689024600,204
1689025500,180
1689026400,167
1689027300,179
1689028200,116
1689029100,133
1689030000,125
1689030900,112
1689031800,109
1689032700,96
1689033600,116
1689034500,122
1689035400,121
1689036300,93
1689037200,115
1689038100,98
1689039000,125
1689039900,143
1689040800,110
1689041700,108
1689042600,98
1689043500,108
1689044400,119
1689045300,131
1689046200,104
1689047100,124
1689048000,150
1689048900,145
1689049800,186
1689050700,144
1689051600,141
1689052500,121
1689053400,258
1689054300,500
1689055200,972
1689056100,708
1689057000,700
1689057900,661
1689058800,422
1689059700,477
1689060600,703
1689061500,502
1689062400,210
1689063300,200
1689064200,299
1689065100,284
1689066000,612
1689066900,639
1689067800,1012
1689068700,694
1689069600,594
1689070500,217
1689071400,787
1689072300,366
1689073200,274
1689074100,224
1689075000,224
1689075900,231
1689076800,225
1689077700,266
1689078600,260
1689079500,258
1689080400,199
1689081300,196
1689082200,193
1689083100,623
1689084000,1171
1689084900,871
1689085800,784
1689086700,770
1689087600,356
1689088500,279
1689089400,255
1689090300,253
1689091200,237
1689092100,234
1689093000,303
1689093900,239
1689094800,258
1689095700,316
1689096600,229
1689097500,238
1689098400,248
1689099300,358
1689100200,370
1689101100,717
1689102000,436
1689102900,257
1689103800,604
1689104700,557
1689105600,218
1689106500,190
1689107400,197
1689108300,222
1689109200,214
1689110100,173
1689111000,211
1689111900,196
1689112800,206
1689113700,168
1689114600,110
1689115500,169
1689116400,106
1689117300,122
1689118200,121
1689119100,155
1689120000,177
1689120900,120
1689121800,122
1689122700,108
1689123600,140
1689124500,176
1689125400,126
1689126300,116
1689127200,125
1689128100,124
1689129000,129
1689129900,157
1689130800,136
1689131700,129
1689132600,108
1689133500,133
1689134400,208
1689135300,432
1689136200,209
1689137100,127
1689138000,232
1689138900,200
1689139800,290
1689140700,235
1689141600,122
1689142500,515
1689143400,574
1689144300,585
1689145200,369
1689146100,375
1689147000,443
1689147900,465
1689148800,449
1689149700,374
1689150600,353
1689151500,375
1689152400,354
1689153300,1049
1689154200,1221
1689155100,595
1689156000,366
1689156900,292
1689157800,889
1689158700,230
1689159600,185
1689160500,205
1689161400,183
1689162300,192
1689163200,182
1689164100,187
1689165000,214
1689165900,198
1689166800,177
1689167700,204
1689168600,197
1689169500,189
1689170400,220
1689171300,193
1689172200,194
1689173100,191
1689174000,181
1689174900,213
1689175800,205
1689176700,205
1689177600,504
1689178500,386
1689179400,436
1689180300,226
1689181200,936
1689182100,1078
1689183000,979
1689183900,751
1689184800,760
1689185700,561
1689186600,253
1689187500,335
1689188400,354
1689189300,298
1689190200,324
1689191100,293
1689192000,248
1689192900,261
1689193800,204
1689194700,218
1689195600,241
1689196500,229
1689197400,209
1689198300,172
1689199200,123
1689200100,122
1689201000,129
1689201900,105
1689202800,101
1689203700,96
1689204600,89
1689205500,135
1689206400,109
1689207300,108
1689208200,95
1689209100,101
1689210000,112
1689210900,123
1689211800,115
1689212700,106
1689213600,102
1689214500,102
1689215400,108
1689216300,124
1689217200,88
1689218100,104
1689219000,102
1689219900,132
1689220800,517
1689221700,994
1689222600,867
1689223500,690
1689224400,681
1689225300,703
1689226200,622
1689227100,572
1689228000,352
1689228900,189
1689229800,218
1689230700,218
1689231600,222
1689232500,242
1689233400,219
1689234300,212
1689235200,191
1689236100,226
1689237000,191
1689237900,200
1689238800,196
1689239700,196
1689240600,194
1689241500,208
1689242400,193
1689243300,542
1689244200,558
1689245100,734
1689246000,665
1689246900,246
1689247800,424
1689248700,626
1689249600,188
1689250500,212
1689251400,220
1689252300,176
1689253200,177
1689254100,164
1689255000,259
1689255900,216
1689256800,210
1689257700,300
1689258600,286
1689259500,198
1689260400,150
1689261300,183
1689262200,164
1689263100,138
1689264000,215
1689264900,207
1689265800,218
1689266700,223
1689267600,187
1689268500,212
1689269400,273
1689270300,255
1689271200,280
1689272100,452
1689273000,701
1689273900,283
1689274800,376
1689275700,395
1689276600,783
1689277500,496
1689278400,535
1689279300,393
1689280200,788
1689281100,263
1689282000,228
1689282900,137
1689283800,141
1689284700,127
1689285600,147
1689286500,175
1689287400,124
1689288300,142
1689289200,115
1689290100,137
1689291000,154
1689291900,143
1689292800,151
1689293700,111
1689294600,134
1689295500,124
1689296400,151
1689297300,132
1689298200,108
1689299100,129
1689300000,106
1689300900,137
1689301800,127
1689302700,217
1689303600,157
1689304500,92
1689305400,114
1689306300,173
1689307200,189
1689308100,532
1689309000,261
1689309900,254
1689310800,250
1689311700,234
1689312600,220
1689313500,286
1689314400,234
1689315300,245
1689316200,306
1689317100,273
1689318000,267
1689318900,308
1689319800,249
1689320700,632
1689321600,1139
1689322500,974
1689323400,560
1689324300,355
1689325200,343
1689326100,354
1689327000,351
1689327900,576
1689328800,320
1689329700,354
1689330600,340
1689331500,453
1689332400,321
1689333300,262
1689334200,274
1689335100,260
1689336000,303
1689336900,268
1689337800,266
1689338700,302
1689339600,410
1689340500,762
1689341400,400
1689342300,350
1689343200,425
1689344100,376
1689345000,408
1689345900,411
1689346800,403
1689347700,399
1689348600,806
1689349500,738
1689350400,1027
1689351300,831
1689352200,1160
1689353100,749
1689354000,837
1689354900,907
1689355800,1091
1689356700,858
1689357600,858
1689358500,882
1689359400,902
1689360300,922
1689361200,900
1689362100,813
1689363000,485
1689363900,450
1689364800,460
1689365700,229
1689366600,193
1689367500,183
1689368400,184
1689369300,172
1689370200,95
1689371100,93
1689372000,97
1689372900,84
1689373800,110
1689374700,96
1689375600,95
1689376500,77
1689377400,94
1689378300,96
1689379200,110
1689380100,99
1689381000,80
1689381900,87
1689382800,88
1689383700,94
1689384600,127
1689385500,80
1689386400,93
1689387300,81
1689388200,86
1689389100,283
1689390000,117
1689390900,100
1689391800,98
1689392700,112
1689393600,144
1689394500,686
1689395400,1037
1689396300,826
1689397200,392
1689398100,196
1689399000,278
1689399900,327
1689400800,240
1689401700,726
1689402600,411
1689403500,349
1689404400,450
1689405300,756
1689406200,1048
1689407100,682
1689408000,743
1689408900,464
1689409800,230
1689410700,210
1689411600,188
1689412500,196
1689413400,359
1689414300,974
1689415200,1415
1689416100,824
1689417000,683
1689417900,303
1689418800,318
1689419700,307
1689420600,403
1689421500,876
1689422400,822
1689423300,722
1689424200,685
1689425100,620
1689426000,574
1689426900,233
1689427800,194
1689428700,206
1689429600,163
1689430500,174
1689431400,286
1689432300,189
1689433200,237
1689434100,195
1689435000,232
1689435900,543
1689436800,426
1689437700,241
1689438600,241
1689439500,223
1689440400,247
1689441300,287
1689442200,288
1689443100,311
1689444000,780
1689444900,352
1689445800,407
1689446700,233
1689447600,754
1689448500,388
1689449400,258
1689450300,278
1689451200,239
1689452100,155
1689453000,151
1689453900,95
1689454800,85
1689455700,91
1689456600,93
1689457500,113
1689458400,113
1689459300,87
1689460200,96
1689461100,78
1689462000,99
1689462900,116
1689463800,114
1689464700,91
1689465600,87
1689466500,94
1689467400,100
1689468300,114
1689469200,89
1689470100,100
1689471000,108
1689471900,82
1689472800,126
1689473700,91
1689474600,89
1689475500,229
1689476400,111
1689477300,130
1689478200,131
1689479100,96
1689480000,132
1689480900,123
1689481800,182
1689482700,144
1689483600,88
1689484500,103
1689485400,99
1689486300,68
1689487200,88
1689488100,85
1689489000,72
1689489900,63
1689490800,81
1689491700,70
1689492600,89
1689493500,71
1689494400,58
1689495300,100
1689496200,109
1689497100,149
1689498000,348
1689498900,343
1689499800,549
1689500700,916
1689501600,399
1689502500,151
1689503400,99
1689504300,94
1689505200,97
1689506100,218
1689507000,531
1689507900,331
1689508800,117
1689509700,450
1689510600,455
1689511500,156
1689512400,154
1689513300,147
1689514200,144
1689515100,129
1689516000,143
1689516900,154
1689517800,157
1689518700,153
1689519600,153
1689520500,141
1689521400,189
1689522300,185
1689523200,223
1689524100,585
1689525000,234
1689525900,414
1689526800,369
1689527700,656
1689528600,305
1689529500,159
1689530400,184
1689531300,230
1689532200,216
1689533100,193
1689534000,198
1689534900,194
1689535800,272
1689536700,275
1689537600,258
1689538500,212
1689539400,210
1689540300,249
1689541200,226
1689542100,229
1689543000,141
1689543900,85
1689544800,96
1689545700,92
1689546600,122
1689547500,94
1689548400,94
1689549300,100
1689550200,85
1689551100,119
1689552000,100
1689552900,81
1689553800,96
1689554700,79
1689555600,121
1689556500,107
1689557400,91
1689558300,89
1689559200,82
1689560100,99
1689561000,109
1689561900,237
1689562800,142
1689563700,102
1689564600,101
1689565500,135
1689566400,149
1689567300,142
1689568200,196
1689569100,130
1689570000,89
1689570900,126
1689571800,122
1689572700,104
1689573600,134
1689574500,125
1689575400,172
1689576300,137
1689577200,93
1689578100,116
1689579000,88
1689579900,143
1689580800,144
1689581700,126
1689582600,132
1689583500,155
1689584400,503
1689585300,328
1689586200,480
1689587100,1397
1689588000,1429
1689588900,287
1689589800,218
1689590700,219
1689591600,252
1689592500,178
1689593400,190
1689594300,201
1689595200,224
1689596100,191
1689597000,223
1689597900,234
1689598800,233
1689599700,263
1689600600,172
1689601500,148
1689602400,124
1689603300,139
1689604200,138
1689605100,205
1689606000,141
1689606900,120
1689607800,139
1689608700,118
1689609600,173
1689610500,134
1689611400,134
1689612300,121
1689613200,115
1689614100,144
1689615000,149
1689615900,147
1689616800,142
1689617700,162
1689618600,150
1689619500,172
1689620400,184
1689621300,147
1689622200,178
1689623100,229
1689624000,228
1689624900,177
1689625800,174
1689626700,165
1689627600,188
1689628500,193
1689629400,239
1689630300,233
1689631200,225
1689632100,126
1689633000,88
1689633900,135
1689634800,76
1689635700,104
1689636600,95
1689637500,86
1689638400,106
1689639300,86
1689640200,80
1689641100,83
1689642000,105
1689642900,110
1689643800,131
1689644700,98
1689645600,83
1689646500,108
1689647400,85
1689648300,122
1689649200,103
1689650100,104
1689651000,104
1689651900,108
1689652800,138
1689653700,111
1689654600,85
1689655500,95
1689656400,232
1689657300,144
1689658200,147
1689659100,127
1689660000,94
1689660900,95
1689661800,100
1689662700,113
1689663600,137
1689664500,129
1689665400,155
1689666300,162
1689667200,200
1689668100,372
1689669000,602
1689669900,469
1689670800,257
1689671700,444
1689672600,735
1689673500,234
1689674400,654
1689675300,692
1689676200,493
1689677100,199
1689678000,220
1689678900,244
1689679800,208
1689680700,202
1689681600,199
1689682500,218
1689683400,232
1689684300,192
1689685200,212
1689686100,190
1689687000,351
1689687900,239
1689688800,197
1689689700,210
1689690600,215
1689691500,222
1689692400,272
1689693300,226
1689694200,258
1689695100,668
1689696000,344
1689696900,350
1689697800,414
1689698700,842
1689699600,689
1689700500,337
1689701400,309
1689702300,339
1689703200,324
1689704100,305
1689705000,632
1689705900,682
1689706800,497
1689707700,478
1689708600,390
1689709500,341
1689710400,296
1689711300,329
1689712200,319
1689713100,327
1689714000,308
1689714900,204
1689715800,160
1689716700,165
1689717600,136
1689718500,135
1689719400,114
1689720300,132
1689721200,161
1689722100,147
1689723000,141
1689723900,115
1689724800,137
1689725700,138
1689726600,153
1689727500,135
1689728400,111
1689729300,123
1689730200,112
1689731100,153
1689732000,155
1689732900,121
1689733800,130
1689734700,113
1689735600,132
1689736500,168
1689737400,139
1689738300,268
1689739200,266
1689740100,255
1689741000,138
1689741900,153
1689742800,138
1689743700,112
1689744600,128
1689745500,124
1689746400,163
1689747300,145
1689748200,127
1689749100,133
1689750000,133
1689750900,170
1689751800,202
1689752700,204
1689753600,221
1689754500,199
1689755400,587
1689756300,1112
1689757200,802
1689758100,1354
1689759000,1412
1689759900,817
1689760800,460
1689761700,374
1689762600,166
1689763500,177
1689764400,474
1689765300,577
1689766200,475
1689767100,237
1689768000,444
1689768900,596
1689769800,187
1689770700,223
1689771600,228
1689772500,227
1689773400,787
1689774300,1071
1689775200,806
1689776100,425
1689777000,260
1689777900,275
1689778800,280
1689779700,438
1689780600,563
1689781500,476
1689782400,226
1689783300,638
1689784200,429
1689785100,315
1689786000,887
1689786900,917
1689787800,727
1689788700,709
1689789600,639
1689790500,427
1689791400,302
1689792300,303
1689793200,274
1689794100,255
1689795000,277
1689795900,313
1689796800,213
1689797700,186
1689798600,108
1689799500,100
1689800400,132
1689801300,119
1689802200,117
1689803100,114
1689804000,101
1689804900,133
1689805800,118
1689806700,109
1689807600,117
1689808500,115
1689809400,125
1689810300,122
1689811200,139
1689812100,111
1689813000,117
1689813900,137
1689814800,106
1689815700,154
1689816600,110
1689817500,104
1689818400,106
1689819300,98
1689820200,140
1689821100,132
1689822000,101
1689822900,113
1689823800,94
1689824700,185
1689825600,605
1689826500,742
1689827400,593
1689828300,537
1689829200,251
1689830100,569
1689831000,558
1689831900,429
1689832800,485
1689833700,259
1689834600,630
1689835500,526
1689836400,201
1689837300,199
1689838200,218
1689839100,217
1689840000,213
1689840900,230
1689841800,485
1689842700,957
1689843600,696
1689844500,760
1689845400,1048
1689846300,729
1689847200,837
1689848100,668
1689849000,764
1689849900,711
1689850800,590
1689851700,643
1689852600,270
1689853500,253
1689854400,185
1689855300,228
1689856200,183
1689857100,181
1689858000,173
1689858900,192
1689859800,205
1689860700,209
1689861600,229
1689862500,184
1689863400,194
1689864300,183
1689865200,223
1689866100,200
1689867000,196
1689867900,191
1689868800,164
1689869700,206
1689870600,184
1689871500,174
1689872400,187
1689873300,179
1689874200,198
1689875100,207
1689876000,206
1689876900,164
1689877800,191
1689878700,609
1689879600,784
1689880500,848
1689881400,1180
1689882300,1073
1689883200,1056
1689884100,246
1689885000,742
1689885900,222
1689886800,143
1689887700,124
1689888600,133
1689889500,137
1689890400,167
1689891300,137
1689892200,126
1689893100,137
1689894000,142
1689894900,172
1689895800,144
1689896700,123
1689897600,135
1689898500,120
1689899400,150
1689900300,148
1689901200,138
1689902100,179
1689903000,144
1689903900,147
1689904800,164
1689905700,159
1689906600,141
1689907500,155
1689908400,147
1689909300,147
1689910200,167
1689911100,146
1689912000,200
1689912900,197
1689913800,198
1689914700,296
1689915600,249
1689916500,244
1689917400,547
1689918300,347
1689919200,213
1689920100,221
1689921000,565
1689921900,509
1689922800,229
1689923700,221
1689924600,261
1689925500,218
1689926400,176
1689927300,192
1689928200,190
1689929100,200
1689930000,242
1689930900,196
1689931800,207
1689932700,199
1689933600,209
1689934500,375
1689935400,934
1689936300,301
1689937200,211
1689938100,219
1689939000,241
1689939900,233
1689940800,206
1689941700,199
1689942600,202
1689943500,191
1689944400,209
1689945300,179
1689946200,178
1689947100,180
1689948000,190
1689948900,189
1689949800,203
1689950700,179
1689951600,186
1689952500,187
1689953400,230
1689954300,219
1689955200,213
1689956100,320
1689957000,215
1689957900,201
1689958800,371
1689959700,815
1689960600,418
1689961500,213
1689962400,241
1689963300,219
1689964200,560
1689965100,659
1689966000,703
1689966900,324
1689967800,240
1689968700,257
1689969600,194
1689970500,95
1689971400,100
1689972300,115
1689973200,152
1689974100,146
1689975000,122
1689975900,117
1689976800,114
1689977700,118
1689978600,141
1689979500,120
1689980400,112
1689981300,116
1689982200,100
1689983100,117
1689984000,145
1689984900,121
1689985800,103
1689986700,117
1689987600,97
1689988500,128
1689989400,135
1689990300,97
1689991200,115
1689992100,118
1689993000,122
1689993900,290
1689994800,132
1689995700,103
1689996600,102
1689997500,109
1689998400,137
1689999300,609
1690000200,159
1690001100,189
1690002000,149
1690002900,117
1690003800,206
1690004700,667
1690005600,330
1690006500,500
1690007400,1181
1690008300,1399
1690009200,508
1690010100,239
1690011000,232
1690011900,232
1690012800,231
1690013700,265
1690014600,227
1690015500,515
1690016400,1005
1690017300,782
1690018200,786
1690019100,756
1690020000,1209
1690020900,1099
1690021800,1074
1690022700,523
1690023600,288
1690024500,263
1690025400,252
1690026300,227
1690027200,235
1690028100,275
1690029000,543
1690029900,1090
1690030800,791
1690031700,723
1690032600,708
1690033500,576
1690034400,265
1690035300,253
1690036200,249
1690037100,209
1690038000,238
1690038900,201
1690039800,188
1690040700,187
1690041600,366
1690042500,417
1690043400,430
1690044300,249
1690045200,224
1690046100,560
1690047000,875
1690047900,761
1690048800,797
1690049700,760
1690050600,716
1690051500,503
1690052400,374
1690053300,311
1690054200,300
1690055100,310
1690056000,251
1690056900,230
1690057800,157
1690058700,114
1690059600,82
1690060500,98
1690061400,126
1690062300,125
1690063200,103
1690064100,97
1690065000,109
1690065900,88
1690066800,106
1690067700,105
1690068600,92
1690069500,81
1690070400,96
1690071300,93
1690072200,134
1690073100,100
1690074000,85
1690074900,96
1690075800,76
1690076700,103
1690077600,90
1690078500,80
1690079400,93
1690080300,199
1690081200,134
1690082100,124
1690083000,81
1690083900,94
1690084800,111
1690085700,148
1690086600,127
1690087500,182
1690088400,106
1690089300,145
1690090200,158
1690091100,222
1690092000,640
1690092900,369
1690093800,242
1690094700,314
1690095600,827
1690096500,191
1690097400,119
1690098300,94
1690099200,109
1690100100,95
1690101000,131
1690101900,147
1690102800,172
1690103700,300
1690104600,669
1690105500,476
1690106400,488
1690107300,591
1690108200,516
1690109100,210
1690110000,192
1690110900,196
1690111800,216
1690112700,183
1690113600,208
1690114500,197
1690115400,217
1690116300,276
1690117200,221
1690118100,184
1690119000,206
1690119900,213
1690120800,237
1690121700,206
1690122600,263
1690123500,268
1690124400,275
1690125300,284
1690126200,517
1690127100,1006
1690128000,471
1690128900,410
1690129800,590
1690130700,700
1690131600,589
1690132500,755
1690133400,434
1690134300,264
1690135200,286
1690136100,266
1690137000,276
1690137900,287
1690138800,331
1690139700,284
1690140600,278
1690141500,244
1690142400,159
1690143300,100
1690144200,88
1690145100,116
1690146000,82
1690146900,89
1690147800,67
1690148700,97
1690149600,117
1690150500,113
1690151400,83
1690152300,109
1690153200,89
1690154100,126
1690155000,108
1690155900,97
1690156800,83
1690157700,100
1690158600,95
1690159500,133
1690160400,94
1690161300,97
1690162200,79
1690163100,95
1690164000,107
1690164900,105
1690165800,106
1690166700,281
1690167600,130
1690168500,92
1690169400,151
1690170300,133
1690171200,148
1690172100,228
1690173000,86
1690173900,137
1690174800,147
1690175700,111
1690176600,122
1690177500,159
1690178400,181
1690179300,190
1690180200,170
1690181100,176
1690182000,163
1690182900,204
1690183800,196
1690184700,175
1690185600,173
1690186500,180
1690187400,205
1690188300,213
1690189200,213
1690190100,189
1690191000,226
1690191900,375
1690192800,616
1690193700,609
1690194600,203
1690195500,227
1690196400,233
1690197300,266
1690198200,243
1690199100,227
1690200000,253
1690200900,243
1690201800,282
1690202700,285
1690203600,509
1690204500,557
1690205400,490
1690206300,277
1690207200,598
1690208100,639
1690209000,278
1690209900,271
1690210800,240
1690211700,230
1690212600,232
1690213500,205
1690214400,192
1690215300,215
1690216200,263
1690217100,271
1690218000,240
1690218900,249
1690219800,248
1690220700,499
1690221600,604
1690222500,305
1690223400,306
1690224300,281
1690225200,267
1690226100,336
1690227000,300
1690227900,319
1690228800,281
1690229700,251
1690230600,255
1690231500,199
1690232400,167
1690233300,168
1690234200,180
1690235100,141
1690236000,127
1690236900,97
1690237800,96
1690238700,122
1690239600,120
1690240500,146
1690241400,137
1690242300,105
1690243200,112
1690244100,106
1690245000,130
1690245900,134
1690246800,124
1690247700,113
1690248600,117
1690249500,101
1690250400,135
1690251300,122
1690252200,103
1690253100,113
1690254000,121
1690254900,113
1690255800,147
1690256700,121
1690257600,156
1690258500,95
1690259400,124
1690260300,146
1690261200,160
1690262100,116
1690263000,297
1690263900,458
1690264800,1597
1690265700,1000
1690266600,317
1690267500,706
1690268400,1169
1690269300,647
1690270200,540
1690271100,249
1690272000,207
1690272900,191
1690273800,205
1690274700,204
1690275600,294
1690276500,205
1690277400,218
1690278300,216
1690279200,622
1690280100,466
1690281000,223
1690281900,184
1690282800,222
1690283700,224
1690284600,209
1690285500,225
1690286400,209
1690287300,197
1690288200,215
1690289100,209
1690290000,257
1690290900,213
1690291800,226
1690292700,203
1690293600,235
1690294500,232
1690295400,257
1690296300,227
1690297200,213
1690298100,178
1690299000,219
1690299900,224
1690300800,261
1690301700,306
1690302600,295
1690303500,847
1690304400,1027
1690305300,1005
1690306200,1140
1690307100,1128
1690308000,867
1690308900,841
1690309800,753
1690310700,272
1690311600,335
1690312500,380
1690313400,306
1690314300,339
1690315200,268
1690316100,297
1690317000,235
1690317900,229
1690318800,199
1690319700,253
1690320600,206
1690321500,136
1690322400,123
1690323300,120
1690324200,136
1690325100,156
1690326000,100
1690326900,125
1690327800,118
1690328700,138
1690329600,155
1690330500,135
1690331400,133
1690332300,128
1690333200,118
1690334100,162
1690335000,127
1690335900,147
1690336800,121
1690337700,128
1690338600,125
1690339500,149
1690340400,106
1690341300,131
1690342200,116
1690343100,156
1690344000,177
1690344900,180
1690345800,842
1690346700,1021
1690347600,687
1690348500,668
1690349400,572
1690350300,593
1690351200,703
1690352100,685
1690353000,843
1690353900,1282
1690354800,1564
1690355700,1294
1690356600,1303
1690357500,1080
1690358400,624
1690359300,288
1690360200,286
1690361100,239
1690362000,244
1690362900,565
1690363800,767
1690364700,626
1690365600,472
1690366500,362
1690367400,188
1690368300,470
1690369200,1357
1690370100,1162
1690371000,978
1690371900,818
1690372800,1248
1690373700,708
1690374600,624
1690375500,288
1690376400,198
1690377300,196
1690378200,211
1690379100,216
1690380000,233
1690380900,190
1690381800,183
1690382700,194
1690383600,212
1690384500,214
1690385400,179
1690386300,189
1690387200,184
1690388100,198
1690389000,277
1690389900,401
1690390800,525
1690391700,336
1690392600,729
1690393500,676
1690394400,447
1690395300,294
1690396200,530
1690397100,531
1690398000,477
1690398900,322
1690399800,601
1690400700,583
1690401600,247
1690402500,264
1690403400,287
1690404300,186
1690405200,93
1690406100,103
1690407000,99
1690407900,103
1690408800,115
1690409700,83
1690410600,94
1690411500,97
1690412400,123
1690413300,120
1690414200,119
1690415100,88
1690416000,112
1690416900,89
1690417800,142
1690418700,120
1690419600,106
1690420500,87
1690421400,104
1690422300,90
1690423200,141
1690424100,125
1690425000,130
1690425900,98
1690426800,115
1690427700,128
1690428600,140
1690429500,117
1690430400,347
1690431300,247
1690432200,135
1690433100,195
1690434000,123
1690434900,284
1690435800,224
1690436700,495
1690437600,641
1690438500,698
1690439400,698
1690440300,707
1690441200,755
1690442100,754
1690443000,679
1690443900,291
1690444800,216
1690445700,232
1690446600,217
1690447500,242
1690448400,255
1690449300,601
1690450200,399
1690451100,1276
1690452000,967
1690452900,792
1690453800,256
1690454700,224
1690455600,215
1690456500,250
1690457400,231
1690458300,242
1690459200,199
1690460100,218
1690461000,205
1690461900,233
1690462800,250
1690463700,237
1690464600,202
1690465500,215
1690466400,200
1690467300,234
1690468200,232
1690469100,320
1690470000,309
1690470900,398
1690471800,248
1690472700,303
1690473600,320
1690474500,245
1690475400,223
1690476300,229
1690477200,257
1690478100,280
1690479000,267
1690479900,291
1690480800,285
1690481700,294
1690482600,305
1690483500,302
1690484400,290
1690485300,303
1690486200,296
1690487100,405
1690488000,333
1690488900,297
1690489800,264
1690490700,263
1690491600,213
1690492500,143
1690493400,132
1690494300,113
1690495200,120
1690496100,125
1690497000,145
1690497900,130
1690498800,115
1690499700,95
1690500600,112
1690501500,113
1690502400,150
1690503300,102
1690504200,110
1690505100,106
1690506000,110
1690506900,139
1690507800,126
1690508700,121
1690509600,103
1690510500,112
1690511400,118
1690512300,273
1690513200,140
1690514100,136
1690515000,124
1690515900,180
1690516800,218
1690517700,391
1690518600,191
1690519500,239
1690520400,200
1690521300,443
1690522200,461
1690523100,422
1690524000,215
1690524900,510
1690525800,565
1690526700,278
1690527600,290
1690528500,236
1690529400,159
1690530300,164
1690531200,186
1690532100,190
1690533000,156
1690533900,162
1690534800,322
1690535700,856
1690536600,381
1690537500,354
1690538400,204
1690539300,189
1690540200,234
1690541100,199
1690542000,177
1690542900,191
1690543800,192
1690544700,170
1690545600,219
1690546500,210
1690547400,250
1690548300,230
1690549200,237
1690550100,252
1690551000,269
1690551900,248
1690552800,316
1690553700,267
1690554600,341
1690555500,355
1690556400,325
1690557300,337
1690558200,266
1690559100,323
1690560000,303
1690560900,283
1690561800,274
1690562700,314
1690563600,298
1690564500,272
1690565400,633
1690566300,1156
1690567200,637
1690568100,303
1690569000,326
1690569900,780
1690570800,495
1690571700,463
1690572600,454
1690573500,803
1690574400,307
1690575300,258
1690576200,155
1690577100,136
1690578000,135
1690578900,109
1690579800,139
1690580700,127
1690581600,124
1690582500,110
1690583400,125
1690584300,104
1690585200,149
1690586100,104
1690587000,116
1690587900,99
1690588800,120
1690589700,125
1690590600,167
1690591500,121
1690592400,134
1690593300,132
1690594200,151
1690595100,171
1690596000,138
1690596900,139
1690597800,124
1690598700,144
1690599600,146
1690600500,168
1690601400,123
1690602300,150
1690603200,132
1690604100,432
1690605000,216
1690605900,208
1690606800,205
1690607700,111
1690608600,121
1690609500,122
1690610400,165
1690611300,150
1690612200,157
1690613100,132
1690614000,156
1690614900,153
1690615800,138
1690616700,136
1690617600,133
1690618500,143
1690619400,161
1690620300,213
1690621200,124
1690622100,156
1690623000,307
1690623900,193
1690624800,194
1690625700,217
1690626600,200
1690627500,224
1690628400,196
1690629300,245
1690630200,257
1690631100,259
1690632000,230
1690632900,335
1690633800,337
1690634700,375
1690635600,294
1690636500,309
1690637400,259
1690638300,204
1690639200,231
1690640100,193
1690641000,257
1690641900,596
1690642800,725
1690643700,475
1690644600,493
1690645500,278
1690646400,405
1690647300,343
1690648200,438
1690649100,884
1690650000,381
1690650900,418
1690651800,241
1690652700,646
1690653600,500
1690654500,281
1690655400,267
1690656300,255
1690657200,254
1690658100,317
1690659000,262
1690659900,279
1690660800,309
1690661700,287
1690662600,258
1690663500,264
1690664400,232
1690665300,165
1690666200,117
1690667100,100
1690668000,88
1690668900,121
1690669800,72
1690670700,97
1690671600,89
1690672500,90
1690673400,115
1690674300,90
1690675200,87
1690676100,90
1690677000,88
1690677900,110
1690678800,100
1690679700,91
1690680600,84
1690681500,83
1690682400,109
1690683300,129
1690684200,112
1690685100,254
1690686000,107
1690686900,120
1690687800,129
1690688700,146
1690689600,117
1690690500,293
1690691400,154
1690692300,248
1690693200,573
1690694100,324
1690695000,459
1690695900,221
1690696800,705
1690697700,227
1690698600,254
1690699500,204
1690700400,172
1690701300,131
1690702200,98
1690703100,129
1690704000,140
1690704900,114
1690705800,115
1690706700,163
1690707600,125
1690708500,181
1690709400,203
1690710300,612
1690711200,985
1690712100,418
1690713000,476
1690713900,605
1690714800,407
1690715700,202
1690716600,512
1690717500,533
1690718400,194
1690719300,162
1690720200,146
1690721100,144
1690722000,176
1690722900,191
1690723800,136
1690724700,155
1690725600,171
1690726500,206
1690727400,240
1690728300,231
1690729200,206
1690730100,238
1690731000,267
1690731900,519
1690732800,590
1690733700,298
1690734600,241
1690735500,229
1690736400,253
1690737300,291
1690738200,308
1690739100,277
1690740000,253
1690740900,296
1690741800,296
1690742700,307
1690743600,343
1690744500,342
1690745400,336
1690746300,349
1690747200,365
1690748100,297
1690749000,246
1690749900,231
1690750800,223
1690751700,249
1690752600,228
1690753500,214
1690754400,193
1690755300,85
1690756200,100
1690757100,126
1690758000,105
1690758900,96
1690759800,82
1690760700,109
1690761600,129
1690762500,97
1690763400,97
1690764300,103
1690765200,104
1690766100,126
1690767000,134
1690767900,103
1690768800,112
1690769700,88
1690770600,107
1690771500,282
1690772400,122
1690773300,136
1690774200,107
1690775100,159
1690776000,358
1690776900,797
1690777800,857
1690778700,672
1690779600,661
1690780500,587
1690781400,529
1690782300,437
1690783200,432
1690784100,174
1690785000,669
1690785900,353
1690786800,185
1690787700,169
1690788600,211
1690789500,153
1690790400,168
1690791300,178
1690792200,195
1690793100,184
1690794000,179
1690794900,194
1690795800,198
1690796700,415
1690797600,333
1690798500,118
1690799400,311
1690800300,401
1690801200,252
1690802100,178
1690803000,176
1690803900,231
1690804800,597
1690805700,320
1690806600,419
1690807500,198
1690808400,625
1690809300,366
1690810200,219
1690811100,240
1690812000,190
1690812900,177
1690813800,195
1690814700,191
1690815600,222
1690816500,208
1690817400,210
1690818300,227
1690819200,235
1690820100,266
1690821000,250
1690821900,230
1690822800,217
1690823700,271
1690824600,915
1690825500,871
1690826400,796
1690827300,656
1690828200,262
1690829100,254
1690830000,263
1690830900,312
1690831800,220
1690832700,214
1690833600,120
1690834500,80
1690835400,113
1690836300,83
1690837200,80
1690838100,94
1690839000,70
1690839900,105
1690840800,97
1690841700,71
1690842600,83
1690843500,92
1690844400,89
1690845300,117
1690846200,69
1690847100,85
1690848000,79
1690848900,74
1690849800,118
1690850700,103
1690851600,86
1690852500,100
1690853400,81
1690854300,113
1690855200,118
1690856100,94
1690857000,106
1690857900,92
1690858800,89
1690859700,123
1690860600,86
1690861500,116
1690862400,144
1690863300,128
1690864200,146
1690865100,153
1690866000,123
1690866900,118
1690867800,107
1690868700,249
1690869600,213
1690870500,274
1690871400,414
1690872300,845
1690873200,720
1690874100,743
1690875000,1052
1690875900,789
1690876800,488
1690877700,294
1690878600,787
1690879500,369
1690880400,253
1690881300,257
1690882200,224
1690883100,284
1690884000,400
1690884900,860
1690885800,710
1690886700,633
1690887600,262
1690888500,235
1690889400,267
1690890300,249
1690891200,205
1690892100,211
1690893000,222
1690893900,244
1690894800,645
1690895700,660
1690896600,692
1690897500,442
1690898400,265
1690899300,276
1690900200,249
1690901100,216
1690902000,207
1690902900,216
1690903800,233
1690904700,234
1690905600,198
1690906500,216
1690907400,211
1690908300,230
1690909200,245
1690910100,219
1690911000,617
1690911900,809
1690912800,801
1690913700,748
1690914600,217
1690915500,237
1690916400,222
1690917300,275
1690918200,277
1690919100,249
1690920000,219
1690920900,122
1690921800,153
1690922700,279
1690923600,234
1690924500,178
1690925400,107
1690926300,80
1690927200,99
1690928100,104
1690929000,119
1690929900,82
1690930800,80
1690931700,86
1690932600,92
1690933500,120
1690934400,99
1690935300,71
1690936200,90
1690937100,79
1690938000,112
1690938900,115
1690939800,79
1690940700,84
1690941600,85
1690942500,82
1690943400,121
1690944300,89
1690945200,110
1690946100,129
1690947000,117
1690947900,167
1690948800,168
1690949700,883
1690950600,999
1690951500,1020
1690952400,569
1690953300,415
1690954200,203
1690955100,657
1690956000,472
1690956900,571
1690957800,624
1690958700,613
1690959600,596
1690960500,574
1690961400,626
1690962300,642
1690963200,600
1690964100,599
1690965000,576
1690965900,631
1690966800,675
1690967700,551
1690968600,753
1690969500,626
1690970400,182
1690971300,225
1690972200,230
1690973100,230
1690974000,212
1690974900,227
1690975800,371
1690976700,356
1690977600,246
1690978500,218
1690979400,206
1690980300,231
1690981200,241
1690982100,235
1690983000,230
1690983900,208
1690984800,240
1690985700,211
1690986600,207
1690987500,232
1690988400,185
1690989300,210
1690990200,190
1690991100,198
1690992000,305
1690992900,279
1690993800,246
1690994700,260
1690995600,283
1690996500,307
1690997400,368
1690998300,449
1690999200,364
1691000100,378
1691001000,351
1691001900,369
1691002800,348
1691003700,294
1691004600,293
1691005500,289
1691006400,167
1691007300,106
1691008200,85
1691009100,87
1691010000,106
1691010900,118
1691011800,125
1691012700,103
1691013600,84
1691014500,109
1691015400,108
1691016300,123
1691017200,110
1691018100,83
1691019000,105
1691019900,99
1691020800,121
1691021700,120
1691022600,89
1691023500,90
1691024400,101
1691025300,91
1691026200,132
1691027100,110
1691028000,88
1691028900,104
1691029800,78
1691030700,123
1691031600,110
1691032500,90
1691033400,96
1691034300,101
1691035200,136
1691036100,114
1691037000,95
1691037900,144
1691038800,153
1691039700,167
1691040600,358
1691041500,834
1691042400,976
1691043300,1166
1691044200,887
1691045100,939
1691046000,397
1691046900,1320
1691047800,774
1691048700,765
1691049600,452
1691050500,277
1691051400,250
1691052300,218
1691053200,860
1691054100,737
1691055000,779
1691055900,176
1691056800,177
1691057700,197
1691058600,181
1691059500,181
1691060400,194
1691061300,169
1691062200,153
1691063100,164
1691064000,163
1691064900,192
1691065800,187
1691066700,184
1691067600,168
1691068500,156
1691069400,172
1691070300,191
1691071200,162
1691072100,170
1691073000,156
1691073900,330
1691074800,240
1691075700,208
1691076600,196
1691077500,200
1691078400,204
1691079300,500
1691080200,513
1691081100,420
1691082000,356
1691082900,677
1691083800,572
1691084700,269
1691085600,307
1691086500,380
1691087400,351
1691088300,489
1691089200,299
1691090100,264
1691091000,279
1691091900,303
1691092800,289
1691093700,212
1691094600,148
1691095500,119
1691096400,131
1691097300,105
1691098200,129
1691099100,140
1691100000,106
1691100900,111
1691101800,120
1691102700,115
1691103600,147
1691104500,110
1691105400,115
1691106300,111
1691107200,99
1691108100,138
1691109000,143
1691109900,105
1691110800,117
1691111700,98
1691112600,123
1691113500,140
1691114400,119
1691115300,122
1691116200,109
1691117100,107
1691118000,147
1691118900,114
1691119800,120
1691120700,135
1691121600,157
1691122500,145
1691123400,242
1691124300,192
1691125200,143
1691126100,119
1691127000,289
1691127900,254
1691128800,370
1691129700,598
1691130600,618
1691131500,744
1691132400,1123
1691133300,802
1691134200,277
1691135100,264
1691136000,292
1691136900,223
1691137800,201
1691138700,172
1691139600,149
1691140500,146
1691141400,161
1691142300,186
1691143200,310
1691144100,1429
1691145000,928
1691145900,282
1691146800,223
1691147700,217
1691148600,222
1691149500,221
1691150400,226
1691151300,430
1691152200,506
1691153100,447
1691154000,214
1691154900,479
1691155800,606
1691156700,224
1691157600,235
1691158500,199
1691159400,188
1691160300,199
1691161200,199
1691162100,239
1691163000,248
1691163900,202
1691164800,224
1691165700,940
1691166600,946
1691167500,780
1691168400,763
1691169300,749
1691170200,780
1691171100,730
1691172000,781
1691172900,692
1691173800,266
1691174700,312
1691175600,370
1691176500,775
1691177400,433
1691178300,484
1691179200,443
1691180100,689
1691181000,152
1691181900,149
1691182800,107
1691183700,104
1691184600,109
1691185500,108
1691186400,123
1691187300,116
1691188200,103
1691189100,107
1691190000,98
1691190900,119
1691191800,128
1691192700,85
1691193600,105
1691194500,114
1691195400,126
1691196300,155
1691197200,98
1691198100,102
1691199000,103
1691199900,92
1691200800,132
1691201700,121
1691202600,105
1691203500,125
1691204400,106
1691205300,124
1691206200,134
1691207100,102
1691208000,117
1691208900,143
1691209800,113
1691210700,307
1691211600,189
1691212500,142
1691213400,190
1691214300,260
1691215200,433
1691216100,1043
1691217000,942
1691217900,557
1691218800,406
1691219700,248
1691220600,283
1691221500,263
1691222400,261
1691223300,242
1691224200,264
1691225100,308
1691226000,293
1691226900,257
1691227800,264
1691228700,272
1691229600,296
1691230500,309
1691231400,266
1691232300,282
1691233200,288
1691234100,262
1691235000,306
1691235900,309
1691236800,265
1691237700,275
1691238600,272
1691239500,300
1691240400,306
1691241300,272
1691242200,273
1691243100,270
1691244000,272
1691244900,311
1691245800,280
1691246700,285
1691247600,282
1691248500,265
1691249400,338
1691250300,285
1691251200,267
1691252100,264
1691253000,261
1691253900,285
1691254800,303
1691255700,262
1691256600,272
1691257500,252
1691258400,271
1691259300,293
1691260200,283
1691261100,303
1691262000,293
1691262900,288
1691263800,915
1691264700,496
1691265600,566
1691266500,425
1691267400,849
1691268300,205
1691269200,119
1691270100,95
1691271000,96
1691271900,75
1691272800,83
1691273700,102
1691274600,93
1691275500,81
1691276400,83
1691277300,72
1691278200,103
1691279100,108
1691280000,88
1691280900,82
1691281800,74
1691282700,82
1691283600,110
1691284500,87
1691285400,88
1691286300,76
1691287200,93
1691288100,107
1691289000,98
1691289900,86
1691290800,94
1691291700,83
1691292600,101
1691293500,114
1691294400,101
1691295300,226
1691296200,163
1691297100,117
1691298000,127
1691298900,143
1691299800,169
1691300700,404
1691301600,890
1691302500,936
1691303400,626
1691304300,389
1691305200,386
1691306100,611
1691307000,631
1691307900,710
1691308800,650
1691309700,639
1691310600,452
1691311500,228
1691312400,216
1691313300,200
1691314200,215
1691315100,712
1691316000,348
1691316900,235
1691317800,529
1691318700,461
1691319600,461
1691320500,516
1691321400,1420
1691322300,1002
1691323200,751
1691324100,741
1691325000,515
1691325900,303
1691326800,538
1691327700,636
1691328600,705
1691329500,748
1691330400,280
1691331300,236
1691332200,197
1691333100,186
1691334000,176
1691334900,173
1691335800,205
1691336700,182
1691337600,199
1691338500,245
1691339400,228
1691340300,208
1691341200,218
1691342100,173
1691343000,274
1691343900,645
1691344800,652
1691345700,549
1691346600,284
1691347500,464
1691348400,728
1691349300,707
1691350200,330
1691351100,310
1691352000,342
1691352900,218
1691353800,224
1691354700,221
1691355600,255
1691356500,189
1691357400,136
1691358300,112
1691359200,100
1691360100,125
1691361000,116
1691361900,109
1691362800,90
1691363700,105
1691364600,117
1691365500,127
1691366400,102
1691367300,98
1691368200,97
1691369100,100
1691370000,124
1691370900,122
1691371800,105
1691372700,91
1691373600,103
1691374500,101
1691375400,108
1691376300,89
1691377200,80
1691378100,107
1691379000,96
1691379900,144
1691380800,139
1691381700,248
1691382600,113
1691383500,118
1691384400,107
1691385300,139
1691386200,94
1691387100,243
1691388000,545
1691388900,853
1691389800,821
1691390700,697
1691391600,931
1691392500,373
1691393400,678
1691394300,709
1691395200,1141
1691396100,876
1691397000,431
1691397900,425
1691398800,682
1691399700,677
1691400600,694
1691401500,881
1691402400,1049
1691403300,589
1691404200,465
1691405100,696
1691406000,673
1691406900,549
1691407800,317
1691408700,264
1691409600,232
1691410500,309
1691411400,229
1691412300,797
1691413200,1117
1691414100,776
1691415000,768
1691415900,304
1691416800,285
1691417700,261
1691418600,293
1691419500,261
1691420400,262
1691421300,238
1691422200,270
1691423100,283
1691424000,268
1691424900,260
1691425800,729
1691426700,1102
1691427600,1243
1691428500,682
1691429400,405
1691430300,424
1691431200,847
1691432100,715
1691433000,676
1691433900,626
1691434800,291
1691435700,240
1691436600,220
1691437500,232
1691438400,256
1691439300,185
1691440200,182
1691441100,103
1691442000,149
1691442900,108
1691443800,89
1691444700,101
1691445600,99
1691446500,124
1691447400,95
1691448300,100
1691449200,85
1691450100,98
1691451000,118
1691451900,113
1691452800,97
1691453700,82
1691454600,102
1691455500,109
1691456400,111
1691457300,85
1691458200,96
1691459100,89
1691460000,107
1691460900,86
1691461800,80
1691462700,87
1691463600,86
1691464500,128
1691465400,92
1691466300,107
1691467200,138
1691468100,100
1691469000,141
1691469900,100
1691470800,146
1691471700,124
1691472600,154
1691473500,351
1691474400,138
1691475300,138
1691476200,183
1691477100,160
1691478000,166
1691478900,154
1691479800,251
1691480700,284
1691481600,293
1691482500,337
1691483400,278
1691484300,283
1691485200,722
1691486100,392
1691487000,684
1691487900,649
1691488800,1285
1691489700,1082
1691490600,484
1691491500,353
1691492400,450
1691493300,233
1691494200,394
1691495100,352
1691496000,672
1691496900,245
1691497800,354
1691498700,311
1691499600,705
1691500500,178
1691501400,192
1691502300,182
1691503200,191
1691504100,223
1691505000,221
1691505900,222
1691506800,261
1691507700,272
1691508600,239
1691509500,229
1691510400,222
1691511300,246
1691512200,244
1691513100,222
1691514000,219
1691514900,215
1691515800,243
1691516700,567
1691517600,242
1691518500,180
1691519400,209
1691520300,213
1691521200,232
1691522100,217
1691523000,262
1691523900,206
1691524800,199
1691525700,197
1691526600,181
1691527500,146
1691528400,98
1691529300,104
1691530200,104
1691531100,71
1691532000,95
1691532900,78
1691533800,133
1691534700,82
1691535600,80
1691536500,79
1691537400,91
1691538300,112
1691539200,85
1691540100,97
1691541000,77
1691541900,95
1691542800,110
1691543700,75
1691544600,92
1691545500,78
1691546400,120
1691547300,93
1691548200,90
1691549100,78
1691550000,82
1691550900,106
1691551800,101
1691552700,124
1691553600,112
1691554500,453
1691555400,131
1691556300,109
1691557200,107
1691558100,101
1691559000,121
1691559900,149
1691560800,165
1691561700,149
1691562600,173
1691563500,546
1691564400,473
1691565300,748
1691566200,701
1691567100,661
1691568000,481
1691568900,796
1691569800,789
1691570700,441
1691571600,378
1691572500,163
1691573400,231
1691574300,531
1691575200,674
1691576100,467
1691577000,164
1691577900,185
1691578800,198
1691579700,197
1691580600,200
1691581500,238
1691582400,200
1691583300,195
1691584200,193
1691585100,231
1691586000,655
1691586900,418
1691587800,418
1691588700,265
1691589600,780
1691590500,325
1691591400,246
1691592300,196
1691593200,215
1691594100,236
1691595000,281
1691595900,237
1691596800,199
1691597700,222
1691598600,176
1691599500,169
1691600400,160
1691601300,173
1691602200,227
1691603100,224
1691604000,238
1691604900,240
1691605800,284
1691606700,326
1691607600,388
1691608500,332
1691609400,288
1691610300,288
1691611200,268
1691612100,297
1691613000,244
1691613900,231
1691614800,235
1691615700,246
1691616600,217
1691617500,86
1691618400,102
1691619300,71
1691620200,109
1691621100,95
1691622000,82
1691622900,90
1691623800,86
1691624700,116
1691625600,88
1691626500,87
1691627400,80
1691628300,80
1691629200,128
1691630100,89
1691631000,91
1691631900,71
1691632800,92
1691633700,110
1691634600,80
1691635500,94
1691636400,78
1691637300,94
1691638200,105
1691639100,103
1691640000,118
1691640900,99
1691641800,284
1691642700,124
1691643600,106
1691644500,86
1691645400,186
1691646300,935
1691647200,787
1691648100,406
1691649000,177
1691649900,521
1691650800,699
1691651700,669
1691652600,237
1691653500,220
1691654400,200
1691655300,168
1691656200,182
1691657100,111
1691658000,130
1691658900,113
1691659800,161
1691660700,118
1691661600,141
1691662500,135
1691663400,135
1691664300,141
1691665200,122
1691666100,119
1691667000,129
1691667900,146
1691668800,130
1691669700,123
1691670600,115
1691671500,116
1691672400,154
1691673300,132
1691674200,135
1691675100,134
1691676000,132
1691676900,153
1691677800,135
1691678700,735
1691679600,978
1691680500,1081
1691681400,381
1691682300,80
1691683200,154
1691684100,571
1691685000,345
1691685900,447
1691686800,227
1691687700,691
1691688600,1064
1691689500,1159
1691690400,893
1691691300,632
1691692200,308
1691693100,267
1691694000,309
1691694900,306
1691695800,285
1691696700,290
1691697600,287
1691698500,238
1691699400,201
1691700300,191
1691701200,196
1691702100,126
1691703000,135
1691703900,80
1691704800,95
1691705700,76
1691706600,112
1691707500,113
1691708400,99
1691709300,92
1691710200,81
1691711100,112
1691712000,97
1691712900,89
1691713800,101
1691714700,90
1691715600,121
1691716500,87
1691717400,102
1691718300,75
1691719200,96
1691720100,124
1691721000,101
1691721900,91
1691722800,80
1691723700,105
1691724600,110
1691725500,117
1691726400,140
1691727300,102
1691728200,280
1691729100,129
1691730000,110
1691730900,152
1691731800,655
1691732700,985
1691733600,559
1691734500,165
1691735400,135
1691736300,176
1691737200,456
1691738100,631
1691739000,414
1691739900,226
1691740800,543
1691741700,492
1691742600,195
1691743500,180
1691744400,174
1691745300,188
1691746200,1000
1691747100,212
1691748000,161
1691748900,178
1691749800,253
1691750700,308
1691751600,288
1691752500,312
1691753400,305
1691754300,271
1691755200,247
1691756100,204
1691757000,214
1691757900,242
1691758800,259
1691759700,234
1691760600,211
1691761500,198
1691762400,230
1691763300,212
1691764200,227
1691765100,613
1691766000,369
1691766900,638
1691767800,220
1691768700,651
1691769600,376
1691770500,202
1691771400,361
1691772300,232
1691773200,196
1691774100,209
1691775000,245
1691775900,317
1691776800,421
1691777700,955
1691778600,1060
1691779500,848
1691780400,399
1691781300,407
1691782200,310
1691783100,323
1691784000,317
1691784900,238
1691785800,677
1691786700,375
1691787600,336
1691788500,442
1691789400,630
1691790300,128
1691791200,95
1691792100,114
1691793000,131
1691793900,84
1691794800,101
1691795700,83
1691796600,117
1691797500,114
1691798400,100
1691799300,102
1691800200,87
1691801100,119
1691802000,110
1691802900,85
1691803800,104
1691804700,99
1691805600,130
1691806500,101
1691807400,85
1691808300,98
1691809200,99
1691810100,120
1691811000,111
1691811900,89
1691812800,97
1691813700,101
1691814600,273
1691815500,158
1691816400,129
1691817300,118
1691818200,512
1691819100,596
1691820000,576
1691820900,141
1691821800,147
1691822700,481
1691823600,638
1691824500,677
1691825400,654
1691826300,682
1691827200,690
1691828100,673
1691829000,677
1691829900,587
1691830800,204
1691831700,202
1691832600,169
1691833500,191
1691834400,223
1691835300,568
1691836200,212
1691837100,244
1691838000,257
1691838900,234
1691839800,268
1691840700,251
1691841600,234
1691842500,238
1691843400,231
1691844300,288
1691845200,255
1691846100,232
1691847000,240
1691847900,218
1691848800,321
1691849700,308
1691850600,246
1691851500,261
1691852400,577
1691853300,492
1691854200,464
1691855100,426
1691856000,672
1691856900,655
1691857800,549
1691858700,343
1691859600,306
1691860500,282
1691861400,339
1691862300,284
1691863200,323
1691864100,560
1691865000,376
1691865900,382
1691866800,358
1691867700,339
1691868600,341
1691869500,285
1691870400,239
1691871300,226
1691872200,225
1691873100,212
1691874000,161
1691874900,134
1691875800,93
1691876700,93
1691877600,97
1691878500,120
1691879400,108
1691880300,91
1691881200,92
1691882100,88
1691883000,119
1691883900,110
1691884800,94
1691885700,78
1691886600,76
1691887500,115
1691888400,78
1691889300,110
1691890200,109
1691891100,102
1691892000,128
1691892900,89
1691893800,100
1691894700,98
1691895600,102
1691896500,139
1691897400,95
1691898300,100
1691899200,88
1691900100,206
1691901000,212
1691901900,108
1691902800,108
1691903700,135
1691904600,149
1691905500,122
1691906400,314
1691907300,910
1691908200,777
1691909100,428
1691910000,210
1691910900,426
1691911800,580
1691912700,555
1691913600,726
1691914500,1104
1691915400,906
1691916300,433
1691917200,250
1691918100,242
1691919000,192
1691919900,166
1691920800,193
1691921700,499
1691922600,246
1691923500,330
1691924400,280
1691925300,285
1691926200,150
1691927100,148
1691928000,134
1691928900,273
1691929800,145
1691930700,154
1691931600,147
1691932500,131
1691933400,192
1691934300,177
1691935200,198
1691936100,161
1691937000,185
1691937900,218
1691938800,244
1691939700,243
1691940600,220
1691941500,232
1691942400,233
1691943300,282
1691944200,290
1691945100,249
1691946000,274
1691946900,377
1691947800,658
1691948700,519
1691949600,342
1691950500,1260
1691951400,1369
1691952300,847
1691953200,890
1691954100,845
1691955000,828
1691955900,677
1691956800,410
1691957700,303
1691958600,202
1691959500,112
1691960400,95
1691961300,111
1691962200,88
1691963100,82
1691964000,93
1691964900,96
1691965800,111
1691966700,80
1691967600,85
1691968500,86
1691969400,105
1691970300,101
1691971200,102
1691972100,76
1691973000,91
1691973900,107
1691974800,98
1691975700,92
1691976600,79
1691977500,104
1691978400,131
1691979300,99
1691980200,108
1691981100,101
1691982000,127
1691982900,135
1691983800,115
1691984700,139
1691985600,146
1691986500,230
1691987400,199
1691988300,123
1691989200,111
1691990100,92
1691991000,134
1691991900,133
1691992800,106
1691993700,107
1691994600,512
1691995500,1024
1691996400,621
1691997300,177
1691998200,603
1691999100,661
1692000000,631
1692000900,577
1692001800,336
1692002700,193
1692003600,630
1692004500,716
1692005400,1156
1692006300,893
1692007200,268
1692008100,307
1692009000,485
1692009900,691
1692010800,578
1692011700,525
1692012600,1520
1692013500,1121
1692014400,849
1692015300,819
1692016200,712
1692017100,502
1692018000,326
1692018900,340
1692019800,294
1692020700,176
1692021600,184
1692022500,160
1692023400,184
1692024300,196
1692025200,206
1692026100,247
1692027000,216
1692027900,233
1692028800,196
1692029700,324
1692030600,644
1692031500,480
1692032400,646
1692033300,545
1692034200,205
1692035100,755
1692036000,792
1692036900,680
1692037800,277
1692038700,608
1692039600,545
1692040500,353
1692041400,350
1692042300,360
1692043200,279
1692044100,265
1692045000,261
1692045900,146
1692046800,111
1692047700,69
1692048600,92
1692049500,100
1692050400,89
1692051300,84
1692052200,86
1692053100,101
1692054000,117
1692054900,98
1692055800,87
1692056700,101
1692057600,113
1692058500,127
1692059400,100
1692060300,97
1692061200,116
1692062100,111
1692063000,142
1692063900,109
1692064800,109
1692065700,101
1692066600,126
1692067500,127
1692068400,99
1692069300,104
1692070200,97
1692071100,137
1692072000,143
1692072900,380
1692073800,197
1692074700,106
1692075600,200
1692076500,151
1692077400,158
1692078300,140
1692079200,170
1692080100,227
1692081000,196
1692081900,212
1692082800,203
1692083700,205
1692084600,280
1692085500,212
1692086400,202
1692087300,189
1692088200,246
1692089100,465
1692090000,1184
1692090900,1129
1692091800,1348
1692092700,896
1692093600,1498
1692094500,685
1692095400,194
1692096300,199
1692097200,233
1692098100,244
1692099000,250
1692099900,243
1692100800,223
1692101700,189
1692102600,204
1692103500,188
1692104400,273
1692105300,222
1692106200,519
1692107100,917
1692108000,654
1692108900,699
1692109800,726
1692110700,244
1692111600,195
1692112500,560
1692113400,349
1692114300,446
1692115200,201
1692116100,623
1692117000,428
1692117900,206
1692118800,257
1692119700,219
1692120600,462
1692121500,894
1692122400,1070
1692123300,748
1692124200,709
1692125100,427
1692126000,326
1692126900,364
1692127800,260
1692128700,203
1692129600,232
1692130500,164
1692131400,117
1692132300,99
1692133200,78
1692134100,99
1692135000,117
1692135900,93
1692136800,93
1692137700,73
1692138600,121
1692139500,85
1692140400,86
1692141300,90
1692142200,103
1692143100,111
1692144000,77
1692144900,88
1692145800,77
1692146700,120
1692147600,99
1692148500,89
1692149400,90
1692150300,88
1692151200,114
1692152100,72
1692153000,93
1692153900,89
1692154800,118
1692155700,93
1692156600,77
1692157500,109
1692158400,138
1692159300,490
1692160200,151
1692161100,473
1692162000,291
1692162900,441
1692163800,296
1692164700,664
1692165600,227
1692166500,195
1692167400,216
1692168300,613
1692169200,628
1692170100,695
1692171000,750
1692171900,853
1692172800,478
1692173700,1032
1692174600,390
1692175500,383
1692176400,769
1692177300,1988
1692178200,722
1692179100,377
1692180000,374
1692180900,304
1692181800,202
1692182700,157
1692183600,175
1692184500,188
1692185400,154
1692186300,141
1692187200,148
1692188100,155
1692189000,154
1692189900,145
1692190800,143
1692191700,144
1692192600,157
1692193500,155
1692194400,142
1692195300,149
1692196200,153
1692197100,161
1692198000,185
1692198900,136
1692199800,169
1692200700,168
1692201600,196
1692202500,166
1692203400,177
1692204300,199
1692205200,221
1692206100,214
1692207000,207
1692207900,679
1692208800,816
1692209700,1023
1692210600,511
1692211500,692
1692212400,322
1692213300,353
1692214200,380
1692215100,301
1692216000,246
1692216900,189
1692217800,163
1692218700,125
1692219600,75
1692220500,89
1692221400,77
1692222300,107
1692223200,112
1692224100,72
1692225000,88
1692225900,75
1692226800,111
1692227700,98
1692228600,85
1692229500,86
1692230400,78
1692231300,117
1692232200,81
1692233100,86
1692234000,95
1692234900,86
1692235800,114
1692236700,69
1692237600,87
1692238500,81
1692239400,106
1692240300,110
1692241200,68
1692242100,83
1692243000,75
1692243900,131
1692244800,305
1692245700,269
1692246600,828
1692247500,847
1692248400,1190
1692249300,734
1692250200,708
1692251100,541
1692252000,836
1692252900,641
1692253800,591
1692254700,1003
1692255600,686
1692256500,387
1692257400,252
1692258300,254
1692259200,249
1692260100,244
1692261000,274
1692261900,248
1692262800,230
1692263700,433
1692264600,708
1692265500,686
1692266400,725
1692267300,685
1692268200,494
1692269100,209
1692270000,242
1692270900,232
1692271800,211
1692272700,271
1692273600,636
1692274500,666
1692275400,688
1692276300,434
1692277200,194
1692278100,218
1692279000,191
1692279900,210
1692280800,196
1692281700,198
1692282600,211
1692283500,184
1692284400,189
1692285300,182
1692286200,214
1692287100,197
1692288000,181
1692288900,185
1692289800,187
1692290700,395
1692291600,764
1692292500,441
1692293400,350
1692294300,360
1692295200,731
1692296100,217
1692297000,256
1692297900,229
1692298800,291
1692299700,327
1692300600,246
1692301500,259
1692302400,243
1692303300,233
1692304200,222
1692305100,122
1692306000,90
1692306900,77
1692307800,121
1692308700,112
1692309600,91
1692310500,87
1692311400,78
1692312300,111
1692313200,94
1692314100,102
1692315000,84
1692315900,85
1692316800,107
1692317700,88
1692318600,91
1692319500,89
1692320400,99
1692321300,109
1692322200,95
1692323100,92
1692324000,73
1692324900,101
1692325800,110
1692326700,97
1692327600,88
1692328500,75
1692329400,88
1692330300,143
1692331200,138
1692332100,94
1692333000,234
1692333900,150
1692334800,456
1692335700,515
1692336600,336
1692337500,130
1692338400,422
1692339300,579
1692340200,209
1692341100,198
1692342000,190
1692342900,208
1692343800,203
1692344700,252
1692345600,197
1692346500,267
1692347400,640
1692348300,394
1692349200,369
1692350100,348
1692351000,641
1692351900,789
1692352800,310
1692353700,506
1692354600,338
1692355500,404
1692356400,640
1692357300,1191
1692358200,635
1692359100,225
1692360000,200
1692360900,234
1692361800,227
1692362700,235
1692363600,183
1692364500,194
1692365400,185
1692366300,233
1692367200,202
1692368100,168
1692369000,178
1692369900,197
1692370800,312
1692371700,826
1692372600,545
1692373500,300
1692374400,336
1692375300,737
1692376200,211
1692377100,303
1692378000,270
1692378900,319
1692379800,242
1692380700,224
1692381600,230
1692382500,258
1692383400,469
1692384300,381
1692385200,343
1692386100,308
1692387000,282
1692387900,297
1692388800,299
1692389700,208
1692390600,185
1692391500,173
1692392400,248
1692393300,146
1692394200,96
1692395100,100
1692396000,79
1692396900,133
1692397800,83
1692398700,94
1692399600,97
1692400500,87
1692401400,116
1692402300,85
1692403200,84
1692404100,97
1692405000,96
1692405900,129
1692406800,82
1692407700,106
1692408600,95
1692409500,104
1692410400,142
1692411300,99
1692412200,100
1692413100,97
1692414000,104
1692414900,135
1692415800,88
1692416700,117
1692417600,105
1692418500,155
1692419400,173
1692420300,316
1692421200,344
1692422100,621
1692423000,476
1692423900,227
1692424800,531
1692425700,471
1692426600,215
1692427500,227
1692428400,233
1692429300,222
1692430200,225
1692431100,211
1692432000,232
1692432900,292
1692433800,199
1692434700,225
1692435600,202
1692436500,631
1692437400,175
1692438300,155
1692439200,144
1692440100,122
1692441000,136
1692441900,144
1692442800,112
1692443700,122
1692444600,113
1692445500,149
1692446400,164
1692447300,123
1692448200,121
1692449100,113
1692450000,149
1692450900,151
1692451800,151
1692452700,206
1692453600,180
1692454500,244
1692455400,271
1692456300,377
1692457200,287
1692458100,235
1692459000,281
1692459900,251
1692460800,232
1692461700,264
1692462600,237
1692463500,316
1692464400,304
1692465300,265
1692466200,239
1692467100,238
1692468000,212
1692468900,224
1692469800,509
1692470700,667
1692471600,327
1692472500,438
1692473400,367
1692474300,372
1692475200,349
1692476100,340
1692477000,328
1692477900,212
1692478800,138
1692479700,89
1692480600,107
1692481500,147
1692482400,90
1692483300,97
1692484200,78
1692485100,85
1692486000,113
1692486900,99
1692487800,91
1692488700,82
1692489600,83
1692490500,118
1692491400,83
1692492300,99
1692493200,88
1692494100,83
1692495000,112
1692495900,87
1692496800,94
1692497700,86
1692498600,89
1692499500,130
1692500400,78
1692501300,90
1692502200,79
1692503100,84
1692504000,121
1692504900,112
1692505800,139
1692506700,131
1692507600,265
1692508500,992
1692509400,1199
1692510300,1129
1692511200,906
1692512100,629
1692513000,419
1692513900,742
1692514800,605
1692515700,640
1692516600,658
1692517500,727
1692518400,350
1692519300,224
1692520200,250
1692521100,212
1692522000,233
1692522900,203
1692523800,706
1692524700,671
1692525600,690
1692526500,259
1692527400,277
1692528300,303
1692529200,583
1692530100,490
1692531000,465
1692531900,283
1692532800,756
1692533700,412
1692534600,266
1692535500,258
1692536400,270
1692537300,281
1692538200,257
1692539100,245
1692540000,451
1692540900,663
1692541800,683
1692542700,664
1692543600,537
1692544500,574
1692545400,333
1692546300,109
1692547200,69
1692548100,67
1692549000,71
1692549900,91
1692550800,98
1692551700,68
1692552600,75
1692553500,213
1692554400,572
1692555300,545
1692556200,316
1692557100,384
1692558000,327
1692558900,378
1692559800,214
1692560700,578
1692561600,142
1692562500,306
1692563400,140
1692564300,594
1692565200,162
1692566100,70
1692567000,77
1692567900,116
1692568800,79
1692569700,77
1692570600,59
1692571500,91
1692572400,90
1692573300,92
1692574200,74
1692575100,76
1692576000,86
1692576900,97
1692577800,78
1692578700,81
1692579600,84
1692580500,96
1692581400,90
1692582300,86
1692583200,63
1692584100,94
1692585000,102
1692585900,96
1692586800,148
1692587700,237
1692588600,63
1692589500,78
1692590400,50
1692591300,48
1692592200,33
1692593100,45
1692594000,70
1692594900,56
1692595800,41
1692596700,34
1692597600,44
1692598500,63
1692599400,64
1692600300,53
1692601200,32
1692602100,52
1692603000,53
1692603900,63
1692604800,46
1692605700,48
1692606600,43
1692607500,64
1692608400,52
1692609300,35
1692610200,51
1692611100,57
1692612000,66
1692612900,56
1692613800,29
1692614700,51
1692615600,42
1692616500,85
1692617400,51
1692618300,39
1692619200,45
1692620100,38
1692621000,72
1692621900,51
1692622800,48
1692623700,52
1692624600,41
1692625500,78
1692626400,29
1692627300,53
1692628200,44
1692629100,67
1692630000,66
1692630900,37
1692631800,44
1692632700,35
1692633600,67
1692634500,74
1692635400,41
1692636300,59
1692637200,28
1692638100,76
1692639000,46
1692639900,58
1692640800,44
1692641700,46
1692642600,67
1692643500,48
1692644400,45
1692645300,30
1692646200,51
1692647100,78
1692648000,47
1692648900,51
1692649800,30
1692650700,51
1692651600,64
1692652500,69
1692653400,43
1692654300,42
1692655200,48
1692656100,63
1692657000,53
1692657900,45
1692658800,51
1692659700,55
1692660600,65
1692661500,53
1692662400,29
1692663300,50
1692664200,52
1692665100,83
1692666000,46
1692666900,35
1692667800,45
1692668700,47
1692669600,71
1692670500,49
1692671400,43
1692672300,49
1692673200,40
1692674100,78
1692675000,32
1692675900,57
1692676800,51
1692677700,60
1692678600,69
1692679500,34
1692680400,47
1692681300,39
1692682200,52
1692683100,84
1692684000,40
1692684900,49
1692685800,33
1692686700,62
1692687600,66
1692688500,36
1692689400,56
1692690300,44
1692691200,62
1692692100,63
1692693000,37
1692693900,51
1692694800,28
1692695700,73
1692696600,60
1692697500,47
1692698400,41
1692699300,39
1692700200,66
1692701100,52
1692702000,53
1692702900,51
1692703800,39
1692704700,70
1692705600,47
1692706500,50
1692707400,32
1692708300,57
1692709200,73
1692710100,56
1692711000,45
1692711900,35
1692712800,46
1692713700,66
1692714600,63
1692715500,56
1692716400,30
1692717300,51
1692718200,59
1692719100,60
1692720000,41
1692720900,46
1692721800,47
1692722700,62
1692723600,55
1692724500,40
1692725400,39
1692726300,54
1692727200,71
1692728100,68
1692729000,35
1692729900,44
1692730800,43
1692731700,66
1692732600,60
1692733500,43
1692734400,43
1692735300,48
1692736200,65
1692737100,56
1692738000,34
1692738900,58
1692739800,48
1692740700,69
1692741600,49
1692742500,32
1692743400,46
1692744300,51
1692745200,78
1692746100,54
1692747000,26
1692747900,47
1692748800,41
1692749700,74
1692750600,49
1692751500,45
1692752400,52
1692753300,43
1692754200,72
1692755100,48
1692756000,34
1692756900,48
1692757800,48
1692758700,85
1692759600,44
1692760500,39
1692761400,46
1692762300,39
1692763200,74
1692764100,51
1692765000,49
1692765900,50
1692766800,37
1692767700,78
1692768600,39
1692769500,40
1692770400,48
1692771300,42
1692772200,82
1692773100,35
1692774000,46
1692774900,41
1692775800,36
1692776700,77
1692777600,46
1692778500,56
1692779400,40
1692780300,40
1692781200,74
1692782100,41
1692783000,48
1692783900,44
1692784800,52
1692785700,77
1692786600,44
1692787500,48
1692788400,34
1692789300,46
1692790200,80
1692791100,56
1692792000,48
1692792900,32
1692793800,45
1692794700,73
1692795600,43
1692796500,55
1692797400,37
1692798300,44
1692799200,71
1692800100,46
1692801000,47
1692801900,31
1692802800,58
1692803700,76
1692804600,49
1692805500,46
1692806400,32
1692807300,46
1692808200,63
1692809100,61
1692810000,54
1692810900,31
1692811800,48
1692812700,57
1692813600,57
1692814500,45
1692815400,47
1692816300,51
1692817200,56
1692818100,62
1692819000,36
1692819900,41
1692820800,49
1692821700,63
1692822600,72
1692823500,30
1692824400,45
1692825300,44
1692826200,57
1692827100,69
1692828000,43
1692828900,47
1692829800,43
1692830700,54
1692831600,66
1692832500,31
1692833400,52
1692834300,48
1692835200,64
1692836100,64
1692837000,34
1692837900,46
1692838800,36
1692839700,61
1692840600,75
1692841500,40
1692842400,49
1692843300,30
1692844200,63
1692845100,60
1692846000,40
1692846900,53
1692847800,38
1692848700,54
1692849600,63
1692850500,40
1692851400,45
1692852300,34
1692853200,62
1692854100,66
1692855000,53
1692855900,35
1692856800,43
1692857700,49
1692858600,65
1692859500,48
1692860400,44
1692861300,52
1692862200,46
1692863100,65
1692864000,53
1692864900,29
1692865800,50
1692866700,46
1692867600,80
1692868500,46
1692869400,36
1692870300,44
1692871200,33
1692872100,80
1692873000,55
1692873900,37
1692874800,50
1692875700,28
1692876600,79
1692877500,41
1692878400,56
1692879300,47
1692880200,42
1692881100,71
1692882000,44
1692882900,46
1692883800,37
1692884700,52
1692885600,78
1692886500,48
1692887400,49
1692888300,30
1692889200,51
1692890100,56
1692891000,75
1692891900,42
1692892800,44
1692893700,43
1692894600,60
1692895500,60
1692896400,41
1692897300,55
1692898200,38
1692899100,56
1692900000,65
1692900900,32
1692901800,49
1692902700,36
1692903600,80
1692904500,54
1692905400,44
1692906300,44
1692907200,36
1692908100,65
1692909000,62
1692909900,57
1692910800,38
1692911700,42
1692912600,60
1692913500,60
1692914400,43
1692915300,49
1692916200,54
1692917100,47
1692918000,74
1692918900,29
1692919800,50
1692920700,30
1692921600,72
1692922500,69
1692923400,37
1692924300,40
1692925200,37
1692926100,55
1692927000,61
1692927900,53
1692928800,49
1692929700,40
1692930600,56
1692931500,59
1692932400,51
1692933300,29
1692934200,56
1692935100,51
1692936000,77
1692936900,44
1692937800,36
1692938700,43
1692939600,38
1692940500,78
1692941400,56
1692942300,41
1692943200,49
1692944100,31
1692945000,78
1692945900,39
1692946800,45
1692947700,52
1692948600,39
1692949500,70
1692950400,42
1692951300,45
1692952200,39
1692953100,40
1692954000,82
1692954900,51
1692955800,50
1692956700,28
1692957600,49
1692958500,60
1692959400,61
1692960300,50
1692961200,43
1692962100,44
1692963000,59
1692963900,56
1692964800,39
1692965700,46
1692966600,56
1692967500,57
1692968400,66
1692969300,27
1692970200,51
1692971100,32
1692972000,79
1692972900,65
1692973800,34
1692974700,43
1692975600,34
1692976500,69
1692977400,57
1692978300,55
1692979200,47
1692980100,37
1692981000,80
1692981900,45
1692982800,51
1692983700,38
1692984600,57
1692985500,57
1692986400,61
1692987300,44
1692988200,35
1692989100,45
1692990000,61
1692990900,72
1692991800,40
1692992700,40
1692993600,47
1692994500,47
1692995400,76
1692996300,40
1692997200,54
1692998100,35
1692999000,54
1692999900,62
1693000800,35
1693001700,52
1693002600,44
1693003500,60
1693004400,65
1693005300,38
1693006200,49
1693007100,30
1693008000,71
1693008900,65
1693009800,50
1693010700,34
1693011600,44
1693012500,56
1693013400,59
1693014300,54
1693015200,46
1693016100,45
1693017000,55
1693017900,62
1693018800,46
1693019700,31
1693020600,60
1693021500,52
1693022400,75
1693023300,34
1693024200,39
1693025100,38
1693026000,50
1693026900,77
1693027800,44
1693028700,47
1693029600,37
1693030500,53
1693031400,69
1693032300,31
1693033200,58
1693034100,39
1693035000,62
1693035900,60
1693036800,44
1693037700,40
1693038600,36
1693039500,64
1693040400,68
1693041300,45
1693042200,39
1693043100,37
1693044000,63
1693044900,55
1693045800,59
1693046700,36
1693047600,48
1693048500,50
1693049400,59
1693050300,41
1693051200,38
1693052100,52
1693053000,52
1693053900,70
1693054800,39
1693055700,37
1693056600,49
1693057500,47
1693058400,86
1693059300,32
1693060200,50
1693061100,37
1693062000,58
1693062900,67
1693063800,41
1693064700,56
1693065600,40
1693066500,56
1693067400,70
1693068300,35
1693069200,51
1693070100,37
1693071000,74
1693071900,55
1693072800,48
1693073700,38
1693074600,34
1693075500,56
1693076400,69
1693077300,53
1693078200,34
1693079100,43
1693080000,57
1693080900,59
1693081800,53
1693082700,39
1693083600,57
1693084500,45
1693085400,72
1693086300,38
1693087200,41
1693088100,46
1693089000,60
1693089900,77
1693090800,36
1693091700,43
1693092600,45
1693093500,48
1693094400,75
1693095300,39
1693096200,61
1693097100,30
1693098000,61
1693098900,65
1693099800,33
1693100700,42
1693101600,41
1693102500,67
1693103400,72
1693104300,36
1693105200,50
1693106100,28
1693107000,60
1693107900,62
1693108800,58
1693109700,45
1693110600,37
1693111500,54
1693112400,61
1693113300,44
1693114200,41
1693115100,45
1693116000,67
1693116900,58
1693117800,51
1693118700,28
1693119600,50
1693120500,44
1693121400,73
1693122300,57
1693123200,36
1693124100,46
1693125000,38
1693125900,64
1693126800,51
1693127700,33
1693128600,59
1693129500,36
1693130400,81
1693131300,43
1693132200,42
1693133100,43
1693134000,40
1693134900,83
1693135800,47
1693136700,44
1693137600,43
1693138500,38
1693139400,78
1693140300,37
1693141200,61
1693142100,35
1693143000,54
1693143900,65
1693144800,48
1693145700,44
1693146600,39
1693147500,59
1693148400,69
1693149300,48
1693150200,37
1693151100,34
1693152000,53
1693152900,63
1693153800,63
1693154700,34
1693155600,50
1693156500,41
1693157400,72
1693158300,47
1693159200,40
1693160100,56
1693161000,43
1693161900,73
1693162800,45
1693163700,37
1693164600,50
1693165500,41
1693166400,87
1693167300,36
1693168200,47
1693169100,40
1693170000,43
1693170900,76
1693171800,50
1693172700,52
1693173600,40
1693174500,43
1693175400,73
1693176300,34
1693177200,49
1693178100,42
1693179000,62
1693179900,66
1693180800,49
1693181700,45
1693182600,36
1693183500,47
1693184400,76
1693185300,59
1693186200,45
1693187100,34
1693188000,54
1693188900,58
1693189800,57
1693190700,39
1693191600,56
1693192500,42
1693193400,68
1693194300,53
1693195200,35
1693196100,46
1693197000,41
1693197900,81
1693198800,57
1693199700,34
1693200600,45
1693201500,25
1693202400,76
1693203300,44
1693204200,57
1693205100,45
1693206000,41
1693206900,70
1693207800,46
1693208700,44
1693209600,38
1693210500,52
1693211400,75
1693212300,48
1693213200,49
1693214100,28
1693215000,50
1693215900,61
1693216800,69
1693217700,48
1693218600,38
1693219500,44
1693220400,60
1693221300,57
1693222200,48
1693223100,48
1693224000,55
1693224900,56
1693225800,60
1693226700,26
1693227600,47
1693228500,41
1693229400,79
1693230300,57
1693231200,40
1693232100,46
1693233000,42
1693233900,70
1693234800,56
1693235700,51
1693236600,44
1693237500,36
1693238400,75
1693239300,41
1693240200,54
1693241100,42
1693242000,56
1693242900,59
1693243800,60
1693244700,40
1693245600,42
1693246500,48
1693247400,71
1693248300,60
1693249200,33
1693250100,47
1693251000,34
1693251900,64
1693252800,62
1693253700,45
1693254600,49
1693255500,31
1693256400,74
1693257300,49
1693258200,42
1693259100,51
1693260000,47
1693260900,69
1693261800,47
1693262700,48
1693263600,37
1693264500,42
1693265400,75
1693266300,60
1693267200,49
1693268100,31
1693269000,49
1693269900,55
1693270800,63
1693271700,48
1693272600,48
1693273500,45
1693274400,52
1693275300,65
1693276200,36
1693277100,37
1693278000,51
1693278900,59
1693279800,69
1693280700,34
1693281600,44
1693282500,43
1693283400,51
1693284300,73
1693285200,43
1693286100,51
1693287000,41
1693287900,53
1693288800,70
1693289700,31
1693290600,51
1693291500,40
1693292400,65
1693293300,68
1693294200,35
1693295100,48
1693296000,31
1693296900,55
1693297800,77
1693298700,50
1693299600,46
1693300500,32
1693301400,51
1693302300,58
1693303200,47
1693304100,48
1693305000,48
1693305900,55
1693306800,61
1693307700,49
1693308600,35
1693309500,45
1693310400,56
1693311300,77
1693312200,50
1693313100,33
1693314000,48
1693314900,41
1693315800,75
1693316700,57
1693317600,44
1693318500,50
1693319400,33
1693320300,77
1693321200,43
1693322100,42
1693323000,58
1693323900,41
1693324800,77
1693325700,41
1693326600,43
1693327500,39
1693328400,32
1693329300,87
1693330200,50
1693331100,49
1693332000,37
1693332900,41
1693333800,71
1693334700,44
1693335600,55
1693336500,48
1693337400,43
1693338300,67
1693339200,49
1693340100,48
1693341000,31
1693341900,56
1693342800,69
1693343700,61
1693344600,46
1693345500,33
1693346400,45
1693347300,54
1693348200,63
1693349100,57
1693350000,39
1693350900,48
1693351800,43
1693352700,66
1693353600,37
1693354500,40
1693355400,52
1693356300,56
1693357200,72
1693358100,40
1693359000,39
1693359900,49
1693360800,38
1693361700,80
1693362600,42
1693363500,55
1693364400,42
1693365300,40
1693366200,74
1693367100,39
1693368000,44
1693368900,44
1693369800,46
1693370700,86
1693371600,40
1693372500,46
1693373400,34
1693374300,45
1693375200,65
1693376100,52
1693377000,53
1693377900,34
1693378800,41
1693379700,65
1693380600,53
1693381500,47
1693382400,29
1693383300,59
1693384200,56
1693385100,71
1693386000,40
1693386900,39
1693387800,44
1693388700,47
1693389600,79
1693390500,47
1693391400,44
1693392300,47
1693393200,41
1693394100,80
1693395000,31
1693395900,57
1693396800,47
1693397700,51
1693398600,74
1693399500,39
1693400400,42
1693401300,38
1693402200,50
1693403100,80
1693404000,38
1693404900,53
1693405800,29
1693406700,50
1693407600,62
1693408500,59
1693409400,48
1693410300,45
1693411200,45
1693412100,60
1693413000,56
1693413900,38
1693414800,40
1693415700,57
1693416600,62
1693417500,65
1693418400,29
1693419300,50
1693420200,34
1693421100,63
1693422000,71
1693422900,46
1693423800,46
1693424700,35
1693425600,61
1693426500,64
1693427400,41
1693428300,42
1693429200,45
1693430100,63
1693431000,57
1693431900,50
1693432800,32
1693433700,44
1693434600,49
1693435500,74
1693436400,60
1693437300,36
1693438200,44
1693439100,44
1693440000,63
1693440900,58
1693441800,30
1693442700,60
1693443600,46
1693444500,66
1693445400,58
1693446300,35
1693447200,43
1693448100,41
1693449000,58
1693449900,79
1693450800,36
1693451700,49
1693452600,32
1693453500,54
1693454400,62
1693455300,37
1693456200,43
1693457100,44
1693458000,63
1693458900,67
1693459800,36
1693460700,48
1693461600,28
1693462500,52
1693463400,61
1693464300,59
1693465200,50
1693466100,36
1693467000,42
1693467900,61
1693468800,51
1693469700,46
1693470600,35
1693471500,58
1693472400,54
1693473300,65
1693474200,36
1693475100,40
1693476000,47
1693476900,50
1693477800,75
1693478700,40
1693479600,36
1693480500,47
1693481400,43
1693482300,75
1693483200,29
1693484100,55
1693485000,46
1693485900,50
1693486800,71
1693487700,36
1693488600,45
1693489500,36
1693490400,46
1693491300,86
1693492200,47
1693493100,48
1693494000,29
1693494900,50
1693495800,61
1693496700,55
1693497600,53
1693498500,44
1693499400,44
1693500300,58
1693501200,60
1693502100,41
1693503000,37
1693503900,49
1693504800,57
1693505700,71
1693506600,28
1693507500,50
1693508400,36
1693509300,59
1693510200,66
1693511100,46
1693512000,52
1693512900,34
1693513800,54
1693514700,72
1693515600,34
1693516500,51
1693517400,35
1693518300,64
1693519200,68
1693520100,47
1693521000,42
1693521900,39
1693522800,43
1693523700,64
1693524600,60
1693525500,56
1693526400,32
1693527300,50
1693528200,53
1693529100,57
1693530000,34
1693530900,42
1693531800,54
1693532700,61
1693533600,66
1693534500,36
1693535400,43
1693536300,43
1693537200,46
1693538100,74
1693539000,39
1693539900,56
1693540800,35
1693541700,50
1693542600,71
1693543500,35
1693544400,44
1693545300,35
1693546200,54
1693547100,82
1693548000,42
1693548900,47
1693549800,28
1693550700,48
1693551600,58
1693552500,62
1693553400,50
1693554300,38
1693555200,41
1693556100,51
1693557000,63
1693557900,40
1693558800,36
1693559700,57
1693560600,53
1693561500,73
1693562400,29
1693563300,47
1693564200,41
1693565100,47
1693566000,79
1693566900,44
1693567800,46
1693568700,37
1693569600,44
1693570500,74
1693571400,35
1693572300,65
1693573200,37
1693574100,53
1693575000,64
1693575900,53
1693576800,42
1693577700,37
1693578600,49
1693579500,66
1693580400,56
1693581300,41
1693582200,36
1693583100,50
1693584000,52
1693584900,66
1693585800,40
1693586700,54
1693587600,40
1693588500,57
1693589400,62
1693590300,35
1693591200,43
1693592100,49
1693593000,62
1693593900,70
1693594800,31
1693595700,50
1693596600,31
1693597500,57
1693598400,74
1693599300,48
1693600200,45
1693601100,35
1693602000,52
1693602900,71
1693603800,35
1693604700,49
1693605600,36
1693606500,58
1693607400,62
1693608300,50
1693609200,39
1693610100,37
1693611000,48
1693611900,73
1693612800,60
1693613700,42
1693614600,35
1693615500,51
1693616400,58
1693617300,58
1693618200,35
1693619100,57
1693620000,46
1693620900,63
1693621800,58
1693622700,33
1693623600,44
1693624500,38
1693625400,70
1693626300,71
1693627200,34
1693628100,51
1693629000,28
1693629900,62
1693630800,51
1693631700,43
1693632600,53
1693633500,42
1693634400,57
1693635300,56
1693636200,43
1693637100,42
1693638000,35
1693638900,68
1693639800,64
1693640700,51
1693641600,29
1693642500,47
1693643400,46
1693644300,66
1693645200,45
1693646100,43
1693647000,50
1693647900,45
1693648800,65
1693649700,52
1693650600,28
1693651500,49
1693652400,45
1693653300,85
1693654200,42
1693655100,35
1693656000,41
1693656900,26
1693657800,70
1693658700,56
1693659600,72
1693660500,56
1693661400,43
1693662300,89
1693663200,55
1693664100,60
1693665000,56
1693665900,57
1693666800,84
1693667700,60
1693668600,56
1693669500,43
1693670400,47
1693671300,81
1693672200,62
1693673100,61
1693674000,38
1693674900,52
1693675800,66
1693676700,60
1693677600,60
1693678500,49
1693679400,59
1693680300,59
1693681200,66
1693682100,31
1693683000,37
1693683900,40
1693684800,60
1693685700,95
1693686600,47
1693687500,57
1693688400,45
1693689300,68
1693690200,78
1693691100,53
1693692000,67
1693692900,44
1693693800,69
1693694700,69
1693695600,57
1693696500,42
1693697400,57
1693698300,70
1693699200,72
1693700100,56
1693701000,36
1693701900,60
1693702800,46
1693703700,79
1693704600,67
1693705500,44
1693706400,59
1693707300,37
1693708200,67
1693709100,42
1693710000,30
1693710900,49
1693711800,72
1693712700,94
1693713600,52
1693714500,50
1693715400,58
1693716300,38
1693717200,85
1693718100,61
1693719000,66
1693719900,46
1693720800,47
1693721700,86
1693722600,41
1693723500,59
1693724400,42
1693725300,62
1693726200,78
1693727100,51
1693728000,59
1693728900,35
1693729800,54
1693730700,61
1693731600,75
1693732500,59
1693733400,40
1693734300,41
1693735200,45
1693736100,65
1693737000,26
1693737900,56
1693738800,38
1693739700,67
1693740600,57
1693741500,42
1693742400,43
1693743300,35
1693744200,57
1693745100,69
1693746000,53
1693746900,37
1693747800,41
1693748700,54
1693749600,64
1693750500,49
1693751400,36
1693752300,62
1693753200,37
1693754100,80
1693755000,32
1693755900,45
1693756800,41
1693757700,45
1693758600,85
1693759500,42
1693760400,43
1693761300,35
1693762200,37
1693763100,78
1693764000,36
1693764900,57
1693765800,38
1693766700,50
1693767600,63
1693768500,52
1693769400,41
1693770300,35
1693771200,47
1693772100,72
1693773000,60
1693773900,45
1693774800,33
1693775700,51
1693776600,52
1693777500,64
1693778400,42
1693779300,53
1693780200,47
1693781100,52
1693782000,67
1693782900,34
1693783800,44
1693784700,41
1693785600,60
1693786500,77
1693787400,26
1693788300,48
1693789200,33
1693790100,58
1693791000,67
1693791900,38
1693792800,53
1693793700,44
1693794600,51
1693795500,68
1693796400,41
1693797300,47
1693798200,33
1693799100,53
1693800000,67
1693800900,65
1693801800,31
1693802700,47
1693803600,38
1693804500,66
1693805400,54
1693806300,34
1693807200,53
1693808100,42
1693809000,64
1693809900,58
1693810800,35
1693811700,43
1693812600,25
1693813500,65
1693814400,61
1693815300,57
1693816200,37
1693817100,40
1693818000,56
1693818900,58
1693819800,44
1693820700,37
1693821600,49
1693822500,63
1693823400,64
1693824300,51
1693825200,28
1693826100,49
1693827000,33
1693827900,79
1693828800,48
1693829700,53
1693830600,43
1693831500,35
1693832400,72
1693833300,44
1693834200,42
1693835100,43
1693836000,39
1693836900,88
1693837800,42
1693838700,49
1693839600,33
1693840500,46
1693841400,61
1693842300,53
1693843200,47
1693844100,94
1693845000,363
1693845900,893
1693846800,410
1693847700,573
1693848600,521
1693849500,931
1693850400,496
1693851300,479
1693852200,466
1693853100,567
1693854000,759
1693854900,504
1693855800,514
1693856700,689
1693857600,802
1693858500,325
1693859400,328
1693860300,375
1693861200,277
1693862100,275
1693863000,298
1693863900,311
1693864800,313
1693865700,250
1693866600,252
1693867500,110
1693868400,113
1693869300,114
1693870200,116
1693871100,105
1693872000,90
1693872900,117
1693873800,107
1693874700,132
1693875600,128
1693876500,90
1693877400,96
1693878300,95
1693879200,121
1693880100,77
1693881000,99
1693881900,80
1693882800,102
1693883700,127
1693884600,101
1693885500,94
1693886400,90
1693887300,93
1693888200,119
1693889100,134
1693890000,135
1693890900,120
1693891800,129
1693892700,119
1693893600,355
1693894500,313
1693895400,891
1693896300,766
1693897200,780
1693898100,794
1693899000,690
1693899900,284
1693900800,266
1693901700,252
1693902600,308
1693903500,238
1693904400,240
1693905300,381
1693906200,375
1693907100,618
1693908000,701
1693908900,342
1693909800,574
1693910700,677
1693911600,448
1693912500,981
1693913400,925
1693914300,849
1693915200,562
1693916100,378
1693917000,372
1693917900,367
1693918800,331
1693919700,400
1693920600,919
1693921500,864
1693922400,835
1693923300,459
1693924200,348
1693925100,328
1693926000,407
1693926900,337
1693927800,309
1693928700,395
1693929600,716
1693930500,1074
1693931400,873
1693932300,880
1693933200,716
1693934100,447
1693935000,425
1693935900,557
1693936800,485
1693937700,840
1693938600,997
1693939500,1103
1693940400,509
1693941300,454
1693942200,406
1693943100,411
1693944000,624
1693944900,708
1693945800,337
1693946700,173
1693947600,153
1693948500,140
1693949400,175
1693950300,132
1693951200,98
1693952100,113
1693953000,105
1693953900,123
1693954800,134
1693955700,96
1693956600,115
1693957500,95
1693958400,106
1693959300,130
1693960200,108
1693961100,121
1693962000,95
1693962900,100
1693963800,106
1693964700,110
1693965600,88
1693966500,97
1693967400,105
1693968300,107
1693969200,116
1693970100,111
1693971000,104
1693971900,96
1693972800,97
1693973700,163
1693974600,359
1693975500,191
1693976400,107
1693977300,100
1693978200,297
1693979100,146
1693980000,224
1693980900,158
1693981800,125
1693982700,157
1693983600,270
1693984500,592
1693985400,658
1693986300,707
1693987200,703
1693988100,618
1693989000,1243
1693989900,1214
1693990800,1213
1693991700,1489
1693992600,1466
1693993500,869
1693994400,767
1693995300,546
1693996200,258
1693997100,288
1693998000,264
1693998900,233
1693999800,642
1694000700,1154
1694001600,856
1694002500,824
1694003400,703
1694004300,369
1694005200,321
1694006100,747
1694007000,769
1694007900,778
1694008800,750
1694009700,744
1694010600,811
1694011500,630
1694012400,358
1694013300,247
1694014200,254
1694015100,255
1694016000,270
1694016900,257
1694017800,792
1694018700,1198
1694019600,872
1694020500,796
1694021400,815
1694022300,1132
1694023200,628
1694024100,634
1694025000,401
1694025900,954
1694026800,395
1694027700,351
1694028600,440
1694029500,406
1694030400,358
1694031300,281
1694032200,306
1694033100,297
1694034000,286
1694034900,189
1694035800,180
1694036700,142
1694037600,123
1694038500,125
1694039400,150
1694040300,151
1694041200,130
1694042100,125
1694043000,124
1694043900,134
1694044800,149
1694045700,121
1694046600,120
1694047500,126
1694048400,135
1694049300,175
1694050200,126
1694051100,99
1694052000,113
1694052900,104
1694053800,138
1694054700,130
1694055600,117
1694056500,127
1694057400,107
1694058300,131
1694059200,151
1694060100,372
1694061000,239
1694061900,233
1694062800,302
1694063700,268
1694064600,208
1694065500,181
1694066400,202
1694067300,200
1694068200,270
1694069100,255
1694070000,192
1694070900,168
1694071800,158
1694072700,187
1694073600,183
1694074500,176
1694075400,205
1694076300,154
1694077200,304
1694078100,728
1694079000,241
1694079900,174
1694080800,184
1694081700,209
1694082600,222
1694083500,191
1694084400,187
1694085300,210
1694086200,196
1694087100,211
1694088000,199
1694088900,184
1694089800,173
1694090700,186
1694091600,196
1694092500,200
1694093400,196
1694094300,185
1694095200,222
1694096100,184
1694097000,215
1694097900,182
1694098800,184
1694099700,189
1694100600,185
1694101500,220
1694102400,179
1694103300,175
1694104200,209
1694105100,193
1694106000,235
1694106900,216
1694107800,210
1694108700,261
1694109600,298
1694110500,318
1694111400,306
1694112300,288
1694113200,297
1694114100,301
1694115000,313
1694115900,316
1694116800,303
1694117700,244
1694118600,277
1694119500,298
1694120400,286
1694121300,258
1694122200,203
1694123100,107
1694124000,105
1694124900,135
1694125800,107
1694126700,79
1694127600,92
1694128500,92
1694129400,113
1694130300,140
1694131200,95
1694132100,102
1694133000,85
1694133900,107
1694134800,158
1694135700,140
1694136600,104
1694137500,104
1694138400,98
1694139300,128
1694140200,87
1694141100,109
1694142000,103
1694142900,155
1694143800,133
1694144700,144
1694145600,264
1694146500,103
1694147400,122
1694148300,160
1694149200,141
1694150100,135
1694151000,115
1694151900,136
1694152800,217
1694153700,572
1694154600,315
1694155500,212
1694156400,741
1694157300,358
1694158200,413
1694159100,378
1694160000,789
1694160900,335
1694161800,242
1694162700,280
1694163600,258
1694164500,246
1694165400,542
1694166300,354
1694167200,281
1694168100,280
1694169000,270
1694169900,305
1694170800,237
1694171700,204
1694172600,272
1694173500,254
1694174400,225
1694175300,259
1694176200,240
1694177100,281
1694178000,255
1694178900,265
1694179800,280
1694180700,297
1694181600,368
1694182500,363
1694183400,682
1694184300,513
1694185200,559
1694186100,391
1694187000,859
1694187900,372
1694188800,301
1694189700,324
1694190600,319
1694191500,339
1694192400,357
1694193300,303
1694194200,320
1694195100,318
1694196000,384
1694196900,358
1694197800,314
1694198700,303
1694199600,297
1694200500,333
1694201400,280
1694202300,292
1694203200,288
1694204100,248
1694205000,243
1694205900,192
1694206800,127
1694207700,104
1694208600,131
1694209500,138
1694210400,97
1694211300,103
1694212200,88
1694213100,114
1694214000,115
1694214900,119
1694215800,107
1694216700,90
1694217600,132
1694218500,98
1694219400,128
1694220300,87
1694221200,97
1694222100,110
1694223000,169
1694223900,137
1694224800,92
1694225700,105
1694226600,88
1694227500,95
1694228400,124
1694229300,101
1694230200,117
1694231100,106
1694232000,168
1694232900,239
1694233800,127
1694234700,131
1694235600,106
1694236500,184
1694237400,756
1694238300,612
1694239200,627
1694240100,690
1694241000,693
1694241900,679
1694242800,492
1694243700,221
1694244600,232
1694245500,243
1694246400,218
1694247300,272
1694248200,239
1694249100,204
1694250000,216
1694250900,210
1694251800,257
1694252700,246
1694253600,791
1694254500,327
1694255400,223
1694256300,241
1694257200,271
1694258100,236
1694259000,219
1694259900,206
1694260800,221
1694261700,417
1694262600,587
1694263500,452
1694264400,207
1694265300,444
1694266200,670
1694267100,195
1694268000,215
1694268900,135
1694269800,140
1694270700,158
1694271600,169
1694272500,126
1694273400,125
1694274300,131
1694275200,149
1694276100,148
1694277000,141
1694277900,125
1694278800,138
1694279700,145
1694280600,296
1694281500,296
1694282400,325
1694283300,336
1694284200,343
1694285100,350
1694286000,321
1694286900,330
1694287800,305
1694288700,311
1694289600,348
1694290500,299
1694291400,291
1694292300,216
1694293200,164
1694294100,125
1694295000,85
1694295900,109
1694296800,95
1694297700,109
1694298600,164
1694299500,98
1694300400,107
1694301300,86
1694302200,111
1694303100,125
1694304000,125
1694304900,96
1694305800,98
1694306700,102
1694307600,114
1694308500,118
1694309400,108
1694310300,130
1694311200,114
1694312100,102
1694313000,128
1694313900,88
1694314800,103
1694315700,95
1694316600,107
1694317500,133
1694318400,254
1694319300,109
1694320200,130
1694321100,123
1694322000,133
1694322900,92
1694323800,130
1694324700,111
1694325600,127
1694326500,583
1694327400,351
1694328300,170
1694329200,185
1694330100,208
1694331000,239
1694331900,236
1694332800,221
1694333700,186
1694334600,180
1694335500,210
1694336400,193
1694337300,192
1694338200,229
1694339100,453
1694340000,784
1694340900,889
1694341800,277
1694342700,207
1694343600,222
1694344500,221
1694345400,227
1694346300,225
1694347200,628
1694348100,401
1694349000,391
1694349900,333
1694350800,731
1694351700,605
1694352600,643
1694353500,674
1694354400,715
1694355300,483
1694356200,211
1694357100,469
1694358000,193
1694358900,202
1694359800,231
1694360700,200
1694361600,211
1694362500,202
1694363400,210
1694364300,313
1694365200,250
1694366100,255
1694367000,271
1694367900,293
1694368800,305
1694369700,375
1694370600,377
1694371500,352
1694372400,304
1694373300,292
1694374200,359
1694375100,321
1694376000,281
1694376900,253
1694377800,216
1694378700,192
1694379600,196
1694380500,100
1694381400,108
1694382300,87
1694383200,106
1694384100,139
1694385000,89
1694385900,108
1694386800,145
1694387700,101
1694388600,144
1694389500,105
1694390400,126
1694391300,95
1694392200,106
1694393100,129
1694394000,111
1694394900,117
1694395800,100
1694396700,108
1694397600,99
1694398500,116
1694399400,130
1694400300,87
1694401200,99
1694402100,112
1694403000,122
1694403900,119
1694404800,87
1694405700,185
1694406600,206
1694407500,176
1694408400,180
1694409300,150
1694410200,159
1694411100,181
1694412000,348
1694412900,871
1694413800,835
1694414700,747
1694415600,824
1694416500,816
1694417400,476
1694418300,192
1694419200,209
1694420100,168
1694421000,251
1694421900,180
1694422800,174
1694423700,153
1694424600,175
1694425500,193
1694426400,208
1694427300,452
1694428200,443
1694429100,763
1694430000,459
1694430900,255
1694431800,430
1694432700,703
1694433600,228
1694434500,231
1694435400,226
1694436300,228
1694437200,288
1694438100,198
1694439000,200
1694439900,203
1694440800,200
1694441700,224
1694442600,196
1694443500,204
1694444400,239
1694445300,256
1694446200,291
1694447100,275
1694448000,254
1694448900,287
1694449800,265
1694450700,297
1694451600,319
1694452500,318
1694453400,474
1694454300,297
1694455200,360
1694456100,350
1694457000,344
1694457900,311
1694458800,315
1694459700,355
1694460600,374
1694461500,393
1694462400,285
1694463300,277
1694464200,274
1694465100,278
1694466000,264
1694466900,236
1694467800,231
1694468700,217
1694469600,164
1694470500,135
1694471400,131
1694472300,110
1694473200,107
1694474100,99
1694475000,109
1694475900,145
1694476800,118
1694477700,105
1694478600,106
1694479500,103
1694480400,127
1694481300,126
1694482200,118
1694483100,111
1694484000,110
1694484900,112
1694485800,131
1694486700,97
1694487600,89
1694488500,91
1694489400,115
1694490300,122
1694491200,126
1694492100,90
1694493000,167
1694493900,177
1694494800,301
1694495700,167
1694496600,147
1694497500,240
1694498400,272
1694499300,600
1694500200,1112
1694501100,1202
1694502000,570
1694502900,314
1694503800,460
1694504700,297
1694505600,297
1694506500,346
1694507400,299
1694508300,281
1694509200,288
1694510100,293
1694511000,841
1694511900,486
1694512800,584
1694513700,503
1694514600,323
1694515500,737
1694516400,438
1694517300,271
1694518200,275
1694519100,294
1694520000,339
1694520900,270
1694521800,292
1694522700,268
1694523600,296
1694524500,309
1694525400,283
1694526300,277
1694527200,280
1694528100,290
1694529000,298
1694529900,310
1694530800,323
1694531700,274
1694532600,311
1694533500,403
1694534400,752
1694535300,718
1694536200,375
1694537100,524
1694538000,1482
1694538900,962
1694539800,826
1694540700,822
1694541600,928
1694542500,932
1694543400,697
1694544300,500
1694545200,441
1694546100,441
1694547000,447
1694547900,420
1694548800,426
1694549700,368
1694550600,364
1694551500,364
1694552400,319
1694553300,371
1694554200,356
1694555100,173
1694556000,115
1694556900,95
1694557800,117
1694558700,118
1694559600,122
1694560500,133
1694561400,102
1694562300,114
1694563200,134
1694564100,132
1694565000,113
1694565900,109
1694566800,112
1694567700,112
1694568600,145
1694569500,102
1694570400,111
1694571300,156
1694572200,158
1694573100,145
1694574000,121
1694574900,112
1694575800,121
1694576700,120
1694577600,147
1694578500,442
1694579400,567
1694580300,242
1694581200,714
1694582100,464
1694583000,319
1694583900,516
1694584800,634
1694585700,288
1694586600,308
1694587500,337
1694588400,811
1694589300,639
1694590200,781
1694591100,646
1694592000,701
1694592900,755
1694593800,732
1694594700,639
1694595600,565
1694596500,925
1694597400,1459
1694598300,688
1694599200,773
1694600100,644
1694601000,533
1694601900,261
1694602800,610
1694603700,500
1694604600,398
1694605500,256
1694606400,257
1694607300,285
1694608200,282
1694609100,250
1694610000,254
1694610900,249
1694611800,282
1694612700,323
1694613600,305
1694614500,318
1694615400,289
1694616300,288
1694617200,298
1694618100,273
1694619000,270
1694619900,272
1694620800,285
1694621700,310
1694622600,537
1694623500,554
1694624400,520
1694625300,376
1694626200,831
1694627100,630
1694628000,392
1694628900,456
1694629800,460
1694630700,403
1694631600,488
1694632500,477
1694633400,463
1694634300,445
1694635200,380
1694636100,370
1694637000,415
1694637900,361
1694638800,338
1694639700,338
1694640600,274
1694641500,235
1694642400,231
1694643300,101
1694644200,112
1694645100,134
1694646000,136
1694646900,141
1694647800,97
1694648700,113
1694649600,113
1694650500,111
1694651400,149
1694652300,121
1694653200,118
1694654100,114
1694655000,108
1694655900,119
1694656800,128
1694657700,109
1694658600,123
1694659500,115
1694660400,105
1694661300,140
1694662200,189
1694663100,192
1694664000,137
1694664900,262
1694665800,221
1694666700,255
1694667600,188
1694668500,205
1694669400,423
1694670300,721
1694671200,705
1694672100,374
1694673000,265
1694673900,297
1694674800,301
1694675700,298
1694676600,293
1694677500,251
1694678400,212
1694679300,225
1694680200,230
1694681100,263
1694682000,238
1694682900,238
1694683800,251
1694684700,251
1694685600,561
1694686500,626
1694687400,344
1694688300,345
1694689200,380
1694690100,758
1694691000,1246
1694691900,897
1694692800,779
1694693700,437
1694694600,846
1694695500,672
1694696400,602
1694697300,377
1694698200,842
1694699100,471
1694700000,327
1694700900,365
1694701800,584
1694702700,1154
1694703600,910
1694704500,735
1694705400,704
1694706300,365
1694707200,730
1694708100,816
1694709000,720
1694709900,344
1694710800,341
1694711700,568
1694712600,829
1694713500,803
1694714400,864
1694715300,843
1694716200,1157
1694717100,771
1694718000,530
1694718900,380
1694719800,381
1694720700,417
1694721600,407
1694722500,407
1694723400,356
1694724300,349
1694725200,329
1694726100,299
1694727000,281
1694727900,218
1694728800,175
1694729700,120
1694730600,141
1694731500,141
1694732400,100
1694733300,130
1694734200,99
1694735100,134
1694736000,134
1694736900,103
1694737800,132
1694738700,99
1694739600,141
1694740500,138
1694741400,108
1694742300,123
1694743200,88
1694744100,122
1694745000,105
1694745900,125
1694746800,103
1694747700,113
1694748600,119
1694749500,136
1694750400,143
1694751300,203
1694752200,395
1694753100,214
1694754000,270
1694754900,276
1694755800,250
1694756700,239
1694757600,227
1694758500,253
1694759400,254
1694760300,319
1694761200,222
1694762100,274
1694763000,222
1694763900,245
1694764800,236
1694765700,253
1694766600,213
1694767500,236
1694768400,212
1694769300,341
1694770200,265
1694771100,251
1694772000,154
1694772900,168
1694773800,158
1694774700,250
1694775600,184
1694776500,176
1694777400,161
1694778300,189
1694779200,200
1694780100,230
1694781000,187
1694781900,191
1694782800,184
1694783700,185
1694784600,219
1694785500,190
1694786400,197
1694787300,205
1694788200,220
1694789100,196
1694790000,214
1694790900,185
1694791800,290
1694792700,264
1694793600,228
1694794500,253
1694795400,289
1694796300,272
1694797200,281
1694798100,689
1694799000,879
1694799900,818
1694800800,652
1694801700,434
1694802600,417
1694803500,392
1694804400,411
1694805300,406
1694806200,381
1694807100,393
1694808000,383
1694808900,354
1694809800,372
1694810700,253
1694811600,271
1694812500,254
1694813400,276
1694814300,250
1694815200,112
1694816100,106
1694817000,105
1694817900,112
1694818800,114
1694819700,124
1694820600,118
1694821500,88
1694822400,109
1694823300,91
1694824200,131
1694825100,114
1694826000,105
1694826900,101
1694827800,91
1694828700,111
1694829600,122
1694830500,108
1694831400,102
1694832300,87
1694833200,281
1694834100,130
1694835000,143
1694835900,138
1694836800,234
1694837700,192
1694838600,218
1694839500,240
1694840400,394
1694841300,579
1694842200,453
1694843100,238
1694844000,646
1694844900,560
1694845800,276
1694846700,268
1694847600,295
1694848500,267
1694849400,325
1694850300,430
1694851200,587
1694852100,604
1694853000,997
1694853900,752
1694854800,611
1694855700,630
1694856600,621
1694857500,423
1694858400,525
1694859300,439
1694860200,309
1694861100,731
1694862000,332
1694862900,394
1694863800,288
1694864700,785
1694865600,373
1694866500,280
1694867400,289
1694868300,326
1694869200,352
1694870100,343
1694871000,277
1694871900,293
1694872800,227
1694873700,222
1694874600,216
1694875500,221
1694876400,210
1694877300,195
1694878200,219
1694879100,220
1694880000,283
1694880900,569
1694881800,328
1694882700,367
1694883600,345
1694884500,365
1694885400,355
1694886300,386
1694887200,320
1694888100,361
1694889000,497
1694889900,470
1694890800,439
1694891700,368
1694892600,401
1694893500,397
1694894400,393
1694895300,351
1694896200,321
1694897100,366
1694898000,318
1694898900,330
1694899800,285
1694900700,296
1694901600,288
1694902500,252
1694903400,166
1694904300,128
1694905200,127
1694906100,164
1694907000,134
1694907900,127
1694908800,164
1694909700,123
1694910600,133
1694911500,126
1694912400,116
1694913300,163
1694914200,108
1694915100,116
1694916000,104
1694916900,110
1694917800,142
1694918700,137
1694919600,277
1694920500,117
1694921400,141
1694922300,147
1694923200,311
1694924100,537
1694925000,1060
1694925900,728
1694926800,231
1694927700,236
1694928600,248
1694929500,248
1694930400,254
1694931300,247
1694932200,282
1694933100,293
1694934000,313
1694934900,322
1694935800,302
1694936700,296
1694937600,868
1694938500,1318
1694939400,973
1694940300,359
1694941200,640
1694942100,696
1694943000,336
1694943900,537
1694944800,969
1694945700,1351
1694946600,589
1694947500,547
1694948400,470
1694949300,325
1694950200,268
1694951100,273
1694952000,288
1694952900,260
1694953800,310
1694954700,309
1694955600,280
1694956500,301
1694957400,305
1694958300,389
1694959200,386
1694960100,334
1694961000,340
1694961900,374
1694962800,382
1694963700,366
1694964600,355
1694965500,323
1694966400,309
1694967300,334
1694968200,290
1694969100,306
1694970000,308
1694970900,647
1694971800,547
1694972700,353
1694973600,360
1694974500,349
1694975400,364
1694976300,365
1694977200,376
1694978100,308
1694979000,298
1694979900,314
1694980800,299
1694981700,322
1694982600,261
1694983500,95
1694984400,89
1694985300,81
1694986200,188
1694987100,150
1694988000,113
1694988900,119
1694989800,91
1694990700,101
1694991600,158
1694992500,152
1694993400,110
1694994300,107
1694995200,123
1694996100,115
1694997000,119
1694997900,157
1694998800,117
1694999700,103
1695000600,105
1695001500,124
1695002400,109
1695003300,126
1695004200,148
1695005100,103
1695006000,120
1695006900,125
1695007800,110
1695008700,117
1695009600,255
1695010500,403
1695011400,259
1695012300,257
1695013200,183
1695014100,174
1695015000,163
1695015900,184
1695016800,243
1695017700,227
1695018600,243
1695019500,164
1695020400,133
1695021300,169
1695022200,133
1695023100,140
1695024000,122
1695024900,154
1695025800,170
1695026700,184
1695027600,158
1695028500,177
1695029400,540
1695030300,374
1695031200,613
1695032100,316
1695033000,627
1695033900,439
1695034800,171
1695035700,196
1695036600,181
1695037500,177
1695038400,180
1695039300,162
1695040200,186
1695041100,195
1695042000,196
1695042900,200
1695043800,214
1695044700,178
1695045600,187
1695046500,193
1695047400,179
1695048300,186
1695049200,179
1695050100,204
1695051000,229
1695051900,188
1695052800,187
1695053700,176
1695054600,205
1695055500,192
1695056400,176
1695057300,482
1695058200,350
1695059100,999
1695060000,808
1695060900,803
1695061800,487
1695062700,497
1695063600,468
1695064500,827
1695065400,323
1695066300,263
1695067200,276
1695068100,267
1695069000,251
1695069900,281
1695070800,265
1695071700,170
1695072600,65
1695073500,82
1695074400,75
1695075300,119
1695076200,99
1695077100,94
1695078000,92
1695078900,82
1695079800,117
1695080700,96
1695081600,93
1695082500,81
1695083400,93
1695084300,101
1695085200,124
1695086100,104
1695087000,81
1695087900,98
1695088800,77
1695089700,124
1695090600,88
1695091500,91
1695092400,83
1695093300,81
1695094200,109
1695095100,114
1695096000,136
1695096900,94
1695097800,139
1695098700,228
1695099600,258
1695100500,170
1695101400,142
1695102300,243
1695103200,748
1695104100,1074
1695105000,1046
1695105900,932
1695106800,877
1695107700,599
1695108600,534
1695109500,524
1695110400,192
1695111300,443
1695112200,926
1695113100,1190
1695114000,1150
1695114900,947
1695115800,197
1695116700,355
1695117600,695
1695118500,233
1695119400,185
1695120300,123
1695121200,124
1695122100,215
1695123000,154
1695123900,161
1695124800,147
1695125700,135
1695126600,130
1695127500,132
1695128400,170
1695129300,178
1695130200,143
1695131100,151
1695132000,151
1695132900,125
1695133800,179
1695134700,139
1695135600,142
1695136500,155
1695137400,136
1695138300,173
1695139200,150
1695140100,151
1695141000,137
1695141900,180
1695142800,169
1695143700,178
1695144600,208
1695145500,345
1695146400,307
1695147300,294
1695148200,342
1695149100,303
1695150000,381
1695150900,304
1695151800,294
1695152700,351
1695153600,420
1695154500,793
1695155400,564
1695156300,350
1695157200,617
1695158100,670
1695159000,308
1695159900,252
1695160800,119
1695161700,79
1695162600,113
1695163500,104
1695164400,81
1695165300,91
1695166200,83
1695167100,105
1695168000,132
1695168900,152
1695169800,102
1695170700,84
1695171600,101
1695172500,102
1695173400,101
1695174300,119
1695175200,123
1695176100,107
1695177000,120
1695177900,117
1695178800,78
1695179700,93
1695180600,150
1695181500,109
1695182400,157
1695183300,580
1695184200,287
1695185100,197
1695186000,220
1695186900,244
1695187800,249
1695188700,240
1695189600,244
1695190500,247
1695191400,249
1695192300,537
1695193200,605
1695194100,603
1695195000,729
1695195900,649
1695196800,759
1695197700,723
1695198600,741
1695199500,1039
1695200400,1144
1695201300,1746
1695202200,1811
1695203100,964
1695204000,573
1695204900,914
1695205800,349
1695206700,356
1695207600,364
1695208500,216
1695209400,162
1695210300,176
1695211200,167
1695212100,182
1695213000,172
1695213900,205
1695214800,202
1695215700,189
1695216600,177
1695217500,187
1695218400,192
1695219300,508
1695220200,623
1695221100,959
1695222000,779
1695222900,711
1695223800,710
1695224700,682
1695225600,656
1695226500,669
1695227400,697
1695228300,500
1695229200,229
1695230100,232
1695231000,656
1695231900,737
1695232800,824
1695233700,787
1695234600,421
1695235500,305
1695236400,285
1695237300,286
1695238200,294
1695239100,295
1695240000,273
1695240900,251
1695241800,214
1695242700,209
1695243600,123
1695244500,70
1695245400,93
1695246300,80
1695247200,85
1695248100,119
1695249000,84
1695249900,100
1695250800,84
1695251700,86
1695252600,115
1695253500,95
1695254400,97
1695255300,77
1695256200,95
1695257100,97
1695258000,132
1695258900,94
1695259800,85
1695260700,103
1695261600,84
1695262500,117
1695263400,94
1695264300,87
1695265200,94
1695266100,91
1695267000,128
1695267900,142
1695268800,269
1695269700,427
1695270600,237
1695271500,228
1695272400,243
1695273300,419
1695274200,609
1695275100,470
1695276000,255
1695276900,659
1695277800,541
1695278700,225
1695279600,284
1695280500,234
1695281400,278
1695282300,294
1695283200,224
1695284100,322
1695285000,356
1695285900,299
1695286800,332
1695287700,386
1695288600,286
1695289500,177
1695290400,203
1695291300,182
1695292200,191
1695293100,164
1695294000,232
1695294900,420
1695295800,176
1695296700,222
1695297600,159
1695298500,153
1695299400,148
1695300300,327
1695301200,209
1695302100,184
1695303000,230
1695303900,337
1695304800,245
1695305700,435
1695306600,655
1695307500,546
1695308400,257
1695309300,492
1695310200,576
1695311100,172
1695312000,207
1695312900,214
1695313800,284
1695314700,240
1695315600,208
1695316500,320
1695317400,1073
1695318300,1172
1695319200,710
1695320100,319
1695321000,346
1695321900,365
1695322800,301
1695323700,303
1695324600,309
1695325500,286
1695326400,297
1695327300,255
1695328200,323
1695329100,264
1695330000,216
1695330900,92
1695331800,93
1695332700,88
1695333600,84
1695334500,120
1695335400,89
1695336300,96
1695337200,85
1695338100,106
1695339000,114
1695339900,115
1695340800,120
1695341700,106
1695342600,137
1695343500,111
1695344400,117
1695345300,95
1695346200,111
1695347100,124
1695348000,132
1695348900,114
1695349800,111
1695350700,127
1695351600,301
1695352500,122
1695353400,123
1695354300,162
1695355200,181
1695356100,757
1695357000,1100
1695357900,807
1695358800,690
1695359700,704
1695360600,455
1695361500,748
1695362400,528
1695363300,292
1695364200,580
1695365100,782
1695366000,712
1695366900,887
1695367800,851
1695368700,759
1695369600,592
1695370500,298
1695371400,430
1695372300,672
1695373200,683
1695374100,672
1695375000,529
1695375900,554
1695376800,555
1695377700,490
1695378600,200
1695379500,219
1695380400,222
1695381300,200
1695382200,207
1695383100,229
1695384000,221
1695384900,232
1695385800,178
1695386700,159
1695387600,153
1695388500,197
1695389400,208
1695390300,205
1695391200,289
1695392100,223
1695393000,255
1695393900,216
1695394800,231
1695395700,212
1695396600,256
1695397500,216
1695398400,269
1695399300,291
1695400200,281
1695401100,289
1695402000,279
1695402900,429
1695403800,402
1695404700,394
1695405600,363
1695406500,390
1695407400,425
1695408300,412
1695409200,390
1695410100,351
1695411000,340
1695411900,341
1695412800,355
1695413700,396
1695414600,347
1695415500,270
1695416400,282
1695417300,603
1695418200,438
1695419100,453
1695420000,221
1695420900,527
1695421800,398
1695422700,116
1695423600,112
1695424500,107
1695425400,119
1695426300,138
1695427200,102
1695428100,128
1695429000,109
1695429900,122
1695430800,113
1695431700,90
1695432600,104
1695433500,110
1695434400,154
1695435300,111
1695436200,127
1695437100,253
1695438000,146
1695438900,150
1695439800,139
1695440700,156
1695441600,200
1695442500,474
1695443400,536
1695444300,322
1695445200,221
1695446100,225
1695447000,278
1695447900,256
1695448800,284
1695449700,221
1695450600,245
1695451500,333
1695452400,972
1695453300,822
1695454200,649
1695455100,329
1695456000,316
1695456900,260
1695457800,222
1695458700,188
1695459600,204
1695460500,227
1695461400,556
1695462300,386
1695463200,441
1695464100,880
1695465000,549
1695465900,254
1695466800,654
1695467700,484
1695468600,255
1695469500,224
1695470400,214
1695471300,184
1695472200,230
1695473100,194
1695474000,185
1695474900,212
1695475800,203
1695476700,234
1695477600,182
1695478500,200
1695479400,224
1695480300,218
1695481200,207
1695482100,453
1695483000,1007
1695483900,586
1695484800,414
1695485700,202
1695486600,637
1695487500,619
1695488400,714
1695489300,592
1695490200,292
1695491100,264
1695492000,301
1695492900,325
1695493800,344
1695494700,313
1695495600,291
1695496500,305
1695497400,301
1695498300,284
1695499200,281
1695500100,276
1695501000,242
1695501900,420
1695502800,525
1695503700,382
1695504600,144
1695505500,419
1695506400,512
1695507300,96
1695508200,129
1695509100,127
1695510000,140
1695510900,122
1695511800,113
1695512700,116
1695513600,123
1695514500,127
1695515400,105
1695516300,115
1695517200,112
1695518100,157
1695519000,109
1695519900,110
1695520800,112
1695521700,113
1695522600,137
1695523500,90
1695524400,290
1695525300,113
1695526200,168
1695527100,186
1695528000,181
1695528900,381
1695529800,237
1695530700,317
1695531600,213
1695532500,222
1695533400,223
1695534300,250
1695535200,238
1695536100,205
1695537000,213
1695537900,215
1695538800,311
1695539700,845
1695540600,763
1695541500,220
1695542400,427
1695543300,579
1695544200,166
1695545100,181
1695546000,341
1695546900,293
1695547800,477
1695548700,612
1695549600,488
1695550500,384
1695551400,729
1695552300,191
1695553200,204
1695554100,400
1695555000,527
1695555900,445
1695556800,226
1695557700,433
1695558600,618
1695559500,204
1695560400,188
1695561300,205
1695562200,230
1695563100,210
1695564000,227
1695564900,199
1695565800,178
1695566700,186
1695567600,199
1695568500,204
1695569400,354
1695570300,228
1695571200,338
1695572100,191
1695573000,314
1695573900,311
1695574800,388
1695575700,430
1695576600,553
1695577500,1127
1695578400,1090
1695579300,883
1695580200,911
1695581100,892
1695582000,794
1695582900,696
1695583800,394
1695584700,367
1695585600,317
1695586500,238
1695587400,252
1695588300,239
1695589200,279
1695590100,171
1695591000,89
1695591900,142
1695592800,141
1695593700,169
1695594600,125
1695595500,118
1695596400,98
1695597300,165
1695598200,161
1695599100,125
1695600000,113
1695600900,140
1695601800,146
1695602700,111
1695603600,166
1695604500,116
1695605400,153
1695606300,120
1695607200,131
1695608100,117
1695609000,126
1695609900,214
1695610800,296
1695611700,144
1695612600,142
1695613500,170
1695614400,232
1695615300,371
1695616200,262
1695617100,279
1695618000,235
1695618900,205
1695619800,224
1695620700,208
1695621600,242
1695622500,239
1695623400,404
1695624300,235
1695625200,159
1695626100,455
1695627000,1082
1695627900,829
1695628800,1187
1695629700,629
1695630600,294
1695631500,485
1695632400,624
1695633300,247
1695634200,765
1695635100,1136
1695636000,1032
1695636900,783
1695637800,319
1695638700,199
1695639600,423
1695640500,216
1695641400,220
1695642300,212
1695643200,204
1695644100,166
1695645000,161
1695645900,192
1695646800,200
1695647700,237
1695648600,190
1695649500,241
1695650400,242
1695651300,258
1695652200,249
1695653100,265
1695654000,245
1695654900,219
1695655800,285
1695656700,294
1695657600,429
1695658500,267
1695659400,279
1695660300,370
1695661200,355
1695662100,396
1695663000,407
1695663900,395
1695664800,374
1695665700,367
1695666600,340
1695667500,408
1695668400,398
1695669300,378
1695670200,345
1695671100,308
1695672000,256
1695672900,273
1695673800,261
1695674700,213
1695675600,197
1695676500,108
1695677400,124
1695678300,102
1695679200,93
1695680100,108
1695681000,114
1695681900,125
1695682800,95
1695683700,118
1695684600,100
1695685500,137
1695686400,109
1695687300,96
1695688200,104
1695689100,99
1695690000,146
1695690900,90
1695691800,105
1695692700,119
1695693600,125
1695694500,125
1695695400,95
1695696300,122
1695697200,89
1695698100,129
1695699000,99
1695699900,120
1695700800,152
1695701700,349
1695702600,439
1695703500,592
1695704400,554
1695705300,435
1695706200,252
1695707100,491
1695708000,531
1695708900,153
1695709800,180
1695710700,266
1695711600,243
1695712500,228
1695713400,204
1695714300,213
1695715200,227
1695716100,225
1695717000,198
1695717900,213
1695718800,223
1695719700,250
1695720600,217
1695721500,264
1695722400,496
1695723300,308
1695724200,220
1695725100,202
1695726000,208
1695726900,206
1695727800,218
1695728700,218
1695729600,462
1695730500,659
1695731400,553
1695732300,229
1695733200,266
1695734100,144
1695735000,177
1695735900,155
1695736800,153
1695737700,124
1695738600,131
1695739500,122
1695740400,151
1695741300,138
1695742200,134
1695743100,140
1695744000,132
1695744900,166
1695745800,122
1695746700,146
1695747600,165
1695748500,336
1695749400,306
1695750300,313
1695751200,376
1695752100,374
1695753000,430
1695753900,373
1695754800,360
1695755700,366
1695756600,395
1695757500,410
1695758400,373
1695759300,359
1695760200,256
1695761100,268
1695762000,284
1695762900,148
1695763800,111
1695764700,119
1695765600,120
1695766500,145
1695767400,115
1695768300,114
1695769200,112
1695770100,123
1695771000,144
1695771900,103
1695772800,114
1695773700,99
1695774600,140
1695775500,136
1695776400,110
1695777300,118
1695778200,112
1695779100,150
1695780000,103
1695780900,105
1695781800,118
1695782700,125
1695783600,122
1695784500,122
1695785400,140
1695786300,114
1695787200,142
1695788100,589
1695789000,363
1695789900,591
1695790800,493
1695791700,279
1695792600,627
1695793500,1315
1695794400,696
1695795300,709
1695796200,596
1695797100,618
1695798000,624
1695798900,793
1695799800,1402
1695800700,1353
1695801600,806
1695802500,652
1695803400,666
1695804300,698
1695805200,635
1695806100,1171
1695807000,1044
1695807900,1083
1695808800,909
1695809700,819
1695810600,787
1695811500,342
1695812400,501
1695813300,472
1695814200,419
1695815100,238
1695816000,522
1695816900,604
1695817800,211
1695818700,214
1695819600,221
1695820500,225
1695821400,260
1695822300,221
1695823200,234
1695824100,209
1695825000,242
1695825900,223
1695826800,222
1695827700,224
1695828600,212
1695829500,250
1695830400,336
1695831300,243
1695832200,202
1695833100,311
1695834000,311
1695834900,266
1695835800,385
1695836700,354
1695837600,375
1695838500,450
1695839400,429
1695840300,355
1695841200,354
1695842100,355
1695843000,408
1695843900,365
1695844800,270
1695845700,124
1695846600,146
1695847500,123
1695848400,113
1695849300,117
1695850200,121
1695851100,160
1695852000,120
1695852900,116
1695853800,117
1695854700,128
1695855600,141
1695856500,101
1695857400,124
1695858300,109
1695859200,160
1695860100,121
1695861000,122
1695861900,149
1695862800,143
1695863700,151
1695864600,105
1695865500,115
1695866400,107
1695867300,140
1695868200,213
1695869100,135
1695870000,120
1695870900,123
1695871800,158
1695872700,130
1695873600,242
1695874500,442
1695875400,254
1695876300,317
1695877200,243
1695878100,232
1695879000,216
1695879900,372
1695880800,295
1695881700,281
1695882600,282
1695883500,441
1695884400,282
1695885300,213
1695886200,229
1695887100,263
1695888000,226
1695888900,250
1695889800,245
1695890700,231
1695891600,207
1695892500,203
1695893400,236
1695894300,217
1695895200,229
1695896100,356
1695897000,1057
1695897900,1099
1695898800,412
1695899700,383
1695900600,408
1695901500,271
1695902400,258
1695903300,540
1695904200,486
1695905100,439
1695906000,257
1695906900,696
1695907800,453
1695908700,235
1695909600,258
1695910500,255
1695911400,277
1695912300,225
1695913200,312
1695914100,326
1695915000,299
1695915900,275
1695916800,325
1695917700,395
1695918600,371
1695919500,439
1695920400,421
1695921300,468
1695922200,374
1695923100,361
1695924000,373
1695924900,345
1695925800,370
1695926700,373
1695927600,359
1695928500,345
1695929400,284
1695930300,266
1695931200,288
1695932100,287
1695933000,289
1695933900,297
1695934800,252
1695935700,250
1695936600,141
1695937500,118
1695938400,91
1695939300,126
1695940200,110
1695941100,105
1695942000,102
1695942900,96
1695943800,125
1695944700,87
1695945600,100
1695946500,86
1695947400,115
1695948300,114
1695949200,124
1695950100,156
1695951000,100
1695951900,139
1695952800,97
1695953700,102
1695954600,83
1695955500,112
1695956400,275
1695957300,112
1695958200,113
1695959100,149
1695960000,185
1695960900,257
1695961800,177
1695962700,234
1695963600,179
1695964500,185
1695965400,212
1695966300,241
1695967200,221
1695968100,222
1695969000,256
1695969900,290
1695970800,196
1695971700,235
1695972600,257
1695973500,271
1695974400,368
1695975300,249
1695976200,235
1695977100,344
1695978000,262
1695978900,309
1695979800,485
1695980700,721
1695981600,594
1695982500,429
1695983400,571
1695984300,706
1695985200,348
1695986100,552
1695987000,577
1695987900,289
1695988800,294
1695989700,284
1695990600,258
1695991500,296
1695992400,317
1695993300,347
1695994200,313
1695995100,329
1695996000,342
1695996900,409
1695997800,378
1695998700,347
1695999600,430
1696000500,400
1696001400,437
1696002300,399
1696003200,465
1696004100,825
1696005000,501
1696005900,959
1696006800,629
1696007700,460
1696008600,680
1696009500,922
1696010400,457
1696011300,406
1696012200,365
1696013100,417
1696014000,379
1696014900,372
1696015800,373
1696016700,391
1696017600,345
1696018500,348
1696019400,304
1696020300,310
1696021200,332
1696022100,309
1696023000,254
1696023900,175
1696024800,166
1696025700,156
1696026600,154
1696027500,132
1696028400,117
1696029300,172
1696030200,143
1696031100,146
1696032000,130
1696032900,190
1696033800,165
1696034700,138
1696035600,141
1696036500,114
1696037400,151
1696038300,142
1696039200,138
1696040100,163
1696041000,167
1696041900,170
1696042800,324
1696043700,139
1696044600,172
1696045500,236
1696046400,253
1696047300,338
1696048200,210
1696049100,252
1696050000,238
1696050900,233
1696051800,213
1696052700,257
1696053600,269
1696054500,617
1696055400,791
1696056300,714
1696057200,724
1696058100,851
1696059000,542
1696059900,298
1696060800,266
1696061700,282
1696062600,968
1696063500,797
1696064400,536
1696065300,522
1696066200,370
1696067100,342
1696068000,402
1696068900,275
1696069800,412
1696070700,607
1696071600,643
1696072500,516
1696073400,340
1696074300,603
1696075200,644
1696076100,256
1696077000,613
1696077900,665
1696078800,744
1696079700,744
1696080600,722
1696081500,770
1696082400,753
1696083300,718
1696084200,413
1696085100,232
1696086000,241
1696086900,294
1696087800,262
1696088700,289
1696089600,255
1696090500,286
1696091400,283
1696092300,256
1696093200,350
1696094100,302
1696095000,359
1696095900,358
1696096800,367
1696097700,389
1696098600,410
1696099500,403
1696100400,371
1696101300,398
1696102200,364
1696103100,383
1696104000,495
1696104900,334
1696105800,287
1696106700,293
1696107600,242
1696108500,162
1696109400,88
1696110300,126
1696111200,103
1696112100,151
1696113000,104
1696113900,106
1696114800,113
1696115700,108
1696116600,140
1696117500,100
1696118400,114
1696119300,88
1696120200,121
1696121100,98
1696122000,115
1696122900,94
1696123800,101
1696124700,126
1696125600,112
1696126500,112
1696127400,93
1696128300,111
1696129200,288
1696130100,127
1696131000,132
1696131900,169
1696132800,203
1696133700,329
1696134600,204
1696135500,244
1696136400,186
1696137300,178
1696138200,209
1696139100,644
1696140000,395
1696140900,324
1696141800,454
1696142700,712
1696143600,272
1696144500,210
1696145400,246
1696146300,343
1696147200,277
1696148100,298
1696149000,296
1696149900,414
1696150800,358
1696151700,442
1696152600,789
1696153500,538
1696154400,536
1696155300,614
1696156200,558
1696157100,189
1696158000,226
1696158900,206
1696159800,179
1696160700,169
1696161600,152
1696162500,217
1696163400,222
1696164300,202
1696165200,194
1696166100,215
1696167000,264
1696167900,232
1696168800,224
1696169700,210
1696170600,234
1696171500,232
1696172400,356
1696173300,306
1696174200,346
1696175100,341
1696176000,361
1696176900,357
1696177800,316
1696178700,316
1696179600,555
1696180500,872
1696181400,905
1696182300,737
1696183200,713
1696184100,599
1696185000,323
1696185900,602
1696186800,770
1696187700,335
1696188600,362
1696189500,316
1696190400,261
1696191300,225
1696192200,227
1696193100,241
1696194000,227
1696194900,220
1696195800,213
1696196700,245
1696197600,200
1696198500,103
1696199400,83
1696200300,115
1696201200,114
1696202100,122
1696203000,81
1696203900,102
1696204800,89
1696205700,127
1696206600,96
1696207500,92
1696208400,101
1696209300,122
1696210200,149
1696211100,93
1696212000,110
1696212900,100
1696213800,120
1696214700,135
1696215600,106
1696216500,112
1696217400,312
1696218300,658
1696219200,409
1696220100,436
1696221000,363
1696221900,346
1696222800,358
1696223700,303
1696224600,348
1696225500,296
1696226400,319
1696227300,233
1696228200,154
1696229100,133
1696230000,184
1696230900,153
1696231800,157
1696232700,148
1696233600,138
1696234500,152
1696235400,187
1696236300,175
1696237200,155
1696238100,155
1696239000,278
1696239900,348
1696240800,212
1696241700,213
1696242600,565
1696243500,666
1696244400,724
1696245300,567
1696246200,396
1696247100,351
1696248000,751
1696248900,228
1696249800,263
1696250700,233
1696251600,268
1696252500,353
1696253400,319
1696254300,277
1696255200,284
1696256100,268
1696257000,300
1696257900,274
1696258800,253
1696259700,237
1696260600,251
1696261500,261
1696262400,250
1696263300,260
1696264200,305
1696265100,333
1696266000,279
1696266900,304
1696267800,290
1696268700,294
1696269600,315
1696270500,777
1696271400,323
1696272300,382
1696273200,379
1696274100,336
1696275000,315
1696275900,231
1696276800,192
1696277700,200
1696278600,162
1696279500,103
1696280400,119
1696281300,137
1696282200,114
1696283100,118
1696284000,126
1696284900,134
1696285800,145
1696286700,112
1696287600,120
1696288500,114
1696289400,116
1696290300,127
1696291200,98
1696292100,123
1696293000,112
1696293900,140
1696294800,118
1696295700,108
1696296600,116
1696297500,103
1696298400,149
1696299300,103
1696300200,128
1696301100,109
1696302000,127
1696302900,127
1696303800,123
1696304700,124
1696305600,126
1696306500,142
1696307400,176
1696308300,193
1696309200,170
1696310100,280
1696311000,408
1696311900,205
1696312800,199
1696313700,171
1696314600,542
1696315500,1092
1696316400,487
1696317300,252
1696318200,247
1696319100,200
1696320000,233
1696320900,240
1696321800,718
1696322700,333
1696323600,330
1696324500,1103
1696325400,1244
1696326300,486
1696327200,193
1696328100,253
1696329000,242
1696329900,281
1696330800,249
1696331700,220
1696332600,188
1696333500,209
1696334400,230
1696335300,444
1696336200,492
1696337100,410
1696338000,622
1696338900,1219
1696339800,883
1696340700,203
1696341600,227
1696342500,204
1696343400,220
1696344300,188
1696345200,239
1696346100,324
1696347000,245
1696347900,207
1696348800,195
1696349700,173
1696350600,210
1696351500,261
1696352400,317
1696353300,323
1696354200,294
1696355100,339
1696356000,360
1696356900,454
1696357800,440
1696358700,496
1696359600,498
1696360500,508
1696361400,474
1696362300,488
1696363200,410
1696364100,452
1696365000,445
1696365900,426
1696366800,334
1696367700,331
1696368600,307
1696369500,257
1696370400,631
1696371300,225
1696372200,322
1696373100,128
1696374000,639
1696374900,212
1696375800,105
1696376700,121
1696377600,109
1696378500,119
1696379400,88
1696380300,105
1696381200,115
1696382100,117
1696383000,85
1696383900,106
1696384800,95
1696385700,144
1696386600,97
1696387500,106
1696388400,103
1696389300,176
1696390200,147
1696391100,120
1696392000,134
1696392900,305
1696393800,483
1696394700,246
1696395600,279
1696396500,279
1696397400,339
1696398300,556
1696399200,866
1696400100,715
1696401000,735
1696401900,1011
1696402800,1313
1696403700,628
1696404600,307
1696405500,294
1696406400,294
1696407300,309
1696408200,269
1696409100,337
1696410000,1421
1696410900,1355
1696411800,794
1696412700,1000
1696413600,1267
1696414500,558
1696415400,882
1696416300,320
1696417200,221
1696418100,188
1696419000,196
1696419900,235
1696420800,217
1696421700,243
1696422600,224
1696423500,217
1696424400,250
1696425300,211
1696426200,217
1696427100,207
1696428000,230
1696428900,243
1696429800,230
1696430700,741
1696431600,1171
1696432500,830
1696433400,422
1696434300,414
1696435200,373
1696436100,543
1696437000,375
1696437900,346
1696438800,356
1696439700,727
1696440600,1171
1696441500,1436
1696442400,973
1696443300,655
1696444200,428
1696445100,909
1696446000,465
1696446900,318
1696447800,283
1696448700,292
1696449600,249
1696450500,230
1696451400,128
1696452300,97
1696453200,115
1696454100,107
1696455000,142
1696455900,128
1696456800,123
1696457700,107
1696458600,115
1696459500,132
1696460400,122
1696461300,108
1696462200,107
1696463100,113
1696464000,129
1696464900,110
1696465800,83
1696466700,100
1696467600,81
1696468500,133
1696469400,84
1696470300,102
1696471200,83
1696472100,114
1696473000,119
1696473900,107
1696474800,81
1696475700,100
1696476600,97
1696477500,184
1696478400,312
1696479300,297
1696480200,166
1696481100,243
1696482000,200
1696482900,246
1696483800,223
1696484700,455
1696485600,605
1696486500,509
1696487400,284
1696488300,1050
1696489200,1268
1696490100,915
1696491000,284
1696491900,197
1696492800,194
1696493700,198
1696494600,370
1696495500,496
1696496400,651
1696497300,647
1696498200,628
1696499100,674
1696500000,858
1696500900,723
1696501800,443
1696502700,724
1696503600,244
1696504500,489
1696505400,231
1696506300,274
1696507200,278
1696508100,224
1696509000,192
1696509900,297
1696510800,854
1696511700,1133
1696512600,829
1696513500,734
1696514400,760
1696515300,732
1696516200,745
1696517100,731
1696518000,572
1696518900,267
1696519800,285
1696520700,263
1696521600,278
1696522500,285
1696523400,618
1696524300,398
1696525200,697
1696526100,992
1696527000,621
1696527900,519
1696528800,764
1696529700,874
1696530600,356
1696531500,349
1696532400,276
1696533300,290
1696534200,291
1696535100,316
1696536000,299
1696536900,181
1696537800,96
1696538700,112
1696539600,118
1696540500,95
1696541400,102
1696542300,97
1696543200,125
1696544100,118
1696545000,100
1696545900,91
1696546800,101
1696547700,109
1696548600,127
1696549500,96
1696550400,112
1696551300,101
1696552200,112
1696553100,105
1696554000,91
1696554900,98
1696555800,82
1696556700,123
1696557600,92
1696558500,109
1696559400,89
1696560300,281
1696561200,113
1696562100,123
1696563000,109
1696563900,197
1696564800,431
1696565700,1271
1696566600,949
1696567500,765
1696568400,692
1696569300,681
1696570200,723
1696571100,663
1696572000,660
1696572900,345
1696573800,227
1696574700,246
1696575600,230
1696576500,219
1696577400,272
1696578300,204
1696579200,180
1696580100,151
1696581000,168
1696581900,789
1696582800,217
1696583700,594
1696584600,629
1696585500,657
1696586400,498
1696587300,348
1696588200,563
1696589100,272
1696590000,567
1696590900,1054
1696591800,727
1696592700,697
1696593600,325
1696594500,202
1696595400,189
1696596300,214
1696597200,235
1696598100,184
1696599000,185
1696599900,171
1696600800,170
1696601700,187
1696602600,182
1696603500,205
1696604400,176
1696605300,715
1696606200,955
1696607100,601
1696608000,489
1696608900,340
1696609800,837
1696610700,377
1696611600,350
1696612500,348
1696613400,359
1696614300,361
1696615200,401
1696616100,343
1696617000,329
1696617900,329
1696618800,312
1696619700,276
1696620600,254
1696621500,260
1696622400,255
1696623300,252
1696624200,205
1696625100,208
1696626000,180
1696626900,227
1696627800,121
1696628700,92
1696629600,75
1696630500,94
1696631400,72
1696632300,117
1696633200,76
1696634100,134
1696635000,113
1696635900,93
1696636800,133
1696637700,90
1696638600,99
1696639500,99
1696640400,119
1696641300,150
1696642200,150
1696643100,99
1696644000,116
1696644900,113
1696645800,135
1696646700,196
1696647600,187
1696648500,87
1696649400,140
1696650300,156
1696651200,250
1696652100,1044
1696653000,1044
1696653900,761
1696654800,728
1696655700,703
1696656600,689
1696657500,632
1696658400,641
1696659300,354
1696660200,229
1696661100,218
1696662000,199
1696662900,240
1696663800,194
1696664700,182
1696665600,258
1696666500,728
1696667400,364
1696668300,270
1696669200,285
1696670100,784
1696671000,536
1696671900,473
1696672800,462
1696673700,946
1696674600,568
1696675500,337
1696676400,229
1696677300,189
1696678200,161
1696679100,109
1696680000,183
1696680900,154
1696681800,163
1696682700,150
1696683600,154
1696684500,174
1696685400,162
1696686300,175
1696687200,147
1696688100,336
1696689000,216
1696689900,172
1696690800,151
1696691700,365
1696692600,605
1696693500,434
1696694400,493
1696695300,352
1696696200,807
1696697100,334
1696698000,474
1696698900,745
1696699800,391
1696700700,375
1696701600,409
1696702500,419
1696703400,405
1696704300,371
1696705200,385
1696706100,365
1696707000,359
1696707900,370
1696708800,344
1696709700,274
1696710600,265
1696711500,227
1696712400,218
1696713300,87
1696714200,86
1696715100,101
1696716000,86
1696716900,75
1696717800,93
1696718700,117
1696719600,130
1696720500,110
1696721400,87
1696722300,95
1696723200,97
1696724100,126
1696725000,83
1696725900,102
1696726800,95
1696727700,123
1696728600,99
1696729500,96
1696730400,87
1696731300,87
1696732200,107
1696733100,324
1696734000,167
1696734900,118
1696735800,106
1696736700,182
1696737600,265
1696738500,440
1696739400,168
1696740300,217
1696741200,200
1696742100,158
1696743000,163
1696743900,164
1696744800,201
1696745700,134
1696746600,118
1696747500,116
1696748400,146
1696749300,142
1696750200,142
1696751100,110
1696752000,153
1696752900,388
1696753800,558
1696754700,448
1696755600,266
1696756500,420
1696757400,905
1696758300,683
1696759200,581
1696760100,716
1696761000,471
1696761900,241
1696762800,183
1696763700,194
1696764600,182
1696765500,220
1696766400,257
1696767300,214
1696768200,203
1696769100,214
1696770000,223
1696770900,206
1696771800,216
1696772700,227
1696773600,221
1696774500,244
1696775400,255
1696776300,232
1696777200,239
1696778100,219
1696779000,210
1696779900,250
1696780800,267
1696781700,288
1696782600,275
1696783500,266
1696784400,733
1696785300,774
1696786200,1153
1696787100,935
1696788000,356
1696788900,379
1696789800,338
1696790700,357
1696791600,342
1696792500,341
1696793400,357
1696794300,356
1696795200,494
1696796100,600
1696797000,366
1696797900,195
1696798800,600
1696799700,337
1696800600,135
1696801500,149
1696802400,210
1696803300,151
1696804200,149
1696805100,141
1696806000,130
1696806900,143
1696807800,199
1696808700,141
1696809600,152
1696810500,136
1696811400,167
1696812300,145
1696813200,126
1696814100,182
1696815000,124
1696815900,149
1696816800,144
1696817700,132
1696818600,124
1696819500,263
1696820400,260
1696821300,187
1696822200,172
1696823100,207
1696824000,507
1696824900,1052
1696825800,1065
1696826700,771
1696827600,704
1696828500,705
1696829400,514
1696830300,265
1696831200,260
1696832100,243
1696833000,287
1696833900,246
1696834800,292
1696835700,266
1696836600,338
1696837500,1065
1696838400,727
1696839300,741
1696840200,662
1696841100,659
1696842000,545
1696842900,618
1696843800,644
1696844700,397
1696845600,272
1696846500,406
1696847400,573
1696848300,667
1696849200,349
1696850100,287
1696851000,314
1696851900,734
1696852800,721
1696853700,676
1696854600,496
1696855500,232
1696856400,252
1696857300,243
1696858200,274
1696859100,234
1696860000,233
1696860900,231
1696861800,382
1696862700,315
1696863600,231
1696864500,369
1696865400,257
1696866300,294
1696867200,332
1696868100,300
1696869000,259
1696869900,279
1696870800,276
1696871700,310
1696872600,318
1696873500,352
1696874400,528
1696875300,658
1696876200,393
1696877100,350
1696878000,342
1696878900,383
1696879800,369
1696880700,392
1696881600,325
1696882500,271
1696883400,266
1696884300,254
1696885200,208
1696886100,140
1696887000,144
1696887900,169
1696888800,172
1696889700,167
1696890600,177
1696891500,131
1696892400,132
1696893300,127
1696894200,195
1696895100,166
1696896000,133
1696896900,138
1696897800,121
1696898700,134
1696899600,176
1696900500,170
1696901400,136
1696902300,149
1696903200,127
1696904100,164
1696905000,111
1696905900,175
1696906800,132
1696907700,133
1696908600,162
1696909500,139
1696910400,133
1696911300,150
1696912200,278
1696913100,280
1696914000,239
1696914900,211
1696915800,200
1696916700,200
1696917600,937
1696918500,444
1696919400,747
1696920300,442
1696921200,376
1696922100,456
1696923000,863
1696923900,329
1696924800,228
1696925700,229
1696926600,240
1696927500,405
1696928400,561
1696929300,326
1696930200,656
1696931100,548
1696932000,301
1696932900,347
1696933800,336
1696934700,286
1696935600,265
1696936500,466
1696937400,1166
1696938300,1323
1696939200,1054
1696940100,901
1696941000,1125
1696941900,1004
1696942800,333
1696943700,375
1696944600,414
1696945500,378
1696946400,347
1696947300,494
1696948200,321
1696949100,353
1696950000,355
1696950900,397
1696951800,941
1696952700,675
1696953600,764
1696954500,766
1696955400,692
1696956300,703
1696957200,726
1696958100,759
1696959000,1523
1696959900,1411
1696960800,516
1696961700,374
1696962600,368
1696963500,386
1696964400,392
1696965300,361
1696966200,348
1696967100,241
1696968000,162
1696968900,109
1696969800,100
1696970700,117
1696971600,96
1696972500,124
1696973400,97
1696974300,100
1696975200,81
1696976100,99
1696977000,118
1696977900,115
1696978800,81
1696979700,110
1696980600,79
1696981500,129
1696982400,88
1696983300,96
1696984200,104
1696985100,103
1696986000,124
1696986900,96
1696987800,94
1696988700,94
1696989600,95
1696990500,113
1696991400,100
1696992300,103
1696993200,104
1696994100,82
1696995000,120
1696995900,94
1696996800,143
1696997700,941
1696998600,696
1696999500,694
1697000400,703
1697001300,276
1697002200,225
1697003100,243
1697004000,256
1697004900,252
1697005800,252
1697006700,299
1697007600,289
1697008500,338
1697009400,306
1697010300,286
1697011200,310
1697012100,648
1697013000,648
1697013900,1119
1697014800,813
1697015700,1391
1697016600,1232
1697017500,1233
1697018400,511
1697019300,398
1697020200,297
1697021100,276
1697022000,293
1697022900,270
1697023800,281
1697024700,207
1697025600,211
1697026500,206
1697027400,201
1697028300,199
1697029200,192
1697030100,191
1697031000,203
1697031900,159
1697032800,163
1697033700,151
1697034600,136
1697035500,214
1697036400,138
1697037300,157
1697038200,231
1697039100,278
1697040000,272
1697040900,353
1697041800,279
1697042700,276
1697043600,643
1697044500,827
1697045400,805
1697046300,1062
1697047200,653
1697048100,555
1697049000,362
1697049900,912
1697050800,448
1697051700,314
1697052600,352
1697053500,295
1697054400,266
1697055300,254
1697056200,317
1697057100,234
1697058000,216
1697058900,161
1697059800,112
1697060700,117
1697061600,100
1697062500,121
1697063400,103
1697064300,111
1697065200,80
1697066100,110
1697067000,102
1697067900,135
1697068800,104
1697069700,105
1697070600,96
1697071500,123
1697072400,113
1697073300,109
1697074200,88
1697075100,88
1697076000,93
1697076900,120
1697077800,98
1697078700,110
1697079600,91
1697080500,96
1697081400,142
1697082300,111
1697083200,643
1697084100,577
1697085000,620
1697085900,713
1697086800,481
1697087700,183
1697088600,200
1697089500,159
1697090400,227
1697091300,282
1697092200,807
1697093100,427
1697094000,396
1697094900,344
1697095800,815
1697096700,353
1697097600,365
1697098500,327
1697099400,295
1697100300,590
1697101200,1072
1697102100,1009
1697103000,793
1697103900,721
1697104800,743
1697105700,1006
1697106600,729
1697107500,333
1697108400,325
1697109300,203
1697110200,228
1697111100,233
1697112000,179
1697112900,186
1697113800,227
1697114700,242
1697115600,277
1697116500,267
1697117400,255
1697118300,255
1697119200,288
1697120100,287
1697121000,246
1697121900,273
1697122800,260
1697123700,251
1697124600,249
1697125500,294
1697126400,296
1697127300,486
1697128200,545
1697129100,545
1697130000,423
1697130900,852
1697131800,567
1697132700,489
1697133600,405
1697134500,424
1697135400,387
1697136300,344
1697137200,377
1697138100,374
1697139000,254
1697139900,252
1697140800,255
1697141700,257
1697142600,127
1697143500,119
1697144400,97
1697145300,117
1697146200,123
1697147100,128
1697148000,86
1697148900,105
1697149800,123
1697150700,167
1697151600,120
1697152500,127
1697153400,125
1697154300,139
1697155200,85
1697156100,131
1697157000,154
1697157900,113
1697158800,125
1697159700,109
1697160600,87
1697161500,104
1697162400,187
1697163300,143
1697164200,97
1697165100,286
1697166000,117
1697166900,159
1697167800,161
1697168700,164
1697169600,217
1697170500,962
1697171400,641
1697172300,679
1697173200,669
1697174100,359
1697175000,268
1697175900,175
1697176800,186
1697177700,239
1697178600,243
1697179500,268
1697180400,254
1697181300,236
1697182200,214
1697183100,568
1697184000,1151
1697184900,886
1697185800,773
1697186700,599
1697187600,325
1697188500,292
1697189400,309
1697190300,299
1697191200,280
1697192100,278
1697193000,849
1697193900,853
1697194800,380
1697195700,247
1697196600,184
1697197500,639
1697198400,625
1697199300,681
1697200200,654
1697201100,247
1697202000,192
1697202900,177
1697203800,188
1697204700,236
1697205600,170
1697206500,159
1697207400,195
1697208300,177
1697209200,165
1697210100,394
1697211000,406
1697211900,869
1697212800,423
1697213700,375
1697214600,386
1697215500,830
1697216400,684
1697217300,508
1697218200,353
1697219100,362
1697220000,384
1697220900,354
1697221800,350
1697222700,411
1697223600,356
1697224500,380
1697225400,355
1697226300,350
1697227200,294
1697228100,281
1697229000,313
1697229900,254
1697230800,131
1697231700,132
1697232600,153
1697233500,122
1697234400,127
1697235300,145
1697236200,128
1697237100,143
1697238000,131
1697238900,127
1697239800,114
1697240700,134
1697241600,146
1697242500,128
1697243400,130
1697244300,147
1697245200,141
1697246100,114
1697247000,110
1697247900,116
1697248800,103
1697249700,128
1697250600,126
1697251500,321
1697252400,246
1697253300,146
1697254200,162
1697255100,123
1697256000,210
1697256900,902
1697257800,1120
1697258700,845
1697259600,708
1697260500,343
1697261400,219
1697262300,248
1697263200,212
1697264100,219
1697265000,223
1697265900,412
1697266800,604
1697267700,310
1697268600,290
1697269500,277
1697270400,696
1697271300,691
1697272200,708
1697273100,234
1697274000,236
1697274900,778
1697275800,603
1697276700,492
1697277600,673
1697278500,1195
1697279400,760
1697280300,535
1697281200,346
1697282100,792
1697283000,346
1697283900,243
1697284800,285
1697285700,236
1697286600,385
1697287500,1002
1697288400,898
1697289300,311
1697290200,279
1697291100,380
1697292000,317
1697292900,311
1697293800,478
1697294700,258
1697295600,275
1697296500,390
1697297400,398
1697298300,507
1697299200,806
1697300100,842
1697301000,850
1697301900,866
1697302800,905
1697303700,921
1697304600,863
1697305500,823
1697306400,534
1697307300,361
1697308200,422
1697309100,367
1697310000,317
1697310900,284
1697311800,281
1697312700,340
1697313600,260
1697314500,172
1697315400,122
1697316300,130
1697317200,139
1697318100,108
1697319000,133
1697319900,154
1697320800,141
1697321700,137
1697322600,132
1697323500,118
1697324400,107
1697325300,148
1697326200,120
1697327100,134
1697328000,108
1697328900,126
1697329800,126
1697330700,125
1697331600,131
1697332500,101
1697333400,95
1697334300,119
1697335200,130
1697336100,102
1697337000,105
1697337900,290
1697338800,147
1697339700,113
1697340600,155
1697341500,166
1697342400,324
1697343300,375
1697344200,517
1697345100,532
1697346000,496
1697346900,354
1697347800,728
1697348700,674
1697349600,370
1697350500,322
1697351400,340
1697352300,372
1697353200,304
1697354100,237
1697355000,392
1697355900,244
1697356800,505
1697357700,430
1697358600,479
1697359500,349
1697360400,717
1697361300,477
1697362200,515
1697363100,365
1697364000,349
1697364900,421
1697365800,661
1697366700,349
1697367600,738
1697368500,378
1697369400,505
1697370300,314
1697371200,905
1697372100,467
1697373000,309
1697373900,275
1697374800,263
1697375700,296
1697376600,390
1697377500,331
1697378400,347
1697379300,291
1697380200,308
1697381100,328
1697382000,462
1697382900,481
1697383800,719
1697384700,463
1697385600,602
1697386500,513
1697387400,918
1697388300,376
1697389200,363
1697390100,384
1697391000,396
1697391900,380
1697392800,377
1697393700,459
1697394600,340
1697395500,295
1697396400,297
1697397300,288
1697398200,327
1697399100,235
1697400000,125
1697400900,165
1697401800,117
1697402700,145
1697403600,145
1697404500,158
1697405400,113
1697406300,126
1697407200,150
1697408100,124
1697409000,120
1697409900,117
1697410800,163
1697411700,139
1697412600,126
1697413500,132
1697414400,128
1697415300,144
1697416200,113
1697417100,134
1697418000,121
1697418900,110
1697419800,147
1697420700,133
1697421600,123
1697422500,120
1697423400,135
1697424300,297
1697425200,124
1697426100,112
1697427000,147
1697427900,162
1697428800,203
1697429700,907
1697430600,1192
1697431500,785
1697432400,681
1697433300,229
1697434200,265
1697435100,718
1697436000,406
1697436900,279
1697437800,280
1697438700,745
1697439600,323
1697440500,235
1697441400,236
1697442300,247
1697443200,214
1697444100,220
1697445000,420
1697445900,295
1697446800,258
1697447700,253
1697448600,279
1697449500,289
1697450400,311
1697451300,263
1697452200,296
1697453100,443
1697454000,303
1697454900,227
1697455800,223
1697456700,233
1697457600,233
1697458500,275
1697459400,214
1697460300,218
1697461200,228
1697462100,241
1697463000,238
1697463900,234
1697464800,298
1697465700,317
1697466600,328
1697467500,287
1697468400,309
1697469300,286
1697470200,310
1697471100,589
1697472000,700
1697472900,584
1697473800,866
1697474700,590
1697475600,277
1697476500,266
1697477400,308
1697478300,372
1697479200,371
1697480100,383
1697481000,351
1697481900,339
1697482800,348
1697483700,302
1697484600,344
1697485500,321
1697486400,279
1697487300,209
1697488200,189
1697489100,114
1697490000,106
1697490900,126
1697491800,133
1697492700,97
1697493600,113
1697494500,115
1697495400,109
1697496300,129
1697497200,123
1697498100,109
1697499000,112
1697499900,119
1697500800,134
1697501700,98
1697502600,113
1697503500,115
1697504400,106
1697505300,128
1697506200,118
1697507100,109
1697508000,113
1697508900,109
1697509800,174
1697510700,103
1697511600,106
1697512500,111
1697513400,112
1697514300,125
1697515200,110
1697516100,168
1697517000,249
1697517900,275
1697518800,317
1697519700,693
1697520600,1342
1697521500,813
1697522400,610
1697523300,306
1697524200,322
1697525100,350
1697526000,787
1697526900,560
1697527800,554
1697528700,362
1697529600,829
1697530500,413
1697531400,278
1697532300,323
1697533200,674
1697534100,654
1697535000,426
1697535900,297
1697536800,308
1697537700,397
1697538600,274
1697539500,261
1697540400,245
1697541300,311
1697542200,221
1697543100,243
1697544000,259
1697544900,256
1697545800,1065
1697546700,953
1697547600,832
1697548500,792
1697549400,373
1697550300,328
1697551200,264
1697552100,252
1697553000,255
1697553900,1037
1697554800,507
1697555700,284
1697556600,368
1697557500,847
1697558400,758
1697559300,855
1697560200,973
1697561100,1262
1697562000,1041
1697562900,743
1697563800,485
1697564700,379
1697565600,360
1697566500,380
1697567400,640
1697568300,753
1697569200,569
1697570100,291
1697571000,272
1697571900,269
1697572800,250
1697573700,213
1697574600,155
1697575500,146
1697576400,139
1697577300,139
1697578200,113
1697579100,118
1697580000,98
1697580900,106
1697581800,121
1697582700,106
1697583600,99
1697584500,104
1697585400,134
1697586300,124
1697587200,99
1697588100,113
1697589000,104
1697589900,99
1697590800,129
1697591700,117
1697592600,101
1697593500,101
1697594400,143
1697595300,138
1697596200,100
1697597100,97
1697598000,120
1697598900,96
1697599800,128
1697600700,128
1697601600,179
1697602500,524
1697603400,244
1697604300,250
1697605200,201
1697606100,237
1697607000,802
1697607900,636
1697608800,705
1697609700,633
1697610600,471
1697611500,496
1697612400,512
1697613300,468
1697614200,366
1697615100,401
1697616000,409
1697616900,422
1697617800,666
1697618700,1759
1697619600,2114
1697620500,1884
1697621400,1081
1697622300,1336
1697623200,1287
1697624100,921
1697625000,850
1697625900,507
1697626800,338
1697627700,237
1697628600,251
1697629500,206
1697630400,180
1697631300,354
1697632200,224
1697633100,201
1697634000,216
1697634900,247
1697635800,679
1697636700,406
1697637600,403
1697638500,385
1697639400,821
1697640300,377
1697641200,265
1697642100,282
1697643000,256
1697643900,257
1697644800,339
1697645700,351
1697646600,331
1697647500,300
1697648400,696
1697649300,956
1697650200,885
1697651100,828
1697652000,513
1697652900,354
1697653800,355
1697654700,344
1697655600,309
1697656500,295
1697657400,301
1697658300,247
1697659200,213
1697660100,257
1697661000,210
1697661900,134
1697662800,178
1697663700,150
1697664600,129
1697665500,114
1697666400,136
1697667300,148
1697668200,117
1697669100,133
1697670000,130
1697670900,122
1697671800,149
1697672700,145
1697673600,104
1697674500,103
1697675400,114
1697676300,142
1697677200,116
1697678100,111
1697679000,126
1697679900,122
1697680800,138
1697681700,146
1697682600,114
1697683500,108
1697684400,109
1697685300,147
1697686200,144
1697687100,166
1697688000,597
1697688900,286
1697689800,196
1697690700,230
1697691600,284
1697692500,187
1697693400,122
1697694300,148
1697695200,132
1697696100,121
1697697000,165
1697697900,199
1697698800,205
1697699700,183
1697700600,194
1697701500,549
1697702400,438
1697703300,449
1697704200,580
1697705100,649
1697706000,916
1697706900,858
1697707800,605
1697708700,441
1697709600,263
1697710500,271
1697711400,208
1697712300,230
1697713200,480
1697714100,236
1697715000,210
1697715900,233
1697716800,207
1697717700,201
1697718600,187
1697719500,242
1697720400,746
1697721300,880
1697722200,1340
1697723100,1001
1697724000,1024
1697724900,359
1697725800,315
1697726700,285
1697727600,284
1697728500,318
1697729400,286
1697730300,847
1697731200,1059
1697732100,562
1697733000,736
1697733900,451
1697734800,401
1697735700,364
1697736600,378
1697737500,454
1697738400,461
1697739300,407
1697740200,429
1697741100,443
1697742000,395
1697742900,356
1697743800,359
1697744700,388
1697745600,562
1697746500,273
1697747400,364
1697748300,137
1697749200,635
1697750100,329
1697751000,141
1697751900,121
1697752800,105
1697753700,151
1697754600,112
1697755500,103
1697756400,119
1697757300,122
1697758200,131
1697759100,115
1697760000,124
1697760900,125
1697761800,118
1697762700,124
1697763600,147
1697764500,103
1697765400,112
1697766300,114
1697767200,124
1697768100,124
1697769000,107
1697769900,139
1697770800,133
1697771700,259
1697772600,173
1697773500,196
1697774400,365
1697775300,341
1697776200,208
1697777100,377
1697778000,317
1697778900,207
1697779800,183
1697780700,153
1697781600,176
1697782500,163
1697783400,155
1697784300,146
1697785200,163
1697786100,200
1697787000,162
1697787900,223
1697788800,164
1697789700,172
1697790600,176
1697791500,161
1697792400,160
1697793300,138
1697794200,141
1697795100,166
1697796000,203
1697796900,320
1697797800,583
1697798700,541
1697799600,806
1697800500,487
1697801400,411
1697802300,572
1697803200,1116
1697804100,546
1697805000,457
1697805900,274
1697806800,215
1697807700,197
1697808600,210
1697809500,189
1697810400,159
1697811300,190
1697812200,176
1697813100,169
1697814000,185
1697814900,242
1697815800,215
1697816700,253
1697817600,524
1697818500,716
1697819400,600
1697820300,361
1697821200,625
1697822100,820
1697823000,389
1697823900,400
1697824800,412
1697825700,395
1697826600,381
1697827500,406
1697828400,400
1697829300,398
1697830200,411
1697831100,415
1697832000,415
1697832900,331
1697833800,315
1697834700,381
1697835600,362
1697836500,315
1697837400,329
1697838300,157
1697839200,111
1697840100,115
1697841000,129
1697841900,142
1697842800,116
1697843700,134
1697844600,126
1697845500,126
1697846400,131
1697847300,144
1697848200,108
1697849100,113
1697850000,128
1697850900,129
1697851800,127
1697852700,118
1697853600,129
1697854500,125
1697855400,126
1697856300,276
1697857200,168
1697858100,119
1697859000,130
1697859900,191
1697860800,399
1697861700,374
1697862600,234
1697863500,244
1697864400,175
1697865300,180
1697866200,232
1697867100,226
1697868000,243
1697868900,278
1697869800,327
1697870700,291
1697871600,279
1697872500,236
1697873400,220
1697874300,211
1697875200,216
1697876100,317
1697877000,197
1697877900,190
1697878800,363
1697879700,856
1697880600,1264
1697881500,897
1697882400,641
1697883300,402
1697884200,223
1697885100,200
1697886000,231
1697886900,207
1697887800,210
1697888700,232
1697889600,452
1697890500,630
1697891400,430
1697892300,218
1697893200,479
1697894100,616
1697895000,187
1697895900,203
1697896800,163
1697897700,201
1697898600,273
1697899500,230
1697900400,245
1697901300,280
1697902200,258
1697903100,276
1697904000,279
1697904900,334
1697905800,304
1697906700,368
1697907600,925
1697908500,517
1697909400,364
1697910300,371
1697911200,417
1697912100,356
1697913000,323
1697913900,280
1697914800,303
1697915700,334
1697916600,328
1697917500,317
1697918400,288
1697919300,113
1697920200,124
1697921100,165
1697922000,113
1697922900,126
1697923800,128
1697924700,147
1697925600,158
1697926500,114
1697927400,133
1697928300,122
1697929200,119
1697930100,145
1697931000,133
1697931900,124
1697932800,105
1697933700,129
1697934600,157
1697935500,126
1697936400,118
1697937300,124
1697938200,100
1697939100,122
1697940000,117
1697940900,115
1697941800,105
1697942700,253
1697943600,179
1697944500,145
1697945400,137
1697946300,188
1697947200,268
1697948100,660
1697949000,632
1697949900,324
1697950800,236
1697951700,197
1697952600,189
1697953500,238
1697954400,229
1697955300,273
1697956200,761
1697957100,437
1697958000,406
1697958900,299
1697959800,835
1697960700,468
1697961600,305
1697962500,298
1697963400,299
1697964300,274
1697965200,520
1697966100,1084
1697967000,876
1697967900,891
1697968800,1219
1697969700,1009
1697970600,919
1697971500,1521
1697972400,1479
1697973300,310
1697974200,258
1697975100,257
1697976000,222
1697976900,244
1697977800,301
1697978700,159
1697979600,158
1697980500,205
1697981400,245
1697982300,187
1697983200,205
1697984100,292
1697985000,433
1697985900,616
1697986800,645
1697987700,563
1697988600,277
1697989500,522
1697990400,965
1697991300,1090
1697992200,1094
1697993100,833
1697994000,788
1697994900,365
1697995800,365
1697996700,403
1697997600,385
1697998500,322
1697999400,332
1698000300,339
1698001200,370
1698002100,312
1698003000,329
1698003900,299
1698004800,254
1698005700,174
1698006600,150
1698007500,133
1698008400,121
1698009300,151
1698010200,129
1698011100,112
1698012000,119
1698012900,141
1698013800,142
1698014700,123
1698015600,129
1698016500,145
1698017400,109
1698018300,140
1698019200,133
1698020100,113
1698021000,120
1698021900,108
1698022800,166
1698023700,121
1698024600,115
1698025500,141
1698026400,138
1698027300,145
1698028200,123
1698029100,283
1698030000,124
1698030900,117
1698031800,148
1698032700,455
1698033600,466
1698034500,571
1698035400,1097
1698036300,928
1698037200,734
1698038100,692
1698039000,708
1698039900,458
1698040800,261
1698041700,655
1698042600,465
1698043500,478
1698044400,322
1698045300,806
1698046200,674
1698047100,1176
1698048000,1150
1698048900,752
1698049800,726
1698050700,513
1698051600,253
1698052500,291
1698053400,330
1698054300,261
1698055200,314
1698056100,716
1698057000,1448
1698057900,497
1698058800,314
1698059700,274
1698060600,325
1698061500,830
1698062400,444
1698063300,413
1698064200,508
1698065100,921
1698066000,322
1698066900,308
1698067800,343
1698068700,321
1698069600,307
1698070500,293
1698071400,303
1698072300,315
1698073200,295
1698074100,751
1698075000,927
1698075900,2048
1698076800,1642
1698077700,974
1698078600,877
1698079500,826
1698080400,847
1698081300,843
1698082200,382
1698083100,261
1698084000,299
1698084900,276
1698085800,324
1698086700,290
1698087600,319
1698088500,564
1698089400,714
1698090300,676
1698091200,295
1698092100,640
1698093000,703
1698093900,324
1698094800,152
1698095700,121
1698096600,206
1698097500,113
1698098400,110
1698099300,144
1698100200,114
1698101100,113
1698102000,116
1698102900,135
1698103800,126
1698104700,118
1698105600,110
1698106500,115
1698107400,103
1698108300,130
1698109200,137
1698110100,102
1698111000,120
1698111900,120
1698112800,139
1698113700,117
1698114600,94
1698115500,111
1698116400,89
1698117300,108
1698118200,122
1698119100,111
1698120000,109
1698120900,104
1698121800,150
1698122700,205
1698123600,125
1698124500,133
1698125400,287
1698126300,1273
1698127200,1101
1698128100,763
1698129000,564
1698129900,372
1698130800,1064
1698131700,1105
1698132600,1065
1698133500,496
1698134400,583
1698135300,910
1698136200,337
1698137100,260
1698138000,599
1698138900,327
1698139800,279
1698140700,350
1698141600,435
1698142500,655
1698143400,541
1698144300,528
1698145200,840
1698146100,766
1698147000,792
1698147900,770
1698148800,305
1698149700,333
1698150600,321
1698151500,258
1698152400,281
1698153300,469
1698154200,423
1698155100,422
1698156000,285
1698156900,294
1698157800,270
1698158700,963
1698159600,789
1698160500,714
1698161400,335
1698162300,678
1698163200,1272
1698164100,860
1698165000,797
1698165900,482
1698166800,371
1698167700,372
1698168600,367
1698169500,470
1698170400,422
1698171300,437
1698172200,584
1698173100,812
1698174000,593
1698174900,395
1698175800,741
1698176700,647
1698177600,318
1698178500,349
1698179400,276
1698180300,164
1698181200,210
1698182100,157
1698183000,137
1698183900,129
1698184800,149
1698185700,139
1698186600,138
1698187500,138
1698188400,132
1698189300,114
1698190200,114
1698191100,152
1698192000,123
1698192900,125
1698193800,128
1698194700,148
1698195600,133
1698196500,137
1698197400,129
1698198300,129
1698199200,116
1698200100,132
1698201000,158
1698201900,125
1698202800,135
1698203700,137
1698204600,138
1698205500,145
1698206400,117
1698207300,140
1698208200,136
1698209100,201
1698210000,250
1698210900,591
1698211800,206
1698212700,141
1698213600,172
1698214500,181
1698215400,365
1698216300,687
1698217200,775
1698218100,750
1698219000,380
1698219900,258
1698220800,240
1698221700,238
1698222600,258
1698223500,264
1698224400,219
1698225300,210
1698226200,365
1698227100,1304
1698228000,1418
1698228900,1056
1698229800,638
1698230700,726
1698231600,610
1698232500,332
1698233400,248
1698234300,244
1698235200,227
1698236100,319
1698237000,260
1698237900,284
1698238800,590
1698239700,341
1698240600,288
1698241500,158
1698242400,711
1698243300,170
1698244200,115
1698245100,94
1698246000,109
1698246900,108
1698247800,72
1698248700,84
1698249600,86
1698250500,87
1698251400,103
1698252300,177
1698253200,271
1698254100,297
1698255000,390
1698255900,337
1698256800,349
1698257700,342
1698258600,389
1698259500,330
1698260400,362
1698261300,374
1698262200,398
1698263100,380
1698264000,364
1698264900,399
1698265800,425
1698266700,287
1698267600,133
1698268500,128
1698269400,134
1698270300,132
1698271200,141
1698272100,109
1698273000,109
1698273900,126
1698274800,148
1698275700,109
1698276600,112
1698277500,122
1698278400,139
1698279300,142
1698280200,103
1698281100,150
1698282000,119
1698282900,127
1698283800,141
1698284700,118
1698285600,93
1698286500,100
1698287400,129
1698288300,140
1698289200,104
1698290100,101
1698291000,137
1698291900,154
1698292800,136
1698293700,134
1698294600,134
1698295500,375
1698296400,479
1698297300,282
1698298200,221
1698299100,209
1698300000,166
1698300900,183
1698301800,249
1698302700,1087
1698303600,881
1698304500,856
1698305400,659
1698306300,1123
1698307200,1173
1698308100,1004
1698309000,680
1698309900,632
1698310800,240
1698311700,229
1698312600,234
1698313500,213
1698314400,153
1698315300,187
1698316200,196
1698317100,160
1698318000,183
1698318900,187
1698319800,204
1698320700,1059
1698321600,584
1698322500,559
1698323400,297
1698324300,190
1698325200,170
1698326100,177
1698327000,154
1698327900,188
1698328800,681
1698329700,347
1698330600,352
1698331500,342
1698332400,745
1698333300,570
1698334200,1176
1698335100,946
1698336000,824
1698336900,822
1698337800,380
1698338700,289
1698339600,360
1698340500,447
1698341400,324
1698342300,341
1698343200,517
1698344100,786
1698345000,928
1698345900,978
1698346800,964
1698347700,1025
1698348600,651
1698349500,381
1698350400,402
1698351300,415
1698352200,422
1698353100,384
1698354000,382
1698354900,313
1698355800,296
1698356700,299
1698357600,279
1698358500,173
1698359400,153
1698360300,187
1698361200,174
1698362100,172
1698363000,160
1698363900,186
1698364800,167
1698365700,175
1698366600,166
1698367500,159
1698368400,153
1698369300,172
1698370200,197
1698371100,170
1698372000,158
1698372900,177
1698373800,158
1698374700,183
1698375600,167
1698376500,165
1698377400,166
1698378300,147
1698379200,164
1698380100,118
1698381000,108
1698381900,143
1698382800,480
1698383700,366
1698384600,195
1698385500,206
1698386400,214
1698387300,255
1698388200,272
1698389100,280
1698390000,262
1698390900,246
1698391800,268
1698392700,260
1698393600,235
1698394500,204
1698395400,200
1698396300,193
1698397200,206
1698398100,226
1698399000,178
1698399900,207
1698400800,195
1698401700,540
1698402600,601
1698403500,467
1698404400,803
1698405300,1330
1698406200,1342
1698407100,810
1698408000,396
1698408900,264
1698409800,284
1698410700,241
1698411600,218
1698412500,160
1698413400,175
1698414300,198
1698415200,194
1698416100,243
1698417000,268
1698417900,231
1698418800,393
1698419700,302
1698420600,385
1698421500,601
1698422400,323
1698423300,327
1698424200,293
1698425100,377
1698426000,433
1698426900,633
1698427800,741
1698428700,580
1698429600,431
1698430500,679
1698431400,759
1698432300,336
1698433200,350
1698434100,353
1698435000,343
1698435900,373
1698436800,336
1698437700,393
1698438600,339
1698439500,286
1698440400,277
1698441300,258
1698442200,235
1698443100,583
1698444000,253
1698444900,252
1698445800,268
1698446700,622
1698447600,136
1698448500,192
1698449400,130
1698450300,127
1698451200,133
1698452100,104
1698453000,130
1698453900,160
1698454800,146
1698455700,113
1698456600,113
1698457500,157
1698458400,139
1698459300,150
1698460200,143
1698461100,101
1698462000,133
1698462900,152
1698463800,155
1698464700,317
1698465600,128
1698466500,169
1698467400,123
1698468300,165
1698469200,713
1698470100,746
1698471000,639
1698471900,751
1698472800,694
1698473700,616
1698474600,628
1698475500,226
1698476400,222
1698477300,231
1698478200,193
1698479100,287
1698480000,656
1698480900,304
1698481800,232
1698482700,363
1698483600,719
1698484500,261
1698485400,261
1698486300,211
1698487200,214
1698488100,571
1698489000,583
1698489900,563
1698490800,560
1698491700,214
1698492600,583
1698493500,808
1698494400,435
1698495300,282
1698496200,448
1698497100,1085
1698498000,806
1698498900,409
1698499800,315
1698500700,269
1698501600,249
1698502500,248
1698503400,248
1698504300,383
1698505200,277
1698506100,265
1698507000,441
1698507900,373
1698508800,306
1698509700,276
1698510600,327
1698511500,351
1698512400,329
1698513300,367
1698514200,326
1698515100,385
1698516000,337
1698516900,359
1698517800,804
1698518700,502
1698519600,484
1698520500,328
1698521400,318
1698522300,318
1698523200,300
1698524100,353
1698525000,318
1698525900,277
1698526800,220
1698527700,159
1698528600,180
1698529500,111
1698530400,131
1698531300,122
1698532200,138
1698533100,126
1698534000,132
1698534900,114
1698535800,110
1698536700,153
1698537600,115
1698538500,100
1698539400,131
1698540300,109
1698541200,147
1698542100,128
1698543000,119
1698543900,113
1698544800,101
1698545700,155
1698546600,115
1698547500,98
1698548400,102
1698549300,108
1698550200,128
1698551100,328
1698552000,152
1698552900,127
1698553800,136
1698554700,196
1698555600,543
1698556500,983
1698557400,1004
1698558300,809
1698559200,731
1698560100,998
1698561000,459
1698561900,394
1698562800,345
1698563700,454
1698564600,721
1698565500,428
1698566400,473
1698567300,272
1698568200,748
1698569100,498
1698570000,261
1698570900,271
1698571800,281
1698572700,216
1698573600,223
1698574500,234
1698575400,212
1698576300,344
1698577200,564
1698578100,878
1698579000,266
1698579900,325
1698580800,358
1698581700,286
1698582600,242
1698583500,260
1698584400,228
1698585300,246
1698586200,258
1698587100,322
1698588000,377
1698588900,216
1698589800,226
1698590700,231
1698591600,236
1698592500,243
1698593400,260
1698594300,351
1698595200,325
1698596100,321
1698597000,307
1698597900,364
1698598800,426
1698599700,423
1698600600,468
1698601500,401
1698602400,378
1698603300,343
1698604200,488
1698605100,381
1698606000,351
1698606900,379
1698607800,432
1698608700,324
1698609600,340
1698610500,320
1698611400,301
1698612300,263
1698613200,272
1698614100,216
1698615000,99
1698615900,145
1698616800,135
1698617700,143
1698618600,105
1698619500,101
1698620400,134
1698621300,105
1698622200,124
1698623100,112
1698624000,107
1698624900,99
1698625800,95
1698626700,143
1698627600,101
1698628500,102
1698629400,125
1698630300,125
1698631200,142
1698632100,123
1698633000,123
1698633900,113
1698634800,109
1698635700,156
1698636600,126
1698637500,181
1698638400,142
1698639300,146
1698640200,167
1698641100,153
1698642000,459
1698642900,1378
1698643800,979
1698644700,817
1698645600,435
1698646500,451
1698647400,682
1698648300,789
1698649200,813
1698650100,813
1698651000,819
1698651900,313
1698652800,369
1698653700,305
1698654600,417
1698655500,832
1698656400,274
1698657300,281
1698658200,361
1698659100,415
1698660000,604
1698660900,274
1698661800,263
1698662700,666
1698663600,727
1698664500,1019
1698665400,710
1698666300,325
1698667200,293
1698668100,257
1698669000,267
1698669900,285
1698670800,307
1698671700,241
1698672600,269
1698673500,236
1698674400,224
1698675300,632
1698676200,1140
1698677100,818
1698678000,757
1698678900,735
1698679800,735
1698680700,595
1698681600,320
1698682500,305
1698683400,292
1698684300,352
1698685200,293
1698686100,313
1698687000,731
1698687900,807
1698688800,600
1698689700,524
1698690600,716
1698691500,717
1698692400,381
1698693300,318
1698694200,294
1698695100,282
1698696000,269
1698696900,303
1698697800,292
1698698700,302
1698699600,315
1698700500,227
1698701400,195
1698702300,154
1698703200,145
1698704100,114
1698705000,95
1698705900,108
1698706800,120
1698707700,94
1698708600,108
1698709500,102
1698710400,96
1698711300,129
1698712200,130
1698713100,102
1698714000,102
1698714900,112
1698715800,128
1698716700,97
1698717600,105
1698718500,123
1698719400,101
1698720300,124
1698721200,131
1698722100,110
1698723000,103
1698723900,94
1698724800,149
1698725700,101
1698726600,112
1698727500,139
1698728400,111
1698729300,151
1698730200,183
1698731100,192
1698732000,162
1698732900,146
1698733800,329
1698734700,210
1698735600,358
1698736500,141
1698737400,197
1698738300,282
1698739200,613
1698740100,1184
1698741000,829
1698741900,659
1698742800,623
1698743700,471
1698744600,258
1698745500,245
1698746400,290
1698747300,801
1698748200,787
1698749100,506
1698750000,598
1698750900,446
1698751800,468
1698752700,603
1698753600,509
1698754500,369
1698755400,195
1698756300,218
1698757200,268
1698758100,214
1698759000,861
1698759900,859
1698760800,403
1698761700,491
1698762600,893
1698763500,526
1698764400,231
1698765300,317
1698766200,309
1698767100,295
1698768000,297
1698768900,298
1698769800,309
1698770700,301
1698771600,323
1698772500,323
1698773400,307
1698774300,392
1698775200,850
1698776100,527
1698777000,449
1698777900,555
1698778800,836
1698779700,373
1698780600,339
1698781500,366
1698782400,339
1698783300,346
1698784200,261
1698785100,179
1698786000,108
1698786900,119
1698787800,192
1698788700,151
1698789600,120
1698790500,120
1698791400,137
1698792300,129
1698793200,126
1698794100,131
1698795000,121
1698795900,118
1698796800,133
1698797700,161
1698798600,101
1698799500,112
1698800400,115
1698801300,141
1698802200,132
1698803100,103
1698804000,135
1698804900,111
1698805800,129
1698806700,139
1698807600,137
1698808500,114
1698809400,102
1698810300,130
1698811200,117
1698812100,98
1698813000,99
1698813900,117
1698814800,183
1698815700,623
1698816600,177
1698817500,169
1698818400,140
1698819300,187
1698820200,215
1698821100,201
1698822000,183
1698822900,226
1698823800,240
1698824700,254
1698825600,222
1698826500,220
1698827400,271
1698828300,265
1698829200,572
1698830100,1075
1698831000,849
1698831900,642
1698832800,885
1698833700,1248
1698834600,774
1698835500,645
1698836400,413
1698837300,309
1698838200,233
1698839100,159
1698840000,188
1698840900,235
1698841800,251
1698842700,243
1698843600,179
1698844500,96
1698845400,99
1698846300,153
1698847200,115
1698848100,118
1698849000,212
1698849900,157
1698850800,123
1698851700,161
1698852600,138
1698853500,121
1698854400,142
1698855300,214
1698856200,151
1698857100,145
1698858000,165
1698858900,204
1698859800,306
1698860700,350
1698861600,446
1698862500,338
1698863400,273
1698864300,296
1698865200,297
1698866100,324
1698867000,402
1698867900,337
1698868800,310
1698869700,304
1698870600,296
1698871500,211
1698872400,143
1698873300,126
1698874200,144
1698875100,137
1698876000,123
1698876900,121
1698877800,108
1698878700,114
1698879600,148
1698880500,108
1698881400,108
1698882300,103
1698883200,148
1698884100,137
1698885000,116
1698885900,108
1698886800,130
1698887700,105
1698888600,137
1698889500,118
1698890400,119
1698891300,100
1698892200,116
1698893100,163
1698894000,120
1698894900,104
1698895800,121
1698896700,153
1698897600,129
1698898500,108
1698899400,121
1698900300,104
1698901200,139
1698902100,212
1698903000,234
1698903900,274
1698904800,292
1698905700,238
1698906600,250
1698907500,240
1698908400,240
1698909300,404
1698910200,721
1698911100,576
1698912000,654
1698912900,916
1698913800,759
1698914700,359
1698915600,334
1698916500,342
1698917400,372
1698918300,406
1698919200,312
1698920100,307
1698921000,329
1698921900,1012
1698922800,944
1698923700,837
1698924600,631
1698925500,641
1698926400,320
1698927300,583
1698928200,737
1698929100,665
1698930000,293
1698930900,296
1698931800,313
1698932700,325
1698933600,349
1698934500,336
1698935400,355
1698936300,344
1698937200,404
1698938100,491
1698939000,386
1698939900,281
1698940800,274
1698941700,325
1698942600,296
1698943500,347
1698944400,343
1698945300,336
1698946200,283
1698947100,343
1698948000,393
1698948900,607
1698949800,724
1698950700,565
1698951600,359
1698952500,944
1698953400,678
1698954300,338
1698955200,308
1698956100,326
1698957000,321
1698957900,354
1698958800,320
1698959700,270
1698960600,257
1698961500,234
1698962400,240
1698963300,238
1698964200,189
1698965100,115
1698966000,104
1698966900,131
1698967800,152
1698968700,96
1698969600,106
1698970500,123
1698971400,106
1698972300,135
1698973200,114
1698974100,155
1698975000,143
1698975900,135
1698976800,130
1698977700,174
1698978600,130
1698979500,127
1698980400,131
1698981300,146
1698982200,144
1698983100,148
1698984000,128
1698984900,122
1698985800,97
1698986700,104
1698987600,176
1698988500,165
1698989400,151
1698990300,170
1698991200,164
1698992100,200
1698993000,427
1698993900,211
1698994800,168
1698995700,193
1698996600,454
1698997500,1082
1698998400,1175
1698999300,821
1699000200,545
1699001100,326
1699002000,374
1699002900,435
1699003800,439
1699004700,432
1699005600,802
1699006500,540
1699007400,1429
1699008300,1700
1699009200,1308
1699010100,1013
1699011000,1469
1699011900,1064
1699012800,830
1699013700,784
1699014600,469
1699015500,299
1699016400,267
1699017300,314
1699018200,268
1699019100,255
1699020000,287
1699020900,313
1699021800,246
1699022700,165
1699023600,171
1699024500,161
1699025400,156
1699026300,163
1699027200,345
1699028100,783
1699029000,1036
1699029900,1090
1699030800,433
1699031700,347
1699032600,382
1699033500,722
1699034400,553
1699035300,769
1699036200,631
1699037100,419
1699038000,813
1699038900,687
1699039800,314
1699040700,295
1699041600,321
1699042500,324
1699043400,367
1699044300,333
1699045200,287
1699046100,307
1699047000,316
1699047900,243
1699048800,249
1699049700,229
1699050600,232
1699051500,241
1699052400,237
1699053300,161
1699054200,102
1699055100,98
1699056000,109
1699056900,135
1699057800,96
1699058700,103
1699059600,123
1699060500,114
1699061400,134
1699062300,125
1699063200,134
1699064100,103
1699065000,99
1699065900,111
1699066800,152
1699067700,103
1699068600,113
1699069500,135
1699070400,122
1699071300,134
1699072200,131
1699073100,151
1699074000,127
1699074900,130
1699075800,154
1699076700,486
1699077600,204
1699078500,213
1699079400,233
1699080300,245
1699081200,426
1699082100,710
1699083000,364
1699083900,840
1699084800,985
1699085700,1079
1699086600,928
1699087500,367
1699088400,426
1699089300,337
1699090200,370
1699091100,472
1699092000,720
1699092900,725
1699093800,784
1699094700,805
1699095600,791
1699096500,759
1699097400,555
1699098300,428
1699099200,222
1699100100,238
1699101000,258
1699101900,216
1699102800,226
1699103700,194
1699104600,185
1699105500,188
1699106400,233
1699107300,172
1699108200,180
1699109100,289
1699110000,264
1699110900,244
1699111800,214
1699112700,252
1699113600,276
1699114500,270
1699115400,314
1699116300,323
1699117200,507
1699118100,796
1699119000,606
1699119900,443
1699120800,616
1699121700,900
1699122600,516
1699123500,412
1699124400,402
1699125300,408
1699126200,438
1699127100,411
1699128000,366
1699128900,361
1699129800,436
1699130700,382
1699131600,370
1699132500,342
1699133400,294
1699134300,327
1699135200,263
1699136100,203
1699137000,106
1699137900,100
1699138800,109
1699139700,124
1699140600,125
1699141500,117
1699142400,117
1699143300,122
1699144200,120
1699145100,120
1699146000,163
1699146900,110
1699147800,111
1699148700,121
1699149600,127
1699150500,130
1699151400,116
1699152300,109
1699153200,127
1699154100,108
1699155000,136
1699155900,175
1699156800,117
1699157700,107
1699158600,102
1699159500,123
1699160400,127
1699161300,227
1699162200,300
1699163100,195
1699164000,184
1699164900,442
1699165800,557
1699166700,959
1699167600,882
1699168500,354
1699169400,366
1699170300,330
1699171200,322
1699172100,299
1699173000,296
1699173900,384
1699174800,603
1699175700,1213
1699176600,764
1699177500,700
1699178400,318
1699179300,349
1699180200,588
1699181100,584
1699182000,464
1699182900,491
1699183800,1023
1699184700,1416
1699185600,917
1699186500,740
1699187400,712
1699188300,562
1699189200,526
1699190100,538
1699191000,468
1699191900,247
1699192800,260
1699193700,217
1699194600,254
1699195500,279
1699196400,287
1699197300,352
1699198200,273
1699199100,383
1699200000,373
1699200900,401
1699201800,331
1699202700,489
1699203600,555
1699204500,571
1699205400,598
1699206300,527
1699207200,489
1699208100,481
1699209000,536
1699209900,831
1699210800,1327
1699211700,1191
1699212600,938
1699213500,941
1699214400,730
1699215300,480
1699216200,425
1699217100,454
1699218000,409
1699218900,710
1699219800,380
1699220700,467
1699221600,359
1699222500,224
1699223400,224
1699224300,143
1699225200,139
1699226100,101
1699227000,99
1699227900,107
1699228800,130
1699229700,155
1699230600,130
1699231500,132
1699232400,136
1699233300,116
1699234200,147
1699235100,146
1699236000,114
1699236900,115
1699237800,122
1699238700,145
1699239600,155
1699240500,113
1699241400,147
1699242300,126
1699243200,114
1699244100,133
1699245000,139
1699245900,120
1699246800,105
1699247700,197
1699248600,284
1699249500,236
1699250400,174
1699251300,171
1699252200,140
1699253100,142
1699254000,182
1699254900,226
1699255800,235
1699256700,215
1699257600,223
1699258500,259
1699259400,251
1699260300,228
1699261200,234
1699262100,218
1699263000,215
1699263900,237
1699264800,274
1699265700,1514
1699266600,1869
1699267500,1388
1699268400,1210
1699269300,1360
1699270200,782
1699271100,285
1699272000,271
1699272900,229
1699273800,225
1699274700,239
1699275600,192
1699276500,189
1699277400,174
1699278300,189
1699279200,196
1699280100,178
1699281000,186
1699281900,188
1699282800,205
1699283700,253
1699284600,240
1699285500,227
1699286400,292
1699287300,451
1699288200,486
1699289100,428
1699290000,424
1699290900,410
1699291800,457
1699292700,501
1699293600,432
1699294500,477
1699295400,630
1699296300,493
1699297200,496
1699298100,550
1699299000,540
1699299900,492
1699300800,492
1699301700,509
1699302600,481
1699303500,522
1699304400,499
1699305300,322
1699306200,295
1699307100,280
1699308000,333
1699308900,315
1699309800,200
1699310700,113
1699311600,127
1699312500,108
1699313400,127
1699314300,131
1699315200,119
1699316100,113
1699317000,114
1699317900,148
1699318800,127
1699319700,112
1699320600,99
1699321500,133
1699322400,103
1699323300,136
1699324200,110
1699325100,131
1699326000,113
1699326900,117
1699327800,125
1699328700,135
1699329600,101
1699330500,108
1699331400,140
1699332300,138
1699333200,152
1699334100,135
1699335000,179
1699335900,184
1699336800,300
1699337700,180
1699338600,198
1699339500,228
1699340400,416
1699341300,215
1699342200,225
1699343100,307
1699344000,282
1699344900,379
1699345800,300
1699346700,276
1699347600,282
1699348500,339
1699349400,434
1699350300,828
1699351200,495
1699352100,369
1699353000,433
1699353900,1289
1699354800,503
1699355700,586
1699356600,392
1699357500,263
1699358400,244
1699359300,270
1699360200,281
1699361100,271
1699362000,311
1699362900,278
1699363800,254
1699364700,257
1699365600,245
1699366500,280
1699367400,300
1699368300,258
1699369200,232
1699370100,288
1699371000,292
1699371900,280
1699372800,308
1699373700,350
1699374600,344
1699375500,333
1699376400,337
1699377300,328
1699378200,353
1699379100,558
1699380000,317
1699380900,322
1699381800,340
1699382700,354
1699383600,390
1699384500,406
1699385400,401
1699386300,365
1699387200,344
1699388100,370
1699389000,356
1699389900,364
1699390800,355
1699391700,336
1699392600,310
1699393500,227
1699394400,213
1699395300,165
1699396200,123
1699397100,138
1699398000,150
1699398900,140
1699399800,150
1699400700,157
1699401600,132
1699402500,132
1699403400,126
1699404300,173
1699405200,160
1699406100,143
1699407000,127
1699407900,152
1699408800,129
1699409700,160
1699410600,134
1699411500,158
1699412400,128
1699413300,145
1699414200,154
1699415100,156
1699416000,113
1699416900,127
1699417800,129
1699418700,139
1699419600,223
1699420500,640
1699421400,330
1699422300,717
1699423200,546
1699424100,529
1699425000,283
1699425900,676
1699426800,586
1699427700,542
1699428600,713
1699429500,385
1699430400,315
1699431300,335
1699432200,299
1699433100,342
1699434000,956
1699434900,489
1699435800,472
1699436700,395
1699437600,908
1699438500,1410
1699439400,1105
1699440300,470
1699441200,394
1699442100,360
1699443000,358
1699443900,353
1699444800,249
1699445700,282
1699446600,279
1699447500,304
1699448400,314
1699449300,306
1699450200,228
1699451100,251
1699452000,236
1699452900,226
1699453800,260
1699454700,250
1699455600,230
1699456500,233
1699457400,244
1699458300,253
1699459200,270
1699460100,322
1699461000,412
1699461900,897
1699462800,583
1699463700,448
1699464600,625
1699465500,883
1699466400,369
1699467300,373
1699468200,422
1699469100,424
1699470000,394
1699470900,412
1699471800,403
1699472700,397
1699473600,553
1699474500,452
1699475400,370
1699476300,327
1699477200,380
1699478100,265
1699479000,158
1699479900,148
1699480800,131
1699481700,100
1699482600,110
1699483500,131
1699484400,117
1699485300,105
1699486200,114
1699487100,119
1699488000,138
1699488900,103
1699489800,100
1699490700,115
1699491600,104
1699492500,111
1699493400,136
1699494300,111
1699495200,113
1699496100,99
1699497000,132
1699497900,132
1699498800,101
1699499700,120
1699500600,137
1699501500,105
1699502400,120
1699503300,135
1699504200,124
1699505100,114
1699506000,652
1699506900,278
1699507800,214
1699508700,243
1699509600,192
1699510500,197
1699511400,239
1699512300,233
1699513200,179
1699514100,218
1699515000,189
1699515900,175
1699516800,198
1699517700,212
1699518600,185
1699519500,200
1699520400,213
1699521300,183
1699522200,223
1699523100,230
1699524000,213
1699524900,174
1699525800,176
1699526700,327
1699527600,220
1699528500,317
1699529400,719
1699530300,347
1699531200,708
1699532100,670
1699533000,723
1699533900,355
1699534800,314
1699535700,253
1699536600,221
1699537500,273
1699538400,233
1699539300,249
1699540200,269
1699541100,254
1699542000,296
1699542900,262
1699543800,305
1699544700,313
1699545600,303
1699546500,365
1699547400,332
1699548300,337
1699549200,330
1699550100,349
1699551000,337
1699551900,347
1699552800,347
1699553700,927
1699554600,1414
1699555500,1105
1699556400,937
1699557300,807
1699558200,731
1699559100,512
1699560000,474
1699560900,432
1699561800,390
1699562700,360
1699563600,376
1699564500,298
1699565400,300
1699566300,172
1699567200,132
1699568100,118
1699569000,116
1699569900,124
1699570800,136
1699571700,115
1699572600,125
1699573500,112
1699574400,116
1699575300,118
1699576200,148
1699577100,102
1699578000,110
1699578900,127
1699579800,111
1699580700,135
1699581600,118
1699582500,127
1699583400,99
1699584300,99
1699585200,147
1699586100,154
1699587000,129
1699587900,167
1699588800,147
1699589700,124
1699590600,149
1699591500,121
1699592400,375
1699593300,564
1699594200,235
1699595100,287
1699596000,252
1699596900,209
1699597800,451
1699598700,647
1699599600,469
1699600500,240
1699601400,499
1699602300,645
1699603200,192
1699604100,196
1699605000,206
1699605900,218
1699606800,200
1699607700,240
1699608600,459
1699609500,478
1699610400,233
1699611300,207
1699612200,196
1699613100,719
1699614000,1153
1699614900,1412
1699615800,834
1699616700,320
1699617600,280
1699618500,296
1699619400,266
1699620300,297
1699621200,485
1699622100,369
1699623000,251
1699623900,239
1699624800,270
1699625700,245
1699626600,227
1699627500,249
1699628400,279
1699629300,280
1699630200,337
1699631100,320
1699632000,431
1699632900,399
1699633800,549
1699634700,887
1699635600,552
1699636500,358
1699637400,453
1699638300,891
1699639200,435
1699640100,671
1699641000,1269
1699641900,1199
1699642800,856
1699643700,763
1699644600,772
1699645500,393
1699646400,521
1699647300,396
1699648200,367
1699649100,296
1699650000,290
1699650900,291
1699651800,258
1699652700,252
1699653600,158
1699654500,172
1699655400,112
1699656300,128
1699657200,110
1699658100,134
1699659000,141
1699659900,111
1699660800,104
1699661700,128
1699662600,108
1699663500,120
1699664400,139
1699665300,116
1699666200,106
1699667100,105
1699668000,123
1699668900,144
1699669800,104
1699670700,111
1699671600,140
1699672500,108
1699673400,140
1699674300,284
1699675200,146
1699676100,131
1699677000,130
1699677900,156
1699678800,223
1699679700,985
1699680600,1110
1699681500,993
1699682400,628
1699683300,575
1699684200,431
1699685100,680
1699686000,421
1699686900,414
1699687800,361
1699688700,771
1699689600,444
1699690500,810
1699691400,686
1699692300,741
1699693200,419
1699694100,307
1699695000,282
1699695900,273
1699696800,569
1699697700,958
1699698600,633
1699699500,314
1699700400,255
1699701300,260
1699702200,226
1699703100,277
1699704000,261
1699704900,301
1699705800,271
1699706700,316
1699707600,323
1699708500,297
1699709400,329
1699710300,792
1699711200,770
1699712100,803
1699713000,827
1699713900,793
1699714800,708
1699715700,378
1699716600,302
1699717500,359
1699718400,323
1699719300,326
1699720200,411
1699721100,466
1699722000,755
1699722900,729
1699723800,796
1699724700,571
1699725600,621
1699726500,451
1699727400,926
1699728300,626
1699729200,377
1699730100,422
1699731000,447
1699731900,378
1699732800,461
1699733700,362
1699734600,376
1699735500,740
1699736400,282
1699737300,307
1699738200,283
1699739100,281
1699740000,290
1699740900,308
1699741800,204
1699742700,117
1699743600,115
1699744500,106
1699745400,107
1699746300,121
1699747200,133
1699748100,127
1699749000,108
1699749900,108
1699750800,113
1699751700,152
1699752600,142
1699753500,123
1699754400,136
1699755300,128
1699756200,138
1699757100,136
1699758000,120
1699758900,124
1699759800,150
1699760700,328
1699761600,171
1699762500,129
1699763400,143
1699764300,135
1699765200,375
1699766100,462
1699767000,229
1699767900,275
1699768800,234
1699769700,244
1699770600,228
1699771500,282
1699772400,270
1699773300,282
1699774200,263
1699775100,268
1699776000,326
1699776900,315
1699777800,293
1699778700,282
1699779600,305
1699780500,278
1699781400,291
1699782300,345
1699783200,318
1699784100,298
1699785000,324
1699785900,1845
1699786800,1395
1699787700,807
1699788600,646
1699789500,608
1699790400,556
1699791300,354
1699792200,796
1699793100,528
1699794000,331
1699794900,363
1699795800,383
1699796700,413
1699797600,348
1699798500,371
1699799400,394
1699800300,398
1699801200,483
1699802100,476
1699803000,401
1699803900,508
1699804800,385
1699805700,355
1699806600,367
1699807500,459
1699808400,575
1699809300,679
1699810200,856
1699811100,785
1699812000,550
1699812900,478
1699813800,574
1699814700,575
1699815600,496
1699816500,482
1699817400,384
1699818300,537
1699819200,422
1699820100,406
1699821000,361
1699821900,425
1699822800,312
1699823700,164
1699824600,143
1699825500,137
1699826400,130
1699827300,132
1699828200,170
1699829100,166
1699830000,130
1699830900,144
1699831800,138
1699832700,126
1699833600,160
1699834500,138
1699835400,124
1699836300,127
1699837200,156
1699838100,145
1699839000,138
1699839900,134
1699840800,128
1699841700,116
1699842600,145
1699843500,152
1699844400,123
1699845300,134
1699846200,154
1699847100,168
1699848000,164
1699848900,290
1699849800,154
1699850700,186
1699851600,827
1699852500,1133
1699853400,699
1699854300,334
1699855200,296
1699856100,295
1699857000,299
1699857900,309
1699858800,294
1699859700,329
1699860600,375
1699861500,740
1699862400,790
1699863300,1312
1699864200,991
1699865100,958
1699866000,719
1699866900,1043
1699867800,549
1699868700,317
1699869600,302
1699870500,301
1699871400,620
1699872300,576
1699873200,696
1699874100,718
1699875000,293
1699875900,301
1699876800,432
1699877700,730
1699878600,573
1699879500,348
1699880400,629
1699881300,711
1699882200,342
1699883100,407
1699884000,445
1699884900,281
1699885800,320
1699886700,319
1699887600,318
1699888500,334
1699889400,304
1699890300,346
1699891200,388
1699892100,407
1699893000,441
1699893900,447
1699894800,804
1699895700,663
1699896600,689
1699897500,431
1699898400,880
1699899300,708
1699900200,441
1699901100,495
1699902000,469
1699902900,453
1699903800,445
1699904700,481
1699905600,537
1699906500,481
1699907400,453
1699908300,458
1699909200,428
1699910100,477
1699911000,446
1699911900,439
1699912800,456
1699913700,437
1699914600,247
1699915500,146
1699916400,138
1699917300,123
1699918200,107
1699919100,124
1699920000,133
1699920900,102
1699921800,126
1699922700,120
1699923600,118
1699924500,149
1699925400,128
1699926300,102
1699927200,115
1699928100,113
1699929000,123
1699929900,124
1699930800,121
1699931700,105
1699932600,114
1699933500,136
1699934400,144
1699935300,100
1699936200,140
1699937100,114
1699938000,107
1699938900,179
1699939800,170
1699940700,166
1699941600,368
1699942500,224
1699943400,327
1699944300,240
1699945200,606
1699946100,602
1699947000,673
1699947900,483
1699948800,216
1699949700,234
1699950600,669
1699951500,386
1699952400,180
1699953300,479
1699954200,555
1699955100,155
1699956000,185
1699956900,622
1699957800,673
1699958700,563
1699959600,449
1699960500,264
1699961400,255
1699962300,247
1699963200,232
1699964100,208
1699965000,282
1699965900,509
1699966800,220
1699967700,260
1699968600,237
1699969500,351
1699970400,529
1699971300,244
1699972200,271
1699973100,301
1699974000,252
1699974900,591
1699975800,342
1699976700,335
1699977600,319
1699978500,295
1699979400,314
1699980300,327
1699981200,293
1699982100,314
1699983000,469
1699983900,384
1699984800,320
1699985700,537
1699986600,374
1699987500,369
1699988400,335
1699989300,383
1699990200,787
1699991100,360
1699992000,343
1699992900,331
1699993800,285
1699994700,288
1699995600,368
1699996500,322
1699997400,301
1699998300,313
1699999200,302
1700000100,306
1700001000,299
1700001900,499
1700002800,656
1700003700,475
1700004600,273
1700005500,515
1700006400,699
1700007300,245
1700008200,223
1700009100,241
1700010000,301
1700010900,314
1700011800,286
1700012700,286
1700013600,289
1700014500,278
1700015400,208
1700016300,156
1700017200,114
1700018100,117
1700019000,140
1700019900,110
1700020800,139
1700021700,147
1700022600,109
1700023500,131
1700024400,172
1700025300,604
1700026200,262
1700027100,215
1700028000,196
1700028900,181
1700029800,247
1700030700,233
1700031600,236
1700032500,225
1700033400,208
1700034300,180
1700035200,192
1700036100,260
1700037000,240
1700037900,223
1700038800,272
1700039700,227
1700040600,222
1700041500,288
1700042400,328
1700043300,966
1700044200,1098
1700045100,838
1700046000,362
1700046900,411
1700047800,245
1700048700,263
1700049600,291
1700050500,297
1700051400,329
1700052300,278
1700053200,286
1700054100,276
1700055000,607
1700055900,422
1700056800,449
1700057700,260
1700058600,790
1700059500,277
1700060400,238
1700061300,318
1700062200,297
1700063100,336
1700064000,552
1700064900,760
1700065800,400
1700066700,384
1700067600,383
1700068500,335
1700069400,385
1700070300,426
1700071200,422
1700072100,421
1700073000,379
1700073900,374
1700074800,421
1700075700,392
1700076600,391
1700077500,406
1700078400,394
1700079300,351
1700080200,422
1700081100,350
1700082000,319
1700082900,152
1700083800,163
1700084700,135
1700085600,117
1700086500,137
1700087400,137
1700088300,120
1700089200,124
1700090100,123
1700091000,117
1700091900,169
1700092800,137
1700093700,104
1700094600,115
1700095500,116
1700096400,103
1700097300,139
1700098200,122
1700099100,109
1700100000,115
1700100900,132
1700101800,124
1700102700,128
1700103600,137
1700104500,105
1700105400,120
1700106300,144
1700107200,126
1700108100,116
1700109000,121
1700109900,178
1700110800,583
1700111700,300
1700112600,242
1700113500,205
1700114400,210
1700115300,180
1700116200,270
1700117100,215
1700118000,230
1700118900,259
1700119800,220
1700120700,209
1700121600,218
1700122500,607
1700123400,484
1700124300,438
1700125200,548
1700126100,1430
1700127000,1373
1700127900,788
1700128800,769
1700129700,796
1700130600,718
1700131500,714
1700132400,640
1700133300,335
1700134200,308
1700135100,550
1700136000,1478
1700136900,926
1700137800,829
1700138700,727
1700139600,416
1700140500,243
1700141400,245
1700142300,256
1700143200,290
1700144100,227
1700145000,247
1700145900,259
1700146800,262
1700147700,357
1700148600,393
1700149500,368
1700150400,543
1700151300,438
1700152200,318
1700153100,359
1700154000,326
1700154900,311
1700155800,304
1700156700,325
1700157600,752
1700158500,665
1700159400,366
1700160300,365
1700161200,329
1700162100,377
1700163000,400
1700163900,348
1700164800,366
1700165700,362
1700166600,298
1700167500,383
1700168400,567
1700169300,606
1700170200,422
1700171100,222
1700172000,592
1700172900,443
1700173800,188
1700174700,108
1700175600,100
1700176500,121
1700177400,127
1700178300,121
1700179200,124
1700180100,110
1700181000,106
1700181900,121
1700182800,143
1700183700,106
1700184600,99
1700185500,115
1700186400,91
1700187300,128
1700188200,137
1700189100,110
1700190000,109
1700190900,105
1700191800,115
1700192700,297
1700193600,171
1700194500,118
1700195400,105
1700196300,205
1700197200,535
1700198100,237
1700199000,197
1700199900,198
1700200800,170
1700201700,575
1700202600,1026
1700203500,1015
1700204400,1358
1700205300,835
1700206200,827
1700207100,733
1700208000,746
1700208900,210
1700209800,152
1700210700,118
1700211600,110
1700212500,148
1700213400,131
1700214300,123
1700215200,128
1700216100,125
1700217000,123
1700217900,162
1700218800,272
1700219700,724
1700220600,623
1700221500,273
1700222400,267
1700223300,289
1700224200,385
1700225100,301
1700226000,655
1700226900,650
1700227800,681
1700228700,215
1700229600,214
1700230500,208
1700231400,213
1700232300,236
1700233200,204
1700234100,215
1700235000,352
1700235900,379
1700236800,328
1700237700,418
1700238600,452
1700239500,486
1700240400,876
1700241300,551
1700242200,513
1700243100,731
1700244000,842
1700244900,358
1700245800,362
1700246700,455
1700247600,592
1700248500,481
1700249400,406
1700250300,403
1700251200,445
1700252100,460
1700253000,425
1700253900,425
1700254800,409
1700255700,401
1700256600,369
1700257500,414
1700258400,415
1700259300,287
1700260200,281
1700261100,164
1700262000,118
1700262900,178
1700263800,101
1700264700,101
1700265600,138
1700266500,124
1700267400,135
1700268300,127
1700269200,107
1700270100,115
1700271000,153
1700271900,164
1700272800,156
1700273700,150
1700274600,132
1700275500,137
1700276400,151
1700277300,162
1700278200,151
1700279100,176
1700280000,154
1700280900,138
1700281800,171
1700282700,172
1700283600,162
1700284500,174
1700285400,257
1700286300,290
1700287200,295
1700288100,1004
1700289000,848
1700289900,688
1700290800,630
1700291700,467
1700292600,328
1700293500,259
1700294400,197
1700295300,198
1700296200,622
1700297100,1146
1700298000,397
1700298900,286
1700299800,273
1700300700,281
1700301600,756
1700302500,692
1700303400,1228
1700304300,981
1700305200,192
1700306100,173
1700307000,199
1700307900,170
1700308800,223
1700309700,176
1700310600,180
1700311500,210
1700312400,170
1700313300,539
1700314200,375
1700315100,285
1700316000,373
1700316900,223
1700317800,180
1700318700,231
1700319600,364
1700320500,711
1700321400,567
1700322300,296
1700323200,479
1700324100,833
1700325000,334
1700325900,324
1700326800,335
1700327700,352
1700328600,284
1700329500,284
1700330400,630
1700331300,1411
1700332200,1428
1700333100,1131
1700334000,817
1700334900,900
1700335800,515
1700336700,409
1700337600,319
1700338500,340
1700339400,305
1700340300,309
1700341200,323
1700342100,270
1700343000,250
1700343900,269
1700344800,248
1700345700,244
1700346600,138
1700347500,200
1700348400,116
1700349300,127
1700350200,138
1700351100,148
1700352000,128
1700352900,142
1700353800,125
1700354700,141
1700355600,149
1700356500,135
1700357400,127
1700358300,131
1700359200,129
1700360100,127
1700361000,176
1700361900,128
1700362800,121
1700363700,143
1700364600,122
1700365500,282
1700366400,184
1700367300,109
1700368200,133
1700369100,200
1700370000,389
1700370900,1048
1700371800,678
1700372700,662
1700373600,647
1700374500,310
1700375400,209
1700376300,185
1700377200,192
1700378100,211
1700379000,245
1700379900,252
1700380800,556
1700381700,509
1700382600,193
1700383500,187
1700384400,186
1700385300,216
1700386200,176
1700387100,159
1700388000,153
1700388900,155
1700389800,262
1700390700,140
1700391600,272
1700392500,1223
1700393400,883
1700394300,562
1700395200,156
1700396100,130
1700397000,111
1700397900,130
1700398800,145
1700399700,135
1700400600,134
1700401500,479
1700402400,988
1700403300,924
1700404200,775
1700405100,701
1700406000,659
1700406900,665
1700407800,747
1700408700,394
1700409600,345
1700410500,340
1700411400,419
1700412300,367
1700413200,317
1700414100,396
1700415000,549
1700415900,650
1700416800,759
1700417700,1100
1700418600,1446
1700419500,1761
1700420400,1164
1700421300,794
1700422200,404
1700423100,334
1700424000,388
1700424900,315
1700425800,303
1700426700,260
1700427600,304
1700428500,266
1700429400,220
1700430300,506
1700431200,315
1700432100,302
1700433000,190
1700433900,681
1700434800,164
1700435700,107
1700436600,145
1700437500,113
1700438400,117
1700439300,156
1700440200,112
1700441100,114
1700442000,142
1700442900,116
1700443800,146
1700444700,147
1700445600,118
1700446500,116
1700447400,113
1700448300,126
1700449200,133
1700450100,124
1700451000,130
1700451900,292
1700452800,156
1700453700,130
1700454600,137
1700455500,138
1700456400,342
1700457300,459
1700458200,188
1700459100,196
1700460000,189
1700460900,439
1700461800,532
1700462700,316
1700463600,212
1700464500,230
1700465400,174
1700466300,197
1700467200,356
1700468100,584
1700469000,290
1700469900,190
1700470800,244
1700471700,654
1700472600,648
1700473500,713
1700474400,716
1700475300,817
1700476200,581
1700477100,250
1700478000,386
1700478900,367
1700479800,220
1700480700,247
1700481600,281
1700482500,274
1700483400,266
1700484300,463
1700485200,689
1700486100,462
1700487000,254
1700487900,527
1700488800,739
1700489700,480
1700490600,440
1700491500,278
1700492400,269
1700493300,438
1700494200,771
1700495100,799
1700496000,794
1700496900,485
1700497800,426
1700498700,455
1700499600,432
1700500500,424
1700501400,487
1700502300,471
1700503200,444
1700504100,470
1700505000,430
1700505900,421
1700506800,437
1700507700,419
1700508600,448
1700509500,467
1700510400,421
1700511300,465
1700512200,617
1700513100,513
1700514000,542
1700514900,391
1700515800,316
1700516700,412
1700517600,265
1700518500,292
1700519400,319
1700520300,247
1700521200,112
1700522100,102
1700523000,115
1700523900,123
1700524800,91
1700525700,129
1700526600,106
1700527500,111
1700528400,137
1700529300,118
1700530200,100
1700531100,123
1700532000,99
1700532900,109
1700533800,147
1700534700,123
1700535600,110
1700536500,121
1700537400,104
1700538300,120
1700539200,132
1700540100,107
1700541000,109
1700541900,155
1700542800,100
1700543700,142
1700544600,141
1700545500,144
1700546400,281
1700547300,221
1700548200,231
1700549100,236
1700550000,461
1700550900,697
1700551800,1253
1700552700,753
1700553600,504
1700554500,966
1700555400,669
1700556300,308
1700557200,349
1700558100,364
1700559000,742
1700559900,737
1700560800,933
1700561700,649
1700562600,807
1700563500,805
1700564400,548
1700565300,231
1700566200,212
1700567100,202
1700568000,190
1700568900,229
1700569800,192
1700570700,280
1700571600,297
1700572500,276
1700573400,312
1700574300,307
1700575200,263
1700576100,276
1700577000,303
1700577900,285
1700578800,318
1700579700,300
1700580600,283
1700581500,314
1700582400,306
1700583300,277
1700584200,288
1700585100,276
1700586000,327
1700586900,346
1700587800,315
1700588700,322
1700589600,297
1700590500,320
1700591400,650
1700592300,270
1700593200,387
1700594100,378
1700595000,367
1700595900,379
1700596800,353
1700597700,337
1700598600,401
1700599500,331
1700600400,250
1700601300,303
1700602200,175
1700603100,150
1700604000,154
1700604900,144
1700605800,117
1700606700,116
1700607600,132
1700608500,136
1700609400,109
1700610300,117
1700611200,102
1700612100,103
1700613000,146
1700613900,133
1700614800,117
1700615700,125
1700616600,105
1700617500,104
1700618400,151
1700619300,112
1700620200,107
1700621100,121
1700622000,109
1700622900,123
1700623800,157
1700624700,109
1700625600,105
1700626500,130
1700627400,108
1700628300,126
1700629200,160
1700630100,570
1700631000,223
1700631900,239
1700632800,252
1700633700,271
1700634600,766
1700635500,1044
1700636400,698
1700637300,704
1700638200,623
1700639100,454
1700640000,305
1700640900,327
1700641800,296
1700642700,303
1700643600,286
1700644500,668
1700645400,540
1700646300,705
1700647200,803
1700648100,1165
1700649000,1105
1700649900,793
1700650800,678
1700651700,1031
1700652600,798
1700653500,289
1700654400,242
1700655300,256
1700656200,258
1700657100,304
1700658000,299
1700658900,265
1700659800,375
1700660700,250
1700661600,368
1700662500,363
1700663400,233
1700664300,217
1700665200,247
1700666100,260
1700667000,284
1700667900,641
1700668800,318
1700669700,332
1700670600,321
1700671500,829
1700672400,523
1700673300,871
1700674200,1432
1700675100,1157
1700676000,475
1700676900,828
1700677800,798
1700678700,499
1700679600,474
1700680500,437
1700681400,380
1700682300,427
1700683200,428
1700684100,426
1700685000,388
1700685900,334
1700686800,352
1700687700,360
1700688600,314
1700689500,298
1700690400,274
1700691300,211
1700692200,160
1700693100,142
1700694000,118
1700694900,121
1700695800,136
1700696700,112
1700697600,117
1700698500,149
1700699400,119
1700700300,104
1700701200,127
1700702100,112
1700703000,131
1700703900,147
1700704800,119
1700705700,97
1700706600,107
1700707500,121
1700708400,110
1700709300,112
1700710200,124
1700711100,131
1700712000,120
1700712900,153
1700713800,107
1700714700,124
1700715600,622
1700716500,352
1700717400,207
1700718300,202
1700719200,204
1700720100,186
1700721000,202
1700721900,209
1700722800,176
1700723700,220
1700724600,176
1700725500,188
1700726400,460
1700727300,554
1700728200,404
1700729100,217
1700730000,795
1700730900,980
1700731800,242
1700732700,205
1700733600,205
1700734500,233
1700735400,234
1700736300,285
1700737200,221
1700738100,170
1700739000,202
1700739900,634
1700740800,506
1700741700,307
1700742600,303
1700743500,240
1700744400,270
1700745300,280
1700746200,261
1700747100,536
1700748000,605
1700748900,524
1700749800,252
1700750700,805
1700751600,402
1700752500,240
1700753400,325
1700754300,840
1700755200,1276
1700756100,1147
1700757000,909
1700757900,413
1700758800,335
1700759700,470
1700760600,402
1700761500,443
1700762400,523
1700763300,1091
1700764200,1290
1700765100,990
1700766000,1150
1700766900,1292
1700767800,838
1700768700,479
1700769600,447
1700770500,382
1700771400,371
1700772300,386
1700773200,294
1700774100,278
1700775000,297
1700775900,201
1700776800,190
1700777700,163
1700778600,116
1700779500,107
1700780400,126
1700781300,131
1700782200,146
1700783100,118
1700784000,112
1700784900,109
1700785800,115
1700786700,145
1700787600,102
1700788500,121
1700789400,119
1700790300,118
1700791200,132
1700792100,121
1700793000,133
1700793900,120
1700794800,156
1700795700,147
1700796600,146
1700797500,328
1700798400,120
1700799300,100
1700800200,134
1700801100,112
1700802000,329
1700802900,924
1700803800,645
1700804700,700
1700805600,458
1700806500,190
1700807400,234
1700808300,201
1700809200,207
1700810100,195
1700811000,193
1700811900,221
1700812800,168
1700813700,152
1700814600,218
1700815500,189
1700816400,167
1700817300,383
1700818200,643
1700819100,433
1700820000,398
1700820900,1108
1700821800,1281
1700822700,710
1700823600,650
1700824500,473
1700825400,548
1700826300,757
1700827200,1009
1700828100,1177
1700829000,678
1700829900,674
1700830800,647
1700831700,535
1700832600,216
1700833500,171
1700834400,180
1700835300,211
1700836200,201
1700837100,194
1700838000,226
1700838900,195
1700839800,291
1700840700,726
1700841600,422
1700842500,574
1700843400,469
1700844300,836
1700845200,314
1700846100,306
1700847000,316
1700847900,333
1700848800,369
1700849700,368
1700850600,336
1700851500,394
1700852400,342
1700853300,392
1700854200,429
1700855100,521
1700856000,610
1700856900,312
1700857800,270
1700858700,213
1700859600,214
1700860500,265
1700861400,276
1700862300,266
1700863200,201
1700864100,118
1700865000,117
1700865900,156
1700866800,116
1700867700,111
1700868600,142
1700869500,133
1700870400,138
1700871300,130
1700872200,112
1700873100,119
1700874000,112
1700874900,145
1700875800,132
1700876700,112
1700877600,159
1700878500,109
1700879400,124
1700880300,157
1700881200,105
1700882100,119
1700883000,138
1700883900,162
1700884800,140
1700885700,126
1700886600,123
1700887500,169
1700888400,258
1700889300,914
1700890200,636
1700891100,271
1700892000,231
1700892900,194
1700893800,262
1700894700,230
1700895600,180
1700896500,187
1700897400,208
1700898300,186
1700899200,177
1700900100,180
1700901000,150
1700901900,154
1700902800,177
1700903700,191
1700904600,217
1700905500,182
1700906400,205
1700907300,149
1700908200,180
1700909100,183
1700910000,161
1700910900,677
1700911800,598
1700912700,652
1700913600,683
1700914500,653
1700915400,616
1700916300,231
1700917200,182
1700918100,201
1700919000,161
1700919900,167
1700920800,171
1700921700,184
1700922600,213
1700923500,190
1700924400,226
1700925300,464
1700926200,407
1700927100,364
1700928000,357
1700928900,342
1700929800,366
1700930700,351
1700931600,400
1700932500,379
1700933400,420
1700934300,1295
1700935200,1095
1700936100,892
1700937000,680
1700937900,460
1700938800,469
1700939700,358
1700940600,425
1700941500,367
1700942400,349
1700943300,354
1700944200,205
1700945100,197
1700946000,249
1700946900,207
1700947800,181
1700948700,263
1700949600,668
1700950500,311
1700951400,242
1700952300,208
1700953200,696
1700954100,277
1700955000,175
1700955900,165
1700956800,134
1700957700,157
1700958600,131
1700959500,144
1700960400,189
1700961300,139
1700962200,141
1700963100,158
1700964000,129
1700964900,163
1700965800,142
1700966700,147
1700967600,129
1700968500,128
1700969400,194
1700970300,325
1700971200,189
1700972100,182
1700973000,153
1700973900,197
1700974800,464
1700975700,380
1700976600,193
1700977500,189
1700978400,213
1700979300,185
1700980200,188
1700981100,114
1700982000,105
1700982900,122
1700983800,171
1700984700,116
1700985600,96
1700986500,108
1700987400,178
1700988300,123
1700989200,137
1700990100,112
1700991000,114
1700991900,122
1700992800,145
1700993700,184
1700994600,186
1700995500,135
1700996400,134
1700997300,153
1700998200,731
1700999100,957
1701000000,247
1701000900,286
1701001800,254
1701002700,725
1701003600,484
1701004500,881
1701005400,1183
1701006300,1229
1701007200,710
1701008100,713
1701009000,654
1701009900,537
1701010800,580
1701011700,545
1701012600,616
1701013500,401
1701014400,410
1701015300,324
1701016200,394
1701017100,372
1701018000,347
1701018900,331
1701019800,333
1701020700,330
1701021600,328
1701022500,396
1701023400,441
1701024300,443
1701025200,413
1701026100,398
1701027000,393
1701027900,424
1701028800,372
1701029700,370
1701030600,289
1701031500,294
1701032400,361
1701033300,223
1701034200,134
1701035100,132
1701036000,99
1701036900,108
1701037800,119
1701038700,102
1701039600,100
1701040500,98
1701041400,110
1701042300,132
1701043200,108
1701044100,134
1701045000,107
1701045900,100
1701046800,109
1701047700,131
1701048600,98
1701049500,94
1701050400,105
1701051300,104
1701052200,137
1701053100,107
1701054000,93
1701054900,94
1701055800,111
1701056700,257
1701057600,256
1701058500,116
1701059400,144
1701060300,178
1701061200,204
1701062100,678
1701063000,230
1701063900,200
1701064800,198
1701065700,165
1701066600,200
1701067500,182
1701068400,129
1701069300,101
1701070200,109
1701071100,121
1701072000,174
1701072900,305
1701073800,648
1701074700,311
1701075600,220
1701076500,249
1701077400,673
1701078300,431
1701079200,481
1701080100,360
1701081000,605
1701081900,794
1701082800,588
1701083700,210
1701084600,218
1701085500,186
1701086400,685
1701087300,336
1701088200,316
1701089100,356
1701090000,704
1701090900,172
1701091800,191
1701092700,192
1701093600,347
1701094500,200
1701095400,199
1701096300,273
1701097200,267
1701098100,328
1701099000,416
1701099900,327
1701100800,375
1701101700,341
1701102600,334
1701103500,300
1701104400,353
1701105300,316
1701106200,459
1701107100,306
1701108000,292
1701108900,415
1701109800,463
1701110700,587
1701111600,518
1701112500,485
1701113400,507
1701114300,463
1701115200,474
1701116100,543
1701117000,507
1701117900,415
1701118800,384
1701119700,355
1701120600,332
1701121500,287
1701122400,355
1701123300,243
1701124200,102
1701125100,109
1701126000,140
1701126900,101
1701127800,107
1701128700,125
1701129600,109
1701130500,111
1701131400,144
1701132300,99
1701133200,99
1701134100,112
1701135000,102
1701135900,134
1701136800,129
1701137700,113
1701138600,106
1701139500,94
1701140400,138
1701141300,116
1701142200,101
1701143100,122
1701144000,105
1701144900,112
1701145800,151
1701146700,127
1701147600,126
1701148500,110
1701149400,180
1701150300,221
1701151200,450
1701152100,239
1701153000,281
1701153900,220
1701154800,235
1701155700,358
1701156600,728
1701157500,465
1701158400,301
1701159300,473
1701160200,834
1701161100,350
1701162000,298
1701162900,285
1701163800,324
1701164700,303
1701165600,601
1701166500,538
1701167400,475
1701168300,519
1701169200,280
1701170100,327
1701171000,291
1701171900,270
1701172800,289
1701173700,299
1701174600,295
1701175500,303
1701176400,224
1701177300,228
1701178200,239
1701179100,303
1701180000,241
1701180900,251
1701181800,334
1701182700,299
1701183600,304
1701184500,392
1701185400,545
1701186300,700
1701187200,690
1701188100,339
1701189000,665
1701189900,641
1701190800,358
1701191700,316
1701192600,313
1701193500,305
1701194400,293
1701195300,295
1701196200,483
1701197100,708
1701198000,757
1701198900,407
1701199800,347
1701200700,332
1701201600,323
1701202500,260
1701203400,297
1701204300,353
1701205200,293
1701206100,298
1701207000,230
1701207900,121
1701208800,107
1701209700,148
1701210600,135
1701211500,117
1701212400,111
1701213300,127
1701214200,106
1701215100,120
1701216000,152
1701216900,109
1701217800,114
1701218700,127
1701219600,107
1701220500,108
1701221400,142
1701222300,120
1701223200,102
1701224100,105
1701225000,129
1701225900,113
1701226800,130
1701227700,159
1701228600,104
1701229500,104
1701230400,121
1701231300,102
1701232200,106
1701233100,142
1701234000,238
1701234900,613
1701235800,226
1701236700,196
1701237600,181
1701238500,181
1701239400,284
1701240300,275
1701241200,223
1701242100,651
1701243000,716
1701243900,732
1701244800,788
1701245700,707
1701246600,674
1701247500,627
1701248400,1216
1701249300,1600
1701250200,620
1701251100,479
1701252000,341
1701252900,834
1701253800,525
1701254700,377
1701255600,427
1701256500,374
1701257400,216
1701258300,338
1701259200,242
1701260100,264
1701261000,238
1701261900,241
1701262800,285
1701263700,252
1701264600,248
1701265500,242
1701266400,207
1701267300,456
1701268200,674
1701269100,499
1701270000,286
1701270900,711
1701271800,561
1701272700,312
1701273600,500
1701274500,1114
1701275400,1128
1701276300,839
1701277200,366
1701278100,345
1701279000,307
1701279900,329
1701280800,374
1701281700,356
1701282600,359
1701283500,373
1701284400,402
1701285300,392
1701286200,384
1701287100,408
1701288000,343
1701288900,332
1701289800,328
1701290700,313
1701291600,213
1701292500,224
1701293400,264
1701294300,255
1701295200,269
1701296100,196
1701297000,116
1701297900,147
1701298800,150
1701299700,160
1701300600,128
1701301500,104
1701302400,112
1701303300,107
1701304200,118
1701305100,121
1701306000,137
1701306900,148
1701307800,103
1701308700,94
1701309600,116
1701310500,96
1701311400,113
1701312300,141
1701313200,102
1701314100,102
1701315000,114
1701315900,138
1701316800,64
1701317700,92
1701318600,97
1701319500,78
1701320400,671
1701321300,409
1701322200,296
1701323100,284
1701324000,200
1701324900,175
1701325800,235
1701326700,168
1701327600,120
1701328500,135
1701329400,120
1701330300,166
1701331200,110
1701332100,119
1701333000,460
1701333900,599
1701334800,338
1701335700,190
1701336600,388
1701337500,647
1701338400,146
1701339300,181
1701340200,155
1701341100,139
1701342000,185
1701342900,168
1701343800,488
1701344700,666
1701345600,193
1701346500,508
1701347400,188
1701348300,155
1701349200,145
1701350100,229
1701351000,658
1701351900,1107
1701352800,848
1701353700,706
1701354600,703
1701355500,599
1701356400,579
1701357300,335
1701358200,421
1701359100,354
1701360000,354
1701360900,401
1701361800,586
1701362700,944
1701363600,1233
1701364500,905
1701365400,521
1701366300,405
1701367200,377
1701368100,388
1701369000,435
1701369900,404
1701370800,409
1701371700,362
1701372600,347
1701373500,344
1701374400,421
1701375300,399
1701376200,269
1701377100,245
1701378000,233
1701378900,191
1701379800,205
1701380700,287
1701381600,232
1701382500,224
1701383400,247
1701384300,251
1701385200,227
1701386100,198
1701387000,160
1701387900,118
1701388800,120
1701389700,108
1701390600,111
1701391500,152
1701392400,124
1701393300,103
1701394200,119
1701395100,121
1701396000,117
1701396900,144
1701397800,140
1701398700,116
1701399600,101
1701400500,131
1701401400,165
1701402300,295
1701403200,147
1701404100,126
1701405000,113
1701405900,147
1701406800,417
1701407700,390
1701408600,232
1701409500,190
1701410400,181
1701411300,149
1701412200,182
1701413100,133
1701414000,141
1701414900,144
1701415800,123
1701416700,138
1701417600,121
1701418500,147
1701419400,166
1701420300,183
1701421200,238
1701422100,647
1701423000,383
1701423900,461
1701424800,311
1701425700,788
1701426600,370
1701427500,237
1701428400,196
1701429300,201
1701430200,232
1701431100,202
1701432000,394
1701432900,247
1701433800,262
1701434700,230
1701435600,268
1701436500,263
1701437400,244
1701438300,272
1701439200,269
1701440100,254
1701441000,260
1701441900,372
1701442800,788
1701443700,329
1701444600,287
1701445500,332
1701446400,276
1701447300,324
1701448200,319
1701449100,303
1701450000,320
1701450900,355
1701451800,627
1701452700,290
1701453600,345
1701454500,446
1701455400,497
1701456300,467
1701457200,486
1701458100,398
1701459000,420
1701459900,366
1701460800,352
1701461700,390
1701462600,437
1701463500,344
1701464400,303
1701465300,270
1701466200,164
1701467100,204
1701468000,154
1701468900,127
1701469800,124
1701470700,141
1701471600,141
1701472500,122
1701473400,161
1701474300,128
1701475200,124
1701476100,120
1701477000,129
1701477900,108
1701478800,153
1701479700,135
1701480600,122
1701481500,119
1701482400,132
1701483300,124
1701484200,141
1701485100,119
1701486000,141
1701486900,105
1701487800,124
1701488700,280
1701489600,201
1701490500,144
1701491400,191
1701492300,232
1701493200,568
1701494100,1098
1701495000,1137
1701495900,791
1701496800,345
1701497700,223
1701498600,210
1701499500,213
1701500400,375
1701501300,739
1701502200,399
1701503100,287
1701504000,341
1701504900,727
1701505800,312
1701506700,225
1701507600,225
1701508500,242
1701509400,224
1701510300,743
1701511200,514
1701512100,528
1701513000,494
1701513900,588
1701514800,599
1701515700,697
1701516600,504
1701517500,502
1701518400,288
1701519300,358
1701520200,237
1701521100,220
1701522000,261
1701522900,283
1701523800,269
1701524700,320
1701525600,291
1701526500,303
1701527400,273
1701528300,345
1701529200,311
1701530100,231
1701531000,297
1701531900,291
1701532800,318
1701533700,406
1701534600,375
1701535500,415
1701536400,407
1701537300,357
1701538200,332
1701539100,387
1701540000,438
1701540900,746
1701541800,1644
1701542700,1556
1701543600,920
1701544500,1150
1701545400,885
1701546300,435
1701547200,418
1701548100,428
1701549000,463
1701549900,505
1701550800,618
1701551700,711
1701552600,535
1701553500,407
1701554400,232
1701555300,139
1701556200,232
1701557100,148
1701558000,139
1701558900,152
1701559800,153
1701560700,128
1701561600,144
1701562500,144
1701563400,117
1701564300,127
1701565200,139
1701566100,124
1701567000,141
1701567900,182
1701568800,125
1701569700,120
1701570600,142
1701571500,118
1701572400,126
1701573300,226
1701574200,363
1701575100,178
1701576000,152
1701576900,123
1701577800,127
1701578700,253
1701579600,1142
1701580500,655
1701581400,720
1701582300,677
1701583200,560
1701584100,493
1701585000,266
1701585900,411
1701586800,654
1701587700,512
1701588600,1161
1701589500,1268
1701590400,1551
1701591300,1058
1701592200,875
1701593100,868
1701594000,800
1701594900,698
1701595800,610
1701596700,545
1701597600,185
1701598500,453
1701599400,988
1701600300,865
1701601200,705
1701602100,1223
1701603000,779
1701603900,519
1701604800,234
1701605700,197
1701606600,163
1701607500,185
1701608400,129
1701609300,136
1701610200,303
1701611100,594
1701612000,395
1701612900,224
1701613800,549
1701614700,500
1701615600,338
1701616500,904
1701617400,1270
1701618300,1010
1701619200,840
1701620100,753
1701621000,559
1701621900,420
1701622800,387
1701623700,361
1701624600,339
1701625500,362
1701626400,729
1701627300,827
1701628200,379
1701629100,376
1701630000,366
1701630900,373
1701631800,339
1701632700,354
1701633600,406
1701634500,400
1701635400,348
1701636300,293
1701637200,268
1701638100,156
1701639000,153
1701639900,134
1701640800,103
1701641700,117
1701642600,123
1701643500,126
1701644400,150
1701645300,131
1701646200,117
1701647100,100
1701648000,118
1701648900,95
1701649800,121
1701650700,128
1701651600,104
1701652500,108
1701653400,124
1701654300,104
1701655200,124
1701656100,116
1701657000,129
1701657900,97
1701658800,103
1701659700,122
1701660600,131
1701661500,153
1701662400,115
1701663300,116
1701664200,106
1701665100,181
1701666000,1047
1701666900,1144
1701667800,683
1701668700,785
1701669600,554
1701670500,195
1701671400,246
1701672300,767
1701673200,350
1701674100,282
1701675000,213
1701675900,676
1701676800,288
1701677700,185
1701678600,358
1701679500,655
1701680400,701
1701681300,863
1701682200,736
1701683100,802
1701684000,758
1701684900,529
1701685800,320
1701686700,369
1701687600,284
1701688500,423
1701689400,551
1701690300,200
1701691200,230
1701692100,642
1701693000,648
1701693900,302
1701694800,221
1701695700,187
1701696600,124
1701697500,174
1701698400,153
1701699300,167
1701700200,302
1701701100,229
1701702000,227
1701702900,196
1701703800,237
1701704700,264
1701705600,272
1701706500,264
1701707400,399
1701708300,370
1701709200,431
1701710100,365
1701711000,393
1701711900,381
1701712800,383
1701713700,366
1701714600,435
1701715500,402
1701716400,401
1701717300,373
1701718200,431
1701719100,562
1701720000,709
1701720900,497
1701721800,493
1701722700,504
1701723600,420
1701724500,387
1701725400,342
1701726300,291
1701727200,300
1701728100,307
1701729000,476
1701729900,411
1701730800,249
1701731700,148
1701732600,156
1701733500,147
1701734400,166
1701735300,133
1701736200,109
1701737100,115
1701738000,132
1701738900,146
1701739800,124
1701740700,116
1701741600,151
1701742500,119
1701743400,118
1701744300,167
1701745200,116
1701746100,122
1701747000,114
1701747900,121
1701748800,102
1701749700,128
1701750600,154
1701751500,171
1701752400,170
1701753300,200
1701754200,182
1701755100,304
1701756000,396
1701756900,264
1701757800,260
1701758700,291
1701759600,446
1701760500,882
1701761400,554
1701762300,321
1701763200,493
1701764100,778
1701765000,284
1701765900,367
1701766800,331
1701767700,451
1701768600,727
1701769500,495
1701770400,473
1701771300,483
1701772200,486
1701773100,532
1701774000,474
1701774900,455
1701775800,457
1701776700,488
1701777600,619
1701778500,711
1701779400,713
1701780300,480
1701781200,292
1701782100,312
1701783000,608
1701783900,591
1701784800,814
1701785700,636
1701786600,593
1701787500,740
1701788400,646
1701789300,358
1701790200,404
1701791100,631
1701792000,428
1701792900,448
1701793800,452
1701794700,738
1701795600,642
1701796500,557
1701797400,372
1701798300,751
1701799200,691
1701800100,374
1701801000,337
1701801900,359
1701802800,381
1701803700,316
1701804600,420
1701805500,338
1701806400,306
1701807300,309
1701808200,468
1701809100,316
1701810000,268
1701810900,245
1701811800,178
1701812700,134
1701813600,104
1701814500,120
1701815400,105
1701816300,111
1701817200,157
1701818100,107
1701819000,110
1701819900,106
1701820800,121
1701821700,101
1701822600,124
1701823500,138
1701824400,109
1701825300,105
1701826200,122
1701827100,120
1701828000,99
1701828900,126
1701829800,123
1701830700,99
1701831600,99
1701832500,115
1701833400,114
1701834300,112
1701835200,135
1701836100,114
1701837000,101
1701837900,104
1701838800,179
1701839700,302
1701840600,937
1701841500,639
1701842400,271
1701843300,229
1701844200,237
1701845100,236
1701846000,251
1701846900,484
1701847800,653
1701848700,530
1701849600,548
1701850500,340
1701851400,846
1701852300,863
1701853200,674
1701854100,765
1701855000,769
1701855900,1228
1701856800,1208
1701857700,1085
1701858600,822
1701859500,687
1701860400,542
1701861300,334
1701862200,355
1701863100,301
1701864000,302
1701864900,774
1701865800,590
1701866700,586
1701867600,323
1701868500,340
1701869400,376
1701870300,980
1701871200,897
1701872100,362
1701873000,350
1701873900,377
1701874800,343
1701875700,334
1701876600,295
1701877500,374
1701878400,366
1701879300,317
1701880200,342
1701881100,362
1701882000,336
1701882900,407
1701883800,899
1701884700,1360
1701885600,1055
1701886500,851
1701887400,866
1701888300,862
1701889200,871
1701890100,345
1701891000,324
1701891900,285
1701892800,291
1701893700,267
1701894600,266
1701895500,299
1701896400,239
1701897300,226
1701898200,152
1701899100,145
1701900000,115
1701900900,125
1701901800,163
1701902700,121
1701903600,104
1701904500,135
1701905400,126
1701906300,116
1701907200,138
1701908100,138
1701909000,120
1701909900,104
1701910800,124
1701911700,106
1701912600,110
1701913500,156
1701914400,117
1701915300,105
1701916200,119
1701917100,109
1701918000,108
1701918900,113
1701919800,177
1701920700,115
1701921600,112
1701922500,122
1701923400,110
1701924300,110
1701925200,867
1701926100,596
1701927000,247
1701927900,295
1701928800,252
1701929700,683
1701930600,674
1701931500,627
1701932400,317
1701933300,354
1701934200,338
1701935100,365
1701936000,731
1701936900,1013
1701937800,445
1701938700,372
1701939600,375
1701940500,331
1701941400,361
1701942300,346
1701943200,359
1701944100,380
1701945000,325
1701945900,578
1701946800,476
1701947700,349
1701948600,369
1701949500,365
1701950400,447
1701951300,271
1701952200,252
1701953100,666
1701954000,424
1701954900,507
1701955800,341
1701956700,759
1701957600,555
1701958500,323
1701959400,312
1701960300,353
1701961200,411
1701962100,340
1701963000,359
1701963900,502
1701964800,721
1701965700,722
1701966600,947
1701967500,430
1701968400,363
1701969300,396
1701970200,439
1701971100,402
1701972000,436
1701972900,564
1701973800,556
1701974700,487
1701975600,489
1701976500,405
1701977400,355
1701978300,382
1701979200,376
1701980100,404
1701981000,358
1701981900,343
1701982800,281
1701983700,292
1701984600,328
1701985500,297
1701986400,187
1701987300,177
1701988200,179
1701989100,176
1701990000,171
1701990900,207
1701991800,172
1701992700,168
1701993600,189
1701994500,172
1701995400,156
1701996300,190
1701997200,191
1701998100,167
1701999000,159
1701999900,180
1702000800,174
1702001700,163
1702002600,216
1702003500,183
1702004400,160
1702005300,158
1702006200,193
1702007100,192
1702008000,169
1702008900,205
1702009800,166
1702010700,174
1702011600,555
1702012500,343
1702013400,219
1702014300,272
1702015200,268
1702016100,225
1702017000,228
1702017900,252
1702018800,275
1702019700,777
1702020600,533
1702021500,478
1702022400,440
1702023300,862
1702024200,290
1702025100,200
1702026000,185
1702026900,200
1702027800,161
1702028700,173
1702029600,198
1702030500,174
1702031400,183
1702032300,420
1702033200,699
1702034100,912
1702035000,446
1702035900,356
1702036800,306
1702037700,246
1702038600,296
1702039500,212
1702040400,468
1702041300,614
1702042200,469
1702043100,251
1702044000,570
1702044900,682
1702045800,245
1702046700,412
1702047600,990
1702048500,1136
1702049400,814
1702050300,834
1702051200,824
1702052100,799
1702053000,402
1702053900,364
1702054800,359
1702055700,379
1702056600,372
1702057500,328
1702058400,394
1702059300,483
1702060200,718
1702061100,380
1702062000,443
1702062900,327
1702063800,339
1702064700,365
1702065600,290
1702066500,248
1702067400,287
1702068300,268
1702069200,223
1702070100,250
1702071000,247
1702071900,164
1702072800,116
1702073700,159
1702074600,176
1702075500,109
1702076400,122
1702077300,111
1702078200,98
1702079100,148
1702080000,193
1702080900,121
1702081800,126
1702082700,118
1702083600,115
1702084500,108
1702085400,149
1702086300,125
1702087200,111
1702088100,125
1702089000,111
1702089900,110
1702090800,107
1702091700,130
1702092600,104
1702093500,125
1702094400,104
1702095300,102
1702096200,96
1702097100,146
1702098000,614
1702098900,298
1702099800,184
1702100700,209
1702101600,288
1702102500,283
1702103400,244
1702104300,279
1702105200,293
1702106100,561
1702107000,1036
1702107900,1150
1702108800,887
1702109700,849
1702110600,801
1702111500,803
1702112400,805
1702113300,444
1702114200,304
1702115100,305
1702116000,309
1702116900,333
1702117800,834
1702118700,1068
1702119600,1153
1702120500,1525
1702121400,863
1702122300,582
1702123200,668
1702124100,755
1702125000,315
1702125900,309
1702126800,356
1702127700,304
1702128600,283
1702129500,260
1702130400,254
1702131300,239
1702132200,340
1702133100,332
1702134000,288
1702134900,372
1702135800,512
1702136700,695
1702137600,615
1702138500,405
1702139400,593
1702140300,1349
1702141200,976
1702142100,922
1702143000,893
1702143900,947
1702144800,945
1702145700,795
1702146600,504
1702147500,305
1702148400,302
1702149300,376
1702150200,501
1702151100,313
1702152000,300
1702152900,337
1702153800,351
1702154700,251
1702155600,161
1702156500,162
1702157400,167
1702158300,154
1702159200,130
1702160100,185
1702161000,164
1702161900,149
1702162800,159
1702163700,133
1702164600,164
1702165500,129
1702166400,140
1702167300,140
1702168200,145
1702169100,156
1702170000,135
1702170900,140
1702171800,122
1702172700,135
1702173600,152
1702174500,155
1702175400,129
1702176300,144
1702177200,120
1702178100,363
1702179000,169
1702179900,171
1702180800,140
1702181700,137
1702182600,131
1702183500,143
1702184400,304
1702185300,580
1702186200,227
1702187100,278
1702188000,224
1702188900,415
1702189800,598
1702190700,532
1702191600,313
1702192500,666
1702193400,710
1702194300,389
1702195200,452
1702196100,389
1702197000,312
1702197900,322
1702198800,483
1702199700,350
1702200600,353
1702201500,403
1702202400,941
1702203300,705
1702204200,736
1702205100,389
1702206000,686
1702206900,549
1702207800,727
1702208700,725
1702209600,996
1702210500,737
1702211400,312
1702212300,309
1702213200,336
1702214100,358
1702215000,349
1702215900,328
1702216800,342
1702217700,343
1702218600,340
1702219500,500
1702220400,1391
1702221300,1047
1702222200,680
1702223100,492
1702224000,1005
1702224900,445
1702225800,404
1702226700,708
1702227600,1192
1702228500,706
1702229400,427
1702230300,562
1702231200,897
1702232100,521
1702233000,385
1702233900,731
1702234800,449
1702235700,341
1702236600,316
1702237500,326
1702238400,351
1702239300,362
1702240200,306
1702241100,296
1702242000,360
1702242900,191
1702243800,123
1702244700,133
1702245600,136
1702246500,114
1702247400,117
1702248300,107
1702249200,93
1702250100,121
1702251000,133
1702251900,105
1702252800,116
1702253700,102
1702254600,96
1702255500,97
1702256400,127
1702257300,108
1702258200,93
1702259100,110
1702260000,96
1702260900,89
1702261800,103
1702262700,128
1702263600,106
1702264500,109
1702265400,132
1702266300,134
1702267200,96
1702268100,125
1702269000,120
1702269900,131
1702270800,617
1702271700,230
1702272600,192
1702273500,241
1702274400,235
1702275300,182
1702276200,216
1702277100,226
1702278000,231
1702278900,193
1702279800,199
1702280700,190
1702281600,199
1702282500,227
1702283400,276
1702284300,244
1702285200,207
1702286100,206
1702287000,212
1702287900,225
1702288800,236
1702289700,247
1702290600,237
1702291500,389
1702292400,806
1702293300,800
1702294200,395
1702295100,416
1702296000,823
1702296900,366
1702297800,313
1702298700,309
1702299600,290
1702300500,288
1702301400,326
1702302300,276
1702303200,307
1702304100,408
1702305000,400
1702305900,449
1702306800,389
1702307700,681
1702308600,1205
1702309500,1213
1702310400,954
1702311300,883
1702312200,966
1702313100,762
1702314000,443
1702314900,485
1702315800,560
1702316700,493
1702317600,646
1702318500,1052
1702319400,774
1702320300,652
1702321200,741
1702322100,967
1702323000,460
1702323900,505
1702324800,468
1702325700,477
1702326600,450
1702327500,479
1702328400,391
1702329300,378
1702330200,526
1702331100,371
1702332000,380
1702332900,404
1702333800,384
1702334700,147
1702335600,115
1702336500,136
1702337400,120
1702338300,104
1702339200,170
1702340100,141
1702341000,126
1702341900,127
1702342800,132
1702343700,131
1702344600,124
1702345500,170
1702346400,122
1702347300,105
1702348200,132
1702349100,108
1702350000,104
1702350900,124
1702351800,153
1702352700,136
1702353600,110
1702354500,132
1702355400,119
1702356300,141
1702357200,144
1702358100,155
1702359000,109
1702359900,152
1702360800,247
1702361700,311
1702362600,248
1702363500,526
1702364400,1099
1702365300,803
1702366200,714
1702367100,765
1702368000,678
1702368900,607
1702369800,661
1702370700,363
1702371600,251
1702372500,409
1702373400,362
1702374300,320
1702375200,950
1702376100,1522
1702377000,1550
1702377900,1572
1702378800,1243
1702379700,990
1702380600,464
1702381500,992
1702382400,1075
1702383300,692
1702384200,685
1702385100,700
1702386000,472
1702386900,211
1702387800,187
1702388700,169
1702389600,174
1702390500,195
1702391400,184
1702392300,436
1702393200,1321
1702394100,1487
1702395000,1103
1702395900,823
1702396800,1412
1702397700,553
1702398600,397
1702399500,399
1702400400,357
1702401300,309
1702402200,434
1702403100,409
1702404000,569
1702404900,837
1702405800,659
1702406700,446
1702407600,594
1702408500,1368
1702409400,864
1702410300,895
1702411200,650
1702412100,427
1702413000,368
1702413900,360
1702414800,308
1702415700,262
1702416600,307
1702417500,268
1702418400,281
1702419300,251
1702420200,183
1702421100,157
1702422000,132
1702422900,169
1702423800,147
1702424700,157
1702425600,139
1702426500,108
1702427400,127
1702428300,126
1702429200,125
1702430100,142
1702431000,137
1702431900,108
1702432800,117
1702433700,145
1702434600,150
1702435500,110
1702436400,130
1702437300,134
1702438200,132
1702439100,112
1702440000,151
1702440900,151
1702441800,125
1702442700,152
1702443600,311
1702444500,512
1702445400,247
1702446300,283
1702447200,244
1702448100,312
1702449000,446
1702449900,335
1702450800,365
1702451700,380
1702452600,384
1702453500,362
1702454400,394
1702455300,462
1702456200,479
1702457100,394
1702458000,465
1702458900,374
1702459800,335
1702460700,342
1702461600,308
1702462500,340
1702463400,1232
1702464300,899
1702465200,806
1702466100,1098
1702467000,756
1702467900,333
1702468800,776
1702469700,690
1702470600,348
1702471500,316
1702472400,330
1702473300,166
1702474200,161
1702475100,170
1702476000,140
1702476900,147
1702477800,127
1702478700,140
1702479600,144
1702480500,116
1702481400,156
1702482300,135
1702483200,135
1702484100,415
1702485000,479
1702485900,506
1702486800,492
1702487700,480
1702488600,471
1702489500,399
1702490400,401
1702491300,691
1702492200,1211
1702493100,1127
1702494000,851
1702494900,762
1702495800,542
1702496700,324
1702497600,552
1702498500,760
1702499400,290
1702500300,240
1702501200,226
1702502100,193
1702503000,201
1702503900,146
1702504800,176
1702505700,146
1702506600,134
1702507500,137
1702508400,115
1702509300,117
1702510200,140
1702511100,136
1702512000,115
1702512900,122
1702513800,131
1702514700,109
1702515600,116
1702516500,157
1702517400,144
1702518300,129
1702519200,119
1702520100,124
1702521000,101
1702521900,121
1702522800,159
1702523700,119
1702524600,133
1702525500,142
1702526400,109
1702527300,126
1702528200,144
1702529100,196
1702530000,813
1702530900,1017
1702531800,1072
1702532700,761
1702533600,683
1702534500,776
1702535400,479
1702536300,287
1702537200,243
1702538100,232
1702539000,187
1702539900,152
1702540800,178
1702541700,161
1702542600,134
1702543500,120
1702544400,181
1702545300,231
1702546200,238
1702547100,244
1702548000,244
1702548900,230
1702549800,235
1702550700,239
1702551600,531
1702552500,866
1702553400,1128
1702554300,640
1702555200,494
1702556100,345
1702557000,292
1702557900,266
1702558800,358
1702559700,859
1702560600,559
1702561500,474
1702562400,521
1702563300,872
1702564200,752
1702565100,1241
1702566000,969
1702566900,849
1702567800,835
1702568700,786
1702569600,894
1702570500,490
1702571400,443
1702572300,928
1702573200,1232
1702574100,892
1702575000,872
1702575900,454
1702576800,429
1702577700,709
1702578600,1172
1702579500,897
1702580400,890
1702581300,567
1702582200,445
1702583100,364
1702584000,347
1702584900,339
1702585800,303
1702586700,288
1702587600,308
1702588500,347
1702589400,304
1702590300,227
1702591200,170
1702592100,150
1702593000,133
1702593900,153
1702594800,168
1702595700,133
1702596600,136
1702597500,155
1702598400,150
1702599300,136
1702600200,165
1702601100,160
1702602000,144
1702602900,155
1702603800,167
1702604700,129
1702605600,144
1702606500,168
1702607400,156
1702608300,148
1702609200,132
1702610100,151
1702611000,139
1702611900,176
1702612800,159
1702613700,141
1702614600,158
1702615500,505
1702616400,475
1702617300,237
1702618200,258
1702619100,273
1702620000,626
1702620900,500
1702621800,477
1702622700,244
1702623600,595
1702624500,650
1702625400,262
1702626300,248
1702627200,258
1702628100,246
1702629000,241
1702629900,228
1702630800,246
1702631700,225
1702632600,235
1702633500,247
1702634400,270
1702635300,327
1702636200,278
1702637100,308
1702638000,254
1702638900,283
1702639800,716
1702640700,212
1702641600,262
1702642500,272
1702643400,275
1702644300,264
1702645200,252
1702646100,240
1702647000,265
1702647900,292
1702648800,277
1702649700,686
1702650600,403
1702651500,350
1702652400,383
1702653300,983
1702654200,496
1702655100,243
1702656000,274
1702656900,366
1702657800,361
1702658700,292
1702659600,310
1702660500,297
1702661400,266
1702662300,726
1702663200,1293
1702664100,1082
1702665000,742
1702665900,642
1702666800,606
1702667700,326
1702668600,370
1702669500,326
1702670400,302
1702671300,273
1702672200,268
1702673100,284
1702674000,264
1702674900,250
1702675800,183
1702676700,132
1702677600,140
1702678500,136
1702679400,164
1702680300,139
1702681200,127
1702682100,141
1702683000,130
1702683900,120
1702684800,128
1702685700,167
1702686600,139
1702687500,131
1702688400,148
1702689300,128
1702690200,124
1702691100,119
1702692000,196
1702692900,148
1702693800,143
1702694700,146
1702695600,128
1702696500,120
1702697400,144
1702698300,176
1702699200,142
1702700100,117
1702701000,137
1702701900,138
1702702800,563
1702703700,416
1702704600,225
1702705500,256
1702706400,254
1702707300,222
1702708200,243
1702709100,169
1702710000,180
1702710900,186
1702711800,205
1702712700,180
1702713600,226
1702714500,221
1702715400,601
1702716300,1137
1702717200,1008
1702718100,852
1702719000,1037
1702719900,787
1702720800,686
1702721700,624
1702722600,704
1702723500,634
1702724400,1769
1702725300,1959
1702726200,1540
1702727100,1413
1702728000,822
1702728900,423
1702729800,454
1702730700,692
1702731600,747
1702732500,654
1702733400,290
1702734300,434
1702735200,984
1702736100,1094
1702737000,841
1702737900,942
1702738800,410
1702739700,373
1702740600,562
1702741500,998
1702742400,898
1702743300,988
1702744200,841
1702745100,511
1702746000,716
1702746900,870
1702747800,870
1702748700,945
1702749600,630
1702750500,696
1702751400,923
1702752300,924
1702753200,942
1702754100,1099
1702755000,595
1702755900,580
1702756800,433
1702757700,899
1702758600,448
1702759500,342
1702760400,286
1702761300,272
1702762200,275
1702763100,168
1702764000,132
1702764900,148
1702765800,170
1702766700,128
1702767600,123
1702768500,137
1702769400,124
1702770300,106
1702771200,112
1702772100,158
1702773000,122
1702773900,113
1702774800,113
1702775700,121
1702776600,104
1702777500,112
1702778400,137
1702779300,133
1702780200,104
1702781100,110
1702782000,120
1702782900,120
1702783800,483
1702784700,173
1702785600,130
1702786500,132
1702787400,127
1702788300,170
1702789200,362
1702790100,174
1702791000,545
1702791900,223
1702792800,231
1702793700,563
1702794600,425
1702795500,415
1702796400,203
1702797300,964
1702798200,948
1702799100,298
1702800000,289
1702800900,312
1702801800,261
1702802700,280
1702803600,613
1702804500,333
1702805400,231
1702806300,288
1702807200,295
1702808100,261
1702809000,270
1702809900,256
1702810800,258
1702811700,247
1702812600,901
1702813500,746
1702814400,376
1702815300,226
1702816200,222
1702817100,236
1702818000,228
1702818900,235
1702819800,217
1702820700,229
1702821600,199
1702822500,198
1702823400,229
1702824300,268
1702825200,303
1702826100,829
1702827000,796
1702827900,821
1702828800,853
1702829700,780
1702830600,534
1702831500,364
1702832400,377
1702833300,997
1702834200,1345
1702835100,1600
1702836000,719
1702836900,756
1702837800,826
1702838700,395
1702839600,373
1702840500,360
1702841400,373
1702842300,341
1702843200,299
1702844100,279
1702845000,264
1702845900,222
1702846800,243
1702847700,122
1702848600,105
1702849500,116
1702850400,125
1702851300,152
1702852200,109
1702853100,145
1702854000,103
1702854900,117
1702855800,116
1702856700,130
1702857600,129
1702858500,146
1702859400,134
1702860300,135
1702861200,103
1702862100,109
1702863000,117
1702863900,114
1702864800,152
1702865700,154
1702866600,141
1702867500,127
1702868400,124
1702869300,152
1702870200,123
1702871100,139
1702872000,136
1702872900,156
1702873800,104
1702874700,119
1702875600,772
1702876500,663
1702877400,639
1702878300,688
1702879200,583
1702880100,180
1702881000,160
1702881900,158
1702882800,128
1702883700,136
1702884600,150
1702885500,206
1702886400,178
1702887300,190
1702888200,166
1702889100,181
1702890000,170
1702890900,172
1702891800,196
1702892700,229
1702893600,256
1702894500,975
1702895400,488
1702896300,485
1702897200,581
1702898100,967
1702899000,482
1702899900,206
1702900800,241
1702901700,277
1702902600,322
1702903500,280
1702904400,259
1702905300,592
1702906200,543
1702907100,581
1702908000,607
1702908900,737
1702909800,1075
1702910700,858
1702911600,547
1702912500,735
1702913400,743
1702914300,331
1702915200,395
1702916100,392
1702917000,266
1702917900,280
1702918800,316
1702919700,335
1702920600,352
1702921500,304
1702922400,315
1702923300,299
1702924200,288
1702925100,269
1702926000,282
1702926900,315
1702927800,289
1702928700,273
1702929600,301
1702930500,250
1702931400,282
1702932300,277
1702933200,237
1702934100,221
1702935000,173
1702935900,185
1702936800,261
1702937700,196
1702938600,223
1702939500,197
1702940400,248
1702941300,220
1702942200,133
1702943100,151
1702944000,123
1702944900,123
1702945800,133
1702946700,115
1702947600,143
1702948500,139
1702949400,137
1702950300,107
1702951200,118
1702952100,104
1702953000,117
1702953900,116
1702954800,136
1702955700,130
1702956600,129
1702957500,115
1702958400,128
1702959300,115
1702960200,123
1702961100,123
1702962000,147
1702962900,201
1702963800,571
1702964700,796
1702965600,437
1702966500,411
1702967400,415
1702968300,452
1702969200,486
1702970100,444
1702971000,865
1702971900,541
1702972800,348
1702973700,562
1702974600,874
1702975500,368
1702976400,335
1702977300,367
1702978200,365
1702979100,536
1702980000,367
1702980900,343
1702981800,397
1702982700,406
1702983600,766
1702984500,543
1702985400,361
1702986300,371
1702987200,293
1702988100,299
1702989000,328
1702989900,297
1702990800,321
1702991700,348
1702992600,318
1702993500,338
1702994400,327
1702995300,308
1702996200,339
1702997100,315
1702998000,368
1702998900,386
1702999800,354
1703000700,317
1703001600,311
1703002500,341
1703003400,448
1703004300,963
1703005200,631
1703006100,380
1703007000,340
1703007900,319
1703008800,329
1703009700,395
1703010600,329
1703011500,812
1703012400,864
1703013300,1311
1703014200,505
1703015100,363
1703016000,515
1703016900,847
1703017800,295
1703018700,286
1703019600,300
1703020500,237
1703021400,237
1703022300,219
1703023200,182
1703024100,159
1703025000,149
1703025900,123
1703026800,167
1703027700,170
1703028600,125
1703029500,134
1703030400,162
1703031300,189
1703032200,177
1703033100,159
1703034000,179
1703034900,182
1703035800,127
1703036700,151
1703037600,132
1703038500,165
1703039400,123
1703040300,145
1703041200,190
1703042100,131
1703043000,154
1703043900,150
1703044800,155
1703045700,160
1703046600,132
1703047500,176
1703048400,254
1703049300,648
1703050200,216
1703051100,269
1703052000,243
1703052900,506
1703053800,995
1703054700,1464
1703055600,1423
1703056500,1210
1703057400,852
1703058300,1042
1703059200,1360
1703060100,817
1703061000,848
1703061900,397
1703062800,407
1703063700,763
1703064600,765
1703065500,650
1703066400,855
1703067300,878
1703068200,985
1703069100,787
1703070000,924
1703070900,877
1703071800,856
1703072700,780
1703073600,869
1703074500,631
1703075400,560
1703076300,348
1703077200,771
1703078100,557
1703079000,339
1703079900,342
1703080800,309
1703081700,328
1703082600,351
1703083500,326
1703084400,742
1703085300,830
1703086200,844
1703087100,867
1703088000,604
1703088900,417
1703089800,411
1703090700,386
1703091600,359
1703092500,466
1703093400,471
1703094300,367
1703095200,365
1703096100,398
1703097000,445
1703097900,382
1703098800,398
1703099700,372
1703100600,387
1703101500,334
1703102400,361
1703103300,335
1703104200,358
1703105100,288
1703106000,222
1703106900,248
1703107800,247
1703108700,249
1703109600,248
1703110500,248
1703111400,267
1703112300,294
1703113200,234
1703114100,165
1703115000,111
1703115900,124
1703116800,102
1703117700,127
1703118600,121
1703119500,137
1703120400,103
1703121300,108
1703122200,101
1703123100,120
1703124000,104
1703124900,142
1703125800,121
1703126700,130
1703127600,97
1703128500,104
1703129400,112
1703130300,131
1703131200,105
1703132100,183
1703133000,125
1703133900,197
1703134800,599
1703135700,243
1703136600,207
1703137500,289
1703138400,715
1703139300,411
1703140200,325
1703141100,268
1703142000,743
1703142900,362
1703143800,332
1703144700,630
1703145600,207
1703146500,166
1703147400,138
1703148300,145
1703149200,139
1703150100,154
1703151000,139
1703151900,118
1703152800,123
1703153700,95
1703154600,92
1703155500,135
1703156400,198
1703157300,826
1703158200,236
1703159100,238
1703160000,542
1703160900,480
1703161800,416
1703162700,284
1703163600,774
1703164500,419
1703165400,265
1703166300,309
1703167200,278
1703168100,267
1703169000,266
1703169900,254
1703170800,252
1703171700,253
1703172600,269
1703173500,282
1703174400,260
1703175300,279
1703176200,311
1703177100,312
1703178000,271
1703178900,278
1703179800,330
1703180700,325
1703181600,532
1703182500,1062
1703183400,1310
1703184300,1026
1703185200,815
1703186100,684
1703187000,375
1703187900,356
1703188800,309
1703189700,321
1703190600,294
1703191500,293
1703192400,277
1703193300,230
1703194200,173
1703195100,119
1703196000,132
1703196900,129
1703197800,142
1703198700,128
1703199600,123
1703200500,132
1703201400,151
1703202300,110
1703203200,110
1703204100,115
1703205000,123
1703205900,107
1703206800,107
1703207700,130
1703208600,143
1703209500,114
1703210400,105
1703211300,107
1703212200,120
1703213100,105
1703214000,110
1703214900,211
1703215800,457
1703216700,240
1703217600,220
1703218500,227
1703219400,247
1703220300,294
1703221200,441
1703222100,344
1703223000,336
1703223900,321
1703224800,317
1703225700,348
1703226600,410
1703227500,775
1703228400,466
1703229300,364
1703230200,364
1703231100,865
1703232000,461
1703232900,349
1703233800,359
1703234700,338
1703235600,389
1703236500,338
1703237400,352
1703238300,375
1703239200,910
1703240100,502
1703241000,408
1703241900,373
1703242800,490
1703243700,715
1703244600,728
1703245500,638
1703246400,556
1703247300,414
1703248200,415
1703249100,352
1703250000,321
1703250900,320
1703251800,322
1703252700,345
1703253600,347
1703254500,357
1703255400,602
1703256300,851
1703257200,612
1703258100,740
1703259000,825
1703259900,1279
1703260800,758
1703261700,839
1703262600,910
1703263500,769
1703264400,709
1703265300,470
1703266200,303
1703267100,497
1703268000,1210
1703268900,722
1703269800,397
1703270700,355
1703271600,355
1703272500,372
1703273400,402
1703274300,361
1703275200,346
1703276100,331
1703277000,281
1703277900,254
1703278800,269
1703279700,372
1703280600,297
1703281500,272
1703282400,295
1703283300,315
1703284200,244
1703285100,181
1703286000,140
1703286900,118
1703287800,123
1703288700,117
1703289600,168
1703290500,130
1703291400,128
1703292300,136
1703293200,138
1703294100,127
1703295000,120
1703295900,134
1703296800,159
1703297700,115
1703298600,122
1703299500,131
1703300400,121
1703301300,123
1703302200,136
1703303100,177
1703304000,126
1703304900,113
1703305800,123
1703306700,169
1703307600,785
1703308500,937
1703309400,849
1703310300,751
1703311200,700
1703312100,699
1703313000,506
1703313900,255
1703314800,225
1703315700,196
1703316600,442
1703317500,285
1703318400,279
1703319300,273
1703320200,276
1703321100,247
1703322000,266
1703322900,255
1703323800,313
1703324700,263
1703325600,287
1703326500,264
1703327400,295
1703328300,326
1703329200,419
1703330100,289
1703331000,324
1703331900,674
1703332800,761
1703333700,627
1703334600,379
1703335500,604
1703336400,884
1703337300,335
1703338200,335
1703339100,320
1703340000,395
1703340900,331
1703341800,285
1703342700,291
1703343600,560
1703344500,412
1703345400,326
1703346300,293
1703347200,304
1703348100,410
1703349000,417
1703349900,396
1703350800,819
1703351700,972
1703352600,1576
1703353500,642
1703354400,1055
1703355300,586
1703356200,778
1703357100,653
1703358000,382
1703358900,385
1703359800,382
1703360700,386
1703361600,374
1703362500,404
1703363400,405
1703364300,339
1703365200,261
1703366100,235
1703367000,237
1703367900,233
1703368800,122
1703369700,130
1703370600,127
1703371500,102
1703372400,116
1703373300,109
1703374200,133
1703375100,102
1703376000,120
1703376900,137
1703377800,114
1703378700,103
1703379600,101
1703380500,116
1703381400,109
1703382300,100
1703383200,146
1703384100,135
1703385000,116
1703385900,109
1703386800,108
1703387700,128
1703388600,125
1703389500,138
1703390400,129
1703391300,129
1703392200,134
1703393100,156
1703394000,213
1703394900,229
1703395800,217
1703396700,320
1703397600,473
1703398500,248
1703399400,232
1703400300,402
1703401200,275
1703402100,750
1703403000,710
1703403900,559
1703404800,355
1703405700,727
1703406600,708
1703407500,372
1703408400,284
1703409300,279
1703410200,307
1703411100,285
1703412000,288
1703412900,279
1703413800,412
1703414700,837
1703415600,602
1703416500,1026
1703417400,676
1703418300,761
1703419200,361
1703420100,337
1703421000,341
1703421900,290
1703422800,319
1703423700,307
1703424600,290
1703425500,292
1703426400,263
1703427300,253
1703428200,201
1703429100,332
1703430000,279
1703430900,287
1703431800,286
1703432700,284
1703433600,258
1703434500,194
1703435400,184
1703436300,239
1703437200,247
1703438100,249
1703439000,242
1703439900,270
1703440800,334
1703441700,349
1703442600,362
1703443500,349
1703444400,337
1703445300,313
1703446200,308
1703447100,280
1703448000,394
1703448900,394
1703449800,942
1703450700,530
1703451600,615
1703452500,450
1703453400,943
1703454300,644
1703455200,349
1703456100,314
1703457000,263
1703457900,252
1703458800,242
1703459700,237
1703460600,262
1703461500,289
1703462400,259
1703463300,274
1703464200,291
1703465100,267
1703466000,263
1703466900,261
1703467800,277
1703468700,228
1703469600,189
1703470500,158
1703471400,108
1703472300,103
1703473200,107
1703474100,126
1703475000,118
1703475900,152
1703476800,133
1703477700,130
1703478600,113
1703479500,103
1703480400,153
1703481300,563
1703482200,205
1703483100,246
1703484000,226
1703484900,185
1703485800,219
1703486700,285
1703487600,672
1703488500,489
1703489400,1064
1703490300,815
1703491200,716
1703492100,723
1703493000,1138
1703493900,592
1703494800,577
1703495700,854
1703496600,589
1703497500,1005
1703498400,1063
1703499300,928
1703500200,716
1703501100,680
1703502000,782
1703502900,391
1703503800,449
1703504700,766
1703505600,394
1703506500,309
1703507400,453
1703508300,366
1703509200,344
1703510100,342
1703511000,309
1703511900,318
1703512800,297
1703513700,349
1703514600,315
1703515500,357
1703516400,371
1703517300,318
1703518200,296
1703519100,379
1703520000,603
1703520900,1118
1703521800,924
1703522700,817
1703523600,561
1703524500,1040
1703525400,631
1703526300,520
1703527200,555
1703528100,548
1703529000,558
1703529900,543
1703530800,533
1703531700,420
1703532600,396
1703533500,382
1703534400,350
1703535300,314
1703536200,319
1703537100,308
1703538000,310
1703538900,369
1703539800,265
1703540700,215
1703541600,230
1703542500,165
1703543400,124
1703544300,98
1703545200,119
1703546100,134
1703547000,113
1703547900,127
1703548800,136
1703549700,119
1703550600,117
1703551500,125
1703552400,143
1703553300,130
1703554200,151
1703555100,145
1703556000,133
1703556900,103
1703557800,107
1703558700,102
1703559600,124
1703560500,109
1703561400,140
1703562300,114
1703563200,122
1703564100,113
1703565000,124
1703565900,136
1703566800,413
1703567700,1077
1703568600,920
1703569500,738
1703570400,688
1703571300,660
1703572200,271
1703573100,242
1703574000,316
1703574900,239
1703575800,272
1703576700,711
1703577600,957
1703578500,765
1703579400,1207
1703580300,1553
1703581200,1326
1703582100,1880
1703583000,1531
1703583900,1151
1703584800,1073
1703585700,1659
1703586600,1445
1703587500,803
1703588400,740
1703589300,614
1703590200,460
1703591100,407
1703592000,426
1703592900,360
1703593800,439
1703594700,352
1703595600,347
1703596500,353
1703597400,375
1703598300,408
1703599200,391
1703600100,528
1703601000,986
1703601900,578
1703602800,417
1703603700,422
1703604600,457
1703605500,499
1703606400,504
1703607300,704
1703608200,769
1703609100,681
1703610000,480
1703610900,770
1703611800,932
1703612700,492
1703613600,504
1703614500,447
1703615400,420
1703616300,811
1703617200,776
1703618100,513
1703619000,385
1703619900,381
1703620800,388
1703621700,358
1703622600,354
1703623500,404
1703624400,408
1703625300,300
1703626200,328
1703627100,284
1703628000,275
1703628900,285
1703629800,181
1703630700,133
1703631600,93
1703632500,133
1703633400,127
1703634300,92
1703635200,102
1703636100,105
1703637000,129
1703637900,102
1703638800,121
1703639700,150
1703640600,110
1703641500,97
1703642400,116
1703643300,108
1703644200,123
1703645100,95
1703646000,130
1703646900,143
1703647800,115
1703648700,106
1703649600,99
1703650500,149
1703651400,124
1703652300,130
1703653200,467
1703654100,798
1703655000,619
1703655900,740
1703656800,796
1703657700,780
1703658600,372
1703659500,208
1703660400,223
1703661300,182
1703662200,219
1703663100,236
1703664000,250
1703664900,306
1703665800,347
1703666700,771
1703667600,622
1703668500,702
1703669400,954
1703670300,770
1703671200,373
1703672100,665
1703673000,1042
1703673900,1008
1703674800,763
1703675700,501
1703676600,379
1703677500,489
1703678400,305
1703679300,337
1703680200,815
1703681100,649
1703682000,559
1703682900,329
1703683800,672
1703684700,721
1703685600,339
1703686500,366
1703687400,564
1703688300,392
1703689200,316
1703690100,294
1703691000,296
1703691900,323
1703692800,984
1703693700,1075
1703694600,890
1703695500,872
1703696400,897
1703697300,943
1703698200,918
1703699100,945
1703700000,855
1703700900,685
1703701800,412
1703702700,417
1703703600,384
1703704500,351
1703705400,370
1703706300,340
1703707200,310
1703708100,341
1703709000,318
1703709900,317
1703710800,271
1703711700,319
1703712600,270
1703713500,233
1703714400,232
1703715300,251
1703716200,232
1703717100,222
1703718000,248
1703718900,278
1703719800,151
1703720700,123
1703721600,157
1703722500,123
1703723400,137
1703724300,158
1703725200,178
1703726100,158
1703727000,150
1703727900,157
1703728800,133
1703729700,124
1703730600,136
1703731500,162
1703732400,144
1703733300,122
1703734200,142
1703735100,163
1703736000,132
1703736900,131
1703737800,156
1703738700,285
1703739600,182
1703740500,144
1703741400,233
1703742300,214
1703743200,224
1703744100,254
1703745000,282
1703745900,268
1703746800,258
1703747700,323
1703748600,293
1703749500,293
1703750400,333
1703751300,323
1703752200,294
1703753100,345
1703754000,374
1703754900,507
1703755800,1050
1703756700,1128
1703757600,1350
1703758500,932
1703759400,501
1703760300,936
1703761200,776
1703762100,395
1703763000,285
1703763900,345
1703764800,383
1703765700,345
1703766600,329
1703767500,339
1703768400,330
1703769300,324
1703770200,343
1703771100,352
1703772000,301
1703772900,305
1703773800,392
1703774700,310
1703775600,319
1703776500,652
1703777400,1213
1703778300,861
1703779200,846
1703780100,989
1703781000,766
1703781900,711
1703782800,588
1703783700,418
1703784600,658
1703785500,1160
1703786400,1426
1703787300,1210
1703788200,877
1703789100,417
1703790000,847
1703790900,754
1703791800,413
1703792700,880
1703793600,362
1703794500,300
1703795400,294
1703796300,283
1703797200,288
1703798100,143
1703799000,131
1703799900,140
1703800800,128
1703801700,123
1703802600,128
1703803500,174
1703804400,132
1703805300,121
1703806200,127
1703807100,139
1703808000,119
1703808900,118
1703809800,160
1703810700,159
1703811600,127
1703812500,135
1703813400,137
1703814300,122
1703815200,130
1703816100,141
1703817000,173
1703817900,156
1703818800,149
1703819700,158
1703820600,160
1703821500,166
1703822400,141
1703823300,168
1703824200,127
1703825100,123
1703826000,126
1703826900,354
1703827800,406
1703828700,207
1703829600,243
1703830500,241
1703831400,237
1703832300,239
1703833200,249
1703834100,212
1703835000,241
1703835900,293
1703836800,316
1703837700,278
1703838600,269
1703839500,321
1703840400,266
1703841300,255
1703842200,861
1703843100,1176
1703844000,853
1703844900,810
1703845800,734
1703846700,1087
1703847600,1168
1703848500,676
1703849400,517
1703850300,634
1703851200,822
1703852100,552
1703853000,1041
1703853900,816
1703854800,827
1703855700,786
1703856600,750
1703857500,647
1703858400,364
1703859300,342
1703860200,318
1703861100,329
1703862000,294
1703862900,336
1703863800,337
1703864700,309
1703865600,354
1703866500,706
1703867400,800
1703868300,683
1703869200,495
1703870100,828
1703871000,865
1703871900,454
1703872800,448
1703873700,522
1703874600,445
1703875500,490
1703876400,515
1703877300,484
1703878200,474
1703879100,335
1703880000,328
1703880900,309
1703881800,257
1703882700,327
1703883600,329
1703884500,249
1703885400,222
1703886300,240
1703887200,208
1703888100,150
1703889000,139
1703889900,138
1703890800,104
1703891700,108
1703892600,105
1703893500,139
1703894400,104
1703895300,119
1703896200,120
1703897100,122
1703898000,98
1703898900,103
1703899800,111
1703900700,135
1703901600,137
1703902500,161
1703903400,136
1703904300,133
1703905200,114
1703906100,108
1703907000,134
1703907900,111
1703908800,126
1703909700,115
1703910600,115
1703911500,115
1703912400,103
1703913300,128
1703914200,338
1703915100,365
1703916000,316
1703916900,199
1703917800,155
1703918700,158
1703919600,193
1703920500,218
1703921400,190
1703922300,204
1703923200,193
1703924100,267
1703925000,266
1703925900,310
1703926800,328
1703927700,346
1703928600,379
1703929500,1308
1703930400,676
1703931300,928
1703932200,814
1703933100,873
1703934000,672
1703934900,362
1703935800,380
1703936700,913
1703937600,541
1703938500,540
1703939400,299
1703940300,763
1703941200,524
1703942100,285
1703943000,290
1703943900,266
1703944800,269
1703945700,273
1703946600,504
1703947500,448
1703948400,407
1703949300,389
1703950200,355
1703951100,359
1703952000,343
1703952900,358
1703953800,355
1703954700,797
1703955600,457
1703956500,399
1703957400,462
1703958300,467
1703959200,530
1703960100,555
1703961000,551
1703961900,550
1703962800,468
1703963700,374
1703964600,338
1703965500,338
1703966400,344
1703967300,333
1703968200,301
1703969100,296
1703970000,329
1703970900,356
1703971800,358
1703972700,446
1703973600,378
1703974500,343
1703975400,135
1703976300,108
1703977200,94
1703978100,98
1703979000,110
1703979900,129
1703980800,110
1703981700,96
1703982600,127
1703983500,104
1703984400,95
1703985300,90
1703986200,125
1703987100,126
1703988000,90
1703988900,116
1703989800,89
1703990700,101
1703991600,103
1703992500,117
1703993400,131
1703994300,137
1703995200,121
1703996100,130
1703997000,106
1703997900,114
1703998800,129
1703999700,147
1704000600,111
1704001500,249
1704002400,280
1704003300,244
1704004200,231
1704005100,249
1704006000,260
1704006900,215
1704007800,483
1704008700,619
1704009600,435
1704010500,188
1704011400,453
1704012300,697
1704013200,184
1704014100,177
1704015000,186
1704015900,187
1704016800,168
1704017700,179
1704018600,260
1704019500,225
1704020400,185
1704021300,217
1704022200,437
1704023100,221
1704024000,206
1704024900,203
1704025800,196
1704026700,167
1704027600,164
1704028500,192
1704029400,182
1704030300,196
1704031200,194
1704032100,221
1704033000,183
1704033900,518
1704034800,786
1704035700,540
1704036600,362
1704037500,677
1704038400,741
1704039300,359
1704040200,400
1704041100,677
1704042000,821
1704042900,741
1704043800,673
1704044700,408
1704045600,349
1704046500,367
1704047400,376
1704048300,924
1704049200,506
1704050100,528
1704051000,368
1704051900,850
1704052800,485
1704053700,253
1704054600,256
1704055500,306
1704056400,355
1704057300,321
1704058200,298
1704059100,322
1704060000,294
1704060900,287
1704061800,330
1704062700,336
1704063600,403
1704064500,550
1704065400,316
1704066300,276
1704067200,265
1704068100,188
1704069000,215
1704069900,223
1704070800,193
1704071700,155
1704072600,112
1704073500,124
1704074400,115
1704075300,121
1704076200,119
1704077100,93
1704078000,108
1704078900,93
1704079800,98
1704080700,148
1704081600,114
1704082500,137
1704083400,96
1704084300,113
1704085200,94
1704086100,89
1704087000,142
1704087900,173
1704088800,349
1704089700,118
1704090600,139
1704091500,132
1704092400,131
1704093300,353
1704094200,225
1704095100,236
1704096000,200
1704096900,218
1704097800,223
1704098700,282
1704099600,475
1704100500,281
1704101400,750
1704102300,539
1704103200,422
1704104100,722
1704105000,1497
1704105900,659
1704106800,937
1704107700,363
1704108600,278
1704109500,341
1704110400,663
1704111300,475
1704112200,425
1704113100,454
1704114000,836
1704114900,368
1704115800,296
1704116700,500
1704117600,325
1704118500,324
1704119400,297
1704120300,325
1704121200,363
1704122100,385
1704123000,362
1704123900,383
1704124800,570
1704125700,824
1704126600,377
1704127500,362
1704128400,399
1704129300,372
1704130200,338
1704131100,363
1704132000,345
1704132900,708
1704133800,556
1704134700,352
1704135600,378
1704136500,858
1704137400,581
1704138300,381
1704139200,633
1704140100,784
1704141000,351
1704141900,317
1704142800,300
1704143700,294
1704144600,215
1704145500,202
1704146400,190
1704147300,159
1704148200,100
1704149100,153
1704150000,109
1704150900,150
1704151800,97
1704152700,109
1704153600,145
1704154500,144
1704155400,106
1704156300,120
1704157200,136
1704158100,142
1704159000,120
1704159900,138
1704160800,156
1704161700,120
1704162600,98
1704163500,134
1704164400,123
1704165300,111
1704166200,123
1704167100,149
1704168000,96
1704168900,110
1704169800,134
1704170700,119
1704171600,96
1704172500,147
1704173400,164
1704174300,204
1704175200,141
1704176100,209
1704177000,632
1704177900,579
1704178800,1544
1704179700,719
1704180600,285
1704181500,297
1704182400,227
1704183300,193
1704184200,261
1704185100,325
1704186000,272
1704186900,714
1704187800,1160
1704188700,626
1704189600,608
1704190500,479
1704191400,444
1704192300,862
1704193200,422
1704194100,335
1704195000,436
1704195900,740
1704196800,494
1704197700,281
1704198600,957
1704199500,1637
1704200400,796
1704201300,857
1704202200,731
1704203100,360
1704204000,271
1704204900,289
1704205800,279
1704206700,277
1704207600,283
1704208500,319
1704209400,342
1704210300,345
1704211200,488
1704212100,372
1704213000,352
1704213900,331
1704214800,359
1704215700,345
1704216600,662
1704217500,1200
1704218400,903
1704219300,682
1704220200,853
1704221100,879
1704222000,856
1704222900,1275
1704223800,634
1704224700,383
1704225600,340
1704226500,336
1704227400,340
1704228300,338
1704229200,321
1704230100,287
1704231000,133
1704231900,104
1704232800,107
1704233700,106
1704234600,102
1704235500,132
1704236400,132
1704237300,113
1704238200,104
1704239100,93
1704240000,95
1704240900,129
1704241800,115
1704242700,124
1704243600,93
1704244500,138
1704245400,128
1704246300,124
1704247200,146
1704248100,132
1704249000,129
1704249900,97
1704250800,117
1704251700,100
1704252600,95
1704253500,117
1704254400,122
1704255300,138
1704256200,107
1704257100,108
1704258000,108
1704258900,383
1704259800,808
1704260700,447
1704261600,424
1704262500,195
1704263400,739
1704264300,350
1704265200,183
1704266100,193
1704267000,241
1704267900,206
1704268800,186
1704269700,238
1704270600,256
1704271500,249
1704272400,248
1704273300,276
1704274200,243
1704275100,221
1704276000,267
1704276900,1292
1704277800,615
1704278700,935
1704279600,1374
1704280500,1300
1704281400,657
1704282300,774
1704283200,545
1704284100,277
1704285000,285
1704285900,280
1704286800,307
1704287700,287
1704288600,293
1704289500,337
1704290400,317
1704291300,292
1704292200,305
1704293100,367
1704294000,399
1704294900,413
1704295800,390
1704296700,390
1704297600,349
1704298500,536
1704299400,514
1704300300,348
1704301200,369
1704302100,380
1704303000,448
1704303900,437
1704304800,425
1704305700,439
1704306600,452
1704307500,507
1704308400,538
1704309300,525
1704310200,608
1704311100,493
1704312000,409
1704312900,380
1704313800,365
1704314700,362
1704315600,375
1704316500,370
1704317400,296
1704318300,287
1704319200,303
1704320100,310
1704321000,404
1704321900,181
1704322800,133
1704323700,93
1704324600,102
1704325500,109
1704326400,117
1704327300,130
1704328200,106
1704329100,114
1704330000,100
1704330900,96
1704331800,101
1704332700,128
1704333600,123
1704334500,96
1704335400,122
1704336300,114
1704337200,109
1704338100,101
1704339000,144
1704339900,142
1704340800,124
1704341700,115
1704342600,137
1704343500,121
1704344400,107
1704345300,128
1704346200,280
1704347100,190
1704348000,154
1704348900,179
1704349800,194
1704350700,184
1704351600,218
1704352500,210
1704353400,188
1704354300,543
1704355200,583
1704356100,547
1704357000,794
1704357900,1624
1704358800,1523
1704359700,898
1704360600,802
1704361500,828
1704362400,767
1704363300,644
1704364200,385
1704365100,364
1704366000,671
1704366900,1332
1704367800,788
1704368700,302
1704369600,385
1704370500,345
1704371400,642
1704372300,489
1704373200,509
1704374100,582
1704375000,920
1704375900,648
1704376800,324
1704377700,346
1704378600,342
1704379500,376
1704380400,358
1704381300,377
1704382200,344
1704383100,354
1704384000,367
1704384900,414
1704385800,416
1704386700,785
1704387600,1146
1704388500,765
1704389400,441
1704390300,851
1704391200,809
1704392100,813
1704393000,837
1704393900,369
1704394800,317
1704395700,335
1704396600,321
1704397500,298
1704398400,352
1704399300,348
1704400200,324
1704401100,243
1704402000,313
1704402900,183
1704403800,144
1704404700,169
1704405600,178
1704406500,142
1704407400,163
1704408300,138
1704409200,160
1704410100,135
1704411000,184
1704411900,184
1704412800,167
1704413700,151
1704414600,154
1704415500,140
1704416400,137
1704417300,157
1704418200,144
1704419100,173
1704420000,127
1704420900,124
1704421800,129
1704422700,164
1704423600,165
1704424500,122
1704425400,151
1704426300,155
1704427200,136
1704428100,165
1704429000,180
1704429900,131
1704430800,126
1704431700,465
1704432600,281
1704433500,227
1704434400,255
1704435300,223
1704436200,199
1704437100,176
1704438000,426
1704438900,367
1704439800,188
1704440700,294
1704441600,233
1704442500,302
1704443400,610
1704444300,1130
1704445200,972
1704446100,731
1704447000,648
1704447900,286
1704448800,271
1704449700,243
1704450600,268
1704451500,751
1704452400,906
1704453300,444
1704454200,272
1704455100,257
1704456000,248
1704456900,226
1704457800,256
1704458700,240
1704459600,233
1704460500,253
1704461400,244
1704462300,272
1704463200,425
1704464100,760
1704465000,498
1704465900,263
1704466800,586
1704467700,785
1704468600,319
1704469500,324
1704470400,421
1704471300,941
1704472200,389
1704473100,316
1704474000,310
1704474900,298
1704475800,386
1704476700,329
1704477600,315
1704478500,398
1704479400,829
1704480300,786
1704481200,830
1704482100,731
1704483000,376
1704483900,404
1704484800,410
1704485700,364
1704486600,355
1704487500,356
1704488400,320
1704489300,310
1704490200,228
1704491100,181
1704492000,116
1704492900,123
1704493800,111
1704494700,104
1704495600,121
1704496500,145
1704497400,116
1704498300,109
1704499200,125
1704500100,133
1704501000,109
1704501900,111
1704502800,144
1704503700,109
1704504600,111
1704505500,105
1704506400,139
1704507300,113
1704508200,154
1704509100,145
1704510000,155
1704510900,131
1704511800,131
1704512700,124
1704513600,132
1704514500,131
1704515400,104
1704516300,116
1704517200,281
1704518100,478
1704519000,231
1704519900,288
1704520800,332
1704521700,323
1704522600,353
1704523500,393
1704524400,366
1704525300,343
1704526200,416
1704527100,421
1704528000,629
1704528900,940
1704529800,580
1704530700,526
1704531600,503
1704532500,644
1704533400,1536
1704534300,1061
1704535200,1093
1704536100,1021
1704537000,1746
1704537900,864
1704538800,559
1704539700,541
1704540600,340
1704541500,307
1704542400,325
1704543300,322
1704544200,345
1704545100,327
1704546000,447
1704546900,453
1704547800,322
1704548700,329
1704549600,340
1704550500,338
1704551400,357
1704552300,490
1704553200,332
1704554100,337
1704555000,387
1704555900,312
1704556800,567
1704557700,864
1704558600,785
1704559500,875
1704560400,699
1704561300,408
1704562200,404
1704563100,427
1704564000,406
1704564900,381
1704565800,366
1704566700,387
1704567600,371
1704568500,413
1704569400,437
1704570300,388
1704571200,355
1704572100,387
1704573000,352
1704573900,262
1704574800,241
1704575700,227
1704576600,199
1704577500,190
1704578400,225
1704579300,274
1704580200,189
1704581100,418
1704582000,253
1704582900,135
1704583800,138
1704584700,152
1704585600,153
1704586500,128
1704587400,140
1704588300,150
1704589200,177
1704590100,179
1704591000,164
1704591900,144
1704592800,149
1704593700,127
1704594600,133
1704595500,150
1704596400,157
1704597300,126
1704598200,151
1704599100,157
1704600000,132
1704600900,135
1704601800,174
1704602700,141
1704603600,621
1704604500,234
1704605400,168
1704606300,192
1704607200,259
1704608100,309
1704609000,268
1704609900,235
1704610800,255
1704611700,244
1704612600,256
1704613500,262
1704614400,295
1704615300,299
1704616200,352
1704617100,337
1704618000,340
1704618900,332
1704619800,350
1704620700,295
1704621600,307
1704622500,744
1704623400,1392
1704624300,1641
1704625200,1051
1704626100,1029
1704627000,897
1704627900,1501
1704628800,474
1704629700,322
1704630600,460
1704631500,355
1704632400,351
1704633300,370
1704634200,286
1704635100,223
1704636000,252
1704636900,279
1704637800,303
1704638700,281
1704639600,277
1704640500,236
1704641400,301
1704642300,288
1704643200,336
1704644100,369
1704645000,341
1704645900,343
1704646800,371
1704647700,324
1704648600,330
1704649500,362
1704650400,351
1704651300,345
1704652200,331
1704653100,360
1704654000,374
1704654900,370
1704655800,408
1704656700,367
1704657600,384
1704658500,348
1704659400,331
1704660300,335
1704661200,387
1704662100,769
1704663000,462
1704663900,444
1704664800,256
1704665700,723
1704666600,509
1704667500,205
1704668400,123
1704669300,109
1704670200,115
1704671100,127
1704672000,116
1704672900,155
1704673800,145
1704674700,151
1704675600,143
1704676500,128
1704677400,117
1704678300,155
1704679200,151
1704680100,130
1704681000,135
1704681900,138
1704682800,134
1704683700,127
1704684600,199
1704685500,160
1704686400,139
1704687300,125
1704688200,153
1704689100,128
1704690000,654
1704690900,191
1704691800,213
1704692700,193
1704693600,163
1704694500,177
1704695400,220
1704696300,224
1704697200,232
1704698100,202
1704699000,199
1704699900,214
1704700800,207
1704701700,355
1704702600,353
1704703500,635
1704704400,262
1704705300,218
1704706200,345
1704707100,730
1704708000,320
1704708900,261
1704709800,245
1704710700,253
1704711600,302
1704712500,656
1704713400,297
1704714300,328
1704715200,282
1704716100,295
1704717000,285
1704717900,283
1704718800,551
1704719700,575
1704720600,355
1704721500,327
1704722400,608
1704723300,754
1704724200,273
1704725100,350
1704726000,396
1704726900,368
1704727800,351
1704728700,566
1704729600,557
1704730500,989
1704731400,667
1704732300,525
1704733200,716
1704734100,845
1704735000,349
1704735900,393
1704736800,363
1704737700,367
1704738600,360
1704739500,325
1704740400,316
1704741300,292
1704742200,329
1704743100,291
1704744000,320
1704744900,355
1704745800,386
1704746700,377
1704747600,351
1704748500,340
1704749400,329
1704750300,244
1704751200,192
1704752100,198
1704753000,164
1704753900,155
1704754800,147
1704755700,129
1704756600,134
1704757500,111
1704758400,139
1704759300,125
1704760200,124
1704761100,107
1704762000,136
1704762900,116
1704763800,116
1704764700,108
1704765600,107
1704766500,125
1704767400,135
1704768300,133
1704769200,105
1704770100,119
1704771000,106
1704771900,107
1704772800,106
1704773700,136
1704774600,138
1704775500,154
1704776400,159
1704777300,157
1704778200,138
1704779100,132
1704780000,198
1704780900,584
1704781800,200
1704782700,171
1704783600,298
1704784500,524
1704785400,359
1704786300,229
1704787200,326
1704788100,671
1704789000,1120
1704789900,827
1704790800,636
1704791700,563
1704792600,304
1704793500,309
1704794400,336
1704795300,323
1704796200,900
1704797100,1183
1704798000,541
1704798900,273
1704799800,258
1704800700,331
1704801600,765
1704802500,485
1704803400,495
1704804300,289
1704805200,789
1704806100,490
1704807000,245
1704807900,293
1704808800,290
1704809700,301
1704810600,278
1704811500,285
1704812400,282
1704813300,265
1704814200,271
1704815100,278
1704816000,315
1704816900,292
1704817800,445
1704818700,327
1704819600,345
1704820500,342
1704821400,341
1704822300,353
1704823200,372
1704824100,354
1704825000,408
1704825900,760
1704826800,1349
1704827700,1604
1704828600,1063
1704829500,797
1704830400,1036
1704831300,1013
1704832200,452
1704833100,367
1704834000,342
1704834900,306
1704835800,248
1704836700,286
1704837600,239
1704838500,244
1704839400,263
1704840300,173
1704841200,133
1704842100,114
1704843000,114
1704843900,115
1704844800,115
1704845700,152
1704846600,130
1704847500,142
1704848400,128
1704849300,110
1704850200,104
1704851100,128
1704852000,138
1704852900,116
1704853800,114
1704854700,129
1704855600,104
1704856500,110
1704857400,111
1704858300,159
1704859200,121
1704860100,115
1704861000,111
1704861900,144
1704862800,201
1704863700,741
1704864600,354
1704865500,369
1704866400,313
1704867300,297
1704868200,302
1704869100,386
1704870000,366
1704870900,340
1704871800,358
1704872700,346
1704873600,847
1704874500,748
1704875400,799
1704876300,773
1704877200,777
1704878100,742
1704879000,788
1704879900,1200
1704880800,1332
1704881700,1221
1704882600,1152
1704883500,1512
1704884400,647
1704885300,517
1704886200,746
1704887100,845
1704888000,671
1704888900,1144
1704889800,1358
1704890700,953
1704891600,753
1704892500,273
1704893400,254
1704894300,267
1704895200,232
1704896100,256
1704897000,239
1704897900,200
1704898800,216
1704899700,236
1704900600,225
1704901500,201
1704902400,272
1704903300,438
1704904200,639
1704905100,788
1704906000,637
1704906900,422
1704907800,807
1704908700,793
1704909600,532
1704910500,545
1704911400,914
1704912300,783
1704913200,300
1704914100,349
1704915000,326
1704915900,327
1704916800,357
1704917700,494
1704918600,325
1704919500,267
1704920400,254
1704921300,349
1704922200,259
1704923100,266
1704924000,255
1704924900,235
1704925800,207
1704926700,150
1704927600,121
1704928500,143
1704929400,143
1704930300,141
1704931200,116
1704932100,148
1704933000,129
1704933900,132
1704934800,168
1704935700,157
1704936600,119
1704937500,144
1704938400,123
1704939300,147
1704940200,120
1704941100,154
1704942000,147
1704942900,137
1704943800,142
1704944700,134
1704945600,124
1704946500,162
1704947400,131
1704948300,375
1704949200,643
1704950100,176
1704951000,278
1704951900,333
1704952800,357
1704953700,279
1704954600,273
1704955500,322
1704956400,304
1704957300,275
1704958200,298
1704959100,305
1704960000,303
1704960900,300
1704961800,280
1704962700,310
1704963600,279
1704964500,328
1704965400,300
1704966300,307
1704967200,308
1704968100,279
1704969000,307
1704969900,291
1704970800,243
1704971700,767
1704972600,544
1704973500,173
1704974400,160
1704975300,148
1704976200,278
1704977100,721
1704978000,363
1704978900,299
1704979800,256
1704980700,697
1704981600,264
1704982500,233
1704983400,190
1704984300,145
1704985200,167
1704986100,179
1704987000,184
1704987900,437
1704988800,512
1704989700,310
1704990600,609
1704991500,1092
1704992400,1037
1704993300,802
1704994200,1439
1704995100,966
1704996000,730
1704996900,479
1704997800,344
1704998700,347
1704999600,325
1705000500,320
1705001400,392
1705002300,342
1705003200,305
1705004100,372
1705005000,307
1705005900,268
1705006800,208
1705007700,260
1705008600,276
1705009500,211
1705010400,219
1705011300,222
1705012200,227
1705013100,232
1705014000,206
1705014900,189
1705015800,106
1705016700,115
1705017600,127
1705018500,138
1705019400,109
1705020300,107
1705021200,107
1705022100,140
1705023000,109
1705023900,152
1705024800,120
1705025700,132
1705026600,108
1705027500,116
1705028400,118
1705029300,128
1705030200,142
1705031100,119
1705032000,118
1705032900,152
1705033800,112
1705034700,176
1705035600,1080
1705036500,660
1705037400,652
1705038300,665
1705039200,755
1705040100,639
1705041000,387
1705041900,469
1705042800,957
1705043700,1366
1705044600,935
1705045500,902
1705046400,1019
1705047300,251
1705048200,247
1705049100,248
1705050000,261
1705050900,203
1705051800,198
1705052700,212
1705053600,238
1705054500,208
1705055400,206
1705056300,214
1705057200,322
1705058100,471
1705059000,705
1705059900,1183
1705060800,528
1705061700,445
1705062600,424
1705063500,503
1705064400,612
1705065300,460
1705066200,536
1705067100,1443
1705068000,1422
1705068900,718
1705069800,517
1705070700,264
1705071600,261
1705072500,256
1705073400,287
1705074300,317
1705075200,327
1705076100,328
1705077000,413
1705077900,496
1705078800,1046
1705079700,1196
1705080600,884
1705081500,809
1705082400,577
1705083300,517
1705084200,366
1705085100,371
1705086000,332
1705086900,373
1705087800,342
1705088700,357
1705089600,310
1705090500,303
1705091400,313
1705092300,283
1705093200,250
1705094100,246
1705095000,223
1705095900,226
1705096800,245
1705097700,239
1705098600,226
1705099500,220
1705100400,229
1705101300,154
1705102200,97
1705103100,104
1705104000,118
1705104900,141
1705105800,98
1705106700,102
1705107600,111
1705108500,103
1705109400,97
1705110300,106
1705111200,149
1705112100,136
1705113000,98
1705113900,104
1705114800,113
1705115700,107
1705116600,109
1705117500,121
1705118400,138
1705119300,125
1705120200,95
1705121100,117
1705122000,556
1705122900,220
1705123800,149
1705124700,172
1705125600,258
1705126500,466
1705127400,620
1705128300,650
1705129200,704
1705130100,716
1705131000,1122
1705131900,1219
1705132800,842
1705133700,818
1705134600,786
1705135500,471
1705136400,394
1705137300,386
1705138200,305
1705139100,280
1705140000,240
1705140900,247
1705141800,236
1705142700,263
1705143600,235
1705144500,243
1705145400,518
1705146300,1468
1705147200,1147
1705148100,581
1705149000,522
1705149900,360
1705150800,783
1705151700,1150
1705152600,678
1705153500,674
1705154400,592
1705155300,518
1705156200,875
1705157100,381
1705158000,203
1705158900,280
1705159800,263
1705160700,831
1705161600,775
1705162500,921
1705163400,1019
1705164300,1391
1705165200,1412
1705166100,1044
1705167000,681
1705167900,403
1705168800,356
1705169700,348
1705170600,375
1705171500,834
1705172400,482
1705173300,479
1705174200,386
1705175100,830
1705176000,393
1705176900,299
1705177800,310
1705178700,240
1705179600,224
1705180500,217
1705181400,255
1705182300,220
1705183200,252
1705184100,254
1705185000,263
1705185900,223
1705186800,147
1705187700,144
1705188600,143
1705189500,133
1705190400,155
1705191300,156
1705192200,139
1705193100,132
1705194000,126
1705194900,142
1705195800,139
1705196700,151
1705197600,151
1705198500,143
1705199400,125
1705200300,130
1705201200,127
1705202100,138
1705203000,166
1705203900,167
1705204800,127
1705205700,137
1705206600,142
1705207500,147
1705208400,735
1705209300,915
1705210200,1125
1705211100,777
1705212000,729
1705212900,792
1705213800,718
1705214700,640
1705215600,322
1705216500,385
1705217400,299
1705218300,870
1705219200,828
1705220100,603
1705221000,353
1705221900,338
1705222800,317
1705223700,325
1705224600,436
1705225500,1002
1705226400,911
1705227300,846
1705228200,730
1705229100,458
1705230000,805
1705230900,726
1705231800,716
1705232700,1182
1705233600,1247
1705234500,690
1705235400,854
1705236300,748
1705237200,1035
1705238100,553
1705239000,310
1705239900,337
1705240800,418
1705241700,315
1705242600,267
1705243500,202
1705244400,634
1705245300,713
1705246200,739
1705247100,607
1705248000,752
1705248900,590
1705249800,750
1705250700,758
1705251600,758
1705252500,679
1705253400,621
1705254300,403
1705255200,365
1705256100,583
1705257000,624
1705257900,356
1705258800,301
1705259700,315
1705260600,329
1705261500,359
1705262400,450
1705263300,279
1705264200,290
1705265100,319
1705266000,222
1705266900,237
1705267800,222
1705268700,232
1705269600,237
1705270500,250
1705271400,263
1705272300,225
1705273200,130
1705274100,108
1705275000,136
1705275900,103
1705276800,129
1705277700,112
1705278600,126
1705279500,110
1705280400,110
1705281300,111
1705282200,132
1705283100,122
1705284000,102
1705284900,106
1705285800,108
1705286700,103
1705287600,97
1705288500,138
1705289400,115
1705290300,108
1705291200,108
1705292100,126
1705293000,103
1705293900,134
1705294800,640
1705295700,309
1705296600,127
1705297500,177
1705298400,167
1705299300,160
1705300200,350
1705301100,696
1705302000,342
1705302900,234
1705303800,424
1705304700,849
1705305600,196
1705306500,191
1705307400,156
1705308300,136
1705309200,153
1705310100,191
1705311000,142
1705311900,186
1705312800,205
1705313700,735
1705314600,630
1705315500,211
1705316400,268
1705317300,276
1705318200,221
1705319100,367
1705320000,402
1705320900,436
1705321800,353
1705322700,747
1705323600,727
1705324500,736
1705325400,722
1705326300,675
1705327200,434
1705328100,679
1705329000,590
1705329900,341
1705330800,544
1705331700,1164
1705332600,739
1705333500,749
1705334400,763
1705335300,332
1705336200,310
1705337100,271
1705338000,256
1705338900,274
1705339800,276
1705340700,348
1705341600,405
1705342500,417
1705343400,481
1705344300,435
1705345200,406
1705346100,405
1705347000,481
1705347900,428
1705348800,408
1705349700,425
1705350600,454
1705351500,427
1705352400,416
1705353300,468
1705354200,485
1705355100,412
1705356000,349
1705356900,349
1705357800,357
1705358700,187
1705359600,137
1705360500,149
1705361400,209
1705362300,129
1705363200,137
1705364100,150
1705365000,172
1705365900,128
1705366800,136
1705367700,130
1705368600,141
1705369500,125
1705370400,157
1705371300,145
1705372200,129
1705373100,128
1705374000,155
1705374900,136
1705375800,151
1705376700,146
1705377600,151
1705378500,131
1705379400,137
1705380300,141
1705381200,236
1705382100,494
1705383000,546
1705383900,353
1705384800,520
1705385700,388
1705386600,439
1705387500,444
1705388400,406
1705389300,364
1705390200,415
1705391100,491
1705392000,919
1705392900,542
1705393800,390
1705394700,394
1705395600,392
1705396500,356
1705397400,467
1705398300,926
1705399200,865
1705400100,1238
1705401000,971
1705401900,459
1705402800,314
1705403700,441
1705404600,919
1705405500,555
1705406400,469
1705407300,550
1705408200,876
1705409100,404
1705410000,528
1705410900,393
1705411800,380
1705412700,385
1705413600,369
1705414500,351
1705415400,334
1705416300,352
1705417200,360
1705418100,341
1705419000,360
1705419900,382
1705420800,339
1705421700,367
1705422600,383
1705423500,335
1705424400,327
1705425300,352
1705426200,377
1705427100,415
1705428000,480
1705428900,632
1705429800,802
1705430700,575
1705431600,347
1705432500,368
1705433400,367
1705434300,368
1705435200,420
1705436100,349
1705437000,352
1705437900,335
1705438800,322
1705439700,313
1705440600,262
1705441500,219
1705442400,231
1705443300,235
1705444200,229
1705445100,251
1705446000,290
1705446900,258
1705447800,262
1705448700,271
1705449600,288
1705450500,280
1705451400,287
1705452300,279
1705453200,276
1705454100,254
1705455000,252
1705455900,249
1705456800,276
1705457700,294
1705458600,277
1705459500,253
1705460400,283
1705461300,262
1705462200,219
1705463100,218
1705464000,245
1705464900,209
1705465800,215
1705466700,220
1705467600,403
1705468500,640
1705469400,386
1705470300,360
1705471200,365
1705472100,187
1705473000,174
1705473900,197
1705474800,206
1705475700,217
1705476600,178
1705477500,184
1705478400,703
1705479300,873
1705480200,944
1705481100,845
1705482000,636
1705482900,911
1705483800,1162
1705484700,669
1705485600,967
1705486500,966
1705487400,745
1705488300,318
1705489200,370
1705490100,279
1705491000,236
1705491900,309
1705492800,336
1705493700,331
1705494600,330
1705495500,304
1705496400,294
1705497300,316
1705498200,477
1705499100,752
1705500000,486
1705500900,520
1705501800,350
1705502700,818
1705503600,467
1705504500,326
1705505400,319
1705506300,763
1705507200,1367
1705508100,1235
1705509000,1151
1705509900,947
1705510800,650
1705511700,450
1705512600,740
1705513500,921
1705514400,445
1705515300,789
1705516200,435
1705517100,362
1705518000,364
1705518900,343
1705519800,353
1705520700,372
1705521600,408
1705522500,319
1705523400,311
1705524300,333
1705525200,277
1705526100,257
1705527000,280
1705527900,231
1705528800,231
1705529700,212
1705530600,218
1705531500,143
1705532400,128
1705533300,128
1705534200,120
1705535100,122
1705536000,112
1705536900,105
1705537800,117
1705538700,151
1705539600,123
1705540500,119
1705541400,122
1705542300,113
1705543200,113
1705544100,145
1705545000,140
1705545900,105
1705546800,114
1705547700,118
1705548600,155
1705549500,159
1705550400,120
1705551300,117
1705552200,119
1705553100,105
1705554000,538
1705554900,358
1705555800,235
1705556700,197
1705557600,206
1705558500,179
1705559400,106
1705560300,92
1705561200,146
1705562100,117
1705563000,101
1705563900,89
1705564800,108
1705565700,105
1705566600,116
1705567500,102
1705568400,112
1705569300,99
1705570200,96
1705571100,87
1705572000,120
1705572900,115
1705573800,134
1705574700,142
1705575600,146
1705576500,126
1705577400,1015
1705578300,417
1705579200,150
1705580100,165
1705581000,227
1705581900,237
1705582800,211
1705583700,222
1705584600,219
1705585500,223
1705586400,197
1705587300,173
1705588200,205
1705589100,219
1705590000,744
1705590900,387
1705591800,353
1705592700,701
1705593600,1247
1705594500,1014
1705595400,516
1705596300,564
1705597200,828
1705598100,798
1705599000,887
1705599900,862
1705600800,827
1705601700,580
1705602600,366
1705603500,325
1705604400,332
1705605300,337
1705606200,375
1705607100,379
1705608000,373
1705608900,367
1705609800,331
1705610700,293
1705611600,325
1705612500,286
1705613400,275
1705614300,267
1705615200,280
1705616100,281
1705617000,290
1705617900,205
1705618800,177
1705619700,137
1705620600,138
1705621500,141
1705622400,158
1705623300,157
1705624200,142
1705625100,145
1705626000,143
1705626900,140
1705627800,143
1705628700,189
1705629600,141
1705630500,132
1705631400,144
1705632300,147
1705633200,136
1705634100,155
1705635000,171
1705635900,152
1705636800,148
1705637700,140
1705638600,151
1705639500,169
1705640400,672
1705641300,172
1705642200,138
1705643100,177
1705644000,164
1705644900,175
1705645800,201
1705646700,147
1705647600,153
1705648500,153
1705649400,163
1705650300,178
1705651200,229
1705652100,304
1705653000,245
1705653900,301
1705654800,182
1705655700,153
1705656600,201
1705657500,589
1705658400,455
1705659300,418
1705660200,182
1705661100,557
1705662000,617
1705662900,204
1705663800,200
1705664700,526
1705665600,909
1705666500,843
1705667400,342
1705668300,374
1705669200,205
1705670100,210
1705671000,215
1705671900,185
1705672800,230
1705673700,205
1705674600,227
1705675500,232
1705676400,220
1705677300,209
1705678200,241
1705679100,600
1705680000,325
1705680900,280
1705681800,651
1705682700,1380
1705683600,1428
1705684500,1265
1705685400,1281
1705686300,1175
1705687200,1152
1705688100,1054
1705689000,998
1705689900,551
1705690800,360
1705691700,320
1705692600,319
1705693500,340
1705694400,348
1705695300,338
1705696200,292
1705697100,288
1705698000,281
1705698900,195
1705699800,125
1705700700,128
1705701600,148
1705702500,118
1705703400,119
1705704300,134
1705705200,112
1705706100,107
1705707000,135
1705707900,132
1705708800,114
1705709700,108
1705710600,129
1705711500,120
1705712400,123
1705713300,138
1705714200,136
1705715100,107
1705716000,117
1705716900,115
1705717800,123
1705718700,113
1705719600,140
1705720500,128
1705721400,134
1705722300,121
1705723200,112
1705724100,134
1705725000,131
1705725900,128
1705726800,1007
1705727700,293
1705728600,144
1705729500,211
1705730400,297
1705731300,509
1705732200,881
1705733100,961
1705734000,709
1705734900,673
1705735800,673
1705736700,630
1705737600,634
1705738500,579
1705739400,266
1705740300,162
1705741200,374
1705742100,876
1705743000,783
1705743900,378
1705744800,548
1705745700,823
1705746600,275
1705747500,289
1705748400,228
1705749300,195
1705750200,186
1705751100,170
1705752000,180
1705752900,329
1705753800,442
1705754700,199
1705755600,206
1705756500,192
1705757400,207
1705758300,243
1705759200,346
1705760100,239
1705761000,296
1705761900,270
1705762800,586
1705763700,784
1705764600,722
1705765500,476
1705766400,274
1705767300,328
1705768200,402
1705769100,553
1705770000,410
1705770900,732
1705771800,461
1705772700,389
1705773600,419
1705774500,335
1705775400,321
1705776300,336
1705777200,336
1705778100,307
1705779000,368
1705779900,317
1705780800,322
1705781700,307
1705782600,309
1705783500,270
1705784400,237
1705785300,153
1705786200,119
1705787100,142
1705788000,121
1705788900,119
1705789800,158
1705790700,179
1705791600,146
1705792500,127
1705793400,144
1705794300,131
1705795200,122
1705796100,119
1705797000,186
1705797900,133
1705798800,123
1705799700,122
1705800600,144
1705801500,143
1705802400,135
1705803300,166
1705804200,133
1705805100,120
1705806000,137
1705806900,135
1705807800,133
1705808700,164
1705809600,147
1705810500,138
1705811400,122
1705812300,177
1705813200,695
1705814100,150
1705815000,179
1705815900,224
1705816800,312
1705817700,732
1705818600,447
1705819500,347
1705820400,432
1705821300,821
1705822200,395
1705823100,383
1705824000,366
1705824900,332
1705825800,323
1705826700,335
1705827600,612
1705828500,1039
1705829400,1157
1705830300,824
1705831200,492
1705832100,350
1705833000,725
1705833900,845
1705834800,1389
1705835700,1195
1705836600,1209
1705837500,335
1705838400,541
1705839300,305
1705840200,613
1705841100,717
1705842000,506
1705842900,294
1705843800,620
1705844700,724
1705845600,275
1705846500,320
1705847400,442
1705848300,367
1705849200,329
1705850100,339
1705851000,306
1705851900,290
1705852800,355
1705853700,333
1705854600,472
1705855500,794
1705856400,800
1705857300,922
1705858200,848
1705859100,702
1705860000,400
1705860900,521
1705861800,367
1705862700,407
1705863600,371
1705864500,387
1705865400,398
1705866300,409
1705867200,425
1705868100,360
1705869000,327
1705869900,348
1705870800,273
1705871700,264
1705872600,268
1705873500,262
1705874400,321
1705875300,260
1705876200,209
1705877100,177
1705878000,144
1705878900,153
1705879800,139
1705880700,195
1705881600,136
1705882500,159
1705883400,153
1705884300,165
1705885200,168
1705886100,159
1705887000,190
1705887900,170
1705888800,146
1705889700,151
1705890600,178
1705891500,156
1705892400,196
1705893300,171
1705894200,183
1705895100,175
1705896000,149
1705896900,176
1705897800,147
1705898700,179
1705899600,631
1705900500,323
1705901400,209
1705902300,221
1705903200,196
1705904100,224
1705905000,217
1705905900,191
1705906800,222
1705907700,221
1705908600,221
1705909500,225
1705910400,282
1705911300,263
1705912200,527
1705913100,632
1705914000,484
1705914900,246
1705915800,908
1705916700,1083
1705917600,491
1705918500,412
1705919400,430
1705920300,462
1705921200,572
1705922100,552
1705923000,525
1705923900,326
1705924800,275
1705925700,256
1705926600,303
1705927500,267
1705928400,281
1705929300,331
1705930200,322
1705931100,320
1705932000,819
1705932900,626
1705933800,525
1705934700,360
1705935600,882
1705936500,775
1705937400,358
1705938300,347
1705939200,337
1705940100,333
1705941000,485
1705941900,366
1705942800,333
1705943700,332
1705944600,314
1705945500,354
1705946400,361
1705947300,380
1705948200,382
1705949100,328
1705950000,333
1705950900,322
1705951800,331
1705952700,424
1705953600,460
1705954500,366
1705955400,364
1705956300,386
1705957200,376
1705958100,243
1705959000,219
1705959900,274
1705960800,194
1705961700,164
1705962600,179
1705963500,213
1705964400,171
1705965300,184
1705966200,196
1705967100,208
1705968000,185
1705968900,158
1705969800,200
1705970700,169
1705971600,179
1705972500,191
1705973400,160
1705974300,151
1705975200,154
1705976100,156
1705977000,167
1705977900,164
1705978800,175
1705979700,146
1705980600,180
1705981500,156
1705982400,145
1705983300,148
1705984200,201
1705985100,196
1705986000,203
1705986900,213
1705987800,216
1705988700,229
1705989600,229
1705990500,278
1705991400,257
1705992300,226
1705993200,717
1705994100,923
1705995000,1141
1705995900,890
1705996800,409
1705997700,309
1705998600,313
1705999500,295
1706000400,312
1706001300,320
1706002200,358
1706003100,301
1706004000,685
1706004900,1412
1706005800,1522
1706006700,1850
1706007600,1191
1706008500,1056
1706009400,374
1706010300,483
1706011200,479
1706012100,322
1706013000,337
1706013900,602
1706014800,748
1706015700,770
1706016600,680
1706017500,385
1706018400,789
1706019300,524
1706020200,566
1706021100,319
1706022000,744
1706022900,638
1706023800,345
1706024700,363
1706025600,352
1706026500,383
1706027400,351
1706028300,458
1706029200,534
1706030100,458
1706031000,488
1706031900,438
1706032800,443
1706033700,425
1706034600,452
1706035500,395
1706036400,384
1706037300,388
1706038200,340
1706039100,343
1706040000,395
1706040900,351
1706041800,394
1706042700,483
1706043600,513
1706044500,415
1706045400,272
1706046300,290
1706047200,277
1706048100,255
1706049000,261
1706049900,283
1706050800,242
1706051700,135
1706052600,119
1706053500,113
1706054400,133
1706055300,121
1706056200,137
1706057100,118
1706058000,128
1706058900,113
1706059800,118
1706060700,127
1706061600,133
1706062500,133
1706063400,113
1706064300,135
1706065200,112
1706066100,113
1706067000,114
1706067900,147
1706068800,130
1706069700,119
1706070600,126
1706071500,129
1706072400,274
1706073300,650
1706074200,267
1706075100,242
1706076000,174
1706076900,174
1706077800,187
1706078700,171
1706079600,187
1706080500,204
1706081400,225
1706082300,216
1706083200,219
1706084100,238
1706085000,280
1706085900,257
1706086800,292
1706087700,281
1706088600,288
1706089500,272
1706090400,265
1706091300,1499
1706092200,1036
1706093100,1112
1706094000,585
1706094900,821
1706095800,587
1706096700,866
1706097600,346
1706098500,255
1706099400,289
1706100300,274
1706101200,276
1706102100,276
1706103000,273
1706103900,327
1706104800,318
1706105700,409
1706106600,481
1706107500,341
1706108400,309
1706109300,333
1706110200,301
1706111100,283
1706112000,324
1706112900,302
1706113800,307
1706114700,293
1706115600,432
1706116500,390
1706117400,383
1706118300,523
1706119200,717
1706120100,898
1706121000,389
1706121900,365
1706122800,395
1706123700,360
1706124600,414
1706125500,373
1706126400,384
1706127300,344
1706128200,295
1706129100,241
1706130000,240
1706130900,290
1706131800,266
1706132700,279
1706133600,252
1706134500,255
1706135400,152
1706136300,142
1706137200,151
1706138100,123
1706139000,124
1706139900,132
1706140800,132
1706141700,121
1706142600,148
1706143500,148
1706144400,120
1706145300,117
1706146200,132
1706147100,127
1706148000,108
1706148900,126
1706149800,156
1706150700,128
1706151600,129
1706152500,131
1706153400,123
1706154300,120
1706155200,104
1706156100,158
1706157000,141
1706157900,167
1706158800,820
1706159700,985
1706160600,1455
1706161500,1072
1706162400,567
1706163300,363
1706164200,663
1706165100,766
1706166000,368
1706166900,382
1706167800,337
1706168700,382
1706169600,405
1706170500,227
1706171400,169
1706172300,155
1706173200,180
1706174100,163
1706175000,195
1706175900,167
1706176800,178
1706177700,190
1706178600,175
1706179500,704
1706180400,1095
1706181300,995
1706182200,764
1706183100,825
1706184000,1432
1706184900,1754
1706185800,1458
1706186700,820
1706187600,365
1706188500,800
1706189400,1000
1706190300,787
1706191200,539
1706192100,323
1706193000,343
1706193900,318
1706194800,453
1706195700,347
1706196600,434
1706197500,347
1706198400,341
1706199300,369
1706200200,356
1706201100,493
1706202000,547
1706202900,570
1706203800,605
1706204700,581
1706205600,597
1706206500,588
1706207400,612
1706208300,574
1706209200,538
1706210100,552
1706211000,526
1706211900,544
1706212800,539
1706213700,588
1706214600,399
1706215500,684
1706216400,612
1706217300,549
1706218200,353
1706219100,739
1706220000,618
1706220900,324
1706221800,240
1706222700,109
1706223600,117
1706224500,128
1706225400,165
1706226300,107
1706227200,110
1706228100,136
1706229000,96
1706229900,117
1706230800,120
1706231700,139
1706232600,96
1706233500,103
1706234400,112
1706235300,130
1706236200,121
1706237100,121
1706238000,146
1706238900,121
1706239800,119
1706240700,149
1706241600,127
1706242500,128
1706243400,127
1706244300,189
1706245200,622
1706246100,313
1706247000,285
1706247900,325
1706248800,160
1706249700,172
1706250600,236
1706251500,320
1706252400,261
1706253300,231
1706254200,260
1706255100,244
1706256000,257
1706256900,288
1706257800,255
1706258700,259
1706259600,243
1706260500,239
1706261400,245
1706262300,287
1706263200,299
1706264100,279
1706265000,331
1706265900,390
1706266800,340
1706267700,400
1706268600,383
1706269500,343
1706270400,293
1706271300,279
1706272200,282
1706273100,268
1706274000,222
1706274900,292
1706275800,769
1706276700,396
1706277600,287
1706278500,393
1706279400,812
1706280300,232
1706281200,270
1706282100,257
1706283000,304
1706283900,253
1706284800,258
1706285700,271
1706286600,406
1706287500,336
1706288400,386
1706289300,385
1706290200,387
1706291100,373
1706292000,448
1706292900,409
1706293800,396
1706294700,383
1706295600,394
1706296500,403
1706297400,363
1706298300,373
1706299200,373
1706300100,348
1706301000,323
1706301900,339
1706302800,336
1706303700,293
1706304600,270
1706305500,279
1706306400,265
1706307300,272
1706308200,259
1706309100,260
1706310000,227
1706310900,258
1706311800,159
1706312700,110
1706313600,119
1706314500,155
1706315400,123
1706316300,111
1706317200,129
1706318100,113
1706319000,111
1706319900,105
1706320800,147
1706321700,142
1706322600,127
1706323500,108
1706324400,123
1706325300,152
1706326200,127
1706327100,100
1706328000,158
1706328900,166
1706329800,107
1706330700,124
1706331600,271
1706332500,521
1706333400,172
1706334300,170
1706335200,263
1706336100,195
1706337000,208
1706337900,193
1706338800,204
1706339700,275
1706340600,248
1706341500,253
1706342400,239
1706343300,232
1706344200,226
1706345100,510
1706346000,653
1706346900,655
1706347800,489
1706348700,369
1706349600,1195
1706350500,1298
1706351400,805
1706352300,454
1706353200,972
1706354100,742
1706355000,385
1706355900,813
1706356800,1571
1706357700,947
1706358600,883
1706359500,795
1706360400,1213
1706361300,888
1706362200,318
1706363100,303
1706364000,269
1706364900,300
1706365800,251
1706366700,307
1706367600,330
1706368500,327
1706369400,1178
1706370300,877
1706371200,857
1706372100,917
1706373000,933
1706373900,609
1706374800,454
1706375700,503
1706376600,507
1706377500,522
1706378400,527
1706379300,444
1706380200,893
1706381100,1114
1706382000,510
1706382900,332
1706383800,772
1706384700,591
1706385600,335
1706386500,279
1706387400,269
1706388300,230
1706389200,239
1706390100,252
1706391000,237
1706391900,227
1706392800,168
1706393700,178
1706394600,151
1706395500,130
1706396400,128
1706397300,135
1706398200,145
1706399100,140
1706400000,163
1706400900,140
1706401800,164
1706402700,145
1706403600,167
1706404500,275
1706405400,362
1706406300,397
1706407200,399
1706408100,333
1706409000,362
1706409900,366
1706410800,360
1706411700,392
1706412600,402
1706413500,398
1706414400,397
1706415300,413
1706416200,503
1706417100,704
1706418000,391
1706418900,452
1706419800,435
1706420700,372
1706421600,358
1706422500,383
1706423400,379
1706424300,387
1706425200,743
1706426100,866
1706427000,710
1706427900,449
1706428800,685
1706429700,770
1706430600,402
1706431500,634
1706432400,599
1706433300,385
1706434200,335
1706435100,918
1706436000,906
1706436900,844
1706437800,852
1706438700,832
1706439600,899
1706440500,861
1706441400,1089
1706442300,490
1706443200,271
1706444100,264
1706445000,306
1706445900,410
1706446800,742
1706447700,490
1706448600,303
1706449500,594
1706450400,644
1706451300,292
1706452200,282
1706453100,276
1706454000,266
1706454900,281
1706455800,713
1706456700,670
1706457600,986
1706458500,374
1706459400,570
1706460300,786
1706461200,783
1706462100,950
1706463000,896
1706463900,1103
1706464800,1123
1706465700,1217
1706466600,1163
1706467500,713
1706468400,728
1706469300,465
1706470200,323
1706471100,312
1706472000,318
1706472900,383
1706473800,294
1706474700,258
1706475600,249
1706476500,256
1706477400,252
1706478300,246
1706479200,235
1706480100,274
1706481000,285
1706481900,218
1706482800,173
1706483700,149
1706484600,142
1706485500,138
1706486400,139
1706487300,167
1706488200,164
1706489100,137
1706490000,131
1706490900,148
1706491800,128
1706492700,135
1706493600,128
1706494500,187
1706495400,146
1706496300,146
1706497200,134
1706498100,153
1706499000,134
1706499900,136
1706500800,138
1706501700,175
1706502600,136
1706503500,464
1706504400,511
1706505300,416
1706506200,315
1706507100,317
1706508000,278
1706508900,249
1706509800,321
1706510700,758
1706511600,623
1706512500,618
1706513400,390
1706514300,787
1706515200,754
1706516100,368
1706517000,373
1706517900,390
1706518800,362
1706519700,378
1706520600,375
1706521500,397
1706522400,354
1706523300,577
1706524200,460
1706525100,337
1706526000,350
1706526900,349
1706527800,365
1706528700,330
1706529600,1047
1706530500,1032
1706531400,285
1706532300,315
1706533200,478
1706534100,363
1706535000,356
1706535900,543
1706536800,532
1706537700,341
1706538600,379
1706539500,370
1706540400,326
1706541300,445
1706542200,908
1706543100,695
1706544000,428
1706544900,413
1706545800,449
1706546700,409
1706547600,418
1706548500,393
1706549400,355
1706550300,421
1706551200,386
1706552100,428
1706553000,343
1706553900,340
1706554800,327
1706555700,316
1706556600,343
1706557500,353
1706558400,310
1706559300,345
1706560200,324
1706561100,345
1706562000,357
1706562900,371
1706563800,268
1706564700,232
1706565600,249
1706566500,235
1706567400,229
1706568300,255
1706569200,262
1706570100,227
1706571000,220
1706571900,146
1706572800,144
1706573700,128
1706574600,147
1706575500,179
1706576400,130
1706577300,138
1706578200,141
1706579100,162
1706580000,144
1706580900,144
1706581800,163
1706582700,146
1706583600,136
1706584500,131
1706585400,147
1706586300,138
1706587200,163
1706588100,150
1706589000,163
1706589900,162
1706590800,193
1706591700,221
1706592600,232
1706593500,247
1706594400,235
1706595300,198
1706596200,278
1706597100,291
1706598000,331
1706598900,896
1706599800,1292
1706600700,916
1706601600,829
1706602500,379
1706603400,603
1706604300,785
1706605200,834
1706606100,906
1706607000,825
1706607900,552
1706608800,285
1706609700,629
1706610600,1174
1706611500,1329
1706612400,1448
1706613300,1041
1706614200,924
1706615100,740
1706616000,934
1706616900,468
1706617800,384
1706618700,351
1706619600,324
1706620500,367
1706621400,381
1706622300,393
1706623200,455
1706624100,639
1706625000,1139
1706625900,1198
1706626800,901
1706627700,511
1706628600,407
1706629500,418
1706630400,478
1706631300,435
1706632200,415
1706633100,448
1706634000,693
1706634900,1237
1706635800,976
1706636700,1030
1706637600,1546
1706638500,1636
1706639400,973
1706640300,662
1706641200,388
1706642100,385
1706643000,360
1706643900,350
1706644800,294
1706645700,316
1706646600,311
1706647500,337
1706648400,293
1706649300,286
1706650200,267
1706651100,243
1706652000,227
1706652900,228
1706653800,276
1706654700,231
1706655600,226
1706656500,209
1706657400,240
1706658300,213
1706659200,189
1706660100,195
1706661000,173
1706661900,160
1706662800,148
1706663700,151
1706664600,164
1706665500,179
1706666400,173
1706667300,180
1706668200,173
1706669100,159
1706670000,147
1706670900,164
1706671800,185
1706672700,157
1706673600,165
1706674500,174
1706675400,160
1706676300,202
1706677200,1008
1706678100,960
1706679000,816
1706679900,814
1706680800,529
1706681700,768
1706682600,691
1706683500,412
1706684400,738
1706685300,1053
1706686200,740
1706687100,790
1706688000,729
1706688900,705
1706689800,699
1706690700,723
1706691600,714
1706692500,725
1706693400,673
1706694300,1106
1706695200,1409
1706696100,1389
1706697000,1077
1706697900,538
1706698800,882
1706699700,777
1706700600,265
1706701500,274
1706702400,306
1706703300,325
1706704200,297
1706705100,268
1706706000,288
1706706900,318
1706707800,814
1706708700,450
1706709600,617
1706710500,373
1706711400,933
1706712300,506
1706713200,328
1706714100,303
1706715000,320
1706715900,289
1706716800,291
1706717700,317
1706718600,315
1706719500,340
1706720400,709
1706721300,1276
1706722200,1106
1706723100,851
1706724000,790
1706724900,795
1706725800,517
1706726700,420
1706727600,351
1706728500,315
1706729400,369
1706730300,503
1706731200,318
1706732100,332
1706733000,368
1706733900,311
1706734800,266
1706735700,302
1706736600,298
1706737500,270
1706738400,277
1706739300,275
1706740200,210
1706741100,149
1706742000,139
1706742900,148
1706743800,170
1706744700,158
1706745600,163
1706746500,157
1706747400,141
1706748300,147
1706749200,135
1706750100,161
1706751000,161
1706751900,139
1706752800,145
1706753700,161
1706754600,135
1706755500,138
1706756400,146
1706757300,176
1706758200,141
1706759100,144
1706760000,140
1706760900,142
1706761800,140
1706762700,351
1706763600,855
1706764500,686
1706765400,615
1706766300,625
1706767200,540
1706768100,318
1706769000,370
1706769900,839
1706770800,1107
1706771700,788
1706772600,797
1706773500,437
1706774400,313
1706775300,282
1706776200,267
1706777100,245
1706778000,202
1706778900,211
1706779800,562
1706780700,579
1706781600,460
1706782500,192
1706783400,619
1706784300,519
1706785200,172
1706786100,192
1706787000,260
1706787900,418
1706788800,938
1706789700,1259
1706790600,871
1706791500,721
1706792400,487
1706793300,279
1706794200,679
1706795100,723
1706796000,751
1706796900,731
1706797800,712
1706798700,620
1706799600,316
1706800500,264
1706801400,296
1706802300,338
1706803200,385
1706804100,542
1706805000,399
1706805900,352
1706806800,385
1706807700,335
1706808600,340
1706809500,787
1706810400,1614
1706811300,1243
1706812200,844
1706813100,806
1706814000,728
1706814900,394
1706815800,370
1706816700,322
1706817600,348
1706818500,320
1706819400,309
1706820300,266
1706821200,265
1706822100,259
1706823000,246
1706823900,265
1706824800,276
1706825700,252
1706826600,280
1706827500,236
1706828400,259
1706829300,196
1706830200,162
1706831100,145
1706832000,148
1706832900,131
1706833800,140
1706834700,141
1706835600,175
1706836500,189
1706837400,166
1706838300,143
1706839200,168
1706840100,143
1706841000,147
1706841900,147
1706842800,197
1706843700,171
1706844600,171
1706845500,160
1706846400,173
1706847300,140
1706848200,151
1706849100,225
1706850000,854
1706850900,280
1706851800,296
1706852700,467
1706853600,563
1706854500,599
1706855400,207
1706856300,327
1706857200,742
1706858100,412
1706859000,324
1706859900,303
1706860800,712
1706861700,376
1706862600,187
1706863500,168
1706864400,156
1706865300,149
1706866200,164
1706867100,157
1706868000,166
1706868900,161
1706869800,176
1706870700,207
1706871600,239
1706872500,266
1706873400,988
1706874300,553
1706875200,437
1706876100,208
1706877000,679
1706877900,434
1706878800,148
1706879700,167
1706880600,195
1706881500,303
1706882400,205
1706883300,184
1706884200,174
1706885100,163
1706886000,183
1706886900,682
1706887800,210
1706888700,247
1706889600,283
1706890500,1049
1706891400,545
1706892300,339
1706893200,370
1706894100,351
1706895000,331
1706895900,354
1706896800,417
1706897700,367
1706898600,335
1706899500,351
1706900400,605
1706901300,405
1706902200,316
1706903100,316
1706904000,359
1706904900,321
1706905800,327
1706906700,267
1706907600,259
1706908500,242
1706909400,253
1706910300,261
1706911200,227
1706912100,267
1706913000,297
1706913900,280
1706914800,257
1706915700,272
1706916600,155
1706917500,160
1706918400,159
1706919300,143
1706920200,133
1706921100,167
1706922000,135
1706922900,138
1706923800,138
1706924700,200
1706925600,144
1706926500,147
1706927400,141
1706928300,140
1706929200,134
1706930100,137
1706931000,190
1706931900,162
1706932800,128
1706933700,137
1706934600,146
1706935500,164
1706936400,1007
1706937300,774
1706938200,361
1706939100,227
1706940000,214
1706940900,179
1706941800,211
1706942700,198
1706943600,253
1706944500,271
1706945400,385
1706946300,272
1706947200,240
1706948100,261
1706949000,237
1706949900,278
1706950800,496
1706951700,656
1706952600,463
1706953500,404
1706954400,562
1706955300,704
1706956200,239
1706957100,220
1706958000,628
1706958900,792
1706959800,792
1706960700,206
1706961600,483
1706962500,340
1706963400,181
1706964300,187
1706965200,253
1706966100,184
1706967000,210
1706967900,239
1706968800,160
1706969700,164
1706970600,161
1706971500,188
1706972400,175
1706973300,308
1706974200,239
1706975100,308
1706976000,305
1706976900,299
1706977800,335
1706978700,607
1706979600,864
1706980500,1189
1706981400,952
1706982300,1273
1706983200,655
1706984100,618
1706985000,920
1706985900,919
1706986800,344
1706987700,318
1706988600,355
1706989500,333
1706990400,369
1706991300,375
1706992200,305
1706993100,275
1706994000,256
1706994900,265
1706995800,251
1706996700,212
1706997600,207
1706998500,157
1706999400,154
1707000300,154
1707001200,142
1707002100,150
1707003000,146
1707003900,168
1707004800,163
1707005700,128
1707006600,129
1707007500,150
1707008400,142
1707009300,162
1707010200,151
1707011100,163
1707012000,134
1707012900,146
1707013800,135
1707014700,159
1707015600,151
1707016500,155
1707017400,145
1707018300,186
1707019200,137
1707020100,162
1707021000,128
1707021900,202
1707022800,678
1707023700,896
1707024600,673
1707025500,393
1707026400,217
1707027300,204
1707028200,170
1707029100,198
1707030000,141
1707030900,177
1707031800,142
1707032700,132
1707033600,133
1707034500,160
1707035400,172
1707036300,154
1707037200,195
1707038100,184
1707039000,236
1707039900,233
1707040800,245
1707041700,250
1707042600,210
1707043500,219
1707044400,1229
1707045300,1120
1707046200,800
1707047100,766
1707048000,606
1707048900,402
1707049800,613
1707050700,1069
1707051600,533
1707052500,483
1707053400,316
1707054300,284
1707055200,408
1707056100,488
1707057000,372
1707057900,294
1707058800,328
1707059700,268
1707060600,337
1707061500,848
1707062400,543
1707063300,707
1707064200,441
1707065100,900
1707066000,456
1707066900,329
1707067800,501
1707068700,496
1707069600,366
1707070500,333
1707071400,380
1707072300,330
1707073200,302
1707074100,307
1707075000,333
1707075900,312
1707076800,319
1707077700,402
1707078600,427
1707079500,254
1707080400,243
1707081300,266
1707082200,247
1707083100,229
1707084000,241
1707084900,195
1707085800,156
1707086700,151
1707087600,150
1707088500,180
1707089400,170
1707090300,187
1707091200,165
1707092100,159
1707093000,156
1707093900,158
1707094800,174
1707095700,177
1707096600,176
1707097500,160
1707098400,178
1707099300,157
1707100200,166
1707101100,166
1707102000,203
1707102900,179
1707103800,163
1707104700,186
1707105600,156
1707106500,156
1707107400,153
1707108300,233
1707109200,853
1707110100,947
1707111000,1235
1707111900,818
1707112800,755
1707113700,652
1707114600,1006
1707115500,943
1707116400,1038
1707117300,700
1707118200,330
1707119100,514
1707120000,743
1707120900,273
1707121800,262
1707122700,240
1707123600,465
1707124500,275
1707125400,242
1707126300,264
1707127200,232
1707128100,241
1707129000,266
1707129900,286
1707130800,278
1707131700,276
1707132600,309
1707133500,294
1707134400,247
1707135300,249
1707136200,269
1707137100,267
1707138000,266
1707138900,333
1707139800,294
1707140700,222
1707141600,247
1707142500,266
1707143400,224
1707144300,299
1707145200,310
1707146100,330
1707147000,316
1707147900,331
1707148800,332
1707149700,344
1707150600,391
1707151500,353
1707152400,340
1707153300,324
1707154200,331
1707155100,693
1707156000,1236
1707156900,1370
1707157800,880
1707158700,432
1707159600,397
1707160500,383
1707161400,336
1707162300,387
1707163200,308
1707164100,333
1707165000,322
1707165900,317
1707166800,280
1707167700,270
1707168600,276
1707169500,449
1707170400,657
1707171300,476
1707172200,196
1707173100,475
1707174000,699
1707174900,199
1707175800,162
1707176700,142
1707177600,143
1707178500,127
1707179400,148
1707180300,170
1707181200,153
1707182100,138
1707183000,152
1707183900,123
1707184800,138
1707185700,129
1707186600,180
1707187500,138
1707188400,135
1707189300,145
1707190200,148
1707191100,142
1707192000,149
1707192900,186
1707193800,147
1707194700,146
1707195600,148
1707196500,165
1707197400,163
1707198300,193
1707199200,306
1707200100,698
1707201000,713
1707201900,809
1707202800,475
1707203700,247
1707204600,258
1707205500,306
1707206400,315
1707207300,271
1707208200,269
1707209100,298
1707210000,302
1707210900,336
1707211800,317
1707212700,319
1707213600,284
1707214500,265
1707215400,262
1707216300,318
1707217200,275
1707218100,1222
1707219000,686
1707219900,308
1707220800,317
1707221700,313
1707222600,298
1707223500,296
1707224400,284
1707225300,279
1707226200,260
1707227100,337
1707228000,550
1707228900,801
1707229800,912
1707230700,599
1707231600,972
1707232500,971
1707233400,259
1707234300,282
1707235200,529
1707236100,544
1707237000,376
1707237900,310
1707238800,356
1707239700,368
1707240600,349
1707241500,501
1707242400,777
1707243300,676
1707244200,486
1707245100,558
1707246000,776
1707246900,382
1707247800,330
1707248700,293
1707249600,297
1707250500,297
1707251400,287
1707252300,304
1707253200,297
1707254100,283
1707255000,244
1707255900,283
1707256800,217
1707257700,211
1707258600,240
1707259500,173
1707260400,144
1707261300,163
1707262200,135
1707263100,144
1707264000,126
1707264900,186
1707265800,156
1707266700,134
1707267600,135
1707268500,155
1707269400,139
1707270300,133
1707271200,149
1707272100,171
1707273000,127
1707273900,136
1707274800,128
1707275700,149
1707276600,130
1707277500,158
1707278400,152
1707279300,147
1707280200,137
1707281100,163
1707282000,190
1707282900,221
1707283800,379
1707284700,279
1707285600,398
1707286500,230
1707287400,241
1707288300,270
1707289200,191
1707290100,201
1707291000,202
1707291900,191
1707292800,128
1707293700,110
1707294600,93
1707295500,122
1707296400,172
1707297300,98
1707298200,95
1707299100,126
1707300000,112
1707300900,111
1707301800,103
1707302700,151
1707303600,138
1707304500,106
1707305400,137
1707306300,79
1707307200,123
1707308100,159
1707309000,124
1707309900,132
1707310800,87
1707311700,110
1707312600,129
1707313500,104
1707314400,135
1707315300,125
1707316200,140
1707317100,95
1707318000,86
1707318900,84
1707319800,104
1707320700,130
1707321600,119
1707322500,155
1707323400,437
1707324300,251
1707325200,389
1707326100,962
1707327000,1284
1707327900,1047
1707328800,821
1707329700,750
1707330600,413
1707331500,503
1707332400,435
1707333300,363
1707334200,301
1707335100,314
1707336000,383
1707336900,367
1707337800,330
1707338700,199
1707339600,213
1707340500,238
1707341400,207
1707342300,194
1707343200,188
1707344100,185
1707345000,178
1707345900,199
1707346800,204
1707347700,151
1707348600,144
1707349500,143
1707350400,146
1707351300,134
1707352200,157
1707353100,153
1707354000,155
1707354900,130
1707355800,138
1707356700,134
1707357600,160
1707358500,160
1707359400,157
1707360300,143
1707361200,170
1707362100,132
1707363000,148
1707363900,142
1707364800,168
1707365700,162
1707366600,140
1707367500,150
1707368400,678
1707369300,664
1707370200,177
1707371100,215
1707372000,257
1707372900,173
1707373800,191
1707374700,207
1707375600,209
1707376500,591
1707377400,1106
1707378300,1180
1707379200,1045
1707380100,944
1707381000,496
1707381900,262
1707382800,515
1707383700,676
1707384600,212
1707385500,195
1707386400,151
1707387300,160
1707388200,398
1707389100,892
1707390000,495
1707390900,212
1707391800,314
1707392700,542
1707393600,581
1707394500,664
1707395400,230
1707396300,402
1707397200,1281
1707398100,1327
1707399000,976
1707399900,732
1707400800,1121
1707401700,991
1707402600,619
1707403500,401
1707404400,300
1707405300,252
1707406200,281
1707407100,623
1707408000,723
1707408900,836
1707409800,751
1707410700,577
1707411600,714
1707412500,858
1707413400,841
1707414300,839
1707415200,1057
1707416100,844
1707417000,604
1707417900,426
1707418800,414
1707419700,342
1707420600,373
1707421500,376
1707422400,355
1707423300,297
1707424200,310
1707425100,319
1707426000,264
1707426900,263
1707427800,264
1707428700,242
1707429600,190
1707430500,152
1707431400,169
1707432300,160
1707433200,131
1707434100,138
1707435000,167
1707435900,147
1707436800,143
1707437700,148
1707438600,184
1707439500,146
1707440400,136
1707441300,141
1707442200,155
1707443100,141
1707444000,144
1707444900,169
1707445800,153
1707446700,150
1707447600,147
1707448500,158
1707449400,147
1707450300,141
1707451200,177
1707452100,147
1707453000,138
1707453900,158
1707454800,979
1707455700,751
1707456600,604
1707457500,676
1707458400,641
1707459300,222
1707460200,194
1707461100,842
1707462000,877
1707462900,521
1707463800,283
1707464700,766
1707465600,408
1707466500,201
1707467400,199
1707468300,215
1707469200,211
1707470100,229
1707471000,188
1707471900,167
1707472800,197
1707473700,188
1707474600,172
1707475500,226
1707476400,246
1707477300,909
1707478200,635
1707479100,242
1707480000,302
1707480900,311
1707481800,230
1707482700,220
1707483600,223
1707484500,156
1707485400,186
1707486300,231
1707487200,179
1707488100,179
1707489000,166
1707489900,210
1707490800,214
1707491700,263
1707492600,238
1707493500,220
1707494400,287
1707495300,250
1707496200,296
1707497100,543
1707498000,1045
1707498900,860
1707499800,816
1707500700,960
1707501600,1275
1707502500,1201
1707503400,857
1707504300,816
1707505200,898
1707506100,727
1707507000,388
1707507900,365
1707508800,346
1707509700,339
1707510600,308
1707511500,386
1707512400,260
1707513300,261
1707514200,145
1707515100,141
1707516000,192
1707516900,144
1707517800,140
1707518700,140
1707519600,158
1707520500,156
1707521400,129
1707522300,143
1707523200,170
1707524100,124
1707525000,148
1707525900,145
1707526800,143
1707527700,160
1707528600,143
1707529500,190
1707530400,158
1707531300,128
1707532200,138
1707533100,142
1707534000,136
1707534900,131
1707535800,166
1707536700,173
1707537600,138
1707538500,148
1707539400,160
1707540300,144
1707541200,655
1707542100,246
1707543000,243
1707543900,272
1707544800,233
1707545700,200
1707546600,218
1707547500,210
1707548400,197
1707549300,251
1707550200,208
1707551100,221
1707552000,216
1707552900,288
1707553800,242
1707554700,246
1707555600,247
1707556500,244
1707557400,186
1707558300,194
1707559200,180
1707560100,216
1707561000,569
1707561900,578
1707562800,675
1707563700,309
1707564600,816
1707565500,432
1707566400,442
1707567300,318
1707568200,774
1707569100,326
1707570000,260
1707570900,313
1707571800,256
1707572700,263
1707573600,267
1707574500,299
1707575400,333
1707576300,242
1707577200,254
1707578100,257
1707579000,577
1707579900,721
1707580800,745
1707581700,484
1707582600,270
1707583500,331
1707584400,380
1707585300,530
1707586200,770
1707587100,835
1707588000,619
1707588900,371
1707589800,352
1707590700,383
1707591600,430
1707592500,481
1707593400,513
1707594300,433
1707595200,421
1707596100,405
1707597000,455
1707597900,443
1707598800,416
1707599700,428
1707600600,414
1707601500,507
1707602400,844
1707603300,474
1707604200,297
1707605100,343
1707606000,698
1707606900,219
1707607800,151
1707608700,146
1707609600,136
1707610500,139
1707611400,155
1707612300,150
1707613200,162
1707614100,151
1707615000,154
1707615900,150
1707616800,144
1707617700,190
1707618600,160
1707619500,164
1707620400,149
1707621300,169
1707622200,162
1707623100,163
1707624000,127
1707624900,147
1707625800,264
1707626700,996
1707627600,1148
1707628500,506
1707629400,357
1707630300,271
1707631200,196
1707632100,237
1707633000,237
1707633900,223
1707634800,244
1707635700,551
1707636600,504
1707637500,686
1707638400,689
1707639300,411
1707640200,539
1707641100,828
1707642000,535
1707642900,484
1707643800,385
1707644700,809
1707645600,323
1707646500,257
1707647400,374
1707648300,253
1707649200,301
1707650100,341
1707651000,308
1707651900,343
1707652800,257
1707653700,273
1707654600,239
1707655500,272
1707656400,248
1707657300,188
1707658200,177
1707659100,190
1707660000,180
1707660900,189
1707661800,183
1707662700,173
1707663600,194
1707664500,447
1707665400,223
1707666300,424
1707667200,737
1707668100,637
1707669000,484
1707669900,352
1707670800,338
1707671700,314
1707672600,352
1707673500,392
1707674400,933
1707675300,820
1707676200,931
1707677100,590
1707678000,1046
1707678900,909
1707679800,401
1707680700,403
1707681600,348
1707682500,305
1707683400,330
1707684300,257
1707685200,233
1707686100,156
1707687000,124
1707687900,159
1707688800,136
1707689700,140
1707690600,126
1707691500,114
1707692400,135
1707693300,99
1707694200,100
1707695100,137
1707696000,125
1707696900,113
1707697800,168
1707698700,145
1707699600,128
1707700500,134
1707701400,113
1707702300,192
1707703200,116
1707704100,114
1707705000,119
1707705900,149
1707706800,128
1707707700,128
1707708600,193
1707709500,171
1707710400,118
1707711300,170
1707712200,159
1707713100,166
1707714000,1082
1707714900,1090
1707715800,1022
1707716700,619
1707717600,429
1707718500,203
1707719400,195
1707720300,172
1707721200,253
1707722100,579
1707723000,384
1707723900,236
1707724800,569
1707725700,1161
1707726600,879
1707727500,281
1707728400,248
1707729300,392
1707730200,711
1707731100,540
1707732000,267
1707732900,458
1707733800,721
1707734700,243
1707735600,212
1707736500,232
1707737400,209
1707738300,269
1707739200,244
1707740100,668
1707741000,1117
1707741900,1024
1707742800,744
1707743700,786
1707744600,753
1707745500,627
1707746400,514
1707747300,277
1707748200,418
1707749100,749
1707750000,995
1707750900,971
1707751800,562
1707752700,326
1707753600,836
1707754500,778
1707755400,347
1707756300,296
1707757200,279
1707758100,298
1707759000,332
1707759900,405
1707760800,482
1707761700,378
1707762600,390
1707763500,347
1707764400,342
1707765300,354
1707766200,351
1707767100,337
1707768000,334
1707768900,374
1707769800,355
1707770700,333
1707771600,297
1707772500,306
1707773400,278
1707774300,322
1707775200,283
1707776100,271
1707777000,266
1707777900,138
1707778800,172
1707779700,136
1707780600,148
1707781500,139
1707782400,128
1707783300,139
1707784200,142
1707785100,158
1707786000,144
1707786900,147
1707787800,148
1707788700,132
1707789600,136
1707790500,138
1707791400,186
1707792300,131
1707793200,134
1707794100,130
1707795000,146
1707795900,129
1707796800,148
1707797700,170
1707798600,185
1707799500,152
1707800400,144
1707801300,156
1707802200,186
1707803100,247
1707804000,449
1707804900,213
1707805800,250
1707806700,237
1707807600,281
1707808500,287
1707809400,309
1707810300,298
1707811200,289
1707812100,259
1707813000,302
1707813900,319
1707814800,274
1707815700,293
1707816600,343
1707817500,269
1707818400,286
1707819300,280
1707820200,273
1707821100,486
1707822000,471
1707822900,292
1707823800,275
1707824700,694
1707825600,541
1707826500,502
1707827400,258
1707828300,655
1707829200,643
1707830100,311
1707831000,234
1707831900,253
1707832800,251
1707833700,261
1707834600,372
1707835500,915
1707836400,999
1707837300,893
1707838200,598
1707839100,423
1707840000,732
1707840900,1344
1707841800,1095
1707842700,952
1707843600,1141
1707844500,1472
1707845400,777
1707846300,497
1707847200,483
1707848100,495
1707849000,803
1707849900,1201
1707850800,1340
1707851700,1211
1707852600,828
1707853500,655
1707854400,367
1707855300,334
1707856200,342
1707857100,293
1707858000,228
1707858900,170
1707859800,173
1707860700,135
1707861600,124
1707862500,119
1707863400,125
1707864300,124
1707865200,106
1707866100,141
1707867000,135
1707867900,146
1707868800,128
1707869700,127
1707870600,112
1707871500,118
1707872400,127
1707873300,118
1707874200,130
1707875100,151
1707876000,118
1707876900,118
1707877800,122
1707878700,165
1707879600,131
1707880500,128
1707881400,131
1707882300,137
1707883200,119
1707884100,123
1707885000,139
1707885900,164
1707886800,156
1707887700,887
1707888600,1300
1707889500,1083
1707890400,739
1707891300,672
1707892200,573
1707893100,421
1707894000,359
1707894900,309
1707895800,681
1707896700,1076
1707897600,783
1707898500,743
1707899400,744
1707900300,398
1707901200,262
1707902100,308
1707903000,766
1707903900,641
1707904800,466
1707905700,610
1707906600,751
1707907500,684
1707908400,460
1707909300,866
1707910200,478
1707911100,522
1707912000,389
1707912900,844
1707913800,478
1707914700,289
1707915600,285
1707916500,296
1707917400,265
1707918300,221
1707919200,253
1707920100,251
1707921000,239
1707921900,238
1707922800,316
1707923700,555
1707924600,644
1707925500,509
1707926400,323
1707927300,748
1707928200,632
1707929100,294
1707930000,265
1707930900,269
1707931800,267
1707932700,253
1707933600,284
1707934500,313
1707935400,404
1707936300,320
1707937200,331
1707938100,314
1707939000,313
1707939900,288
1707940800,399
1707941700,345
1707942600,302
1707943500,272
1707944400,139
1707945300,113
1707946200,118
1707947100,153
1707948000,132
1707948900,116
1707949800,121
1707950700,114
1707951600,128
1707952500,103
1707953400,136
1707954300,108
1707955200,123
1707956100,105
1707957000,119
1707957900,105
1707958800,139
1707959700,140
1707960600,120
1707961500,114
1707962400,140
1707963300,104
1707964200,110
1707965100,111
1707966000,166
1707966900,107
1707967800,124
1707968700,116
1707969600,131
1707970500,115
1707971400,116
1707972300,136
1707973200,150
1707974100,138
1707975000,164
1707975900,576
1707976800,274
1707977700,186
1707978600,233
1707979500,212
1707980400,260
1707981300,296
1707982200,338
1707983100,399
1707984000,367
1707984900,358
1707985800,545
1707986700,706
1707987600,344
1707988500,513
1707989400,992
1707990300,798
1707991200,717
1707992100,380
1707993000,1132
1707993900,1932
1707994800,1721
1707995700,1331
1707996600,973
1707997500,371
1707998400,434
1707999300,775
1708000200,366
1708001100,277
1708002000,276
1708002900,496
1708003800,283
1708004700,258
1708005600,266
1708006500,321
1708007400,271
1708008300,363
1708009200,576
1708010100,593
1708011000,517
1708011900,531
1708012800,330
1708013700,1471
1708014600,560
1708015500,304
1708016400,274
1708017300,278
1708018200,272
1708019100,279
1708020000,384
1708020900,345
1708021800,332
1708022700,296
1708023600,324
1708024500,611
1708025400,501
1708026300,446
1708027200,458
1708028100,475
1708029000,372
1708029900,219
1708030800,147
1708031700,155
1708032600,137
1708033500,149
1708034400,166
1708035300,188
1708036200,140
1708037100,152
1708038000,136
1708038900,157
1708039800,153
1708040700,153
1708041600,144
1708042500,147
1708043400,140
1708044300,141
1708045200,129
1708046100,151
1708047000,162
1708047900,136
1708048800,166
1708049700,131
1708050600,134
1708051500,130
1708052400,161
1708053300,152
1708054200,145
1708055100,133
1708056000,144
1708056900,148
1708057800,132
1708058700,147
1708059600,172
1708060500,176
1708061400,180
1708062300,176
1708063200,241
1708064100,314
1708065000,545
1708065900,259
1708066800,208
1708067700,239
1708068600,249
1708069500,352
1708070400,709
1708071300,592
1708072200,533
1708073100,284
1708074000,664
1708074900,658
1708075800,334
1708076700,373
1708077600,860
1708078500,694
1708079400,1124
1708080300,367
1708081200,321
1708082100,250
1708083000,244
1708083900,273
1708084800,280
1708085700,263
1708086600,234
1708087500,628
1708088400,1166
1708089300,1084
1708090200,886
1708091100,855
1708092000,490
1708092900,314
1708093800,497
1708094700,718
1708095600,250
1708096500,267
1708097400,249
1708098300,245
1708099200,315
1708100100,759
1708101000,788
1708101900,763
1708102800,297
1708103700,321
1708104600,311
1708105500,290
1708106400,342
1708107300,368
1708108200,373
1708109100,362
1708110000,321
1708110900,340
1708111800,320
1708112700,321
1708113600,292
1708114500,281
1708115400,307
1708116300,291
1708117200,243
1708118100,274
1708119000,246
1708119900,280
1708120800,202
1708121700,220
1708122600,142
1708123500,135
1708124400,135
1708125300,168
1708126200,155
1708127100,132
1708128000,146
1708128900,162
1708129800,127
1708130700,136
1708131600,149
1708132500,136
1708133400,154
1708134300,142
1708135200,161
1708136100,142
1708137000,135
1708137900,145
1708138800,148
1708139700,142
1708140600,137
1708141500,188
1708142400,143
1708143300,144
1708144200,124
1708145100,134
1708146000,143
1708146900,126
1708147800,209
1708148700,226
1708149600,437
1708150500,666
1708151400,610
1708152300,600
1708153200,413
1708154100,684
1708155000,740
1708155900,315
1708156800,316
1708157700,434
1708158600,276
1708159500,313
1708160400,292
1708161300,308
1708162200,301
1708163100,886
1708164000,1781
1708164900,1384
1708165800,901
1708166700,1105
1708167600,303
1708168500,235
1708169400,242
1708170300,284
1708171200,284
1708172100,256
1708173000,245
1708173900,460
1708174800,379
1708175700,393
1708176600,868
1708177500,1225
1708178400,865
1708179300,680
1708180200,496
1708181100,314
1708182000,310
1708182900,329
1708183800,300
1708184700,291
1708185600,295
1708186500,322
1708187400,327
1708188300,286
1708189200,522
1708190100,1184
1708191000,1328
1708191900,1474
1708192800,852
1708193700,529
1708194600,444
1708195500,947
1708196400,468
1708197300,335
1708198200,347
1708199100,321
1708200000,273
1708200900,246
1708201800,285
1708202700,256
1708203600,258
1708204500,319
1708205400,255
1708206300,253
1708207200,220
1708208100,227
1708209000,264
1708209900,208
1708210800,167
1708211700,162
1708212600,168
1708213500,147
1708214400,140
1708215300,150
1708216200,141
1708217100,125
1708218000,145
1708218900,134
1708219800,154
1708220700,127
1708221600,133
1708222500,127
1708223400,154
1708224300,154
1708225200,158
1708226100,138
1708227000,158
1708227900,148
1708228800,132
1708229700,127
1708230600,153
1708231500,182
1708232400,141
1708233300,165
1708234200,183
1708235100,202
1708236000,213
1708236900,208
1708237800,457
1708238700,353
1708239600,192
1708240500,273
1708241400,261
1708242300,243
1708243200,240
1708244100,259
1708245000,262
1708245900,272
1708246800,260
1708247700,249
1708248600,248
1708249500,276
1708250400,280
1708251300,648
1708252200,2186
1708253100,1219
1708254000,516
1708254900,574
1708255800,963
1708256700,446
1708257600,406
1708258500,399
1708259400,605
1708260300,724
1708261200,748
1708262100,793
1708263000,752
1708263900,777
1708264800,650
1708265700,258
1708266600,283
1708267500,261
1708268400,403
1708269300,541
1708270200,364
1708271100,295
1708272000,272
1708272900,1104
1708273800,1357
1708274700,661
1708275600,642
1708276500,517
1708277400,1020
1708278300,667
1708279200,532
1708280100,430
1708281000,377
1708281900,303
1708282800,315
1708283700,327
1708284600,316
1708285500,304
1708286400,339
1708287300,307
1708288200,244
1708289100,251
1708290000,241
1708290900,281
1708291800,251
1708292700,245
1708293600,251
1708294500,253
1708295400,235
1708296300,223
1708297200,205
1708298100,143
1708299000,171
1708299900,146
1708300800,152
1708301700,153
1708302600,143
1708303500,154
1708304400,149
1708305300,187
1708306200,141
1708307100,127
1708308000,132
1708308900,149
1708309800,125
1708310700,135
1708311600,164
1708312500,145
1708313400,140
1708314300,142
1708315200,154
1708316100,155
1708317000,159
1708317900,189
1708318800,185
1708319700,173
1708320600,226
1708321500,227
1708322400,354
1708323300,545
1708324200,253
1708325100,218
1708326000,304
1708326900,318
1708327800,274
1708328700,265
1708329600,259
1708330500,281
1708331400,251
1708332300,505
1708333200,732
1708334100,543
1708335000,313
1708335900,618
1708336800,783
1708337700,308
1708338600,458
1708339500,1352
1708340400,1259
1708341300,861
1708342200,497
1708343100,341
1708344000,305
1708344900,318
1708345800,298
1708346700,336
1708347600,266
1708348500,320
1708349400,285
1708350300,277
1708351200,705
1708352100,740
1708353000,780
1708353900,807
1708354800,393
1708355700,373
1708356600,308
1708357500,320
1708358400,915
1708359300,1062
1708360200,515
1708361100,401
1708362000,368
1708362900,318
1708363800,359
1708364700,531
1708365600,809
1708366500,671
1708367400,437
1708368300,595
1708369200,860
1708370100,338
1708371000,382
1708371900,352
1708372800,418
1708373700,361
1708374600,316
1708375500,246
1708376400,259
1708377300,342
1708378200,296
1708379100,261
1708380000,264
1708380900,286
1708381800,250
1708382700,186
1708383600,142
1708384500,153
1708385400,148
1708386300,158
1708387200,167
1708388100,156
1708389000,142
1708389900,150
1708390800,141
1708391700,160
1708392600,158
1708393500,135
1708394400,132
1708395300,147
1708396200,135
1708397100,132
1708398000,145
1708398900,184
1708399800,139
1708400700,133
1708401600,153
1708402500,154
1708403400,153
1708404300,157
1708405200,178
1708406100,154
1708407000,157
1708407900,189
1708408800,248
1708409700,757
1708410600,1128
1708411500,1214
1708412400,803
1708413300,750
1708414200,651
1708415100,318
1708416000,292
1708416900,288
1708417800,262
1708418700,210
1708419600,221
1708420500,250
1708421400,248
1708422300,282
1708423200,265
1708424100,292
1708425000,256
1708425900,262
1708426800,278
1708427700,277
1708428600,585
1708429500,318
1708430400,330
1708431300,305
1708432200,283
1708433100,338
1708434000,365
1708434900,278
1708435800,417
1708436700,1149
1708437600,1142
1708438500,775
1708439400,677
1708440300,645
1708441200,334
1708442100,338
1708443000,354
1708443900,282
1708444800,313
1708445700,678
1708446600,654
1708447500,656
1708448400,1237
1708449300,1206
1708450200,1229
1708451100,759
1708452000,1021
1708452900,798
1708453800,555
1708454700,633
1708455600,435
1708456500,338
1708457400,314
1708458300,315
1708459200,300
1708460100,271
1708461000,273
1708461900,287
1708462800,282
1708463700,273
1708464600,320
1708465500,271
1708466400,260
1708467300,224
1708468200,206
1708469100,229
1708470000,216
1708470900,200
1708471800,243
1708472700,177
1708473600,161
1708474500,128
1708475400,145
1708476300,149
1708477200,154
1708478100,140
1708479000,121
1708479900,156
1708480800,150
1708481700,118
1708482600,123
1708483500,132
1708484400,140
1708485300,134
1708486200,133
1708487100,150
1708488000,169
1708488900,141
1708489800,123
1708490700,134
1708491600,154
1708492500,150
1708493400,257
1708494300,387
1708495200,240
1708496100,267
1708497000,469
1708497900,440
1708498800,715
1708499700,549
1708500600,499
1708501500,318
1708502400,666
1708503300,1071
1708504200,655
1708505100,722
1708506000,678
1708506900,622
1708507800,620
1708508700,687
1708509600,1031
1708510500,1532
1708511400,596
1708512300,433
1708513200,312
1708514100,318
1708515000,352
1708515900,335
1708516800,237
1708517700,242
1708518600,248
1708519500,253
1708520400,270
1708521300,251
1708522200,250
1708523100,257
1708524000,234
1708524900,234
1708525800,233
1708526700,293
1708527600,323
1708528500,339
1708529400,320
1708530300,317
1708531200,374
1708532100,399
1708533000,322
1708533900,369
1708534800,342
1708535700,941
1708536600,1337
1708537500,1109
1708538400,812
1708539300,801
1708540200,649
1708541100,382
1708542000,306
1708542900,321
1708543800,369
1708544700,388
1708545600,291
1708546500,370
1708547400,286
1708548300,251
1708549200,246
1708550100,243
1708551000,263
1708551900,258
1708552800,211
1708553700,152
1708554600,154
1708555500,136
1708556400,136
1708557300,135
1708558200,175
1708559100,137
1708560000,164
1708560900,158
1708561800,154
1708562700,142
1708563600,126
1708564500,149
1708565400,144
1708566300,128
1708567200,124
1708568100,163
1708569000,172
1708569900,137
1708570800,125
1708571700,135
1708572600,144
1708573500,154
1708574400,120
1708575300,125
1708576200,179
1708577100,178
1708578000,727
1708578900,482
1708579800,194
1708580700,250
1708581600,234
1708582500,207
1708583400,197
1708584300,235
1708585200,263
1708586100,245
1708587000,222
1708587900,547
1708588800,984
1708589700,862
1708590600,281
1708591500,226
1708592400,224
1708593300,274
1708594200,247
1708595100,589
1708596000,448
1708596900,637
1708597800,1810
1708598700,2591
1708599600,1340
1708600500,559
1708601400,350
1708602300,268
1708603200,254
1708604100,239
1708605000,195
1708605900,231
1708606800,227
1708607700,238
1708608600,230
1708609500,202
1708610400,188
1708611300,190
1708612200,173
1708613100,159
1708614000,167
1708614900,223
1708615800,257
1708616700,261
1708617600,274
1708618500,272
1708619400,310
1708620300,271
1708621200,270
1708622100,294
1708623000,345
1708623900,384
1708624800,382
1708625700,434
1708626600,558
1708627500,745
1708628400,880
1708629300,625
1708630200,419
1708631100,862
1708632000,668
1708632900,356
1708633800,359
1708634700,314
1708635600,195
1708636500,131
1708637400,125
1708638300,127
1708639200,171
1708640100,191
1708641000,155
1708641900,142
1708642800,138
1708643700,149
1708644600,145
1708645500,140
1708646400,143
1708647300,181
1708648200,167
1708649100,150
1708650000,143
1708650900,162
1708651800,149
1708652700,125
1708653600,142
1708654500,170
1708655400,176
1708656300,144
1708657200,125
1708658100,156
1708659000,149
1708659900,156
1708660800,144
1708661700,145
1708662600,172
1708663500,186
1708664400,562
1708665300,471
1708666200,194
1708667100,261
1708668000,189
1708668900,201
1708669800,211
1708670700,242
1708671600,221
1708672500,265
1708673400,197
1708674300,108
1708675200,103
1708676100,128
1708677000,102
1708677900,137
1708678800,132
1708679700,133
1708680600,110
1708681500,115
1708682400,114
1708683300,156
1708684200,144
1708685100,144
1708686000,190
1708686900,489
1708687800,478
1708688700,376
1708689600,322
1708690500,711
1708691400,585
1708692300,159
1708693200,165
1708694100,183
1708695000,155
1708695900,153
1708696800,222
1708697700,148
1708698600,165
1708699500,277
1708700400,204
1708701300,202
1708702200,237
1708703100,255
1708704000,301
1708704900,670
1708705800,492
1708706700,618
1708707600,299
1708708500,268
1708709400,318
1708710300,300
1708711200,310
1708712100,335
1708713000,379
1708713900,300
1708714800,307
1708715700,302
1708716600,362
1708717500,373
1708718400,331
1708719300,305
1708720200,278
1708721100,267
1708722000,335
1708722900,199
1708723800,146
1708724700,159
1708725600,179
1708726500,147
1708727400,138
1708728300,147
1708729200,161
1708730100,137
1708731000,136
1708731900,148
1708732800,185
1708733700,138
1708734600,142
1708735500,145
1708736400,153
1708737300,135
1708738200,134
1708739100,157
1708740000,184
1708740900,173
1708741800,154
1708742700,183
1708743600,154
1708744500,147
1708745400,163
1708746300,181
1708747200,163
1708748100,197
1708749000,178
1708749900,168
1708750800,201
1708751700,681
1708752600,287
1708753500,207
1708754400,225
1708755300,205
1708756200,219
1708757100,180
1708758000,208
1708758900,215
1708759800,304
1708760700,273
1708761600,439
1708762500,338
1708763400,375
1708764300,329
1708765200,422
1708766100,922
1708767000,1316
1708767900,1007
1708768800,836
1708769700,571
1708770600,529
1708771500,623
1708772400,853
1708773300,815
1708774200,608
1708775100,448
1708776000,383
1708776900,844
1708777800,483
1708778700,863
1708779600,888
1708780500,1324
1708781400,789
1708782300,622
1708783200,305
1708784100,326
1708785000,349
1708785900,335
1708786800,338
1708787700,375
1708788600,814
1708789500,465
1708790400,596
1708791300,661
1708792200,927
1708793100,672
1708794000,436
1708794900,452
1708795800,436
1708796700,429
1708797600,411
1708798500,513
1708799400,523
1708800300,425
1708801200,414
1708802100,337
1708803000,358
1708803900,362
1708804800,432
1708805700,931
1708806600,566
1708807500,347
1708808400,610
1708809300,751
1708810200,206
1708811100,144
1708812000,147
1708812900,155
1708813800,154
1708814700,147
1708815600,155
1708816500,169
1708817400,167
1708818300,164
1708819200,150
1708820100,145
1708821000,161
1708821900,141
1708822800,132
1708823700,164
1708824600,183
1708825500,133
1708826400,140
1708827300,148
1708828200,151
1708829100,142
1708830000,144
1708830900,169
1708831800,171
1708832700,165
1708833600,128
1708834500,145
1708835400,127
1708836300,147
1708837200,384
1708838100,827
1708839000,1137
1708839900,1121
1708840800,734
1708841700,471
1708842600,211
1708843500,663
1708844400,633
1708845300,718
1708846200,622
1708847100,248
1708848000,180
1708848900,183
1708849800,165
1708850700,195
1708851600,119
1708852500,129
1708853400,162
1708854300,199
1708855200,165
1708856100,115
1708857000,276
1708857900,192
1708858800,1115
1708859700,500
1708860600,424
1708861500,300
1708862400,159
1708863300,144
1708864200,150
1708865100,186
1708866000,162
1708866900,178
1708867800,171
1708868700,272
1708869600,214
1708870500,202
1708871400,212
1708872300,240
1708873200,231
1708874100,226
1708875000,411
1708875900,863
1708876800,516
1708877700,392
1708878600,508
1708879500,906
1708880400,481
1708881300,864
1708882200,968
1708883100,1034
1708884000,975
1708884900,963
1708885800,935
1708886700,654
1708887600,378
1708888500,368
1708889400,390
1708890300,363
1708891200,366
1708892100,334
1708893000,228
1708893900,220
1708894800,238
1708895700,177
1708896600,168
1708897500,158
1708898400,161
1708899300,150
1708900200,136
1708901100,148
1708902000,160
1708902900,147
1708903800,153
1708904700,194
1708905600,144
1708906500,126
1708907400,138
1708908300,157
1708909200,127
1708910100,145
1708911000,147
1708911900,172
1708912800,135
1708913700,142
1708914600,163
1708915500,137
1708916400,127
1708917300,143
1708918200,136
1708919100,191
1708920000,123
1708920900,138
1708921800,127
1708922700,137
1708923600,680
1708924500,866
1708925400,515
1708926300,242
1708927200,253
1708928100,247
1708929000,192
1708929900,467
1708930800,745
1708931700,478
1708932600,247
1708933500,618
1708934400,701
1708935300,900
1708936200,1253
1708937100,1099
1708938000,714
1708938900,625
1708939800,259
1708940700,287
1708941600,233
1708942500,240
1708943400,246
1708944300,527
1708945200,727
1708946100,377
1708947000,245
1708947900,251
1708948800,224
1708949700,241
1708950600,228
1708951500,259
1708952400,227
1708953300,241
1708954200,196
1708955100,308
1708956000,230
1708956900,278
1708957800,362
1708958700,303
1708959600,293
1708960500,322
1708961400,440
1708962300,406
1708963200,321
1708964100,325
1708965000,482
1708965900,425
1708966800,673
1708967700,879
1708968600,832
1708969500,396
1708970400,389
1708971300,327
1708972200,341
1708973100,360
1708974000,359
1708974900,343
1708975800,340
1708976700,355
1708977600,355
1708978500,347
1708979400,329
1708980300,318
1708981200,283
1708982100,277
1708983000,312
1708983900,316
1708984800,296
1708985700,232
1708986600,217
1708987500,231
1708988400,185
1708989300,185
1708990200,146
1708991100,187
1708992000,144
1708992900,134
1708993800,141
1708994700,152
1708995600,119
1708996500,126
1708997400,158
1708998300,160
1708999200,143
1709000100,141
1709001000,139
1709001900,130
1709002800,117
1709003700,142
1709004600,122
1709005500,163
1709006400,128
1709007300,129
1709008200,136
1709009100,129
1709010000,143
1709010900,193
1709011800,215
1709012700,223
1709013600,246
1709014500,418
1709015400,838
1709016300,1229
1709017200,842
1709018100,714
1709019000,711
1709019900,773
1709020800,609
1709021700,782
1709022600,759
1709023500,534
1709024400,271
1709025300,615
1709026200,708
1709027100,262
1709028000,282
1709028900,307
1709029800,340
1709030700,313
1709031600,357
1709032500,403
1709033400,225
1709034300,220
1709035200,197
1709036100,190
1709037000,191
1709037900,198
1709038800,235
1709039700,162
1709040600,137
1709041500,131
1709042400,107
1709043300,138
1709044200,138
1709045100,172
1709046000,147
1709046900,133
1709047800,153
1709048700,128
1709049600,135
1709050500,145
1709051400,155
1709052300,139
1709053200,153
1709054100,144
1709055000,138
1709055900,134
1709056800,121
1709057700,134
1709058600,131
1709059500,132
1709060400,260
1709061300,452
1709062200,346
1709063100,323
1709064000,341
1709064900,308
1709065800,265
1709066700,243
1709067600,292
1709068500,263
1709069400,223
1709070300,284
1709071200,262
1709072100,252
1709073000,253
1709073900,194
1709074800,162
1709075700,123
1709076600,130
1709077500,120
1709078400,126
1709079300,123
1709080200,129
1709081100,134
1709082000,152
1709082900,155
1709083800,136
1709084700,123
1709085600,119
1709086500,146
1709087400,132
1709088300,135
1709089200,149
1709090100,155
1709091000,117
1709091900,131
1709092800,130
1709093700,126
1709094600,123
1709095500,142
1709096400,201
1709097300,247
1709098200,471
1709099100,297
1709100000,236
1709100900,220
1709101800,352
1709102700,367
1709103600,292
1709104500,249
1709105400,262
1709106300,261
1709107200,264
1709108100,272
1709109000,316
1709109900,448
1709110800,787
1709111700,685
1709112600,784
1709113500,719
1709114400,1196
1709115300,930
1709116200,1406
1709117100,1179
1709118000,975
1709118900,887
1709119800,822
1709120700,766
1709121600,667
1709122500,247
1709123400,254
1709124300,272
1709125200,297
1709126100,241
1709127000,343
1709127900,262
1709128800,416
1709129700,252
1709130600,238
1709131500,301
1709132400,275
1709133300,262
1709134200,227
1709135100,218
1709136000,218
1709136900,322
1709137800,769
1709138700,1198
1709139600,1141
1709140500,1405
1709141400,1088
1709142300,924
1709143200,906
1709144100,1169
1709145000,359
1709145900,298
1709146800,302
1709147700,297
1709148600,350
1709149500,349
1709150400,390
1709151300,380
1709152200,382
1709153100,400
1709154000,274
1709154900,235
1709155800,187
1709156700,145
1709157600,142
1709158500,137
1709159400,185
1709160300,166
1709161200,160
1709162100,136
1709163000,145
1709163900,146
1709164800,125
1709165700,166
1709166600,151
1709167500,153
1709168400,129
1709169300,140
1709170200,141
1709171100,139
1709172000,156
1709172900,131
1709173800,149
1709174700,168
1709175600,128
1709176500,128
1709177400,144
1709178300,183
1709179200,125
1709180100,119
1709181000,154
1709181900,196
1709182800,268
1709183700,694
1709184600,208
1709185500,237
1709186400,223
1709187300,234
1709188200,284
1709189100,232
1709190000,279
1709190900,734
1709191800,527
1709192700,306
1709193600,290
1709194500,325
1709195400,241
1709196300,236
1709197200,235
1709198100,205
1709199000,339
1709199900,877
1709200800,1148
1709201700,789
1709202600,764
1709203500,988
1709204400,1178
1709205300,735
1709206200,1117
1709207100,913
1709208000,865
1709208900,981
1709209800,655
1709210700,567
1709211600,498
1709212500,671
1709213400,348
1709214300,389
1709215200,226
1709216100,702
1709217000,478
1709217900,193
1709218800,206
1709219700,221
1709220600,238
1709221500,267
1709222400,280
1709223300,391
1709224200,346
1709225100,364
1709226000,782
1709226900,782
1709227800,814
1709228700,762
1709229600,704
1709230500,542
1709231400,372
1709232300,352
1709233200,351
1709234100,397
1709235000,337
1709235900,320
1709236800,352
1709237700,329
1709238600,287
1709239500,271
1709240400,268
1709241300,315
1709242200,284
1709243100,207
1709244000,200
1709244900,233
1709245800,202
1709246700,177
1709247600,151
1709248500,158
1709249400,156
1709250300,162
1709251200,152
1709252100,179
1709253000,205
1709253900,141
1709254800,170
1709255700,170
1709256600,161
1709257500,156
1709258400,144
1709259300,205
1709260200,167
1709261100,138
1709262000,143
1709262900,125
1709263800,138
1709264700,164
1709265600,158
1709266500,191
1709267400,166
1709268300,189
1709269200,498
1709270100,1044
1709271000,1185
1709271900,862
1709272800,545
1709273700,248
1709274600,246
1709275500,684
1709276400,621
1709277300,969
1709278200,739
1709279100,1241
1709280000,643
1709280900,210
1709281800,193
1709282700,172
1709283600,192
1709284500,190
1709285400,165
1709286300,347
1709287200,874
1709288100,1026
1709289000,756
1709289900,651
1709290800,505
1709291700,553
1709292600,660
1709293500,698
1709294400,902
1709295300,1039
1709296200,743
1709297100,644
1709298000,593
1709298900,183
1709299800,193
1709300700,170
1709301600,162
1709302500,308
1709303400,173
1709304300,127
1709305200,126
1709306100,148
1709307000,135
1709307900,363
1709308800,229
1709309700,298
1709310600,579
1709311500,1049
1709312400,1019
1709313300,581
1709314200,696
1709315100,710
1709316000,435
1709316900,788
1709317800,829
1709318700,360
1709319600,315
1709320500,311
1709321400,378
1709322300,325
1709323200,360
1709324100,360
1709325000,329
1709325900,290
1709326800,244
1709327700,228
1709328600,192
1709329500,187
1709330400,161
1709331300,176
1709332200,136
1709333100,140
1709334000,152
1709334900,135
1709335800,157
1709336700,158
1709337600,201
1709338500,156
1709339400,132
1709340300,166
1709341200,128
1709342100,130
1709343000,142
1709343900,138
1709344800,158
1709345700,152
1709346600,153
1709347500,127
1709348400,136
1709349300,154
1709350200,169
1709351100,166
1709352000,150
1709352900,183
1709353800,157
1709354700,149
1709355600,276
1709356500,750
1709357400,209
1709358300,200
1709359200,226
1709360100,229
1709361000,307
1709361900,277
1709362800,798
1709363700,411
1709364600,357
1709365500,546
1709366400,908
1709367300,380
1709368200,204
1709369100,186
1709370000,277
1709370900,192
1709371800,207
1709372700,248
1709373600,620
1709374500,1126
1709375400,744
1709376300,531
1709377200,747
1709378100,307
1709379000,205
1709379900,484
1709380800,184
1709381700,160
1709382600,147
1709383500,125
1709384400,130
1709385300,157
1709386200,151
1709387100,167
1709388000,195
1709388900,228
1709389800,200
1709390700,180
1709391600,206
1709392500,181
1709393400,370
1709394300,309
1709395200,251
1709396100,248
1709397000,301
1709397900,295
1709398800,358
1709399700,422
1709400600,359
1709401500,369
1709402400,299
1709403300,274
1709404200,320
1709405100,428
1709406000,359
1709406900,335
1709407800,368
1709408700,344
1709409600,391
1709410500,324
1709411400,315
1709412300,336
1709413200,346
1709414100,294
1709415000,215
1709415900,146
1709416800,169
1709417700,134
1709418600,135
1709419500,196
1709420400,164
1709421300,154
1709422200,161
1709423100,145
1709424000,141
1709424900,147
1709425800,159
1709426700,132
1709427600,166
1709428500,126
1709429400,125
1709430300,114
1709431200,154
1709432100,139
1709433000,128
1709433900,136
1709434800,149
1709435700,164
1709436600,156
1709437500,132
1709438400,156
1709439300,137
1709440200,156
1709441100,180
1709442000,598
1709442900,459
1709443800,192
1709444700,308
1709445600,183
1709446500,141
1709447400,128
1709448300,153
1709449200,112
1709450100,143
1709451000,264
1709451900,340
1709452800,651
1709453700,445
1709454600,252
1709455500,390
1709456400,750
1709457300,293
1709458200,252
1709459100,198
1709460000,194
1709460900,219
1709461800,201
1709462700,747
1709463600,915
1709464500,637
1709465400,492
1709466300,275
1709467200,272
1709468100,197
1709469000,163
1709469900,247
1709470800,193
1709471700,173
1709472600,205
1709473500,276
1709474400,230
1709475300,228
1709476200,243
1709477100,468
1709478000,266
1709478900,218
1709479800,263
1709480700,300
1709481600,391
1709482500,794
1709483400,824
1709484300,954
1709485200,899
1709486100,887
1709487000,467
1709487900,409
1709488800,807
1709489700,666
1709490600,593
1709491500,355
1709492400,857
1709493300,558
1709494200,391
1709495100,527
1709496000,511
1709496900,388
1709497800,371
1709498700,347
1709499600,280
1709500500,273
1709501400,243
1709502300,211
1709503200,143
1709504100,137
1709505000,140
1709505900,138
1709506800,97
1709507700,111
1709508600,114
1709509500,113
1709510400,106
1709511300,112
1709512200,172
1709513100,131
1709514000,134
1709514900,134
1709515800,148
1709516700,115
1709517600,114
1709518500,127
1709519400,162
1709520300,160
1709521200,128
1709522100,154
1709523000,154
1709523900,143
1709524800,130
1709525700,143
1709526600,134
1709527500,148
1709528400,269
1709529300,569
1709530200,141
1709531100,200
1709532000,188
1709532900,135
1709533800,90
1709534700,82
1709535600,115
1709536500,107
1709537400,92
1709538300,104
1709539200,86
1709540100,74
1709541000,80
1709541900,95
1709542800,67
1709543700,105
1709544600,169
1709545500,145
1709546400,110
1709547300,104
1709548200,178
1709549100,160
1709550000,217
1709550900,355
1709551800,1081
1709552700,1182
1709553600,903
1709554500,539
1709555400,499
1709556300,717
1709557200,209
1709558100,139
1709559000,161
1709559900,452
1709560800,422
1709561700,172
1709562600,184
1709563500,196
1709564400,600
1709565300,403
1709566200,370
1709567100,390
1709568000,823
1709568900,363
1709569800,425
1709570700,308
1709571600,362
1709572500,887
1709573400,399
1709574300,388
1709575200,293
1709576100,870
1709577000,1221
1709577900,942
1709578800,1028
1709579700,759
1709580600,514
1709581500,477
1709582400,389
1709583300,435
1709584200,372
1709585100,528
1709586000,521
1709586900,462
1709587800,489
1709588700,475
1709589600,348
1709590500,207
1709591400,199
1709592300,129
1709593200,175
1709594100,149
1709595000,155
1709595900,144
1709596800,152
1709597700,204
1709598600,146
1709599500,147
1709600400,143
1709601300,164
1709602200,155
1709603100,146
1709604000,139
1709604900,148
1709605800,157
1709606700,132
1709607600,147
1709608500,122
1709609400,127
1709610300,128
1709611200,141
1709612100,134
1709613000,149
1709613900,211
1709614800,195
1709615700,274
1709616600,374
1709617500,360
1709618400,306
1709619300,276
1709620200,284
1709621100,291
1709622000,279
1709622900,334
1709623800,329
1709624700,308
1709625600,274
1709626500,261
1709627400,402
1709628300,276
1709629200,469
1709630100,746
1709631000,598
1709631900,312
1709632800,534
1709633700,805
1709634600,263
1709635500,1277
1709636400,1049
1709637300,303
1709638200,334
1709639100,323
1709640000,257
1709640900,219
1709641800,228
1709642700,328
1709643600,899
1709644500,979
1709645400,745
1709646300,670
1709647200,370
1709648100,250
1709649000,375
1709649900,810
1709650800,451
1709651700,261
1709652600,481
1709653500,767
1709654400,253
1709655300,362
1709656200,312
1709657100,282
1709658000,257
1709658900,295
1709659800,304
1709660700,734
1709661600,1162
1709662500,868
1709663400,850
1709664300,790
1709665200,526
1709666100,354
1709667000,367
1709667900,315
1709668800,336
1709669700,307
1709670600,313
1709671500,339
1709672400,349
1709673300,310
1709674200,268
1709675100,272
1709676000,256
1709676900,248
1709677800,222
1709678700,271
1709679600,252
1709680500,286
1709681400,246
1709682300,182
1709683200,157
1709684100,156
1709685000,163
1709685900,140
1709686800,138
1709687700,149
1709688600,199
1709689500,168
1709690400,139
1709691300,142
1709692200,173
1709693100,144
1709694000,130
1709694900,148
1709695800,165
1709696700,151
1709697600,206
1709698500,153
1709699400,159
1709700300,154
1709701200,174
1709702100,583
1709703000,413
1709703900,383
1709704800,315
1709705700,302
1709706600,286
1709707500,271
1709708400,325
1709709300,1115
1709710200,858
1709711100,721
1709712000,314
1709712900,362
1709713800,291
1709714700,305
1709715600,303
1709716500,302
1709717400,707
1709718300,928
1709719200,838
1709720100,979
1709721000,1282
1709721900,911
1709722800,486
1709723700,382
1709724600,362
1709725500,256
1709726400,203
1709727300,221
1709728200,162
1709729100,197
1709730000,201
1709730900,201
1709731800,251
1709732700,267
1709733600,243
1709734500,218
1709735400,236
1709736300,252
1709737200,220
1709738100,250
1709739000,299
1709739900,296
1709740800,569
1709741700,1929
1709742600,1662
1709743500,1336
1709744400,1054
1709745300,1397
1709746200,1067
1709747100,864
1709748000,810
1709748900,730
1709749800,531
1709750700,808
1709751600,606
1709752500,384
1709753400,346
1709754300,559
1709755200,751
1709756100,508
1709757000,268
1709757900,551
1709758800,724
1709759700,212
1709760600,215
1709761500,247
1709762400,150
1709763300,145
1709764200,137
1709765100,137
1709766000,144
1709766900,155
1709767800,168
1709768700,151
1709769600,133
1709770500,139
1709771400,216
1709772300,140
1709773200,131
1709774100,160
1709775000,144
1709775900,132
1709776800,155
1709777700,139
1709778600,147
1709779500,185
1709780400,168
1709781300,133
1709782200,156
1709783100,143
1709784000,155
1709784900,167
1709785800,156
1709786700,161
1709787600,558
1709788500,482
1709789400,217
1709790300,312
1709791200,202
1709792100,184
1709793000,174
1709793900,207
1709794800,178
1709795700,208
1709796600,150
1709797500,132
1709798400,130
1709799300,125
1709800200,124
1709801100,136
1709802000,124
1709802900,132
1709803800,133
1709804700,202
1709805600,162
1709806500,162
1709807400,175
1709808300,179
1709809200,164
1709810100,886
1709811000,984
1709811900,1193
1709812800,518
1709813700,727
1709814600,380
1709815500,237
1709816400,377
1709817300,680
1709818200,179
1709819100,182
1709820000,296
1709820900,176
1709821800,174
1709822700,175
1709823600,176
1709824500,331
1709825400,592
1709826300,683
1709827200,646
1709828100,727
1709829000,823
1709829900,267
1709830800,271
1709831700,278
1709832600,248
1709833500,259
1709834400,331
1709835300,310
1709836200,295
1709837100,316
1709838000,383
1709838900,312
1709839800,302
1709840700,314
1709841600,345
1709842500,370
1709843400,303
1709844300,328
1709845200,282
1709846100,273
1709847000,275
1709847900,236
1709848800,145
1709849700,140
1709850600,148
1709851500,171
1709852400,143
1709853300,146
1709854200,181
1709855100,152
1709856000,141
1709856900,154
1709857800,153
1709858700,149
1709859600,140
1709860500,148
1709861400,135
1709862300,176
1709863200,149
1709864100,156
1709865000,136
1709865900,137
1709866800,132
1709867700,151
1709868600,146
1709869500,158
1709870400,153
1709871300,198
1709872200,139
1709873100,142
1709874000,602
1709874900,903
1709875800,736
1709876700,714
1709877600,400
1709878500,233
1709879400,274
1709880300,650
1709881200,569
1709882100,498
1709883000,230
1709883900,720
1709884800,525
1709885700,250
1709886600,242
1709887500,266
1709888400,261
1709889300,256
1709890200,186
1709891100,212
1709892000,185
1709892900,190
1709893800,198
1709894700,196
1709895600,178
1709896500,212
1709897400,474
1709898300,809
1709899200,677
1709900100,634
1709901000,331
1709901900,197
1709902800,177
1709903700,204
1709904600,188
1709905500,271
1709906400,152
1709907300,122
1709908200,112
1709909100,118
1709910000,121
1709910900,131
1709911800,110
1709912700,151
1709913600,199
1709914500,253
1709915400,375
1709916300,703
1709917200,411
1709918100,385
1709919000,660
1709919900,641
1709920800,348
1709921700,422
1709922600,825
1709923500,1742
1709924400,1529
1709925300,576
1709926200,399
1709927100,631
1709928000,1170
1709928900,305
1709929800,291
1709930700,290
1709931600,274
1709932500,239
1709933400,233
1709934300,265
1709935200,254
1709936100,201
1709937000,156
1709937900,173
1709938800,181
1709939700,164
1709940600,166
1709941500,187
1709942400,159
1709943300,154
1709944200,152
1709945100,180
1709946000,169
1709946900,186
1709947800,203
1709948700,193
1709949600,164
1709950500,167
1709951400,169
1709952300,174
1709953200,168
1709954100,184
1709955000,201
1709955900,175
1709956800,197
1709957700,181
1709958600,160
1709959500,188
1709960400,368
1709961300,725
1709962200,340
1709963100,324
1709964000,267
1709964900,316
1709965800,279
1709966700,305
1709967600,303
1709968500,493
1709969400,676
1709970300,878
1709971200,1155
1709972100,1226
1709973000,977
1709973900,554
1709974800,277
1709975700,245
1709976600,230
1709977500,270
1709978400,255
1709979300,272
1709980200,742
1709981100,731
1709982000,674
1709982900,1309
1709983800,362
1709984700,252
1709985600,306
1709986500,250
1709987400,241
1709988300,253
1709989200,262
1709990100,281
1709991000,268
1709991900,276
1709992800,238
1709993700,286
1709994600,252
1709995500,275
1709996400,249
1709997300,319
1709998200,224
1709999100,280
1710000000,295
1710000900,334
1710001800,618
1710002700,1207
1710003600,1151
1710004500,953
1710005400,845
1710006300,868
1710007200,495
1710008100,439
1710009000,406
1710009900,350
1710010800,372
1710011700,324
1710012600,323
1710013500,325
1710014400,308
1710015300,329
1710016200,336
1710017100,242
1710018000,290
1710018900,280
1710019800,247
1710020700,240
1710021600,260
1710022500,241
1710023400,258
1710024300,260
1710025200,282
1710026100,155
1710027000,165
1710027900,158
1710028800,156
1710029700,148
1710030600,136
1710031500,148
1710032400,155
1710033300,134
1710034200,136
1710035100,153
1710036000,166
1710036900,134
1710037800,128
1710038700,145
1710039600,133
1710040500,129
1710041400,125
1710042300,161
1710043200,118
1710044100,145
1710045000,166
1710045900,179
1710046800,606
1710047700,361
1710048600,183
1710049500,236
1710050400,205
1710051300,202
1710052200,233
1710053100,421
1710054000,1000
1710054900,1162
1710055800,1358
1710056700,844
1710057600,1281
1710058500,976
1710059400,639
1710060300,509
1710061200,255
1710062100,304
1710063000,639
1710063900,1182
1710064800,1040
1710065700,738
1710066600,776
1710067500,367
1710068400,270
1710069300,717
1710070200,448
1710071100,413
1710072000,527
1710072900,212
1710073800,209
1710074700,239
1710075600,215
1710076500,258
1710077400,204
1710078300,198
1710079200,237
1710080100,308
1710081000,776
1710081900,363
1710082800,338
1710083700,280
1710084600,733
1710085500,327
1710086400,210
1710087300,366
1710088200,520
1710089100,564
1710090000,616
1710090900,854
1710091800,342
1710092700,748
1710093600,1339
1710094500,1272
1710095400,1210
1710096300,1061
1710097200,903
1710098100,592
1710099000,600
1710099900,389
1710100800,746
1710101700,716
1710102600,291
1710103500,280
1710104400,270
1710105300,261
1710106200,180
1710107100,166
1710108000,131
1710108900,131
1710109800,144
1710110700,149
1710111600,144
1710112500,167
1710113400,161
1710114300,144
1710115200,125
1710116100,134
1710117000,153
1710117900,128
1710118800,140
1710119700,123
1710120600,176
1710121500,170
1710122400,144
1710123300,146
1710124200,125
1710125100,123
1710126000,117
1710126900,135
1710127800,133
1710128700,153
1710129600,150
1710130500,190
1710131400,156
1710132300,171
1710133200,522
1710134100,1478
1710135000,733
1710135900,725
1710136800,615
1710137700,485
1710138600,244
1710139500,236
1710140400,226
1710141300,214
1710142200,541
1710143100,714
1710144000,1137
1710144900,1169
1710145800,904
1710146700,546
1710147600,250
1710148500,192
1710149400,200
1710150300,210
1710151200,212
1710152100,172
1710153000,208
1710153900,209
1710154800,211
1710155700,220
1710156600,202
1710157500,232
1710158400,188
1710159300,182
1710160200,187
1710161100,588
1710162000,439
1710162900,267
1710163800,244
1710164700,266
1710165600,234
1710166500,181
1710167400,206
1710168300,193
1710169200,252
1710170100,226
1710171000,252
1710171900,252
1710172800,233
1710173700,255
1710174600,256
1710175500,268
1710176400,242
1710177300,290
1710178200,251
1710179100,273
1710180000,308
1710180900,313
1710181800,342
1710182700,286
1710183600,280
1710184500,285
1710185400,284
1710186300,333
1710187200,270
1710188100,286
1710189000,282
1710189900,288
1710190800,318
1710191700,267
1710192600,214
1710193500,218
1710194400,244
1710195300,221
1710196200,232
1710197100,267
1710198000,227
1710198900,173
1710199800,125
1710200700,148
1710201600,130
1710202500,116
1710203400,115
1710204300,149
1710205200,150
1710206100,136
1710207000,118
1710207900,141
1710208800,117
1710209700,134
1710210600,136
1710211500,136
1710212400,121
1710213300,154
1710214200,171
1710215100,124
1710216000,118
1710216900,131
1710217800,135
1710218700,138
1710219600,119
1710220500,180
1710221400,213
1710222300,210
1710223200,175
1710224100,330
1710225000,173
1710225900,249
1710226800,284
1710227700,392
1710228600,207
1710229500,386
1710230400,822
1710231300,1335
1710232200,1541
1710233100,995
1710234000,901
1710234900,847
1710235800,1294
1710236700,489
1710237600,341
1710238500,303
1710239400,285
1710240300,343
1710241200,371
1710242100,235
1710243000,263
1710243900,298
1710244800,291
1710245700,319
1710246600,274
1710247500,273
1710248400,233
1710249300,223
1710250200,273
1710251100,268
1710252000,241
1710252900,238
1710253800,281
1710254700,260
1710255600,273
1710256500,275
1710257400,284
1710258300,266
1710259200,286
1710260100,268
1710261000,278
1710261900,289
1710262800,300
1710263700,315
1710264600,306
1710265500,319
1710266400,312
1710267300,519
1710268200,477
1710269100,975
1710270000,883
1710270900,629
1710271800,384
1710272700,368
1710273600,390
1710274500,356
1710275400,340
1710276300,357
1710277200,374
1710278100,360
1710279000,308
1710279900,296
1710280800,195
1710281700,141
1710282600,119
1710283500,141
1710284400,138
1710285300,163
1710286200,128
1710287100,150
1710288000,119
1710288900,124
1710289800,126
1710290700,128
1710291600,129
1710292500,145
1710293400,150
1710294300,130
1710295200,115
1710296100,126
1710297000,148
1710297900,137
1710298800,129
1710299700,131
1710300600,151
1710301500,149
1710302400,116
1710303300,151
1710304200,133
1710305100,136
1710306000,173
1710306900,691
1710307800,224
1710308700,272
1710309600,391
1710310500,745
1710311400,547
1710312300,543
1710313200,1089
1710314100,1694
1710315000,1204
1710315900,392
1710316800,324
1710317700,315
1710318600,629
1710319500,566
1710320400,584
1710321300,607
1710322200,687
1710323100,734
1710324000,653
1710324900,498
1710325800,645
1710326700,1317
1710327600,610
1710328500,449
1710329400,338
1710330300,323
1710331200,513
1710332100,794
1710333000,604
1710333900,584
1710334800,356
1710335700,824
1710336600,606
1710337500,824
1710338400,1410
1710339300,1044
1710340200,826
1710341100,830
1710342000,623
1710342900,347
1710343800,305
1710344700,328
1710345600,281
1710346500,281
1710347400,334
1710348300,360
1710349200,549
1710350100,501
1710351000,422
1710351900,441
1710352800,437
1710353700,432
1710354600,354
1710355500,349
1710356400,345
1710357300,375
1710358200,365
1710359100,466
1710360000,416
1710360900,372
1710361800,356
1710362700,327
1710363600,267
1710364500,280
1710365400,322
1710366300,201
1710367200,161
1710368100,186
1710369000,149
1710369900,147
1710370800,144
1710371700,167
1710372600,166
1710373500,177
1710374400,167
1710375300,161
1710376200,155
1710377100,155
1710378000,158
1710378900,152
1710379800,145
1710380700,185
1710381600,176
1710382500,154
1710383400,161
1710384300,165
1710385200,153
1710386100,159
1710387000,181
1710387900,172
1710388800,158
1710389700,188
1710390600,176
1710391500,191
1710392400,359
1710393300,503
1710394200,213
1710395100,295
1710396000,233
1710396900,224
1710397800,249
1710398700,208
1710399600,203
1710400500,265
1710401400,274
1710402300,245
1710403200,234
1710404100,224
1710405000,167
1710405900,174
1710406800,169
1710407700,167
1710408600,151
1710409500,183
1710410400,230
1710411300,197
1710412200,205
1710413100,269
1710414000,237
1710414900,185
1710415800,769
1710416700,875
1710417600,664
1710418500,187
1710419400,633
1710420300,483
1710421200,197
1710422100,181
1710423000,139
1710423900,110
1710424800,149
1710425700,158
1710426600,185
1710427500,221
1710428400,397
1710429300,427
1710430200,263
1710431100,210
1710432000,224
1710432900,267
1710433800,422
1710434700,280
1710435600,310
1710436500,317
1710437400,320
1710438300,621
1710439200,1038
1710440100,1472
1710441000,1337
1710441900,1034
1710442800,767
1710443700,335
1710444600,351
1710445500,319
1710446400,329
1710447300,284
1710448200,309
1710449100,252
1710450000,192
1710450900,167
1710451800,163
1710452700,170
1710453600,158
1710454500,145
1710455400,146
1710456300,148
1710457200,135
1710458100,135
1710459000,165
1710459900,161
1710460800,155
1710461700,144
1710462600,148
1710463500,150
1710464400,128
1710465300,156
1710466200,130
1710467100,152
1710468000,165
1710468900,140
1710469800,141
1710470700,125
1710471600,151
1710472500,151
1710473400,147
1710474300,168
1710475200,172
1710476100,147
1710477000,123
1710477900,152
1710478800,810
1710479700,1295
1710480600,1157
1710481500,762
1710482400,704
1710483300,710
1710484200,700
1710485100,709
1710486000,1068
1710486900,410
1710487800,394
1710488700,206
1710489600,696
1710490500,454
1710491400,226
1710492300,151
1710493200,119
1710494100,127
1710495000,113
1710495900,509
1710496800,526
1710497700,350
1710498600,300
1710499500,207
1710500400,189
1710501300,182
1710502200,169
1710503100,166
1710504000,390
1710504900,180
1710505800,172
1710506700,126
1710507600,148
1710508500,123
1710509400,109
1710510300,111
1710511200,107
1710512100,117
1710513000,134
1710513900,586
1710514800,1067
1710515700,1087
1710516600,961
1710517500,885
1710518400,523
1710519300,334
1710520200,729
1710521100,625
1710522000,492
1710522900,357
1710523800,363
1710524700,337
1710525600,385
1710526500,425
1710527400,456
1710528300,1070
1710529200,1219
1710530100,1209
1710531000,921
1710531900,893
1710532800,792
1710533700,677
1710534600,531
1710535500,331
1710536400,249
1710537300,244
1710538200,264
1710539100,253
1710540000,231
1710540900,213
1710541800,247
1710542700,215
1710543600,233
1710544500,251
1710545400,214
1710546300,159
1710547200,147
1710548100,141
1710549000,172
1710549900,127
1710550800,153
1710551700,147
1710552600,130
1710553500,133
1710554400,180
1710555300,155
1710556200,132
1710557100,146
1710558000,125
1710558900,125
1710559800,139
1710560700,168
1710561600,128
1710562500,153
1710563400,158
1710564300,138
1710565200,284
1710566100,699
1710567000,366
1710567900,225
1710568800,168
1710569700,188
1710570600,222
1710571500,211
1710572400,187
1710573300,202
1710574200,188
1710575100,195
1710576000,203
1710576900,185
1710577800,197
1710578700,307
1710579600,295
1710580500,188
1710581400,173
1710582300,260
1710583200,904
1710584100,375
1710585000,301
1710585900,213
1710586800,1324
1710587700,2428
1710588600,1244
1710589500,823
1710590400,573
1710591300,218
1710592200,223
1710593100,288
1710594000,611
1710594900,617
1710595800,252
1710596700,163
1710597600,150
1710598500,181
1710599400,150
1710600300,183
1710601200,199
1710602100,194
1710603000,210
1710603900,202
1710604800,224
1710605700,213
1710606600,205
1710607500,218
1710608400,268
1710609300,357
1710610200,351
1710611100,383
1710612000,426
1710612900,601
1710613800,1211
1710614700,1124
1710615600,464
1710616500,939
1710617400,887
1710618300,297
1710619200,290
1710620100,273
1710621000,268
1710621900,255
1710622800,282
1710623700,319
1710624600,258
1710625500,217
1710626400,159
1710627300,160
1710628200,139
1710629100,145
1710630000,182
1710630900,167
1710631800,142
1710632700,139
1710633600,150
1710634500,145
1710635400,128
1710636300,154
1710637200,152
1710638100,149
1710639000,172
1710639900,157
1710640800,155
1710641700,137
1710642600,133
1710643500,130
1710644400,121
1710645300,119
1710646200,186
1710647100,188
1710648000,135
1710648900,154
1710649800,166
1710650700,179
1710651600,286
1710652500,747
1710653400,295
1710654300,271
1710655200,219
1710656100,181
1710657000,137
1710657900,144
1710658800,151
1710659700,143
1710660600,146
1710661500,160
1710662400,189
1710663300,130
1710664200,134
1710665100,138
1710666000,168
1710666900,152
1710667800,145
1710668700,158
1710669600,183
1710670500,167
1710671400,195
1710672300,184
1710673200,670
1710674100,884
1710675000,989
1710675900,833
1710676800,579
1710677700,776
1710678600,359
1710679500,195
1710680400,170
1710681300,181
1710682200,121
1710683100,128
1710684000,137
1710684900,158
1710685800,113
1710686700,152
1710687600,195
1710688500,149
1710689400,142
1710690300,238
1710691200,257
1710692100,244
1710693000,244
1710693900,235
1710694800,236
1710695700,250
1710696600,308
1710697500,358
1710698400,326
1710699300,381
1710700200,826
1710701100,816
1710702000,333
1710702900,322
1710703800,797
1710704700,603
1710705600,418
1710706500,294
1710707400,292
1710708300,264
1710709200,302
1710710100,235
1710711000,222
1710711900,203
1710712800,213
1710713700,175
1710714600,142
1710715500,154
1710716400,143
1710717300,128
1710718200,143
1710719100,177
1710720000,134
1710720900,126
1710721800,148
1710722700,130
1710723600,127
1710724500,130
1710725400,161
1710726300,159
1710727200,165
1710728100,145
1710729000,130
1710729900,130
1710730800,124
1710731700,152
1710732600,127
1710733500,197
1710734400,170
1710735300,367
1710736200,334
1710737100,424
1710738000,558
1710738900,358
1710739800,278
1710740700,323
1710741600,324
1710742500,305
1710743400,324
1710744300,628
1710745200,560
1710746100,357
1710747000,150
1710747900,452
1710748800,531
1710749700,120
1710750600,120
1710751500,105
1710752400,107
1710753300,126
1710754200,87
1710755100,255
1710756000,147
1710756900,159
1710757800,178
1710758700,132
1710759600,436
1710760500,947
1710761400,268
1710762300,183
1710763200,206
1710764100,193
1710765000,156
1710765900,212
1710766800,167
1710767700,166
1710768600,187
1710769500,150
1710770400,151
1710771300,162
1710772200,175
1710773100,183
1710774000,185
1710774900,207
1710775800,210
1710776700,230
1710777600,843
1710778500,1229
1710779400,1042
1710780300,913
1710781200,781
1710782100,526
1710783000,317
1710783900,293
1710784800,385
1710785700,501
1710786600,874
1710787500,369
1710788400,315
1710789300,421
1710790200,312
1710791100,304
1710792000,313
1710792900,379
1710793800,332
1710794700,313
1710795600,252
1710796500,146
1710797400,156
1710798300,127
1710799200,131
1710800100,179
1710801000,140
1710801900,136
1710802800,140
1710803700,132
1710804600,132
1710805500,135
1710806400,167
1710807300,142
1710808200,148
1710809100,132
1710810000,121
1710810900,117
1710811800,128
1710812700,133
1710813600,127
1710814500,125
1710815400,184
1710816300,138
1710817200,135
1710818100,124
1710819000,141
1710819900,121
1710820800,123
1710821700,139
1710822600,159
1710823500,153
1710824400,227
1710825300,221
1710826200,232
1710827100,273
1710828000,332
1710828900,955
1710829800,1655
1710830700,1051
1710831600,460
1710832500,215
1710833400,751
1710834300,1160
1710835200,713
1710836100,752
1710837000,456
1710837900,283
1710838800,426
1710839700,746
1710840600,801
1710841500,1343
1710842400,754
1710843300,701
1710844200,653
1710845100,988
1710846000,676
1710846900,479
1710847800,632
1710848700,609
1710849600,229
1710850500,206
1710851400,165
1710852300,163
1710853200,173
1710854100,166
1710855000,151
1710855900,194
1710856800,187
1710857700,379
1710858600,752
1710859500,478
1710860400,594
1710861300,373
1710862200,341
1710863100,304
1710864000,343
1710864900,398
1710865800,337
1710866700,357
1710867600,355
1710868500,403
1710869400,371
1710870300,335
1710871200,384
1710872100,427
1710873000,361
1710873900,375
1710874800,337
1710875700,327
1710876600,344
1710877500,334
1710878400,303
1710879300,325
1710880200,320
1710881100,295
1710882000,242
1710882900,200
1710883800,134
1710884700,138
1710885600,166
1710886500,160
1710887400,149
1710888300,149
1710889200,168
1710890100,139
1710891000,142
1710891900,160
1710892800,167
1710893700,147
1710894600,149
1710895500,163
1710896400,138
1710897300,140
1710898200,144
1710899100,143
1710900000,163
1710900900,151
1710901800,150
1710902700,123
1710903600,150
1710904500,155
1710905400,139
1710906300,141
1710907200,175
1710908100,144
1710909000,122
1710909900,124
1710910800,232
1710911700,613
1710912600,447
1710913500,249
1710914400,238
1710915300,262
1710916200,304
1710917100,241
1710918000,227
1710918900,266
1710919800,646
1710920700,693
1710921600,679
1710922500,826
1710923400,762
1710924300,745
1710925200,705
1710926100,771
1710927000,798
1710927900,764
1710928800,512
1710929700,995
1710930600,1077
1710931500,676
1710932400,660
1710933300,464
1710934200,921
1710935100,571
1710936000,328
1710936900,313
1710937800,367
1710938700,282
1710939600,287
1710940500,331
1710941400,323
1710942300,320
1710943200,299
1710944100,236
1710945000,237
1710945900,234
1710946800,263
1710947700,238
1710948600,225
1710949500,269
1710950400,256
1710951300,243
1710952200,247
1710953100,269
1710954000,289
1710954900,339
1710955800,512
1710956700,867
1710957600,852
1710958500,944
1710959400,626
1710960300,385
1710961200,332
1710962100,317
1710963000,298
1710963900,315
1710964800,320
1710965700,251
1710966600,273
1710967500,254
1710968400,245
1710969300,267
1710970200,221
1710971100,143
1710972000,176
1710972900,134
1710973800,136
1710974700,120
1710975600,166
1710976500,157
1710977400,129
1710978300,133
1710979200,167
1710980100,130
1710981000,118
1710981900,230
1710982800,124
1710983700,140
1710984600,125
1710985500,145
1710986400,155
1710987300,145
1710988200,177
1710989100,113
1710990000,111
1710990900,130
1710991800,129
1710992700,170
1710993600,208
1710994500,151
1710995400,118
1710996300,119
1710997200,558
1710998100,525
1710999000,498
1710999900,214
1711000800,209
1711001700,222
1711002600,336
1711003500,352
1711004400,332
1711005300,282
1711006200,296
1711007100,280
1711008000,317
1711008900,480
1711009800,308
1711010700,276
1711011600,317
1711012500,342
1711013400,355
1711014300,362
1711015200,343
1711016100,525
1711017000,747
1711017900,577
1711018800,821
1711019700,942
1711020600,846
1711021500,1021
1711022400,945
1711023300,379
1711024200,311
1711025100,332
1711026000,323
1711026900,346
1711027800,317
1711028700,350
1711029600,344
1711030500,338
1711031400,325
1711032300,345
1711033200,309
1711034100,227
1711035000,243
1711035900,293
1711036800,290
1711037700,250
1711038600,268
1711039500,257
1711040400,250
1711041300,249
1711042200,798
1711043100,430
1711044000,603
1711044900,898
1711045800,1428
1711046700,1062
1711047600,890
1711048500,480
1711049400,420
1711050300,465
1711051200,462
1711052100,283
1711053000,330
1711053900,253
1711054800,222
1711055700,276
1711056600,260
1711057500,188
1711058400,144
1711059300,139
1711060200,127
1711061100,121
1711062000,125
1711062900,135
1711063800,118
1711064700,147
1711065600,162
1711066500,135
1711067400,127
1711068300,136
1711069200,121
1711070100,114
1711071000,123
1711071900,184
1711072800,162
1711073700,132
1711074600,149
1711075500,134
1711076400,155
1711077300,171
1711078200,162
1711079100,196
1711080000,178
1711080900,161
1711081800,149
1711082700,165
1711083600,557
1711084500,995
1711085400,1073
1711086300,794
1711087200,261
1711088100,218
1711089000,201
1711089900,147
1711090800,164
1711091700,138
1711092600,127
1711093500,119
1711094400,141
1711095300,118
1711096200,116
1711097100,102
1711098000,102
1711098900,169
1711099800,164
1711100700,161
1711101600,219
1711102500,157
1711103400,155
1711104300,163
1711105200,443
1711106100,454
1711107000,156
1711107900,173
1711108800,193
1711109700,172
1711110600,191
1711111500,763
1711112400,1148
1711113300,806
1711114200,465
1711115100,221
1711116000,242
1711116900,201
1711117800,202
1711118700,192
1711119600,178
1711120500,147
1711121400,165
1711122300,267
1711123200,243
1711124100,240
1711125000,565
1711125900,1158
1711126800,1502
1711127700,1265
1711128600,1247
1711129500,801
1711130400,412
1711131300,387
1711132200,374
1711133100,336
1711134000,353
1711134900,321
1711135800,338
1711136700,357
1711137600,352
1711138500,298
1711139400,308
1711140300,250
1711141200,248
1711142100,277
1711143000,290
1711143900,296
1711144800,312
1711145700,292
1711146600,273
1711147500,321
1711148400,275
1711149300,275
1711150200,219
1711151100,159
1711152000,177
1711152900,138
1711153800,145
1711154700,159
1711155600,141
1711156500,134
1711157400,147
1711158300,147
1711159200,161
1711160100,143
1711161000,146
1711161900,126
1711162800,129
1711163700,164
1711164600,135
1711165500,196
1711166400,168
1711167300,140
1711168200,129
1711169100,151
1711170000,335
1711170900,529
1711171800,159
1711172700,256
1711173600,211
1711174500,129
1711175400,125
1711176300,108
1711177200,138
1711178100,159
1711179000,137
1711179900,152
1711180800,188
1711181700,189
1711182600,163
1711183500,164
1711184400,178
1711185300,167
1711186200,166
1711187100,168
1711188000,213
1711188900,162
1711189800,148
1711190700,182
1711191600,181
1711192500,161
1711193400,166
1711194300,151
1711195200,187
1711196100,255
1711197000,161
1711197900,138
1711198800,169
1711199700,185
1711200600,162
1711201500,153
1711202400,218
1711203300,183
1711204200,172
1711205100,177
1711206000,179
1711206900,176
1711207800,227
1711208700,263
1711209600,263
1711210500,217
1711211400,208
1711212300,184
1711213200,185
1711214100,355
1711215000,772
1711215900,1045
1711216800,1255
1711217700,1045
1711218600,889
1711219500,312
1711220400,815
1711221300,515
1711222200,636
1711223100,352
1711224000,359
1711224900,470
1711225800,292
1711226700,425
1711227600,399
1711228500,251
1711229400,247
1711230300,165
1711231200,118
1711232100,167
1711233000,150
1711233900,149
1711234800,152
1711235700,140
1711236600,145
1711237500,178
1711238400,147
1711239300,119
1711240200,153
1711241100,137
1711242000,159
1711242900,144
1711243800,173
1711244700,175
1711245600,135
1711246500,154
1711247400,129
1711248300,120
1711249200,129
1711250100,145
1711251000,155
1711251900,186
1711252800,159
1711253700,156
1711254600,130
1711255500,203
1711256400,558
1711257300,866
1711258200,629
1711259100,780
1711260000,1470
1711260900,824
1711261800,342
1711262700,263
1711263600,224
1711264500,242
1711265400,531
1711266300,279
1711267200,218
1711268100,174
1711269000,180
1711269900,224
1711270800,208
1711271700,431
1711272600,343
1711273500,240
1711274400,191
1711275300,446
1711276200,530
1711277100,405
1711278000,510
1711278900,858
1711279800,797
1711280700,419
1711281600,287
1711282500,167
1711283400,156
1711284300,135
1711285200,171
1711286100,440
1711287000,149
1711287900,175
1711288800,142
1711289700,152
1711290600,160
1711291500,206
1711292400,556
1711293300,286
1711294200,334
1711295100,556
1711296000,365
1711296900,349
1711297800,605
1711298700,342
1711299600,423
1711300500,385
1711301400,688
1711302300,904
1711303200,776
1711304100,1065
1711305000,874
1711305900,1355
1711306800,1188
1711307700,1330
1711308600,745
1711309500,453
1711310400,316
1711311300,646
1711312200,350
1711313100,233
1711314000,507
1711314900,395
1711315800,394
1711316700,224
1711317600,747
1711318500,333
1711319400,222
1711320300,216
1711321200,181
1711322100,94
1711323000,128
1711323900,93
1711324800,100
1711325700,129
1711326600,128
1711327500,128
1711328400,123
1711329300,96
1711330200,103
1711331100,99
1711332000,115
1711332900,115
1711333800,117
1711334700,127
1711335600,105
1711336500,103
1711337400,133
1711338300,119
1711339200,95
1711340100,123
1711341000,137
1711341900,119
1711342800,237
1711343700,643
1711344600,136
1711345500,172
1711346400,134
1711347300,136
1711348200,153
1711349100,195
1711350000,569
1711350900,276
1711351800,383
1711352700,177
1711353600,693
1711354500,379
1711355400,170
1711356300,148
1711357200,156
1711358100,192
1711359000,136
1711359900,129
1711360800,151
1711361700,256
1711362600,687
1711363500,634
1711364400,637
1711365300,148
1711366200,150
1711367100,152
1711368000,164
1711368900,286
1711369800,914
1711370700,1064
1711371600,732
1711372500,1039
1711373400,537
1711374300,204
1711375200,503
1711376100,543
1711377000,216
1711377900,206
1711378800,212
1711379700,223
1711380600,206
1711381500,194
1711382400,216
1711383300,236
1711384200,241
1711385100,621
1711386000,1224
1711386900,1013
1711387800,874
1711388700,868
1711389600,849
1711390500,761
1711391400,713
1711392300,568
1711393200,375
1711394100,322
1711395000,283
1711395900,302
1711396800,291
1711397700,267
1711398600,276
1711399500,264
1711400400,301
1711401300,311
1711402200,233
1711403100,202
1711404000,227
1711404900,224
1711405800,207
1711406700,259
1711407600,222
1711408500,239
1711409400,207
1711410300,198
1711411200,180
1711412100,160
1711413000,206
1711413900,172
1711414800,184
1711415700,180
1711416600,147
1711417500,160
1711418400,174
1711419300,157
1711420200,171
1711421100,194
1711422000,166
1711422900,139
1711423800,159
1711424700,145
1711425600,136
1711426500,165
1711427400,182
1711428300,181
1711429200,192
1711430100,206
1711431000,231
1711431900,250
1711432800,260
1711433700,255
1711434600,279
1711435500,322
1711436400,706
1711437300,677
1711438200,382
1711439100,237
1711440000,257
1711440900,366
1711441800,386
1711442700,701
1711443600,556
1711444500,509
1711445400,319
1711446300,698
1711447200,685
1711448100,336
1711449000,306
1711449900,315
1711450800,299
1711451700,891
1711452600,864
1711453500,486
1711454400,346
1711455300,331
1711456200,292
1711457100,404
1711458000,926
1711458900,1249
1711459800,957
1711460700,769
1711461600,719
1711462500,458
1711463400,330
1711464300,313
1711465200,318
1711466100,257
1711467000,231
1711467900,328
1711468800,1021
1711469700,748
1711470600,716
1711471500,529
1711472400,926
1711473300,389
1711474200,268
1711475100,264
1711476000,282
1711476900,280
1711477800,258
1711478700,327
1711479600,331
1711480500,678
1711481400,763
1711482300,770
1711483200,291
1711484100,298
1711485000,274
1711485900,267
1711486800,298
1711487700,289
1711488600,264
1711489500,239
1711490400,182
1711491300,107
1711492200,153
1711493100,117
1711494000,117
1711494900,166
1711495800,179
1711496700,111
1711497600,130
1711498500,132
1711499400,119
1711500300,127
1711501200,196
1711502100,168
1711503000,119
1711503900,140
1711504800,120
1711505700,126
1711506600,134
1711507500,174
1711508400,152
1711509300,139
1711510200,130
1711511100,129
1711512000,153
1711512900,355
1711513800,564
1711514700,285
1711515600,283
1711516500,239
1711517400,231
1711518300,195
1711519200,773
1711520100,1293
1711521000,820
1711521900,768
1711522800,804
1711523700,1547
1711524600,784
1711525500,1289
1711526400,1372
1711527300,1147
1711528200,1099
1711529100,1020
1711530000,1010
1711530900,965
1711531800,636
1711532700,381
1711533600,345
1711534500,293
1711535400,280
1711536300,194
1711537200,406
1711538100,415
1711539000,256
1711539900,257
1711540800,261
1711541700,403
1711542600,744
1711543500,371
1711544400,190
1711545300,198
1711546200,201
1711547100,365
1711548000,200
1711548900,277
1711549800,204
1711550700,181
1711551600,233
1711552500,414
1711553400,757
1711554300,1302
1711555200,995
1711556100,905
1711557000,790
1711557900,860
1711558800,358
1711559700,370
1711560600,827
1711561500,781
1711562400,863
1711563300,833
1711564200,648
1711565100,343
1711566000,335
1711566900,306
1711567800,321
1711568700,295
1711569600,293
1711570500,248
1711571400,323
1711572300,268
1711573200,181
1711574100,145
1711575000,141
1711575900,160
1711576800,135
1711577700,157
1711578600,116
1711579500,129
1711580400,141
1711581300,118
1711582200,135
1711583100,173
1711584000,125
1711584900,131
1711585800,151
1711586700,129
1711587600,109
1711588500,148
1711589400,149
1711590300,145
1711591200,122
1711592100,135
1711593000,121
1711593900,128
1711594800,126
1711595700,149
1711596600,164
1711597500,173
1711598400,152
1711599300,541
1711600200,290
1711601100,213
1711602000,239
1711602900,257
1711603800,214
1711604700,224
1711605600,251
1711606500,200
1711607400,212
1711608300,276
1711609200,282
1711610100,360
1711611000,527
1711611900,569
1711612800,387
1711613700,400
1711614600,390
1711615500,347
1711616400,403
1711617300,402
1711618200,356
1711619100,410
1711620000,1662
1711620900,1176
1711621800,706
1711622700,419
1711623600,348
1711624500,759
1711625400,356
1711626300,218
1711627200,184
1711628100,232
1711629000,224
1711629900,205
1711630800,247
1711631700,823
1711632600,1185
1711633500,882
1711634400,718
1711635300,281
1711636200,264
1711637100,257
1711638000,239
1711638900,240
1711639800,365
1711640700,331
1711641600,241
1711642500,268
1711643400,481
1711644300,746
1711645200,1093
1711646100,1259
1711647000,1260
1711647900,744
1711648800,436
1711649700,643
1711650600,783
1711651500,414
1711652400,874
1711653300,486
1711654200,293
1711655100,309
1711656000,326
1711656900,318
1711657800,283
1711658700,217
1711659600,250
1711660500,290
1711661400,232
1711662300,276
1711663200,292
1711664100,145
1711665000,119
1711665900,162
1711666800,157
1711667700,127
1711668600,146
1711669500,154
1711670400,146
1711671300,127
1711672200,203
1711673100,133
1711674000,134
1711674900,149
1711675800,134
1711676700,151
1711677600,166
1711678500,170
1711679400,126
1711680300,136
1711681200,131
1711682100,121
1711683000,158
1711683900,245
1711684800,232
1711685700,621
1711686600,307
1711687500,235
1711688400,266
1711689300,257
1711690200,261
1711691100,241
1711692000,255
1711692900,249
1711693800,225
1711694700,242
1711695600,271
1711696500,251
1711697400,245
1711698300,211
1711699200,201
1711700100,210
1711701000,707
1711701900,919
1711702800,734
1711703700,470
1711704600,797
1711705500,986
1711706400,190
1711707300,185
1711708200,154
1711709100,150
1711710000,203
1711710900,164
1711711800,142
1711712700,202
1711713600,156
1711714500,179
1711715400,190
1711716300,203
1711717200,173
1711718100,187
1711719000,367
1711719900,598
1711720800,440
1711721700,238
1711722600,600
1711723500,624
1711724400,283
1711725300,277
1711726200,266
1711727100,373
1711728000,327
1711728900,310
1711729800,533
1711730700,408
1711731600,790
1711732500,1466
1711733400,1119
1711734300,814
1711735200,869
1711736100,771
1711737000,419
1711737900,398
1711738800,420
1711739700,294
1711740600,284
1711741500,300
1711742400,283
1711743300,330
1711744200,252
1711745100,173
1711746000,118
1711746900,148
1711747800,142
1711748700,134
1711749600,156
1711750500,169
1711751400,140
1711752300,125
1711753200,147
1711754100,136
1711755000,114
1711755900,147
1711756800,164
1711757700,130
1711758600,130
1711759500,150
1711760400,132
1711761300,129
1711762200,150
1711763100,167
1711764000,140
1711764900,157
1711765800,132
1711766700,141
1711767600,170
1711768500,126
1711769400,158
1711770300,194
1711771200,184
1711772100,712
1711773000,366
1711773900,749
1711774800,463
1711775700,508
1711776600,322
1711777500,719
1711778400,537
1711779300,228
1711780200,273
1711781100,483
1711782000,351
1711782900,176
1711783800,176
1711784700,176
1711785600,181
1711786500,189
1711787400,196
1711788300,162
1711789200,157
1711790100,180
1711791000,222
1711791900,216
1711792800,202
1711793700,222
1711794600,220
1711795500,190
1711796400,231
1711797300,216
1711798200,166
1711799100,232
1711800000,270
1711800900,167
1711801800,180
1711802700,209
1711803600,238
1711804500,214
1711805400,235
1711806300,201
1711807200,255
1711808100,247
1711809000,263
1711809900,291
1711810800,329
1711811700,290
1711812600,293
1711813500,282
1711814400,311
1711815300,281
1711816200,293
1711817100,361
1711818000,284
1711818900,283
1711819800,310
1711820700,302
1711821600,376
1711822500,333
1711823400,469
1711824300,481
1711825200,443
1711826100,423
1711827000,364
1711827900,383
1711828800,827
1711829700,498
1711830600,409
1711831500,503
1711832400,841
1711833300,280
1711834200,316
1711835100,216
1711836000,128
1711836900,167
1711837800,144
1711838700,131
1711839600,132
1711840500,134
1711841400,121
1711842300,138
1711843200,141
1711844100,158
1711845000,151
1711845900,155
1711846800,122
1711847700,128
1711848600,159
1711849500,147
1711850400,157
1711851300,175
1711852200,133
1711853100,131
1711854000,151
1711854900,143
1711855800,129
1711856700,189
1711857600,240
1711858500,692
1711859400,365
1711860300,260
1711861200,465
1711862100,623
1711863000,276
1711863900,231
1711864800,247
1711865700,224
1711866600,240
1711867500,558
1711868400,1016
1711869300,1150
1711870200,394
1711871100,229
1711872000,219
1711872900,186
1711873800,235
1711874700,281
1711875600,168
1711876500,164
1711877400,175
1711878300,494
1711879200,1192
1711880100,651
1711881000,124
1711881900,200
1711882800,149
1711883700,123
1711884600,157
1711885500,200
1711886400,533
1711887300,470
1711888200,778
1711889100,552
1711890000,921
1711890900,587
1711891800,224
1711892700,290
1711893600,184
1711894500,158
1711895400,333
1711896300,660
1711897200,493
1711898100,547
1711899000,660
1711899900,591
1711900800,262
1711901700,263
1711902600,314
1711903500,369
1711904400,286
1711905300,304
1711906200,410
1711907100,984
1711908000,1320
1711908900,1013
1711909800,835
1711910700,836
1711911600,778
1711912500,436
1711913400,349
1711914300,336
1711915200,245
1711916100,260
1711917000,251
1711917900,248
1711918800,255
1711919700,261
1711920600,248
1711921500,287
1711922400,298
1711923300,187
1711924200,98
1711925100,117
1711926000,171
1711926900,130
1711927800,117
1711928700,115
1711929600,103
1711930500,98
1711931400,137
1711932300,121
1711933200,138
1711934100,132
1711935000,124
1711935900,128
1711936800,110
1711937700,147
1711938600,134
1711939500,148
1711940400,144
1711941300,117
1711942200,131
1711943100,147
1711944000,126
1711944900,143
1711945800,152
1711946700,201
1711947600,484
1711948500,423
1711949400,929
1711950300,1194
1711951200,748
1711952100,677
1711953000,573
1711953900,182
1711954800,206
1711955700,230
1711956600,361
1711957500,936
1711958400,1208
1711959300,828
1711960200,779
1711961100,769
1711962000,1003
1711962900,1239
1711963800,1085
1711964700,808
1711965600,936
1711966500,267
1711967400,365
1711968300,295
1711969200,903
1711970100,527
1711971000,522
1711971900,361
1711972800,862
1711973700,456
1711974600,282
1711975500,312
1711976400,302
1711977300,277
1711978200,320
1711979100,262
1711980000,244
1711980900,293
1711981800,246
1711982700,251
1711983600,490
1711984500,410
1711985400,589
1711986300,794
1711987200,621
1711988100,365
1711989000,330
1711989900,834
1711990800,462
1711991700,414
1711992600,585
1711993500,1508
1711994400,1226
1711995300,872
1711996200,819
1711997100,438
1711998000,326
1711998900,313
1711999800,297
1712000700,252
1712001600,279
1712002500,300
1712003400,316
1712004300,274
1712005200,313
1712006100,229
1712007000,192
1712007900,159
1712008800,141
1712009700,145
1712010600,190
1712011500,171
1712012400,138
1712013300,157
1712014200,142
1712015100,128
1712016000,160
1712016900,161
1712017800,156
1712018700,150
1712019600,162
1712020500,156
1712021400,135
1712022300,181
1712023200,177
1712024100,131
1712025000,139
1712025900,122
1712026800,135
1712027700,141
1712028600,155
1712029500,163
1712030400,135
1712031300,158
1712032200,164
1712033100,207
1712034000,182
1712034900,364
1712035800,205
1712036700,447
1712037600,302
1712038500,233
1712039400,220
1712040300,260
1712041200,300
1712042100,666
1712043000,551
1712043900,562
1712044800,304
1712045700,736
1712046600,614
1712047500,327
1712048400,278
1712049300,293
1712050200,306
1712051100,304
1712052000,426
1712052900,779
1712053800,861
1712054700,881
1712055600,423
1712056500,330
1712057400,269
1712058300,274
1712059200,244
1712060100,228
1712061000,163
1712061900,213
1712062800,231
1712063700,253
1712064600,274
1712065500,615
1712066400,480
1712067300,754
1712068200,501
1712069100,390
1712070000,438
1712070900,775
1712071800,263
1712072700,264
1712073600,692
1712074500,644
1712075400,811
1712076300,828
1712077200,798
1712078100,479
1712079000,393
1712079900,659
1712080800,1011
1712081700,992
1712082600,872
1712083500,722
1712084400,457
1712085300,504
1712086200,469
1712087100,723
1712088000,829
1712088900,589
1712089800,339
1712090700,440
1712091600,389
1712092500,357
1712093400,330
1712094300,356
1712095200,329
1712096100,329
1712097000,345
1712097900,239
1712098800,161
1712099700,123
1712100600,106
1712101500,102
1712102400,121
1712103300,120
1712104200,115
1712105100,102
1712106000,120
1712106900,97
1712107800,92
1712108700,145
1712109600,106
1712110500,106
1712111400,136
1712112300,106
1712113200,104
1712114100,130
1712115000,111
1712115900,97
1712116800,131
1712117700,591
1712118600,292
1712119500,215
1712120400,242
1712121300,253
1712122200,213
1712123100,329
1712124000,1029
1712124900,680
1712125800,492
1712126700,598
1712127600,972
1712128500,670
1712129400,649
1712130300,595
1712131200,610
1712132100,663
1712133000,651
1712133900,634
1712134800,840
1712135700,819
1712136600,1331
1712137500,1141
1712138400,304
1712139300,311
1712140200,520
1712141100,343
1712142000,293
1712142900,260
1712143800,251
1712144700,271
1712145600,275
1712146500,466
1712147400,359
1712148300,235
1712149200,367
1712150100,730
1712151000,484
1712151900,667
1712152800,333
1712153700,770
1712154600,392
1712155500,312
1712156400,559
1712157300,973
1712158200,438
1712159100,310
1712160000,321
1712160900,301
1712161800,324
1712162700,832
1712163600,472
1712164500,348
1712165400,359
1712166300,372
1712167200,365
1712168100,663
1712169000,373
1712169900,325
1712170800,468
1712171700,783
1712172600,419
1712173500,476
1712174400,587
1712175300,776
1712176200,463
1712177100,270
1712178000,394
1712178900,477
1712179800,294
1712180700,303
1712181600,280
1712182500,202
1712183400,188
1712184300,124
1712185200,137
1712186100,146
1712187000,164
1712187900,149
1712188800,138
1712189700,139
1712190600,139
1712191500,154
1712192400,154
1712193300,163
1712194200,172
1712195100,150
1712196000,151
1712196900,155
1712197800,174
1712198700,143
1712199600,174
1712200500,169
1712201400,148
1712202300,189
1712203200,172
1712204100,540
1712205000,269
1712205900,252
1712206800,240
1712207700,221
1712208600,233
1712209500,238
1712210400,256
1712211300,297
1712212200,944
1712213100,950
1712214000,1153
1712214900,468
1712215800,257
1712216700,238
1712217600,285
1712218500,282
1712219400,245
1712220300,282
1712221200,254
1712222100,251
1712223000,252
1712223900,275
1712224800,302
1712225700,506
1712226600,801
1712227500,619
1712228400,260
1712229300,256
1712230200,234
1712231100,228
1712232000,276
1712232900,423
1712233800,302
1712234700,298
1712235600,283
1712236500,295
1712237400,280
1712238300,283
1712239200,291
1712240100,313
1712241000,315
1712241900,302
1712242800,288
1712243700,305
1712244600,412
1712245500,800
1712246400,558
1712247300,322
1712248200,580
1712249100,699
1712250000,272
1712250900,274
1712251800,338
1712252700,263
1712253600,258
1712254500,294
1712255400,273
1712256300,299
1712257200,297
1712258100,340
1712259000,298
1712259900,290
1712260800,254
1712261700,246
1712262600,293
1712263500,280
1712264400,261
1712265300,228
1712266200,266
1712267100,196
1712268000,221
1712268900,213
1712269800,184
1712270700,121
1712271600,106
1712272500,101
1712273400,100
1712274300,125
1712275200,165
1712276100,122
1712277000,131
1712277900,124
1712278800,115
1712279700,108
1712280600,145
1712281500,130
1712282400,124
1712283300,132
1712284200,113
1712285100,103
1712286000,120
1712286900,167
1712287800,120
1712288700,193
1712289600,122
1712290500,294
1712291400,156
1712292300,172
1712293200,218
1712294100,856
1712295000,1169
1712295900,1034
1712296800,960
1712297700,614
1712298600,612
1712299500,592
1712300400,920
1712301300,1221
1712302200,1061
1712303100,764
1712304000,787
1712304900,304
1712305800,275
1712306700,314
1712307600,295
1712308500,241
1712309400,741
1712310300,812
1712311200,501
1712312100,242
1712313000,205
1712313900,244
1712314800,604
1712315700,527
1712316600,492
1712317500,264
1712318400,618
1712319300,604
1712320200,288
1712321100,243
1712322000,204
1712322900,217
1712323800,213
1712324700,245
1712325600,299
1712326500,347
1712327400,178
1712328300,206
1712329200,198
1712330100,209
1712331000,218
1712331900,201
1712332800,561
1712333700,1401
1712334600,768
1712335500,282
1712336400,915
1712337300,1177
1712338200,737
1712339100,796
1712340000,800
1712340900,1049
1712341800,548
1712342700,580
1712343600,795
1712344500,736
1712345400,678
1712346300,304
1712347200,303
1712348100,287
1712349000,254
1712349900,258
1712350800,208
1712351700,144
1712352600,124
1712353500,171
1712354400,142
1712355300,99
1712356200,111
1712357100,130
1712358000,140
1712358900,121
1712359800,189
1712360700,100
1712361600,94
1712362500,123
1712363400,132
1712364300,100
1712365200,156
1712366100,131
1712367000,104
1712367900,125
1712368800,140
1712369700,142
1712370600,148
1712371500,119
1712372400,103
1712373300,133
1712374200,133
1712375100,139
1712376000,167
1712376900,133
1712377800,140
1712378700,150
1712379600,420
1712380500,157
1712381400,204
1712382300,596
1712383200,462
1712384100,225
1712385000,216
1712385900,196
1712386800,200
1712387700,214
1712388600,298
1712389500,184
1712390400,196
1712391300,221
1712392200,186
1712393100,195
1712394000,226
1712394900,182
1712395800,188
1712396700,197
1712397600,219
1712398500,190
1712399400,203
1712400300,185
1712401200,190
1712402100,199
1712403000,189
1712403900,230
1712404800,193
1712405700,124
1712406600,165
1712407500,213
1712408400,241
1712409300,313
1712410200,259
1712411100,240
1712412000,213
1712412900,218
1712413800,661
1712414700,447
1712415600,444
1712416500,250
1712417400,666
1712418300,535
1712419200,291
1712420100,729
1712421000,1154
1712421900,921
1712422800,806
1712423700,694
1712424600,582
1712425500,576
1712426400,342
1712427300,405
1712428200,335
1712429100,260
1712430000,276
1712430900,249
1712431800,303
1712432700,293
1712433600,292
1712434500,211
1712435400,204
1712436300,272
1712437200,246
1712438100,216
1712439000,232
1712439900,219
1712440800,131
1712441700,151
1712442600,148
1712443500,120
1712444400,140
1712445300,128
1712446200,136
1712447100,154
1712448000,155
1712448900,123
1712449800,135
1712450700,127
1712451600,113
1712452500,143
1712453400,158
1712454300,125
1712455200,135
1712456100,135
1712457000,136
1712457900,121
1712458800,156
1712459700,113
1712460600,114
1712461500,170
1712462400,115
1712463300,114
1712464200,178
1712465100,444
1712466000,642
1712466900,696
1712467800,654
1712468700,1076
1712469600,467
1712470500,864
1712471400,307
1712472300,778
1712473200,318
1712474100,227
1712475000,230
1712475900,275
1712476800,201
1712477700,210
1712478600,202
1712479500,198
1712480400,202
1712481300,708
1712482200,608
1712483100,695
1712484000,231
1712484900,175
1712485800,155
1712486700,191
1712487600,625
1712488500,602
1712489400,705
1712490300,330
1712491200,218
1712492100,254
1712493000,244
1712493900,204
1712494800,254
1712495700,212
1712496600,210
1712497500,224
1712498400,245
1712499300,235
1712500200,245
1712501100,212
1712502000,226
1712502900,265
1712503800,240
1712504700,583
1712505600,424
1712506500,232
1712507400,222
1712508300,575
1712509200,722
1712510100,712
1712511000,649
1712511900,458
1712512800,279
1712513700,323
1712514600,313
1712515500,321
1712516400,319
1712517300,299
1712518200,296
1712519100,339
1712520000,326
1712520900,339
1712521800,262
1712522700,163
1712523600,111
1712524500,165
1712525400,116
1712526300,117
1712527200,115
1712528100,107
1712529000,105
1712529900,132
1712530800,113
1712531700,109
1712532600,114
1712533500,130
1712534400,104
1712535300,145
1712536200,120
1712537100,114
1712538000,96
1712538900,137
1712539800,109
1712540700,128
1712541600,140
1712542500,110
1712543400,116
1712544300,128
1712545200,110
1712546100,126
1712547000,164
1712547900,159
1712548800,115
1712549700,193
1712550600,390
1712551500,287
1712552400,281
1712553300,207
1712554200,207
1712555100,590
1712556000,1034
1712556900,1122
1712557800,444
1712558700,498
1712559600,758
1712560500,257
1712561400,249
1712562300,274
1712563200,282
1712564100,231
1712565000,210
1712565900,245
1712566800,264
1712567700,268
1712568600,248
1712569500,223
1712570400,263
1712571300,245
1712572200,428
1712573100,845
1712574000,525
1712574900,349
1712575800,181
1712576700,187
1712577600,201
1712578500,166
1712579400,138
1712580300,130
1712581200,200
1712582100,199
1712583000,211
1712583900,196
1712584800,217
1712585700,465
1712586600,250
1712587500,241
1712588400,295
1712589300,459
1712590200,422
1712591100,460
1712592000,288
1712592900,291
1712593800,303
1712594700,401
1712595600,1030
1712596500,1161
1712597400,1154
1712598300,998
1712599200,658
1712600100,284
1712601000,275
1712601900,271
1712602800,215
1712603700,259
1712604600,294
1712605500,242
1712606400,235
1712607300,276
1712608200,222
1712609100,185
1712610000,233
1712610900,218
1712611800,182
1712612700,207
1712613600,198
1712614500,146
1712615400,148
1712616300,157
1712617200,120
1712618100,140
1712619000,125
1712619900,122
1712620800,152
1712621700,169
1712622600,145
1712623500,138
1712624400,168
1712625300,146
1712626200,155
1712627100,201
1712628000,140
1712628900,151
1712629800,151
1712630700,152
1712631600,154
1712632500,181
1712633400,145
1712634300,149
1712635200,137
1712636100,163
1712637000,168
1712637900,207
1712638800,160
1712639700,191
1712640600,335
1712641500,671
1712642400,777
1712643300,760
1712644200,599
1712645100,447
1712646000,723
1712646900,520
1712647800,291
1712648700,629
1712649600,623
1712650500,235
1712651400,199
1712652300,258
1712653200,290
1712654100,553
1712655000,842
1712655900,416
1712656800,268
1712657700,270
1712658600,280
1712659500,210
1712660400,177
1712661300,214
1712662200,202
1712663100,218
1712664000,287
1712664900,240
1712665800,161
1712666700,155
1712667600,169
1712668500,174
1712669400,177
1712670300,178
1712671200,142
1712672100,148
1712673000,170
1712673900,170
1712674800,157
1712675700,185
1712676600,138
1712677500,146
1712678400,142
1712679300,179
1712680200,250
1712681100,220
1712682000,222
1712682900,204
1712683800,217
1712684700,279
1712685600,276
1712686500,237
1712687400,261
1712688300,287
1712689200,291
1712690100,488
1712691000,367
1712691900,260
1712692800,301
1712693700,337
1712694600,265
1712695500,252
1712696400,210
1712697300,136
1712698200,116
1712699100,139
1712700000,112
1712700900,101
1712701800,138
1712702700,137
1712703600,101
1712704500,113
1712705400,114
1712706300,97
1712707200,123
1712708100,127
1712709000,102
1712709900,103
1712710800,119
1712711700,102
1712712600,93
1712713500,145
1712714400,100
1712715300,103
1712716200,116
1712717100,102
1712718000,100
1712718900,143
1712719800,119
1712720700,106
1712721600,111
1712722500,327
1712723400,445
1712724300,258
1712725200,252
1712726100,258
1712727000,196
1712727900,231
1712728800,231
1712729700,267
1712730600,496
1712731500,1524
1712732400,1498
1712733300,1242
1712734200,960
1712735100,708
1712736000,784
1712736900,746
1712737800,744
1712738700,755
1712739600,1072
1712740500,1511
1712741400,1309
1712742300,1536
1712743200,466
1712744100,986
1712745000,471
1712745900,330
1712746800,368
1712747700,345
1712748600,323
1712749500,347
1712750400,246
1712751300,194
1712752200,259
1712753100,203
1712754000,214
1712754900,215
1712755800,211
1712756700,211
1712757600,259
1712758500,226
1712759400,202
1712760300,206
1712761200,213
1712762100,201
1712763000,234
1712763900,240
1712764800,211
1712765700,259
1712766600,226
1712767500,269
1712768400,317
1712769300,693
1712770200,1184
1712771100,1088
1712772000,506
1712772900,293
1712773800,357
1712774700,285
1712775600,299
1712776500,320
1712777400,231
1712778300,221
1712779200,268
1712780100,255
1712781000,331
1712781900,304
1712782800,276
1712783700,204
1712784600,631
1712785500,320
1712786400,249
1712787300,324
1712788200,674
1712789100,136
1712790000,166
1712790900,136
1712791800,115
1712792700,140
1712793600,132
1712794500,100
1712795400,123
1712796300,111
1712797200,103
1712798100,144
1712799000,137
1712799900,143
1712800800,194
1712801700,105
1712802600,93
1712803500,108
1712804400,152
1712805300,153
1712806200,105
1712807100,164
1712808000,249
1712808900,607
1712809800,194
1712810700,208
1712811600,213
1712812500,659
1712813400,297
1712814300,145
1712815200,123
1712816100,125
1712817000,111
1712817900,149
1712818800,184
1712819700,82
1712820600,95
1712821500,118
1712822400,90
1712823300,109
1712824200,122
1712825100,97
1712826000,89
1712826900,93
1712827800,90
1712828700,97
1712829600,388
1712830500,254
1712831400,368
1712832300,165
1712833200,273
1712834100,996
1712835000,841
1712835900,790
1712836800,454
1712837700,587
1712838600,634
1712839500,172
1712840400,169
1712841300,197
1712842200,229
1712843100,233
1712844000,248
1712844900,190
1712845800,251
1712846700,255
1712847600,235
1712848500,585
1712849400,490
1712850300,373
1712851200,286
1712852100,704
1712853000,466
1712853900,775
1712854800,1019
1712855700,1421
1712856600,1749
1712857500,1137
1712858400,871
1712859300,878
1712860200,847
1712861100,897
1712862000,850
1712862900,653
1712863800,366
1712864700,332
1712865600,342
1712866500,329
1712867400,274
1712868300,196
1712869200,204
1712870100,123
1712871000,116
1712871900,164
1712872800,137
1712873700,152
1712874600,162
1712875500,128
1712876400,139
1712877300,161
1712878200,155
1712879100,130
1712880000,142
1712880900,142
1712881800,130
1712882700,138
1712883600,185
1712884500,139
1712885400,139
1712886300,145
1712887200,124
1712888100,133
1712889000,152
1712889900,163
1712890800,125
1712891700,147
1712892600,134
1712893500,169
1712894400,619
1712895300,284
1712896200,218
1712897100,206
1712898000,222
1712898900,528
1712899800,487
1712900700,449
1712901600,635
1712902500,658
1712903400,556
1712904300,191
1712905200,201
1712906100,193
1712907000,217
1712907900,190
1712908800,207
1712909700,220
1712910600,357
1712911500,220
1712912400,232
1712913300,681
1712914200,702
1712915100,347
1712916000,250
1712916900,207
1712917800,218
1712918700,431
1712919600,631
1712920500,629
1712921400,635
1712922300,342
1712923200,196
1712924100,231
1712925000,212
1712925900,193
1712926800,186
1712927700,247
1712928600,342
1712929500,627
1712930400,689
1712931300,734
1712932200,442
1712933100,522
1712934000,716
1712934900,883
1712935800,689
1712936700,314
1712937600,269
1712938500,266
1712939400,242
1712940300,259
1712941200,418
1712942100,258
1712943000,364
1712943900,254
1712944800,497
1712945700,751
1712946600,529
1712947500,302
1712948400,585
1712949300,619
1712950200,247
1712951100,248
1712952000,317
1712952900,291
1712953800,252
1712954700,277
1712955600,259
1712956500,254
1712957400,254
1712958300,348
1712959200,268
1712960100,214
1712961000,167
1712961900,117
1712962800,117
1712963700,143
1712964600,163
1712965500,120
1712966400,109
1712967300,127
1712968200,109
1712969100,110
1712970000,156
1712970900,140
1712971800,110
1712972700,129
1712973600,116
1712974500,122
1712975400,134
1712976300,160
1712977200,110
1712978100,115
1712979000,141
1712979900,165
1712980800,200
1712981700,713
1712982600,164
1712983500,182
1712984400,179
1712985300,197
1712986200,201
1712987100,228
1712988000,233
1712988900,157
1712989800,285
1712990700,295
1712991600,127
1712992500,340
1712993400,645
1712994300,402
1712995200,160
1712996100,372
1712997000,793
1712997900,149
1712998800,171
1712999700,161
1713000600,130
1713001500,178
1713002400,746
1713003300,1043
1713004200,429
1713005100,312
1713006000,241
1713006900,131
1713007800,105
1713008700,154
1713009600,158
1713010500,189
1713011400,223
1713012300,608
1713013200,578
1713014100,614
1713015000,415
1713015900,214
1713016800,234
1713017700,199
1713018600,235
1713019500,208
1713020400,219
1713021300,212
1713022200,194
1713023100,173
1713024000,269
1713024900,424
1713025800,253
1713026700,282
1713027600,252
1713028500,341
1713029400,397
1713030300,282
1713031200,440
1713032100,326
1713033000,298
1713033900,304
1713034800,299
1713035700,314
1713036600,226
1713037500,228
1713038400,214
1713039300,240
1713040200,158
1713041100,172
1713042000,117
1713042900,132
1713043800,137
1713044700,121
1713045600,134
1713046500,188
1713047400,154
1713048300,142
1713049200,150
1713050100,144
1713051000,138
1713051900,178
1713052800,143
1713053700,143
1713054600,159
1713055500,134
1713056400,145
1713057300,197
1713058200,154
1713059100,142
1713060000,143
1713060900,145
1713061800,136
1713062700,176
1713063600,147
1713064500,138
1713065400,156
1713066300,175
1713067200,215
1713068100,546
1713069000,296
1713069900,179
1713070800,173
1713071700,239
1713072600,190
1713073500,349
1713074400,242
1713075300,328
1713076200,740
1713077100,411
1713078000,204
1713078900,387
1713079800,666
1713080700,142
1713081600,160
1713082500,134
1713083400,116
1713084300,175
1713085200,349
1713086100,368
1713087000,521
1713087900,531
1713088800,207
1713089700,239
1713090600,220
1713091500,197
1713092400,207
1713093300,206
1713094200,203
1713095100,247
1713096000,218
1713096900,190
1713097800,231
1713098700,230
1713099600,208
1713100500,229
1713101400,246
1713102300,199
1713103200,180
1713104100,221
1713105000,303
1713105900,296
1713106800,289
1713107700,471
1713108600,878
1713109500,491
1713110400,826
1713111300,782
1713112200,959
1713113100,520
1713114000,403
1713114900,367
1713115800,393
1713116700,321
1713117600,303
1713118500,340
1713119400,376
1713120300,417
1713121200,393
1713122100,358
1713123000,352
1713123900,348
1713124800,270
1713125700,304
1713126600,244
1713127500,189
1713128400,149
1713129300,160
1713130200,147
1713131100,152
1713132000,162
1713132900,181
1713133800,155
1713134700,151
1713135600,174
1713136500,137
1713137400,167
1713138300,180
1713139200,146
1713140100,152
1713141000,154
1713141900,136
1713142800,149
1713143700,167
1713144600,138
1713145500,142
1713146400,154
1713147300,130
1713148200,160
1713149100,161
1713150000,131
1713150900,133
1713151800,146
1713152700,187
1713153600,224
1713154500,725
1713155400,177
1713156300,237
1713157200,170
1713158100,146
1713159000,160
1713159900,157
1713160800,604
1713161700,161
1713162600,149
1713163500,164
1713164400,670
1713165300,477
1713166200,143
1713167100,141
1713168000,205
1713168900,179
1713169800,172
1713170700,153
1713171600,184
1713172500,148
1713173400,489
1713174300,1092
1713175200,1339
1713176100,448
1713177000,230
1713177900,168
1713178800,182
1713179700,697
1713180600,348
1713181500,347
1713182400,225
1713183300,730
1713184200,345
1713185100,182
1713186000,198
1713186900,172
1713187800,179
1713188700,194
1713189600,300
1713190500,185
1713191400,194
1713192300,156
1713193200,202
1713194100,179
1713195000,158
1713195900,180
1713196800,204
1713197700,391
1713198600,429
1713199500,199
1713200400,202
1713201300,202
1713202200,188
1713203100,250
1713204000,306
1713204900,369
1713205800,778
1713206700,393
1713207600,305
1713208500,282
1713209400,291
1713210300,306
1713211200,303
1713212100,206
1713213000,198
1713213900,224
1713214800,150
1713215700,165
1713216600,175
1713217500,146
1713218400,166
1713219300,140
1713220200,143
1713221100,164
1713222000,185
1713222900,152
1713223800,177
1713224700,135
1713225600,143
1713226500,154
1713227400,167
1713228300,152
1713229200,145
1713230100,150
1713231000,135
1713231900,151
1713232800,177
1713233700,152
1713234600,164
1713235500,155
1713236400,138
1713237300,139
1713238200,162
1713239100,137
1713240000,133
1713240900,174
1713241800,190
1713242700,208
1713243600,205
1713244500,368
1713245400,221
1713246300,856
1713247200,1136
1713248100,829
1713249000,824
1713249900,1223
1713250800,692
1713251700,365
1713252600,510
1713253500,811
1713254400,412
1713255300,220
1713256200,258
1713257100,265
1713258000,250
1713258900,222
1713259800,237
1713260700,214
1713261600,235
1713262500,284
1713263400,309
1713264300,245
1713265200,244
1713266100,366
1713267000,193
1713267900,173
1713268800,175
1713269700,217
1713270600,301
1713271500,282
1713272400,193
1713273300,188
1713274200,241
1713275100,258
1713276000,257
1713276900,232
1713277800,345
1713278700,342
1713279600,646
1713280500,171
1713281400,222
1713282300,499
1713283200,513
1713284100,531
1713285000,475
1713285900,191
1713286800,209
1713287700,249
1713288600,216
1713289500,225
1713290400,245
1713291300,345
1713292200,420
1713293100,909
1713294000,1269
1713294900,935
1713295800,792
1713296700,376
1713297600,262
1713298500,340
1713299400,319
1713300300,278
1713301200,259
1713302100,259
1713303000,216
1713303900,144
1713304800,125
1713305700,154
1713306600,142
1713307500,118
1713308400,127
1713309300,132
1713310200,116
1713311100,127
1713312000,175
1713312900,127
1713313800,123
1713314700,137
1713315600,108
1713316500,119
1713317400,145
1713318300,140
1713319200,114
1713320100,135
1713321000,119
1713321900,111
1713322800,148
1713323700,145
1713324600,123
1713325500,117
1713326400,119
1713327300,482
1713328200,256
1713329100,193
1713330000,739
1713330900,1174
1713331800,806
1713332700,523
1713333600,262
1713334500,219
1713335400,311
1713336300,272
1713337200,214
1713338100,178
1713339000,214
1713339900,185
1713340800,515
1713341700,1055
1713342600,946
1713343500,843
1713344400,850
1713345300,1417
1713346200,1739
1713347100,1725
1713348000,850
1713348900,537
1713349800,614
1713350700,813
1713351600,243
1713352500,261
1713353400,255
1713354300,264
1713355200,260
1713356100,413
1713357000,764
1713357900,508
1713358800,285
1713359700,547
1713360600,730
1713361500,743
1713362400,810
1713363300,788
1713364200,811
1713365100,840
1713366000,789
1713366900,720
1713367800,716
1713368700,728
1713369600,383
1713370500,246
1713371400,280
1713372300,260
1713373200,216
1713374100,229
1713375000,235
1713375900,223
1713376800,290
1713377700,274
1713378600,287
1713379500,291
1713380400,272
1713381300,246
1713382200,233
1713383100,233
1713384000,205
1713384900,266
1713385800,228
1713386700,162
1713387600,111
1713388500,116
1713389400,100
1713390300,124
1713391200,80
1713392100,101
1713393000,117
1713393900,108
1713394800,131
1713395700,114
1713396600,93
1713397500,95
1713398400,107
1713399300,107
1713400200,99
1713401100,129
1713402000,86
1713402900,90
1713403800,121
1713404700,94
1713405600,110
1713406500,140
1713407400,91
1713408300,92
1713409200,113
1713410100,92
1713411000,92
1713411900,157
1713412800,271
1713413700,624
1713414600,161
1713415500,152
1713416400,122
1713417300,116
1713418200,320
1713419100,310
1713420000,157
1713420900,154
1713421800,135
1713422700,149
1713423600,158
1713424500,193
1713425400,190
1713426300,572
1713427200,366
1713428100,396
1713429000,165
1713429900,604
1713430800,411
1713431700,315
1713432600,690
1713433500,770
1713434400,697
1713435300,439
1713436200,261
1713437100,185
1713438000,403
1713438900,676
1713439800,637
1713440700,1227
1713441600,440
1713442500,200
1713443400,237
1713444300,261
1713445200,166
1713446100,175
1713447000,183
1713447900,144
1713448800,143
1713449700,186
1713450600,195
1713451500,234
1713452400,212
1713453300,178
1713454200,398
1713455100,354
1713456000,677
1713456900,428
1713457800,285
1713458700,649
1713459600,309
1713460500,239
1713461400,250
1713462300,255
1713463200,287
1713464100,299
1713465000,316
1713465900,277
1713466800,259
1713467700,304
1713468600,301
1713469500,287
1713470400,226
1713471300,218
1713472200,207
1713473100,251
1713474000,149
1713474900,135
1713475800,114
1713476700,115
1713477600,96
1713478500,86
1713479400,118
1713480300,110
1713481200,119
1713482100,111
1713483000,85
1713483900,101
1713484800,131
1713485700,97
1713486600,145
1713487500,111
1713488400,109
1713489300,93
1713490200,112
1713491100,77
1713492000,110
1713492900,117
1713493800,96
1713494700,95
1713495600,118
1713496500,98
1713497400,105
1713498300,163
1713499200,249
1713500100,797
1713501000,632
1713501900,414
1713502800,394
1713503700,148
1713504600,675
1713505500,361
1713506400,144
1713507300,115
1713508200,122
1713509100,102
1713510000,121
1713510900,145
1713511800,119
1713512700,110
1713513600,133
1713514500,118
1713515400,108
1713516300,143
1713517200,114
1713518100,138
1713519000,120
1713519900,102
1713520800,134
1713521700,175
1713522600,184
1713523500,635
1713524400,274
1713525300,155
1713526200,176
1713527100,547
1713528000,1057
1713528900,766
1713529800,155
1713530700,161
1713531600,176
1713532500,137
1713533400,154
1713534300,214
1713535200,230
1713536100,211
1713537000,209
1713537900,458
1713538800,1004
1713539700,1190
1713540600,828
1713541500,642
1713542400,708
1713543300,629
1713544200,235
1713545100,270
1713546000,329
1713546900,234
1713547800,195
1713548700,441
1713549600,591
1713550500,431
1713551400,220
1713552300,603
1713553200,664
1713554100,227
1713555000,198
1713555900,239
1713556800,329
1713557700,224
1713558600,195
1713559500,193
1713560400,176
1713561300,197
1713562200,145
1713563100,121
1713564000,99
1713564900,109
1713565800,104
1713566700,102
1713567600,130
1713568500,124
1713569400,110
1713570300,103
1713571200,94
1713572100,98
1713573000,106
1713573900,125
1713574800,116
1713575700,126
1713576600,84
1713577500,119
1713578400,112
1713579300,100
1713580200,171
1713581100,120
1713582000,85
1713582900,110
1713583800,87
1713584700,174
1713585600,660
1713586500,363
1713587400,178
1713588300,201
1713589200,178
1713590100,183
1713591000,203
1713591900,209
1713592800,223
1713593700,250
1713594600,178
1713595500,101
1713596400,114
1713597300,100
1713598200,125
1713599100,153
1713600000,102
1713600900,114
1713601800,122
1713602700,328
1713603600,330
1713604500,301
1713605400,200
1713606300,174
1713607200,269
1713608100,634
1713609000,409
1713609900,209
1713610800,472
1713611700,576
1713612600,169
1713613500,161
1713614400,187
1713615300,163
1713616200,158
1713617100,137
1713618000,158
1713618900,307
1713619800,242
1713620700,386
1713621600,296
1713622500,177
1713623400,143
1713624300,218
1713625200,229
1713626100,277
1713627000,286
1713627900,260
1713628800,229
1713629700,457
1713630600,1082
1713631500,1130
1713632400,802
1713633300,787
1713634200,352
1713635100,405
1713636000,327
1713636900,323
1713637800,298
1713638700,303
1713639600,450
1713640500,811
1713641400,514
1713642300,308
1713643200,450
1713644100,825
1713645000,208
1713645900,175
1713646800,131
1713647700,122
1713648600,111
1713649500,105
1713650400,111
1713651300,113
1713652200,143
1713653100,150
1713654000,101
1713654900,126
1713655800,119
1713656700,103
1713657600,124
1713658500,127
1713659400,142
1713660300,120
1713661200,103
1713662100,102
1713663000,117
1713663900,94
1713664800,112
1713665700,140
1713666600,100
1713667500,93
1713668400,116
1713669300,90
1713670200,127
1713671100,182
1713672000,236
1713672900,1049
1713673800,610
1713674700,670
1713675600,642
1713676500,633
1713677400,643
1713678300,697
1713679200,396
1713680100,203
1713681000,187
1713681900,126
1713682800,131
1713683700,177
1713684600,517
1713685500,535
1713686400,400
1713687300,193
1713688200,719
1713689100,981
1713690000,323
1713690900,237
1713691800,1092
1713692700,830
1713693600,1070
1713694500,1189
1713695400,435
1713696300,350
1713697200,248
1713698100,220
1713699000,406
1713699900,954
1713700800,974
1713701700,773
1713702600,729
1713703500,702
1713704400,857
1713705300,733
1713706200,706
1713707100,688
1713708000,446
1713708900,578
1713709800,424
1713710700,439
1713711600,262
1713712500,716
1713713400,482
1713714300,246
1713715200,252
1713716100,202
1713717000,232
1713717900,224
1713718800,228
1713719700,263
1713720600,250
1713721500,592
1713722400,796
1713723300,796
1713724200,826
1713725100,802
1713726000,703
1713726900,389
1713727800,391
1713728700,290
1713729600,327
1713730500,246
1713731400,220
1713732300,220
1713733200,254
1713734100,206
1713735000,156
1713735900,141
1713736800,108
1713737700,131
1713738600,116
1713739500,126
1713740400,150
1713741300,113
1713742200,120
1713743100,118
1713744000,119
1713744900,118
1713745800,151
1713746700,155
1713747600,101
1713748500,119
1713749400,102
1713750300,98
1713751200,115
1713752100,121
1713753000,127
1713753900,125
1713754800,110
1713755700,112
1713756600,138
1713757500,154
1713758400,792
1713759300,617
1713760200,163
1713761100,208
1713762000,183
1713762900,121
1713763800,133
1713764700,189
1713765600,329
1713766500,635
1713767400,433
1713768300,187
1713769200,530
1713770100,526
1713771000,123
1713771900,156
1713772800,181
1713773700,181
1713774600,202
1713775500,191
1713776400,186
1713777300,682
1713778200,379
1713779100,594
1713780000,1431
1713780900,674
1713781800,316
1713782700,385
1713783600,320
1713784500,253
1713785400,248
1713786300,190
1713787200,177
1713788100,219
1713789000,200
1713789900,203
1713790800,246
1713791700,429
1713792600,584
1713793500,485
1713794400,254
1713795300,546
1713796200,729
1713797100,332
1713798000,260
1713798900,218
1713799800,659
1713800700,543
1713801600,787
1713802500,757
1713803400,373
1713804300,375
1713805200,477
1713806100,660
1713807000,759
1713807900,744
1713808800,754
1713809700,729
1713810600,706
1713811500,455
1713812400,286
1713813300,310
1713814200,321
1713815100,313
1713816000,291
1713816900,233
1713817800,236
1713818700,264
1713819600,202
1713820500,154
1713821400,110
1713822300,164
1713823200,92
1713824100,125
1713825000,107
1713825900,110
1713826800,146
1713827700,86
1713828600,108
1713829500,102
1713830400,96
1713831300,112
1713832200,143
1713833100,178
1713834000,115
1713834900,98
1713835800,85
1713836700,102
1713837600,85
1713838500,104
1713839400,134
1713840300,96
1713841200,87
1713842100,118
1713843000,97
1713843900,114
1713844800,142
1713845700,193
1713846600,146
1713847500,167
1713848400,98
1713849300,207
1713850200,765
1713851100,695
1713852000,1288
1713852900,751
1713853800,248
1713854700,445
1713855600,689
1713856500,203
1713857400,241
1713858300,285
1713859200,274
1713860100,236
1713861000,462
1713861900,548
1713862800,584
1713863700,457
1713864600,469
1713865500,464
1713866400,614
1713867300,907
1713868200,305
1713869100,213
1713870000,193
1713870900,587
1713871800,1128
1713872700,923
1713873600,276
1713874500,325
1713875400,356
1713876300,310
1713877200,325
1713878100,389
1713879000,282
1713879900,263
1713880800,251
1713881700,265
1713882600,253
1713883500,279
1713884400,323
1713885300,321
1713886200,288
1713887100,273
1713888000,301
1713888900,279
1713889800,394
1713890700,386
1713891600,353
1713892500,305
1713893400,368
1713894300,322
1713895200,422
1713896100,743
1713897000,468
1713897900,283
1713898800,549
1713899700,630
1713900600,276
1713901500,257
1713902400,230
1713903300,297
1713904200,260
1713905100,243
1713906000,242
1713906900,214
1713907800,221
1713908700,196
1713909600,153
1713910500,120
1713911400,87
1713912300,99
1713913200,146
1713914100,85
1713915000,81
1713915900,164
1713916800,119
1713917700,103
1713918600,132
1713919500,102
1713920400,96
1713921300,135
1713922200,126
1713923100,116
1713924000,103
1713924900,103
1713925800,101
1713926700,109
1713927600,125
1713928500,139
1713929400,106
1713930300,95
1713931200,132
1713932100,485
1713933000,193
1713933900,217
1713934800,171
1713935700,162
1713936600,196
1713937500,145
1713938400,150
1713939300,192
1713940200,197
1713941100,205
1713942000,237
1713942900,797
1713943800,568
1713944700,610
1713945600,559
1713946500,634
1713947400,440
1713948300,492
1713949200,597
1713950100,1052
1713951000,1283
1713951900,1722
1713952800,1275
1713953700,604
1713954600,533
1713955500,442
1713956400,952
1713957300,482
1713958200,415
1713959100,363
1713960000,286
1713960900,253
1713961800,634
1713962700,253
1713963600,204
1713964500,225
1713965400,188
1713966300,204
1713967200,206
1713968100,156
1713969000,168
1713969900,170
1713970800,163
1713971700,161
1713972600,151
1713973500,149
1713974400,600
1713975300,1153
1713976200,1051
1713977100,774
1713978000,681
1713978900,261
1713979800,718
1713980700,703
1713981600,784
1713982500,706
1713983400,757
1713984300,693
1713985200,539
1713986100,217
1713987000,219
1713987900,229
1713988800,253
1713989700,225
1713990600,206
1713991500,243
1713992400,211
1713993300,252
1713994200,237
1713995100,106
1713996000,85
1713996900,94
1713997800,78
1713998700,98
1713999600,90
1714000500,112
1714001400,106
1714002300,92
1714003200,87
1714004100,103
1714005000,87
1714005900,103
1714006800,154
1714007700,100
1714008600,99
1714009500,115
1714010400,91
1714011300,121
1714012200,116
1714013100,124
1714014000,117
1714014900,105
1714015800,116
1714016700,154
1714017600,249
1714018500,563
1714019400,111
1714020300,121
1714021200,90
1714022100,127
1714023000,126
1714023900,522
1714024800,210
1714025700,168
1714026600,162
1714027500,214
1714028400,722
1714029300,388
1714030200,345
1714031100,347
1714032000,716
1714032900,253
1714033800,213
1714034700,206
1714035600,194
1714036500,280
1714037400,207
1714038300,171
1714039200,183
1714040100,174
1714041000,974
1714041900,616
1714042800,580
1714043700,227
1714044600,200
1714045500,229
1714046400,237
1714047300,256
1714048200,227
1714049100,218
1714050000,438
1714050900,623
1714051800,473
1714052700,254
1714053600,511
1714054500,642
1714055400,239
1714056300,716
1714057200,742
1714058100,764
1714059000,810
1714059900,866
1714060800,863
1714061700,327
1714062600,895
1714063500,1288
1714064400,863
1714065300,827
1714066200,1158
1714067100,1114
1714068000,1151
1714068900,765
1714069800,284
1714070700,700
1714071600,529
1714072500,265
1714073400,277
1714074300,264
1714075200,210
1714076100,156
1714077000,118
1714077900,148
1714078800,114
1714079700,126
1714080600,128
1714081500,101
1714082400,86
1714083300,103
1714084200,82
1714085100,110
1714086000,152
1714086900,117
1714087800,125
1714088700,109
1714089600,108
1714090500,111
1714091400,140
1714092300,112
1714093200,128
1714094100,101
1714095000,113
1714095900,120
1714096800,128
1714097700,129
1714098600,164
1714099500,120
1714100400,128
1714101300,144
1714102200,121
1714103100,197
1714104000,633
1714104900,496
1714105800,298
1714106700,142
1714107600,118
1714108500,118
1714109400,85
1714110300,70
1714111200,76
1714112100,88
1714113000,80
1714113900,79
1714114800,92
1714115700,89
1714116600,99
1714117500,71
1714118400,80
1714119300,72
1714120200,80
1714121100,110
1714122000,65
1714122900,61
1714123800,115
1714124700,60
1714125600,76
1714126500,148
1714127400,139
1714128300,141
1714129200,491
1714130100,640
1714131000,461
1714131900,172
1714132800,565
1714133700,504
1714134600,165
1714135500,198
1714136400,187
1714137300,162
1714138200,195
1714139100,173
1714140000,228
1714140900,197
1714141800,193
1714142700,565
1714143600,585
1714144500,1098
1714145400,929
1714146300,541
1714147200,484
1714148100,561
1714149000,932
1714149900,534
1714150800,587
1714151700,739
1714152600,951
1714153500,755
1714154400,1206
1714155300,781
1714156200,244
1714157100,247
1714158000,234
1714158900,225
1714159800,227
1714160700,241
1714161600,203
1714162500,213
1714163400,270
1714164300,215
1714165200,224
1714166100,229
1714167000,202
1714167900,122
1714168800,106
1714169700,122
1714170600,129
1714171500,117
1714172400,155
1714173300,114
1714174200,114
1714175100,114
1714176000,107
1714176900,117
1714177800,140
1714178700,122
1714179600,125
1714180500,108
1714181400,113
1714182300,139
1714183200,110
1714184100,143
1714185000,132
1714185900,99
1714186800,128
1714187700,110
1714188600,104
1714189500,147
1714190400,184
1714191300,592
1714192200,149
1714193100,142
1714194000,174
1714194900,181
1714195800,516
1714196700,482
1714197600,413
1714198500,194
1714199400,553
1714200300,440
1714201200,95
1714202100,132
1714203000,103
1714203900,92
1714204800,111
1714205700,83
1714206600,90
1714207500,134
1714208400,222
1714209300,175
1714210200,215
1714211100,177
1714212000,202
1714212900,171
1714213800,184
1714214700,176
1714215600,417
1714216500,307
1714217400,192
1714218300,496
1714219200,587
1714220100,265
1714221000,215
1714221900,162
1714222800,209
1714223700,705
1714224600,390
1714225500,285
1714226400,548
1714227300,799
1714228200,269
1714229100,298
1714230000,333
1714230900,386
1714231800,354
1714232700,291
1714233600,295
1714234500,1108
1714235400,418
1714236300,315
1714237200,327
1714238100,253
1714239000,389
1714239900,326
1714240800,453
1714241700,313
1714242600,316
1714243500,324
1714244400,291
1714245300,339
1714246200,305
1714247100,329
1714248000,286
1714248900,241
1714249800,226
1714250700,202
1714251600,199
1714252500,230
1714253400,328
1714254300,613
1714255200,296
1714256100,152
1714257000,236
1714257900,663
1714258800,133
1714259700,111
1714260600,112
1714261500,93
1714262400,91
1714263300,164
1714264200,124
1714265100,109
1714266000,107
1714266900,84
1714267800,110
1714268700,100
1714269600,109
1714270500,141
1714271400,87
1714272300,155
1714273200,115
1714274100,94
1714275000,120
1714275900,200
1714276800,493
1714277700,271
1714278600,120
1714279500,176
1714280400,162
1714281300,165
1714282200,125
1714283100,133
1714284000,132
1714284900,123
1714285800,130
1714286700,184
1714287600,250
1714288500,185
1714289400,164
1714290300,166
1714291200,150
1714292100,163
1714293000,210
1714293900,172
1714294800,169
1714295700,143
1714296600,161
1714297500,467
1714298400,316
1714299300,496
1714300200,202
1714301100,235
1714302000,321
1714302900,283
1714303800,631
1714304700,1171
1714305600,1399
1714306500,840
1714307400,480
1714308300,311
1714309200,747
1714310100,405
1714311000,229
1714311900,212
1714312800,379
1714313700,254
1714314600,241
1714315500,283
1714316400,265
1714317300,276
1714318200,352
1714319100,263
1714320000,290
1714320900,281
1714321800,284
1714322700,302
1714323600,272
1714324500,266
1714325400,303
1714326300,340
1714327200,541
1714328100,576
1714329000,290
1714329900,312
1714330800,335
1714331700,332
1714332600,353
1714333500,293
1714334400,264
1714335300,283
1714336200,259
1714337100,251
1714338000,244
1714338900,138
1714339800,95
1714340700,90
1714341600,75
1714342500,122
1714343400,114
1714344300,87
1714345200,112
1714346100,84
1714347000,93
1714347900,115
1714348800,89
1714349700,104
1714350600,91
1714351500,78
1714352400,120
1714353300,99
1714354200,94
1714355100,90
1714356000,95
1714356900,94
1714357800,125
1714358700,88
1714359600,111
1714360500,96
1714361400,94
1714362300,166
1714363200,460
1714364100,1212
1714365000,1000
1714365900,672
1714366800,641
1714367700,633
1714368600,612
1714369500,864
1714370400,598
1714371300,408
1714372200,180
1714373100,524
1714374000,529
1714374900,143
1714375800,152
1714376700,175
1714377600,174
1714378500,139
1714379400,117
1714380300,90
1714381200,135
1714382100,117
1714383000,102
1714383900,558
1714384800,634
1714385700,584
1714386600,474
1714387500,200
1714388400,153
1714389300,138
1714390200,134
1714391100,299
1714392000,175
1714392900,181
1714393800,192
1714394700,170
1714395600,185
1714396500,172
1714397400,186
1714398300,206
1714399200,196
1714400100,207
1714401000,209
1714401900,177
1714402800,236
1714403700,384
1714404600,203
1714405500,242
1714406400,682
1714407300,552
1714408200,455
1714409100,236
1714410000,922
1714410900,1210
1714411800,1147
1714412700,881
1714413600,778
1714414500,777
1714415400,779
1714416300,711
1714417200,779
1714418100,534
1714419000,297
1714419900,309
1714420800,277
1714421700,247
1714422600,230
1714423500,197
1714424400,202
1714425300,188
1714426200,178
1714427100,140
